0.000000000000000000e+00 7.954000000000000000e+03
1.000000000000000000e+03 7.782000000000000000e+03
2.000000000000000000e+03 8.169000000000000000e+03
3.000000000000000000e+03 8.085000000000000000e+03
4.000000000000000000e+03 8.265000000000000000e+03
5.000000000000000000e+03 8.427000000000000000e+03
6.000000000000000000e+03 8.513000000000000000e+03
7.000000000000000000e+03 8.484000000000000000e+03
8.000000000000000000e+03 8.617000000000000000e+03
9.000000000000000000e+03 8.706000000000000000e+03
1.000000000000000000e+04 8.691000000000000000e+03
1.100000000000000000e+04 8.710000000000000000e+03
1.200000000000000000e+04 8.782000000000000000e+03
1.300000000000000000e+04 8.993000000000000000e+03
1.400000000000000000e+04 8.866000000000000000e+03
1.500000000000000000e+04 8.813000000000000000e+03
1.600000000000000000e+04 8.927000000000000000e+03
1.700000000000000000e+04 8.689000000000000000e+03
1.800000000000000000e+04 8.884000000000000000e+03
1.900000000000000000e+04 8.892000000000000000e+03
2.000000000000000000e+04 8.716000000000000000e+03
2.100000000000000000e+04 9.377000000000000000e+03
2.200000000000000000e+04 8.899000000000000000e+03
2.300000000000000000e+04 8.844000000000000000e+03
2.400000000000000000e+04 8.906000000000000000e+03
2.500000000000000000e+04 8.768000000000000000e+03
2.600000000000000000e+04 8.768000000000000000e+03
2.700000000000000000e+04 8.750000000000000000e+03
2.800000000000000000e+04 8.785000000000000000e+03
2.900000000000000000e+04 8.628000000000000000e+03
3.000000000000000000e+04 8.695000000000000000e+03
3.100000000000000000e+04 8.602000000000000000e+03
3.200000000000000000e+04 8.512000000000000000e+03
3.300000000000000000e+04 8.431000000000000000e+03
3.400000000000000000e+04 8.295000000000000000e+03
3.500000000000000000e+04 8.270000000000000000e+03
3.600000000000000000e+04 8.150000000000000000e+03
3.700000000000000000e+04 8.120000000000000000e+03
3.800000000000000000e+04 8.052000000000000000e+03
3.900000000000000000e+04 7.822000000000000000e+03
4.000000000000000000e+04 7.638000000000000000e+03
4.100000000000000000e+04 7.495000000000000000e+03
4.200000000000000000e+04 7.308000000000000000e+03
4.300000000000000000e+04 7.189000000000000000e+03
4.400000000000000000e+04 7.021000000000000000e+03
4.500000000000000000e+04 6.832000000000000000e+03
4.600000000000000000e+04 6.614000000000000000e+03
4.700000000000000000e+04 6.381000000000000000e+03
4.800000000000000000e+04 6.150000000000000000e+03
4.900000000000000000e+04 6.058000000000000000e+03
5.000000000000000000e+04 5.783000000000000000e+03
5.100000000000000000e+04 5.645000000000000000e+03
5.200000000000000000e+04 5.422000000000000000e+03
5.300000000000000000e+04 5.064000000000000000e+03
5.400000000000000000e+04 4.918000000000000000e+03
5.500000000000000000e+04 4.830000000000000000e+03
5.600000000000000000e+04 4.476000000000000000e+03
5.700000000000000000e+04 4.277000000000000000e+03
5.800000000000000000e+04 4.283000000000000000e+03
5.900000000000000000e+04 4.033000000000000000e+03
6.000000000000000000e+04 3.752000000000000000e+03
6.100000000000000000e+04 3.594000000000000000e+03
6.200000000000000000e+04 3.438000000000000000e+03
6.300000000000000000e+04 3.298000000000000000e+03
6.400000000000000000e+04 3.290000000000000000e+03
6.500000000000000000e+04 3.175000000000000000e+03
6.600000000000000000e+04 3.167000000000000000e+03
6.700000000000000000e+04 2.995000000000000000e+03
6.800000000000000000e+04 3.149000000000000000e+03
6.900000000000000000e+04 2.961000000000000000e+03
7.000000000000000000e+04 2.909000000000000000e+03
7.100000000000000000e+04 3.031000000000000000e+03
7.200000000000000000e+04 3.209000000000000000e+03
7.300000000000000000e+04 3.061000000000000000e+03
7.400000000000000000e+04 3.328000000000000000e+03
7.500000000000000000e+04 3.396000000000000000e+03
7.600000000000000000e+04 3.511000000000000000e+03
7.700000000000000000e+04 3.411000000000000000e+03
7.800000000000000000e+04 3.711000000000000000e+03
7.900000000000000000e+04 3.860000000000000000e+03
8.000000000000000000e+04 4.070000000000000000e+03
8.100000000000000000e+04 4.264000000000000000e+03
8.200000000000000000e+04 4.449000000000000000e+03
8.300000000000000000e+04 4.630000000000000000e+03
8.400000000000000000e+04 4.814000000000000000e+03
8.500000000000000000e+04 5.057000000000000000e+03
8.600000000000000000e+04 5.197000000000000000e+03
8.700000000000000000e+04 5.476000000000000000e+03
8.800000000000000000e+04 5.779000000000000000e+03
8.900000000000000000e+04 6.070000000000000000e+03
9.000000000000000000e+04 6.239000000000000000e+03
9.100000000000000000e+04 6.313000000000000000e+03
9.200000000000000000e+04 6.608000000000000000e+03
9.300000000000000000e+04 6.715000000000000000e+03
9.400000000000000000e+04 6.895000000000000000e+03
9.500000000000000000e+04 7.212000000000000000e+03
9.600000000000000000e+04 7.160000000000000000e+03
9.700000000000000000e+04 7.424000000000000000e+03
9.800000000000000000e+04 7.540000000000000000e+03
9.900000000000000000e+04 7.770000000000000000e+03
1.000000000000000000e+05 7.885000000000000000e+03
1.010000000000000000e+05 7.955000000000000000e+03
1.020000000000000000e+05 8.142000000000000000e+03
1.030000000000000000e+05 8.158000000000000000e+03
1.040000000000000000e+05 8.308000000000000000e+03
1.050000000000000000e+05 8.346000000000000000e+03
1.060000000000000000e+05 8.472000000000000000e+03
1.070000000000000000e+05 8.682000000000000000e+03
1.080000000000000000e+05 8.509000000000000000e+03
1.090000000000000000e+05 8.810000000000000000e+03
1.100000000000000000e+05 8.625000000000000000e+03
1.110000000000000000e+05 8.928000000000000000e+03
1.120000000000000000e+05 8.770000000000000000e+03
1.130000000000000000e+05 8.832000000000000000e+03
1.140000000000000000e+05 8.748000000000000000e+03
1.150000000000000000e+05 8.739000000000000000e+03
1.160000000000000000e+05 8.856000000000000000e+03
1.170000000000000000e+05 8.892000000000000000e+03
1.180000000000000000e+05 9.047000000000000000e+03
1.190000000000000000e+05 9.066000000000000000e+03
1.200000000000000000e+05 8.910000000000000000e+03
1.210000000000000000e+05 8.796000000000000000e+03
1.220000000000000000e+05 8.891000000000000000e+03
1.230000000000000000e+05 9.019000000000000000e+03
1.240000000000000000e+05 8.877000000000000000e+03
1.250000000000000000e+05 8.798000000000000000e+03
1.260000000000000000e+05 8.905000000000000000e+03
1.270000000000000000e+05 8.716000000000000000e+03
1.280000000000000000e+05 8.818000000000000000e+03
1.290000000000000000e+05 8.645000000000000000e+03
1.300000000000000000e+05 8.563000000000000000e+03
1.310000000000000000e+05 8.505000000000000000e+03
1.320000000000000000e+05 8.514000000000000000e+03
1.330000000000000000e+05 8.362000000000000000e+03
1.340000000000000000e+05 8.377000000000000000e+03
1.350000000000000000e+05 8.136000000000000000e+03
1.360000000000000000e+05 8.225000000000000000e+03
1.370000000000000000e+05 7.971000000000000000e+03
1.380000000000000000e+05 7.858000000000000000e+03
1.390000000000000000e+05 7.701000000000000000e+03
1.400000000000000000e+05 7.647000000000000000e+03
1.410000000000000000e+05 7.284000000000000000e+03
1.420000000000000000e+05 7.099000000000000000e+03
1.430000000000000000e+05 7.000000000000000000e+03
1.440000000000000000e+05 7.260000000000000000e+03
1.450000000000000000e+05 6.714000000000000000e+03
1.460000000000000000e+05 6.691000000000000000e+03
1.470000000000000000e+05 6.470000000000000000e+03
1.480000000000000000e+05 6.249000000000000000e+03
1.490000000000000000e+05 6.108000000000000000e+03
1.500000000000000000e+05 5.866000000000000000e+03
1.510000000000000000e+05 5.647000000000000000e+03
1.520000000000000000e+05 5.352000000000000000e+03
1.530000000000000000e+05 5.106000000000000000e+03
1.540000000000000000e+05 4.942000000000000000e+03
1.550000000000000000e+05 4.620000000000000000e+03
1.560000000000000000e+05 4.548000000000000000e+03
1.570000000000000000e+05 4.464000000000000000e+03
1.580000000000000000e+05 4.180000000000000000e+03
1.590000000000000000e+05 3.989000000000000000e+03
1.600000000000000000e+05 3.848000000000000000e+03
1.610000000000000000e+05 3.685000000000000000e+03
1.620000000000000000e+05 3.566000000000000000e+03
1.630000000000000000e+05 3.546000000000000000e+03
1.640000000000000000e+05 3.287000000000000000e+03
1.650000000000000000e+05 3.244000000000000000e+03
1.660000000000000000e+05 3.132000000000000000e+03
1.670000000000000000e+05 3.069000000000000000e+03
1.680000000000000000e+05 2.896000000000000000e+03
1.690000000000000000e+05 3.031000000000000000e+03
1.700000000000000000e+05 2.979000000000000000e+03
1.710000000000000000e+05 3.065000000000000000e+03
1.720000000000000000e+05 3.135000000000000000e+03
1.730000000000000000e+05 3.142000000000000000e+03
1.740000000000000000e+05 3.268000000000000000e+03
1.750000000000000000e+05 3.274000000000000000e+03
1.760000000000000000e+05 3.435000000000000000e+03
1.770000000000000000e+05 3.662000000000000000e+03
1.780000000000000000e+05 3.713000000000000000e+03
1.790000000000000000e+05 3.972000000000000000e+03
1.800000000000000000e+05 3.926000000000000000e+03
1.810000000000000000e+05 4.337000000000000000e+03
1.820000000000000000e+05 4.498000000000000000e+03
1.830000000000000000e+05 4.803000000000000000e+03
1.840000000000000000e+05 4.712000000000000000e+03
1.850000000000000000e+05 5.081000000000000000e+03
1.860000000000000000e+05 5.288000000000000000e+03
1.870000000000000000e+05 5.511000000000000000e+03
1.880000000000000000e+05 5.796000000000000000e+03
1.890000000000000000e+05 6.010000000000000000e+03
1.900000000000000000e+05 6.157000000000000000e+03
1.910000000000000000e+05 6.016000000000000000e+03
1.920000000000000000e+05 6.474000000000000000e+03
1.930000000000000000e+05 6.710000000000000000e+03
1.940000000000000000e+05 6.968000000000000000e+03
1.950000000000000000e+05 7.113000000000000000e+03
1.960000000000000000e+05 7.199000000000000000e+03
1.970000000000000000e+05 7.346000000000000000e+03
1.980000000000000000e+05 7.547000000000000000e+03
1.990000000000000000e+05 7.882000000000000000e+03
