0.000000000000000000e+00 7.719000000000000000e+03
3.330000000000000000e+02 7.544000000000000000e+03
6.660000000000000000e+02 7.851000000000000000e+03
9.990000000000000000e+02 7.790000000000000000e+03
1.332000000000000000e+03 7.883000000000000000e+03
1.665000000000000000e+03 8.108000000000000000e+03
1.998000000000000000e+03 8.245000000000000000e+03
2.331000000000000000e+03 8.323000000000000000e+03
2.664000000000000000e+03 8.283000000000000000e+03
2.997000000000000000e+03 8.392000000000000000e+03
3.330000000000000000e+03 8.470000000000000000e+03
3.663000000000000000e+03 8.575000000000000000e+03
3.996000000000000000e+03 8.531000000000000000e+03
4.329000000000000000e+03 8.657000000000000000e+03
4.662000000000000000e+03 8.605000000000000000e+03
4.995000000000000000e+03 8.470000000000000000e+03
5.328000000000000000e+03 8.489000000000000000e+03
5.661000000000000000e+03 8.788000000000000000e+03
5.994000000000000000e+03 8.540000000000000000e+03
6.327000000000000000e+03 8.685000000000000000e+03
6.660000000000000000e+03 8.642000000000000000e+03
6.993000000000000000e+03 8.487000000000000000e+03
7.326000000000000000e+03 8.429000000000000000e+03
7.659000000000000000e+03 8.506000000000000000e+03
7.992000000000000000e+03 8.566000000000000000e+03
8.325000000000000000e+03 8.660000000000000000e+03
8.658000000000000000e+03 8.742000000000000000e+03
8.991000000000000000e+03 8.557000000000000000e+03
9.324000000000000000e+03 8.577000000000000000e+03
9.657000000000000000e+03 8.366000000000000000e+03
9.990000000000000000e+03 8.377000000000000000e+03
1.032300000000000000e+04 8.101000000000000000e+03
1.065600000000000000e+04 8.175000000000000000e+03
1.098900000000000000e+04 8.046000000000000000e+03
1.132200000000000000e+04 8.241000000000000000e+03
1.165500000000000000e+04 8.059000000000000000e+03
1.198800000000000000e+04 7.945000000000000000e+03
1.232100000000000000e+04 7.858000000000000000e+03
1.265400000000000000e+04 7.703000000000000000e+03
1.298700000000000000e+04 7.524000000000000000e+03
1.332000000000000000e+04 7.552000000000000000e+03
1.365300000000000000e+04 7.313000000000000000e+03
1.398600000000000000e+04 6.982000000000000000e+03
1.431900000000000000e+04 7.027000000000000000e+03
1.465200000000000000e+04 6.875000000000000000e+03
1.498500000000000000e+04 6.722000000000000000e+03
1.531800000000000000e+04 6.446000000000000000e+03
1.565100000000000000e+04 6.443000000000000000e+03
1.598400000000000000e+04 6.212000000000000000e+03
1.631700000000000000e+04 5.808000000000000000e+03
1.665000000000000000e+04 5.812000000000000000e+03
1.698300000000000000e+04 5.356000000000000000e+03
1.731600000000000000e+04 5.366000000000000000e+03
1.764900000000000000e+04 5.126000000000000000e+03
1.798200000000000000e+04 4.926000000000000000e+03
1.831500000000000000e+04 4.689000000000000000e+03
1.864800000000000000e+04 4.542000000000000000e+03
1.898100000000000000e+04 4.374000000000000000e+03
1.931400000000000000e+04 4.154000000000000000e+03
1.964700000000000000e+04 3.964000000000000000e+03
1.998000000000000000e+04 3.713000000000000000e+03
2.031300000000000000e+04 3.608000000000000000e+03
2.064600000000000000e+04 3.505000000000000000e+03
2.097900000000000000e+04 3.279000000000000000e+03
2.131200000000000000e+04 3.339000000000000000e+03
2.164500000000000000e+04 3.221000000000000000e+03
2.197800000000000000e+04 3.166000000000000000e+03
2.231100000000000000e+04 2.982000000000000000e+03
2.264400000000000000e+04 3.069000000000000000e+03
2.297700000000000000e+04 2.899000000000000000e+03
2.331000000000000000e+04 2.863000000000000000e+03
2.364300000000000000e+04 2.948000000000000000e+03
2.397600000000000000e+04 3.030000000000000000e+03
2.430900000000000000e+04 3.201000000000000000e+03
2.464200000000000000e+04 3.130000000000000000e+03
2.497500000000000000e+04 3.277000000000000000e+03
2.530800000000000000e+04 3.447000000000000000e+03
2.564100000000000000e+04 3.433000000000000000e+03
2.597400000000000000e+04 3.529000000000000000e+03
2.630700000000000000e+04 3.633000000000000000e+03
2.664000000000000000e+04 3.901000000000000000e+03
2.697300000000000000e+04 4.215000000000000000e+03
2.730600000000000000e+04 4.381000000000000000e+03
2.763900000000000000e+04 4.638000000000000000e+03
2.797200000000000000e+04 4.805000000000000000e+03
2.830500000000000000e+04 5.038000000000000000e+03
2.863800000000000000e+04 5.234000000000000000e+03
2.897100000000000000e+04 5.400000000000000000e+03
2.930400000000000000e+04 5.396000000000000000e+03
2.963700000000000000e+04 5.843000000000000000e+03
2.997000000000000000e+04 5.988000000000000000e+03
3.030300000000000000e+04 6.183000000000000000e+03
3.063600000000000000e+04 6.397000000000000000e+03
3.096900000000000000e+04 6.601000000000000000e+03
3.130200000000000000e+04 6.811000000000000000e+03
3.163500000000000000e+04 6.950000000000000000e+03
3.196800000000000000e+04 6.968000000000000000e+03
3.230100000000000000e+04 7.283000000000000000e+03
3.263400000000000000e+04 7.480000000000000000e+03
3.296700000000000000e+04 7.298000000000000000e+03
3.330000000000000000e+04 7.547000000000000000e+03
3.363300000000000000e+04 7.782000000000000000e+03
3.396600000000000000e+04 7.817000000000000000e+03
3.429900000000000000e+04 7.848000000000000000e+03
3.463200000000000000e+04 7.921000000000000000e+03
3.496500000000000000e+04 8.052000000000000000e+03
3.529800000000000000e+04 8.248000000000000000e+03
3.563100000000000000e+04 8.237000000000000000e+03
3.596400000000000000e+04 8.400000000000000000e+03
3.629700000000000000e+04 8.533000000000000000e+03
3.663000000000000000e+04 8.425000000000000000e+03
3.696300000000000000e+04 8.396000000000000000e+03
3.729600000000000000e+04 8.695000000000000000e+03
3.762900000000000000e+04 8.513000000000000000e+03
3.796200000000000000e+04 8.703000000000000000e+03
3.829500000000000000e+04 8.695000000000000000e+03
3.862800000000000000e+04 8.502000000000000000e+03
3.896100000000000000e+04 8.743000000000000000e+03
3.929400000000000000e+04 8.626000000000000000e+03
3.962700000000000000e+04 8.532000000000000000e+03
3.996000000000000000e+04 8.458000000000000000e+03
4.029300000000000000e+04 8.577000000000000000e+03
4.062600000000000000e+04 8.499000000000000000e+03
4.095900000000000000e+04 8.672000000000000000e+03
4.129200000000000000e+04 8.474000000000000000e+03
4.162500000000000000e+04 8.549000000000000000e+03
4.195800000000000000e+04 8.674000000000000000e+03
4.229100000000000000e+04 8.702000000000000000e+03
4.262400000000000000e+04 8.617000000000000000e+03
4.295700000000000000e+04 8.531000000000000000e+03
4.329000000000000000e+04 8.471000000000000000e+03
4.362300000000000000e+04 8.254000000000000000e+03
4.395600000000000000e+04 8.133000000000000000e+03
4.428900000000000000e+04 8.121000000000000000e+03
4.462200000000000000e+04 8.111000000000000000e+03
4.495500000000000000e+04 8.001000000000000000e+03
4.528800000000000000e+04 7.966000000000000000e+03
4.562100000000000000e+04 7.835000000000000000e+03
4.595400000000000000e+04 7.691000000000000000e+03
4.628700000000000000e+04 7.710000000000000000e+03
4.662000000000000000e+04 7.509000000000000000e+03
4.695300000000000000e+04 7.408000000000000000e+03
4.728600000000000000e+04 7.303000000000000000e+03
4.761900000000000000e+04 6.969000000000000000e+03
4.795200000000000000e+04 6.865000000000000000e+03
4.828500000000000000e+04 6.729000000000000000e+03
4.861800000000000000e+04 6.405000000000000000e+03
4.895100000000000000e+04 6.234000000000000000e+03
4.928400000000000000e+04 6.132000000000000000e+03
4.961700000000000000e+04 6.017000000000000000e+03
4.995000000000000000e+04 5.777000000000000000e+03
5.028300000000000000e+04 5.607000000000000000e+03
5.061600000000000000e+04 5.371000000000000000e+03
5.094900000000000000e+04 5.231000000000000000e+03
5.128200000000000000e+04 5.120000000000000000e+03
5.161500000000000000e+04 4.731000000000000000e+03
5.194800000000000000e+04 4.526000000000000000e+03
5.228100000000000000e+04 4.390000000000000000e+03
5.261400000000000000e+04 4.218000000000000000e+03
5.294700000000000000e+04 4.115000000000000000e+03
5.328000000000000000e+04 3.835000000000000000e+03
5.361300000000000000e+04 3.710000000000000000e+03
5.394600000000000000e+04 3.529000000000000000e+03
5.427900000000000000e+04 3.299000000000000000e+03
5.461200000000000000e+04 3.185000000000000000e+03
5.494500000000000000e+04 3.232000000000000000e+03
5.527800000000000000e+04 3.180000000000000000e+03
5.561100000000000000e+04 3.017000000000000000e+03
5.594400000000000000e+04 2.933000000000000000e+03
5.627700000000000000e+04 3.075000000000000000e+03
5.661000000000000000e+04 2.950000000000000000e+03
5.694300000000000000e+04 2.970000000000000000e+03
5.727600000000000000e+04 3.044000000000000000e+03
5.760900000000000000e+04 3.107000000000000000e+03
5.794200000000000000e+04 3.048000000000000000e+03
5.827500000000000000e+04 3.185000000000000000e+03
5.860800000000000000e+04 3.237000000000000000e+03
5.894100000000000000e+04 3.317000000000000000e+03
5.927400000000000000e+04 3.631000000000000000e+03
5.960700000000000000e+04 3.801000000000000000e+03
5.994000000000000000e+04 3.921000000000000000e+03
6.027300000000000000e+04 4.158000000000000000e+03
6.060600000000000000e+04 4.258000000000000000e+03
6.093900000000000000e+04 4.510000000000000000e+03
6.127200000000000000e+04 4.766000000000000000e+03
6.160500000000000000e+04 4.809000000000000000e+03
6.193800000000000000e+04 5.065000000000000000e+03
6.227100000000000000e+04 5.375000000000000000e+03
6.260400000000000000e+04 5.544000000000000000e+03
6.293700000000000000e+04 5.753000000000000000e+03
6.327000000000000000e+04 6.131000000000000000e+03
6.360300000000000000e+04 6.199000000000000000e+03
6.393600000000000000e+04 6.354000000000000000e+03
6.426900000000000000e+04 6.467000000000000000e+03
6.460200000000000000e+04 6.681000000000000000e+03
6.493500000000000000e+04 6.951000000000000000e+03
6.526800000000000000e+04 7.052000000000000000e+03
6.560100000000000000e+04 7.265000000000000000e+03
6.593400000000000000e+04 7.446000000000000000e+03
6.626700000000000000e+04 7.381000000000000000e+03
