0.000000000000000000e+00 2.530100000000000000e+04
1.000000000000000000e+04 2.686100000000000000e+04
2.000000000000000000e+04 2.726900000000000000e+04
3.000000000000000000e+04 2.788500000000000000e+04
4.000000000000000000e+04 2.804400000000000000e+04
5.000000000000000000e+04 2.825900000000000000e+04
6.000000000000000000e+04 2.862200000000000000e+04
7.000000000000000000e+04 2.940100000000000000e+04
8.000000000000000000e+04 2.966000000000000000e+04
9.000000000000000000e+04 2.969200000000000000e+04
1.000000000000000000e+05 2.975300000000000000e+04
1.100000000000000000e+05 2.979500000000000000e+04
1.200000000000000000e+05 3.022400000000000000e+04
1.300000000000000000e+05 3.060600000000000000e+04
1.400000000000000000e+05 3.032900000000000000e+04
1.500000000000000000e+05 3.020600000000000000e+04
1.600000000000000000e+05 3.057100000000000000e+04
1.700000000000000000e+05 3.080200000000000000e+04
1.800000000000000000e+05 3.081900000000000000e+04
1.900000000000000000e+05 3.074700000000000000e+04
2.000000000000000000e+05 3.085900000000000000e+04
2.100000000000000000e+05 3.070500000000000000e+04
2.200000000000000000e+05 3.060800000000000000e+04
2.300000000000000000e+05 3.079800000000000000e+04
2.400000000000000000e+05 3.050100000000000000e+04
2.500000000000000000e+05 3.055300000000000000e+04
2.600000000000000000e+05 3.002300000000000000e+04
2.700000000000000000e+05 3.002000000000000000e+04
2.800000000000000000e+05 3.014800000000000000e+04
2.900000000000000000e+05 2.992100000000000000e+04
3.000000000000000000e+05 2.991200000000000000e+04
3.100000000000000000e+05 2.901700000000000000e+04
3.200000000000000000e+05 2.926700000000000000e+04
3.300000000000000000e+05 2.865600000000000000e+04
3.400000000000000000e+05 2.809100000000000000e+04
3.500000000000000000e+05 2.809100000000000000e+04
3.600000000000000000e+05 2.761900000000000000e+04
3.700000000000000000e+05 2.706200000000000000e+04
3.800000000000000000e+05 2.667500000000000000e+04
3.900000000000000000e+05 2.647500000000000000e+04
4.000000000000000000e+05 2.556200000000000000e+04
4.100000000000000000e+05 2.558600000000000000e+04
4.200000000000000000e+05 2.430600000000000000e+04
4.300000000000000000e+05 2.387400000000000000e+04
4.400000000000000000e+05 2.297100000000000000e+04
4.500000000000000000e+05 2.255300000000000000e+04
4.600000000000000000e+05 2.143000000000000000e+04
4.700000000000000000e+05 2.083600000000000000e+04
4.800000000000000000e+05 2.030800000000000000e+04
4.900000000000000000e+05 1.920100000000000000e+04
5.000000000000000000e+05 1.877300000000000000e+04
5.100000000000000000e+05 1.790200000000000000e+04
5.200000000000000000e+05 1.699900000000000000e+04
5.300000000000000000e+05 1.625900000000000000e+04
5.400000000000000000e+05 1.528500000000000000e+04
5.500000000000000000e+05 1.455900000000000000e+04
5.600000000000000000e+05 1.381500000000000000e+04
5.700000000000000000e+05 1.329200000000000000e+04
5.800000000000000000e+05 1.248200000000000000e+04
5.900000000000000000e+05 1.178000000000000000e+04
6.000000000000000000e+05 1.116800000000000000e+04
6.100000000000000000e+05 1.073800000000000000e+04
6.200000000000000000e+05 1.021500000000000000e+04
6.300000000000000000e+05 9.718000000000000000e+03
6.400000000000000000e+05 9.424000000000000000e+03
6.500000000000000000e+05 9.168000000000000000e+03
6.600000000000000000e+05 8.775000000000000000e+03
6.700000000000000000e+05 8.663000000000000000e+03
6.800000000000000000e+05 8.524000000000000000e+03
6.900000000000000000e+05 8.471000000000000000e+03
7.000000000000000000e+05 8.663000000000000000e+03
7.100000000000000000e+05 8.814000000000000000e+03
7.200000000000000000e+05 8.779000000000000000e+03
7.300000000000000000e+05 8.868000000000000000e+03
7.400000000000000000e+05 9.116000000000000000e+03
7.500000000000000000e+05 9.523000000000000000e+03
7.600000000000000000e+05 1.006900000000000000e+04
7.700000000000000000e+05 1.045500000000000000e+04
7.800000000000000000e+05 1.080800000000000000e+04
7.900000000000000000e+05 1.163800000000000000e+04
8.000000000000000000e+05 1.214500000000000000e+04
8.100000000000000000e+05 1.245600000000000000e+04
8.200000000000000000e+05 1.323900000000000000e+04
8.300000000000000000e+05 1.409600000000000000e+04
8.400000000000000000e+05 1.508400000000000000e+04
8.500000000000000000e+05 1.566900000000000000e+04
8.600000000000000000e+05 1.669600000000000000e+04
8.700000000000000000e+05 1.730100000000000000e+04
8.800000000000000000e+05 1.830400000000000000e+04
8.900000000000000000e+05 1.913400000000000000e+04
9.000000000000000000e+05 2.002800000000000000e+04
9.100000000000000000e+05 2.062200000000000000e+04
9.200000000000000000e+05 2.115800000000000000e+04
9.300000000000000000e+05 2.238300000000000000e+04
9.400000000000000000e+05 2.290200000000000000e+04
9.500000000000000000e+05 2.379900000000000000e+04
9.600000000000000000e+05 2.437500000000000000e+04
9.700000000000000000e+05 2.473700000000000000e+04
9.800000000000000000e+05 2.535700000000000000e+04
9.900000000000000000e+05 2.597200000000000000e+04
1.000000000000000000e+06 2.646900000000000000e+04
1.010000000000000000e+06 2.680900000000000000e+04
1.020000000000000000e+06 2.719700000000000000e+04
1.030000000000000000e+06 2.804300000000000000e+04
1.040000000000000000e+06 2.836900000000000000e+04
1.050000000000000000e+06 2.858300000000000000e+04
1.060000000000000000e+06 2.878200000000000000e+04
1.070000000000000000e+06 2.911100000000000000e+04
1.080000000000000000e+06 2.968200000000000000e+04
1.090000000000000000e+06 2.979800000000000000e+04
1.100000000000000000e+06 2.992200000000000000e+04
1.110000000000000000e+06 3.004900000000000000e+04
1.120000000000000000e+06 3.010000000000000000e+04
1.130000000000000000e+06 3.033400000000000000e+04
1.140000000000000000e+06 3.057000000000000000e+04
1.150000000000000000e+06 3.060700000000000000e+04
1.160000000000000000e+06 3.060600000000000000e+04
1.170000000000000000e+06 3.029600000000000000e+04
1.180000000000000000e+06 3.115100000000000000e+04
1.190000000000000000e+06 3.075200000000000000e+04
1.200000000000000000e+06 3.072800000000000000e+04
1.210000000000000000e+06 3.073200000000000000e+04
1.220000000000000000e+06 3.091900000000000000e+04
1.230000000000000000e+06 3.055700000000000000e+04
1.240000000000000000e+06 3.056800000000000000e+04
1.250000000000000000e+06 3.037900000000000000e+04
1.260000000000000000e+06 3.007300000000000000e+04
1.270000000000000000e+06 3.014200000000000000e+04
1.280000000000000000e+06 2.968200000000000000e+04
1.290000000000000000e+06 2.988900000000000000e+04
1.300000000000000000e+06 2.935400000000000000e+04
1.310000000000000000e+06 2.932700000000000000e+04
1.320000000000000000e+06 2.910800000000000000e+04
1.330000000000000000e+06 2.884200000000000000e+04
1.340000000000000000e+06 2.806200000000000000e+04
1.350000000000000000e+06 2.808100000000000000e+04
1.360000000000000000e+06 2.740100000000000000e+04
1.370000000000000000e+06 2.732800000000000000e+04
1.380000000000000000e+06 2.677700000000000000e+04
1.390000000000000000e+06 2.625100000000000000e+04
1.400000000000000000e+06 2.568900000000000000e+04
1.410000000000000000e+06 2.494600000000000000e+04
1.420000000000000000e+06 2.434200000000000000e+04
1.430000000000000000e+06 2.384800000000000000e+04
1.440000000000000000e+06 2.280900000000000000e+04
1.450000000000000000e+06 2.218300000000000000e+04
1.460000000000000000e+06 2.156600000000000000e+04
1.470000000000000000e+06 2.070100000000000000e+04
1.480000000000000000e+06 2.008400000000000000e+04
1.490000000000000000e+06 1.934300000000000000e+04
1.500000000000000000e+06 1.862700000000000000e+04
1.510000000000000000e+06 1.789500000000000000e+04
1.520000000000000000e+06 1.699900000000000000e+04
1.530000000000000000e+06 1.616400000000000000e+04
1.540000000000000000e+06 1.549800000000000000e+04
1.550000000000000000e+06 1.468000000000000000e+04
1.560000000000000000e+06 1.403800000000000000e+04
1.570000000000000000e+06 1.307700000000000000e+04
1.580000000000000000e+06 1.258300000000000000e+04
1.590000000000000000e+06 1.188100000000000000e+04
1.600000000000000000e+06 1.132600000000000000e+04
1.610000000000000000e+06 1.043600000000000000e+04
1.620000000000000000e+06 1.011000000000000000e+04
1.630000000000000000e+06 9.778000000000000000e+03
1.640000000000000000e+06 9.497000000000000000e+03
1.650000000000000000e+06 9.004000000000000000e+03
1.660000000000000000e+06 9.004000000000000000e+03
1.670000000000000000e+06 8.676000000000000000e+03
1.680000000000000000e+06 8.662000000000000000e+03
1.690000000000000000e+06 8.522000000000000000e+03
1.700000000000000000e+06 8.441000000000000000e+03
1.710000000000000000e+06 8.615000000000000000e+03
1.720000000000000000e+06 8.759000000000000000e+03
1.730000000000000000e+06 9.007000000000000000e+03
1.740000000000000000e+06 9.317000000000000000e+03
1.750000000000000000e+06 9.589000000000000000e+03
1.760000000000000000e+06 9.849000000000000000e+03
1.770000000000000000e+06 1.042700000000000000e+04
1.780000000000000000e+06 1.082300000000000000e+04
1.790000000000000000e+06 1.146100000000000000e+04
1.800000000000000000e+06 1.213200000000000000e+04
1.810000000000000000e+06 1.291800000000000000e+04
1.820000000000000000e+06 1.349300000000000000e+04
1.830000000000000000e+06 1.403500000000000000e+04
1.840000000000000000e+06 1.494700000000000000e+04
1.850000000000000000e+06 1.579500000000000000e+04
1.860000000000000000e+06 1.654600000000000000e+04
1.870000000000000000e+06 1.753600000000000000e+04
1.880000000000000000e+06 1.816300000000000000e+04
1.890000000000000000e+06 1.907300000000000000e+04
1.900000000000000000e+06 2.000000000000000000e+04
1.910000000000000000e+06 2.058400000000000000e+04
1.920000000000000000e+06 2.119000000000000000e+04
1.930000000000000000e+06 2.211900000000000000e+04
1.940000000000000000e+06 2.296100000000000000e+04
1.950000000000000000e+06 2.326900000000000000e+04
1.960000000000000000e+06 2.398400000000000000e+04
1.970000000000000000e+06 2.471800000000000000e+04
1.980000000000000000e+06 2.535200000000000000e+04
1.990000000000000000e+06 2.597300000000000000e+04
