0.000000000000000000e+00 5.960000000000000000e+03
1.700000000000000000e+01 6.360000000000000000e+03
3.400000000000000000e+01 6.467000000000000000e+03
5.100000000000000000e+01 6.651000000000000000e+03
6.800000000000000000e+01 6.802000000000000000e+03
8.500000000000000000e+01 6.973000000000000000e+03
1.020000000000000000e+02 7.222000000000000000e+03
1.190000000000000000e+02 7.299000000000000000e+03
1.360000000000000000e+02 7.156000000000000000e+03
1.530000000000000000e+02 7.467000000000000000e+03
1.700000000000000000e+02 7.527000000000000000e+03
1.870000000000000000e+02 7.625000000000000000e+03
2.040000000000000000e+02 7.683000000000000000e+03
2.210000000000000000e+02 7.844000000000000000e+03
2.380000000000000000e+02 7.843000000000000000e+03
2.550000000000000000e+02 7.668000000000000000e+03
2.720000000000000000e+02 7.870000000000000000e+03
2.890000000000000000e+02 7.917000000000000000e+03
3.060000000000000000e+02 7.915000000000000000e+03
3.230000000000000000e+02 7.873000000000000000e+03
3.400000000000000000e+02 8.007000000000000000e+03
3.570000000000000000e+02 8.079000000000000000e+03
3.740000000000000000e+02 8.012000000000000000e+03
3.910000000000000000e+02 7.938000000000000000e+03
4.080000000000000000e+02 8.081000000000000000e+03
4.250000000000000000e+02 8.162000000000000000e+03
4.420000000000000000e+02 7.910000000000000000e+03
4.590000000000000000e+02 7.916000000000000000e+03
4.760000000000000000e+02 7.743000000000000000e+03
4.930000000000000000e+02 7.897000000000000000e+03
5.100000000000000000e+02 7.938000000000000000e+03
5.270000000000000000e+02 7.935000000000000000e+03
5.440000000000000000e+02 7.948000000000000000e+03
5.610000000000000000e+02 7.733000000000000000e+03
5.780000000000000000e+02 7.816000000000000000e+03
5.950000000000000000e+02 7.642000000000000000e+03
6.120000000000000000e+02 7.521000000000000000e+03
6.290000000000000000e+02 7.508000000000000000e+03
6.460000000000000000e+02 7.393000000000000000e+03
6.630000000000000000e+02 7.351000000000000000e+03
6.800000000000000000e+02 7.008000000000000000e+03
6.970000000000000000e+02 7.105000000000000000e+03
7.140000000000000000e+02 6.854000000000000000e+03
7.310000000000000000e+02 6.714000000000000000e+03
7.480000000000000000e+02 6.632000000000000000e+03
7.650000000000000000e+02 6.493000000000000000e+03
7.820000000000000000e+02 6.464000000000000000e+03
7.990000000000000000e+02 6.404000000000000000e+03
8.160000000000000000e+02 6.075000000000000000e+03
8.330000000000000000e+02 6.012000000000000000e+03
8.500000000000000000e+02 5.715000000000000000e+03
8.670000000000000000e+02 5.652000000000000000e+03
8.840000000000000000e+02 5.584000000000000000e+03
9.010000000000000000e+02 5.201000000000000000e+03
9.180000000000000000e+02 5.131000000000000000e+03
9.350000000000000000e+02 4.944000000000000000e+03
9.520000000000000000e+02 4.901000000000000000e+03
9.690000000000000000e+02 4.646000000000000000e+03
9.860000000000000000e+02 4.494000000000000000e+03
1.003000000000000000e+03 4.476000000000000000e+03
1.020000000000000000e+03 4.244000000000000000e+03
1.037000000000000000e+03 4.090000000000000000e+03
1.054000000000000000e+03 3.943000000000000000e+03
1.071000000000000000e+03 3.903000000000000000e+03
1.088000000000000000e+03 3.619000000000000000e+03
1.105000000000000000e+03 3.600000000000000000e+03
1.122000000000000000e+03 3.472000000000000000e+03
1.139000000000000000e+03 3.338000000000000000e+03
1.156000000000000000e+03 3.327000000000000000e+03
1.173000000000000000e+03 3.221000000000000000e+03
1.190000000000000000e+03 3.169000000000000000e+03
1.207000000000000000e+03 2.973000000000000000e+03
1.224000000000000000e+03 2.989000000000000000e+03
1.241000000000000000e+03 2.869000000000000000e+03
1.258000000000000000e+03 2.925000000000000000e+03
1.275000000000000000e+03 2.962000000000000000e+03
1.292000000000000000e+03 2.902000000000000000e+03
1.309000000000000000e+03 2.944000000000000000e+03
1.326000000000000000e+03 2.920000000000000000e+03
1.343000000000000000e+03 2.919000000000000000e+03
1.360000000000000000e+03 3.036000000000000000e+03
1.377000000000000000e+03 3.130000000000000000e+03
1.394000000000000000e+03 3.218000000000000000e+03
1.411000000000000000e+03 3.305000000000000000e+03
1.428000000000000000e+03 3.485000000000000000e+03
1.445000000000000000e+03 3.535000000000000000e+03
1.462000000000000000e+03 3.726000000000000000e+03
1.479000000000000000e+03 3.838000000000000000e+03
1.496000000000000000e+03 4.214000000000000000e+03
1.513000000000000000e+03 4.218000000000000000e+03
1.530000000000000000e+03 4.515000000000000000e+03
1.547000000000000000e+03 4.660000000000000000e+03
1.564000000000000000e+03 4.843000000000000000e+03
1.581000000000000000e+03 5.118000000000000000e+03
1.598000000000000000e+03 5.312000000000000000e+03
1.615000000000000000e+03 5.585000000000000000e+03
1.632000000000000000e+03 5.800000000000000000e+03
1.649000000000000000e+03 5.978000000000000000e+03
1.666000000000000000e+03 6.146000000000000000e+03
1.683000000000000000e+03 6.304000000000000000e+03
1.700000000000000000e+03 6.399000000000000000e+03
1.717000000000000000e+03 6.547000000000000000e+03
1.734000000000000000e+03 6.666000000000000000e+03
1.751000000000000000e+03 6.869000000000000000e+03
1.768000000000000000e+03 7.031000000000000000e+03
1.785000000000000000e+03 6.984000000000000000e+03
1.802000000000000000e+03 7.481000000000000000e+03
1.819000000000000000e+03 7.400000000000000000e+03
1.836000000000000000e+03 7.303000000000000000e+03
1.853000000000000000e+03 7.713000000000000000e+03
1.870000000000000000e+03 7.616000000000000000e+03
1.887000000000000000e+03 7.648000000000000000e+03
1.904000000000000000e+03 7.752000000000000000e+03
1.921000000000000000e+03 7.901000000000000000e+03
1.938000000000000000e+03 7.846000000000000000e+03
1.955000000000000000e+03 8.027000000000000000e+03
1.972000000000000000e+03 7.869000000000000000e+03
1.989000000000000000e+03 8.080000000000000000e+03
2.006000000000000000e+03 7.966000000000000000e+03
2.023000000000000000e+03 7.827000000000000000e+03
2.040000000000000000e+03 7.972000000000000000e+03
2.057000000000000000e+03 8.099000000000000000e+03
2.074000000000000000e+03 8.026000000000000000e+03
2.091000000000000000e+03 8.060000000000000000e+03
2.108000000000000000e+03 8.118000000000000000e+03
2.125000000000000000e+03 7.899000000000000000e+03
2.142000000000000000e+03 7.822000000000000000e+03
2.159000000000000000e+03 7.839000000000000000e+03
2.176000000000000000e+03 7.875000000000000000e+03
2.193000000000000000e+03 7.872000000000000000e+03
2.210000000000000000e+03 7.883000000000000000e+03
2.227000000000000000e+03 7.697000000000000000e+03
2.244000000000000000e+03 7.783000000000000000e+03
2.261000000000000000e+03 7.671000000000000000e+03
2.278000000000000000e+03 7.676000000000000000e+03
2.295000000000000000e+03 7.552000000000000000e+03
2.312000000000000000e+03 7.218000000000000000e+03
2.329000000000000000e+03 7.293000000000000000e+03
2.346000000000000000e+03 7.272000000000000000e+03
2.363000000000000000e+03 7.079000000000000000e+03
2.380000000000000000e+03 6.939000000000000000e+03
2.397000000000000000e+03 6.757000000000000000e+03
2.414000000000000000e+03 6.761000000000000000e+03
2.431000000000000000e+03 6.545000000000000000e+03
2.448000000000000000e+03 6.435000000000000000e+03
2.465000000000000000e+03 6.261000000000000000e+03
2.482000000000000000e+03 6.019000000000000000e+03
2.499000000000000000e+03 5.853000000000000000e+03
2.516000000000000000e+03 5.673000000000000000e+03
2.533000000000000000e+03 5.641000000000000000e+03
2.550000000000000000e+03 5.520000000000000000e+03
2.567000000000000000e+03 5.224000000000000000e+03
2.584000000000000000e+03 4.979000000000000000e+03
2.601000000000000000e+03 5.059000000000000000e+03
2.618000000000000000e+03 4.757000000000000000e+03
2.635000000000000000e+03 4.594000000000000000e+03
2.652000000000000000e+03 4.531000000000000000e+03
2.669000000000000000e+03 4.421000000000000000e+03
2.686000000000000000e+03 4.326000000000000000e+03
2.703000000000000000e+03 4.058000000000000000e+03
2.720000000000000000e+03 3.923000000000000000e+03
2.737000000000000000e+03 3.844000000000000000e+03
2.754000000000000000e+03 3.652000000000000000e+03
2.771000000000000000e+03 3.512000000000000000e+03
2.788000000000000000e+03 3.481000000000000000e+03
2.805000000000000000e+03 3.231000000000000000e+03
2.822000000000000000e+03 3.169000000000000000e+03
2.839000000000000000e+03 3.084000000000000000e+03
2.856000000000000000e+03 3.069000000000000000e+03
2.873000000000000000e+03 2.916000000000000000e+03
2.890000000000000000e+03 3.023000000000000000e+03
2.907000000000000000e+03 2.960000000000000000e+03
2.924000000000000000e+03 2.927000000000000000e+03
2.941000000000000000e+03 2.986000000000000000e+03
2.958000000000000000e+03 2.917000000000000000e+03
2.975000000000000000e+03 2.965000000000000000e+03
2.992000000000000000e+03 2.969000000000000000e+03
3.009000000000000000e+03 3.020000000000000000e+03
3.026000000000000000e+03 3.113000000000000000e+03
3.043000000000000000e+03 3.214000000000000000e+03
3.060000000000000000e+03 3.238000000000000000e+03
3.077000000000000000e+03 3.297000000000000000e+03
3.094000000000000000e+03 3.384000000000000000e+03
3.111000000000000000e+03 3.589000000000000000e+03
3.128000000000000000e+03 3.875000000000000000e+03
3.145000000000000000e+03 3.909000000000000000e+03
3.162000000000000000e+03 4.084000000000000000e+03
3.179000000000000000e+03 4.348000000000000000e+03
3.196000000000000000e+03 4.604000000000000000e+03
3.213000000000000000e+03 4.803000000000000000e+03
3.230000000000000000e+03 4.952000000000000000e+03
3.247000000000000000e+03 5.050000000000000000e+03
3.264000000000000000e+03 5.351000000000000000e+03
3.281000000000000000e+03 5.532000000000000000e+03
3.298000000000000000e+03 5.663000000000000000e+03
3.315000000000000000e+03 6.006000000000000000e+03
