0.000000000000000000e+00 1.154800000000000000e+04
5.000000000000000000e+03 1.178100000000000000e+04
1.000000000000000000e+04 1.218300000000000000e+04
1.500000000000000000e+04 1.220600000000000000e+04
2.000000000000000000e+04 1.264600000000000000e+04
2.500000000000000000e+04 1.246400000000000000e+04
3.000000000000000000e+04 1.236300000000000000e+04
3.500000000000000000e+04 1.268200000000000000e+04
4.000000000000000000e+04 1.269500000000000000e+04
4.500000000000000000e+04 1.293700000000000000e+04
5.000000000000000000e+04 1.299400000000000000e+04
5.500000000000000000e+04 1.300900000000000000e+04
6.000000000000000000e+04 1.325600000000000000e+04
6.500000000000000000e+04 1.307500000000000000e+04
7.000000000000000000e+04 1.324500000000000000e+04
7.500000000000000000e+04 1.323000000000000000e+04
8.000000000000000000e+04 1.334700000000000000e+04
8.500000000000000000e+04 1.323800000000000000e+04
9.000000000000000000e+04 1.327500000000000000e+04
9.500000000000000000e+04 1.351800000000000000e+04
1.000000000000000000e+05 1.349200000000000000e+04
1.050000000000000000e+05 1.323600000000000000e+04
1.100000000000000000e+05 1.334600000000000000e+04
1.150000000000000000e+05 1.322500000000000000e+04
1.200000000000000000e+05 1.313700000000000000e+04
1.250000000000000000e+05 1.316000000000000000e+04
1.300000000000000000e+05 1.314700000000000000e+04
1.350000000000000000e+05 1.313200000000000000e+04
1.400000000000000000e+05 1.318000000000000000e+04
1.450000000000000000e+05 1.303300000000000000e+04
1.500000000000000000e+05 1.282400000000000000e+04
1.550000000000000000e+05 1.264000000000000000e+04
1.600000000000000000e+05 1.271500000000000000e+04
1.650000000000000000e+05 1.232100000000000000e+04
1.700000000000000000e+05 1.248000000000000000e+04
1.750000000000000000e+05 1.220700000000000000e+04
1.800000000000000000e+05 1.196300000000000000e+04
1.850000000000000000e+05 1.183000000000000000e+04
1.900000000000000000e+05 1.162700000000000000e+04
1.950000000000000000e+05 1.142600000000000000e+04
2.000000000000000000e+05 1.104300000000000000e+04
2.050000000000000000e+05 1.099200000000000000e+04
2.100000000000000000e+05 1.079400000000000000e+04
2.150000000000000000e+05 1.042200000000000000e+04
2.200000000000000000e+05 1.041200000000000000e+04
2.250000000000000000e+05 1.004600000000000000e+04
2.300000000000000000e+05 9.595000000000000000e+03
2.350000000000000000e+05 9.152000000000000000e+03
2.400000000000000000e+05 9.155000000000000000e+03
2.450000000000000000e+05 8.770000000000000000e+03
2.500000000000000000e+05 8.439000000000000000e+03
2.550000000000000000e+05 8.188000000000000000e+03
2.600000000000000000e+05 7.802000000000000000e+03
2.650000000000000000e+05 7.365000000000000000e+03
2.700000000000000000e+05 7.248000000000000000e+03
2.750000000000000000e+05 6.739000000000000000e+03
2.800000000000000000e+05 6.557000000000000000e+03
2.850000000000000000e+05 6.194000000000000000e+03
2.900000000000000000e+05 5.906000000000000000e+03
2.950000000000000000e+05 5.708000000000000000e+03
3.000000000000000000e+05 5.322000000000000000e+03
3.050000000000000000e+05 5.112000000000000000e+03
3.100000000000000000e+05 4.773000000000000000e+03
3.150000000000000000e+05 4.701000000000000000e+03
3.200000000000000000e+05 4.600000000000000000e+03
3.250000000000000000e+05 4.507000000000000000e+03
3.300000000000000000e+05 4.461000000000000000e+03
3.350000000000000000e+05 4.257000000000000000e+03
3.400000000000000000e+05 4.273000000000000000e+03
3.450000000000000000e+05 4.228000000000000000e+03
3.500000000000000000e+05 4.366000000000000000e+03
3.550000000000000000e+05 4.356000000000000000e+03
3.600000000000000000e+05 4.405000000000000000e+03
3.650000000000000000e+05 4.422000000000000000e+03
3.700000000000000000e+05 4.608000000000000000e+03
3.750000000000000000e+05 4.629000000000000000e+03
3.800000000000000000e+05 4.863000000000000000e+03
3.850000000000000000e+05 4.929000000000000000e+03
3.900000000000000000e+05 5.197000000000000000e+03
3.950000000000000000e+05 5.416000000000000000e+03
4.000000000000000000e+05 5.793000000000000000e+03
4.050000000000000000e+05 6.095000000000000000e+03
4.100000000000000000e+05 6.421000000000000000e+03
4.150000000000000000e+05 6.538000000000000000e+03
4.200000000000000000e+05 7.024000000000000000e+03
4.250000000000000000e+05 7.239000000000000000e+03
4.300000000000000000e+05 7.628000000000000000e+03
4.350000000000000000e+05 8.033000000000000000e+03
4.400000000000000000e+05 8.328000000000000000e+03
4.450000000000000000e+05 8.586000000000000000e+03
4.500000000000000000e+05 9.125000000000000000e+03
4.550000000000000000e+05 9.081000000000000000e+03
4.600000000000000000e+05 9.557000000000000000e+03
4.650000000000000000e+05 1.002800000000000000e+04
4.700000000000000000e+05 1.009400000000000000e+04
4.750000000000000000e+05 1.048200000000000000e+04
4.800000000000000000e+05 1.054700000000000000e+04
4.850000000000000000e+05 1.103400000000000000e+04
4.900000000000000000e+05 1.121400000000000000e+04
4.950000000000000000e+05 1.135600000000000000e+04
5.000000000000000000e+05 1.158000000000000000e+04
5.050000000000000000e+05 1.181900000000000000e+04
5.100000000000000000e+05 1.186100000000000000e+04
5.150000000000000000e+05 1.202300000000000000e+04
5.200000000000000000e+05 1.223100000000000000e+04
5.250000000000000000e+05 1.239700000000000000e+04
5.300000000000000000e+05 1.251800000000000000e+04
5.350000000000000000e+05 1.270500000000000000e+04
5.400000000000000000e+05 1.287100000000000000e+04
5.450000000000000000e+05 1.279500000000000000e+04
5.500000000000000000e+05 1.284300000000000000e+04
5.550000000000000000e+05 1.306500000000000000e+04
5.600000000000000000e+05 1.313500000000000000e+04
5.650000000000000000e+05 1.319400000000000000e+04
5.700000000000000000e+05 1.315900000000000000e+04
5.750000000000000000e+05 1.305400000000000000e+04
5.800000000000000000e+05 1.303900000000000000e+04
5.850000000000000000e+05 1.336700000000000000e+04
5.900000000000000000e+05 1.331600000000000000e+04
5.950000000000000000e+05 1.328200000000000000e+04
6.000000000000000000e+05 1.342600000000000000e+04
6.050000000000000000e+05 1.326600000000000000e+04
6.100000000000000000e+05 1.338700000000000000e+04
6.150000000000000000e+05 1.308000000000000000e+04
6.200000000000000000e+05 1.308100000000000000e+04
6.250000000000000000e+05 1.317400000000000000e+04
6.300000000000000000e+05 1.321100000000000000e+04
6.350000000000000000e+05 1.294000000000000000e+04
6.400000000000000000e+05 1.294400000000000000e+04
6.450000000000000000e+05 1.301400000000000000e+04
6.500000000000000000e+05 1.284800000000000000e+04
6.550000000000000000e+05 1.269900000000000000e+04
6.600000000000000000e+05 1.241800000000000000e+04
6.650000000000000000e+05 1.253600000000000000e+04
6.700000000000000000e+05 1.234700000000000000e+04
6.750000000000000000e+05 1.227400000000000000e+04
6.800000000000000000e+05 1.211800000000000000e+04
6.850000000000000000e+05 1.191100000000000000e+04
6.900000000000000000e+05 1.161800000000000000e+04
6.950000000000000000e+05 1.148700000000000000e+04
7.000000000000000000e+05 1.130400000000000000e+04
7.050000000000000000e+05 1.104800000000000000e+04
7.100000000000000000e+05 1.081100000000000000e+04
7.150000000000000000e+05 1.064100000000000000e+04
7.200000000000000000e+05 1.021700000000000000e+04
7.250000000000000000e+05 9.910000000000000000e+03
7.300000000000000000e+05 9.716000000000000000e+03
7.350000000000000000e+05 9.322000000000000000e+03
7.400000000000000000e+05 9.139000000000000000e+03
7.450000000000000000e+05 8.836000000000000000e+03
7.500000000000000000e+05 8.345000000000000000e+03
7.550000000000000000e+05 7.952000000000000000e+03
7.600000000000000000e+05 7.826000000000000000e+03
7.650000000000000000e+05 7.302000000000000000e+03
7.700000000000000000e+05 7.170000000000000000e+03
7.750000000000000000e+05 6.863000000000000000e+03
7.800000000000000000e+05 6.449000000000000000e+03
7.850000000000000000e+05 5.991000000000000000e+03
7.900000000000000000e+05 5.902000000000000000e+03
7.950000000000000000e+05 5.503000000000000000e+03
8.000000000000000000e+05 5.293000000000000000e+03
8.050000000000000000e+05 5.122000000000000000e+03
8.100000000000000000e+05 4.723000000000000000e+03
8.150000000000000000e+05 4.751000000000000000e+03
8.200000000000000000e+05 4.550000000000000000e+03
8.250000000000000000e+05 4.383000000000000000e+03
8.300000000000000000e+05 4.356000000000000000e+03
8.350000000000000000e+05 4.268000000000000000e+03
8.400000000000000000e+05 4.087000000000000000e+03
8.450000000000000000e+05 4.263000000000000000e+03
8.500000000000000000e+05 4.125000000000000000e+03
8.550000000000000000e+05 4.141000000000000000e+03
8.600000000000000000e+05 4.197000000000000000e+03
8.650000000000000000e+05 4.437000000000000000e+03
8.700000000000000000e+05 4.503000000000000000e+03
8.750000000000000000e+05 4.712000000000000000e+03
8.800000000000000000e+05 4.832000000000000000e+03
8.850000000000000000e+05 4.979000000000000000e+03
8.900000000000000000e+05 5.267000000000000000e+03
8.950000000000000000e+05 5.447000000000000000e+03
9.000000000000000000e+05 5.768000000000000000e+03
9.050000000000000000e+05 6.002000000000000000e+03
9.100000000000000000e+05 6.343000000000000000e+03
9.150000000000000000e+05 6.671000000000000000e+03
9.200000000000000000e+05 6.822000000000000000e+03
9.250000000000000000e+05 7.384000000000000000e+03
9.300000000000000000e+05 7.562000000000000000e+03
9.350000000000000000e+05 7.871000000000000000e+03
9.400000000000000000e+05 8.276000000000000000e+03
9.450000000000000000e+05 8.634000000000000000e+03
9.500000000000000000e+05 9.066000000000000000e+03
9.550000000000000000e+05 9.263000000000000000e+03
9.600000000000000000e+05 9.673000000000000000e+03
9.650000000000000000e+05 9.883000000000000000e+03
9.700000000000000000e+05 1.010700000000000000e+04
9.750000000000000000e+05 1.047400000000000000e+04
9.800000000000000000e+05 1.056400000000000000e+04
9.850000000000000000e+05 1.094300000000000000e+04
9.900000000000000000e+05 1.115900000000000000e+04
9.950000000000000000e+05 1.133100000000000000e+04
