0.000000000000000000e+00 1.001000000000000000e+04
1.667000000000000000e+03 1.018700000000000000e+04
3.334000000000000000e+03 1.036400000000000000e+04
5.001000000000000000e+03 1.053000000000000000e+04
6.668000000000000000e+03 1.072000000000000000e+04
8.335000000000000000e+03 1.100400000000000000e+04
1.000200000000000000e+04 1.085000000000000000e+04
1.166900000000000000e+04 1.112900000000000000e+04
1.333600000000000000e+04 1.105500000000000000e+04
1.500300000000000000e+04 1.111500000000000000e+04
1.667000000000000000e+04 1.132100000000000000e+04
1.833700000000000000e+04 1.118500000000000000e+04
2.000400000000000000e+04 1.128800000000000000e+04
2.167100000000000000e+04 1.160700000000000000e+04
2.333800000000000000e+04 1.133400000000000000e+04
2.500500000000000000e+04 1.141500000000000000e+04
2.667200000000000000e+04 1.165500000000000000e+04
2.833900000000000000e+04 1.161100000000000000e+04
3.000600000000000000e+04 1.164800000000000000e+04
3.167300000000000000e+04 1.144700000000000000e+04
3.334000000000000000e+04 1.140400000000000000e+04
3.500700000000000000e+04 1.160700000000000000e+04
3.667400000000000000e+04 1.153500000000000000e+04
3.834100000000000000e+04 1.158800000000000000e+04
4.000800000000000000e+04 1.147800000000000000e+04
4.167500000000000000e+04 1.147100000000000000e+04
4.334200000000000000e+04 1.154700000000000000e+04
4.500900000000000000e+04 1.122300000000000000e+04
4.667600000000000000e+04 1.131500000000000000e+04
4.834300000000000000e+04 1.128700000000000000e+04
5.001000000000000000e+04 1.106000000000000000e+04
5.167700000000000000e+04 1.114200000000000000e+04
5.334400000000000000e+04 1.093200000000000000e+04
5.501100000000000000e+04 1.087500000000000000e+04
5.667800000000000000e+04 1.065000000000000000e+04
5.834500000000000000e+04 1.087600000000000000e+04
6.001200000000000000e+04 1.084300000000000000e+04
6.167900000000000000e+04 1.052100000000000000e+04
6.334600000000000000e+04 1.035400000000000000e+04
6.501300000000000000e+04 9.866000000000000000e+03
6.668000000000000000e+04 1.007400000000000000e+04
6.834700000000000000e+04 9.687000000000000000e+03
7.001400000000000000e+04 9.718000000000000000e+03
7.168100000000000000e+04 9.485000000000000000e+03
7.334800000000000000e+04 9.161000000000000000e+03
7.501500000000000000e+04 8.951000000000000000e+03
7.668200000000000000e+04 8.712000000000000000e+03
7.834900000000000000e+04 8.349000000000000000e+03
8.001600000000000000e+04 8.247000000000000000e+03
8.168300000000000000e+04 7.714000000000000000e+03
8.335000000000000000e+04 7.507000000000000000e+03
8.501700000000000000e+04 7.440000000000000000e+03
8.668400000000000000e+04 7.173000000000000000e+03
8.835100000000000000e+04 6.868000000000000000e+03
9.001800000000000000e+04 6.542000000000000000e+03
9.168500000000000000e+04 6.478000000000000000e+03
9.335200000000000000e+04 6.029000000000000000e+03
9.501900000000000000e+04 5.723000000000000000e+03
9.668600000000000000e+04 5.726000000000000000e+03
9.835300000000000000e+04 5.403000000000000000e+03
1.000200000000000000e+05 5.079000000000000000e+03
1.016870000000000000e+05 4.831000000000000000e+03
1.033540000000000000e+05 4.802000000000000000e+03
1.050210000000000000e+05 4.727000000000000000e+03
1.066880000000000000e+05 4.367000000000000000e+03
1.083550000000000000e+05 4.296000000000000000e+03
1.100220000000000000e+05 4.252000000000000000e+03
1.116890000000000000e+05 4.156000000000000000e+03
1.133560000000000000e+05 4.233000000000000000e+03
1.150230000000000000e+05 4.154000000000000000e+03
1.166900000000000000e+05 4.084000000000000000e+03
1.183570000000000000e+05 4.054000000000000000e+03
1.200240000000000000e+05 4.136000000000000000e+03
1.216910000000000000e+05 4.422000000000000000e+03
1.233580000000000000e+05 4.466000000000000000e+03
1.250250000000000000e+05 4.405000000000000000e+03
1.266920000000000000e+05 4.660000000000000000e+03
1.283590000000000000e+05 4.690000000000000000e+03
1.300260000000000000e+05 5.034000000000000000e+03
1.316930000000000000e+05 5.214000000000000000e+03
1.333600000000000000e+05 5.401000000000000000e+03
1.350270000000000000e+05 5.756000000000000000e+03
1.366940000000000000e+05 5.823000000000000000e+03
1.383610000000000000e+05 6.187000000000000000e+03
1.400280000000000000e+05 6.429000000000000000e+03
1.416950000000000000e+05 6.652000000000000000e+03
1.433620000000000000e+05 7.116000000000000000e+03
1.450290000000000000e+05 7.261000000000000000e+03
1.466960000000000000e+05 7.699000000000000000e+03
1.483630000000000000e+05 7.872000000000000000e+03
1.500300000000000000e+05 8.134000000000000000e+03
1.516970000000000000e+05 8.365000000000000000e+03
1.533640000000000000e+05 8.550000000000000000e+03
1.550310000000000000e+05 8.782000000000000000e+03
1.566980000000000000e+05 9.183000000000000000e+03
1.583650000000000000e+05 9.159000000000000000e+03
1.600320000000000000e+05 9.517000000000000000e+03
1.616990000000000000e+05 9.741000000000000000e+03
1.633660000000000000e+05 9.879000000000000000e+03
1.650330000000000000e+05 1.008300000000000000e+04
1.667000000000000000e+05 1.030200000000000000e+04
1.683670000000000000e+05 1.030100000000000000e+04
1.700340000000000000e+05 1.045300000000000000e+04
1.717010000000000000e+05 1.064400000000000000e+04
1.733680000000000000e+05 1.064400000000000000e+04
1.750350000000000000e+05 1.074500000000000000e+04
1.767020000000000000e+05 1.096700000000000000e+04
1.783690000000000000e+05 1.116200000000000000e+04
1.800360000000000000e+05 1.120600000000000000e+04
1.817030000000000000e+05 1.120600000000000000e+04
1.833700000000000000e+05 1.132500000000000000e+04
1.850370000000000000e+05 1.145300000000000000e+04
1.867040000000000000e+05 1.130800000000000000e+04
1.883710000000000000e+05 1.171600000000000000e+04
1.900380000000000000e+05 1.145600000000000000e+04
1.917050000000000000e+05 1.160900000000000000e+04
1.933720000000000000e+05 1.158300000000000000e+04
1.950390000000000000e+05 1.160600000000000000e+04
1.967060000000000000e+05 1.156800000000000000e+04
1.983730000000000000e+05 1.172500000000000000e+04
2.000400000000000000e+05 1.169900000000000000e+04
2.017070000000000000e+05 1.156000000000000000e+04
2.033740000000000000e+05 1.168100000000000000e+04
2.050410000000000000e+05 1.158200000000000000e+04
2.067080000000000000e+05 1.181100000000000000e+04
2.083750000000000000e+05 1.150700000000000000e+04
2.100420000000000000e+05 1.144400000000000000e+04
2.117090000000000000e+05 1.137100000000000000e+04
2.133760000000000000e+05 1.151800000000000000e+04
2.150430000000000000e+05 1.126600000000000000e+04
2.167100000000000000e+05 1.114800000000000000e+04
2.183770000000000000e+05 1.111800000000000000e+04
2.200440000000000000e+05 1.092700000000000000e+04
2.217110000000000000e+05 1.079500000000000000e+04
2.233780000000000000e+05 1.069400000000000000e+04
2.250450000000000000e+05 1.080700000000000000e+04
2.267120000000000000e+05 1.081500000000000000e+04
2.283790000000000000e+05 1.039200000000000000e+04
2.300460000000000000e+05 1.051900000000000000e+04
2.317130000000000000e+05 1.008000000000000000e+04
2.333800000000000000e+05 1.007200000000000000e+04
2.350470000000000000e+05 9.754000000000000000e+03
2.367140000000000000e+05 9.575000000000000000e+03
2.383810000000000000e+05 9.605000000000000000e+03
2.400480000000000000e+05 9.285000000000000000e+03
2.417150000000000000e+05 8.997000000000000000e+03
2.433820000000000000e+05 8.798000000000000000e+03
2.450490000000000000e+05 8.319000000000000000e+03
2.467160000000000000e+05 8.226000000000000000e+03
2.483830000000000000e+05 7.996000000000000000e+03
2.500500000000000000e+05 7.690000000000000000e+03
2.517170000000000000e+05 7.352000000000000000e+03
2.533840000000000000e+05 7.171000000000000000e+03
2.550510000000000000e+05 6.839000000000000000e+03
2.567180000000000000e+05 6.621000000000000000e+03
2.583850000000000000e+05 6.176000000000000000e+03
2.600520000000000000e+05 6.063000000000000000e+03
2.617190000000000000e+05 5.781000000000000000e+03
2.633860000000000000e+05 5.549000000000000000e+03
2.650530000000000000e+05 5.316000000000000000e+03
2.667200000000000000e+05 5.122000000000000000e+03
2.683870000000000000e+05 4.880000000000000000e+03
2.700540000000000000e+05 4.809000000000000000e+03
2.717210000000000000e+05 4.590000000000000000e+03
2.733880000000000000e+05 4.491000000000000000e+03
2.750550000000000000e+05 4.428000000000000000e+03
2.767220000000000000e+05 4.184000000000000000e+03
2.783890000000000000e+05 4.166000000000000000e+03
2.800560000000000000e+05 4.165000000000000000e+03
2.817230000000000000e+05 4.011000000000000000e+03
2.833900000000000000e+05 4.070000000000000000e+03
2.850570000000000000e+05 4.090000000000000000e+03
2.867240000000000000e+05 4.201000000000000000e+03
2.883910000000000000e+05 4.274000000000000000e+03
2.900580000000000000e+05 4.272000000000000000e+03
2.917250000000000000e+05 4.591000000000000000e+03
2.933920000000000000e+05 4.633000000000000000e+03
2.950590000000000000e+05 4.824000000000000000e+03
2.967260000000000000e+05 4.931000000000000000e+03
2.983930000000000000e+05 5.260000000000000000e+03
3.000600000000000000e+05 5.527000000000000000e+03
3.017270000000000000e+05 5.781000000000000000e+03
3.033940000000000000e+05 5.977000000000000000e+03
3.050610000000000000e+05 6.164000000000000000e+03
3.067280000000000000e+05 6.394000000000000000e+03
3.083950000000000000e+05 6.762000000000000000e+03
3.100620000000000000e+05 6.918000000000000000e+03
3.117290000000000000e+05 7.355000000000000000e+03
3.133960000000000000e+05 7.754000000000000000e+03
3.150630000000000000e+05 7.892000000000000000e+03
3.167300000000000000e+05 8.065000000000000000e+03
3.183970000000000000e+05 8.513000000000000000e+03
3.200640000000000000e+05 8.713000000000000000e+03
3.217310000000000000e+05 8.785000000000000000e+03
3.233980000000000000e+05 9.085000000000000000e+03
3.250650000000000000e+05 9.231000000000000000e+03
3.267320000000000000e+05 9.398000000000000000e+03
3.283990000000000000e+05 9.830000000000000000e+03
3.300660000000000000e+05 9.943000000000000000e+03
3.317330000000000000e+05 1.006000000000000000e+04
