0.000000000000000000e+00 7.000000000000000000e+03
5.000000000000000000e+01 7.072000000000000000e+03
1.000000000000000000e+02 7.131000000000000000e+03
1.500000000000000000e+02 7.347000000000000000e+03
2.000000000000000000e+02 7.364000000000000000e+03
2.500000000000000000e+02 7.704000000000000000e+03
3.000000000000000000e+02 7.689000000000000000e+03
3.500000000000000000e+02 7.703000000000000000e+03
4.000000000000000000e+02 7.960000000000000000e+03
4.500000000000000000e+02 8.019000000000000000e+03
5.000000000000000000e+02 8.030000000000000000e+03
5.500000000000000000e+02 7.996000000000000000e+03
6.000000000000000000e+02 8.044000000000000000e+03
6.500000000000000000e+02 8.164000000000000000e+03
7.000000000000000000e+02 8.096000000000000000e+03
7.500000000000000000e+02 8.258000000000000000e+03
8.000000000000000000e+02 8.117000000000000000e+03
8.500000000000000000e+02 8.146000000000000000e+03
9.000000000000000000e+02 8.248000000000000000e+03
9.500000000000000000e+02 8.214000000000000000e+03
1.000000000000000000e+03 8.271000000000000000e+03
1.050000000000000000e+03 8.241000000000000000e+03
1.100000000000000000e+03 8.273000000000000000e+03
1.150000000000000000e+03 8.045000000000000000e+03
1.200000000000000000e+03 8.132000000000000000e+03
1.250000000000000000e+03 8.226000000000000000e+03
1.300000000000000000e+03 8.038000000000000000e+03
1.350000000000000000e+03 8.128000000000000000e+03
1.400000000000000000e+03 8.200000000000000000e+03
1.450000000000000000e+03 8.079000000000000000e+03
1.500000000000000000e+03 7.957000000000000000e+03
1.550000000000000000e+03 7.923000000000000000e+03
1.600000000000000000e+03 7.901000000000000000e+03
1.650000000000000000e+03 7.815000000000000000e+03
1.700000000000000000e+03 7.646000000000000000e+03
1.750000000000000000e+03 7.583000000000000000e+03
1.800000000000000000e+03 7.774000000000000000e+03
1.850000000000000000e+03 7.315000000000000000e+03
1.900000000000000000e+03 7.316000000000000000e+03
1.950000000000000000e+03 7.170000000000000000e+03
2.000000000000000000e+03 7.201000000000000000e+03
2.050000000000000000e+03 6.890000000000000000e+03
2.100000000000000000e+03 7.045000000000000000e+03
2.150000000000000000e+03 6.688000000000000000e+03
2.200000000000000000e+03 6.470000000000000000e+03
2.250000000000000000e+03 6.470000000000000000e+03
2.300000000000000000e+03 6.201000000000000000e+03
2.350000000000000000e+03 5.971000000000000000e+03
2.400000000000000000e+03 5.970000000000000000e+03
2.450000000000000000e+03 5.791000000000000000e+03
2.500000000000000000e+03 5.393000000000000000e+03
2.550000000000000000e+03 5.385000000000000000e+03
2.600000000000000000e+03 5.101000000000000000e+03
2.650000000000000000e+03 4.897000000000000000e+03
2.700000000000000000e+03 4.603000000000000000e+03
2.750000000000000000e+03 4.601000000000000000e+03
2.800000000000000000e+03 4.363000000000000000e+03
2.850000000000000000e+03 4.218000000000000000e+03
2.900000000000000000e+03 3.985000000000000000e+03
2.950000000000000000e+03 3.855000000000000000e+03
3.000000000000000000e+03 3.750000000000000000e+03
3.050000000000000000e+03 3.575000000000000000e+03
3.100000000000000000e+03 3.356000000000000000e+03
3.150000000000000000e+03 3.251000000000000000e+03
3.200000000000000000e+03 3.117000000000000000e+03
3.250000000000000000e+03 2.960000000000000000e+03
3.300000000000000000e+03 2.904000000000000000e+03
3.350000000000000000e+03 2.772000000000000000e+03
3.400000000000000000e+03 2.755000000000000000e+03
3.450000000000000000e+03 2.723000000000000000e+03
3.500000000000000000e+03 2.633000000000000000e+03
3.550000000000000000e+03 2.622000000000000000e+03
3.600000000000000000e+03 2.595000000000000000e+03
3.650000000000000000e+03 2.488000000000000000e+03
3.700000000000000000e+03 2.531000000000000000e+03
3.750000000000000000e+03 2.571000000000000000e+03
3.800000000000000000e+03 2.630000000000000000e+03
3.850000000000000000e+03 2.754000000000000000e+03
3.900000000000000000e+03 2.770000000000000000e+03
3.950000000000000000e+03 2.809000000000000000e+03
4.000000000000000000e+03 2.987000000000000000e+03
4.050000000000000000e+03 3.171000000000000000e+03
4.100000000000000000e+03 3.361000000000000000e+03
4.150000000000000000e+03 3.484000000000000000e+03
4.200000000000000000e+03 3.664000000000000000e+03
4.250000000000000000e+03 3.863000000000000000e+03
4.300000000000000000e+03 4.171000000000000000e+03
4.350000000000000000e+03 4.251000000000000000e+03
4.400000000000000000e+03 4.466000000000000000e+03
4.450000000000000000e+03 4.840000000000000000e+03
4.500000000000000000e+03 4.990000000000000000e+03
4.550000000000000000e+03 5.139000000000000000e+03
4.600000000000000000e+03 5.460000000000000000e+03
4.650000000000000000e+03 5.658000000000000000e+03
4.700000000000000000e+03 5.893000000000000000e+03
4.750000000000000000e+03 6.120000000000000000e+03
4.800000000000000000e+03 6.363000000000000000e+03
4.850000000000000000e+03 6.362000000000000000e+03
4.900000000000000000e+03 6.362000000000000000e+03
4.950000000000000000e+03 6.906000000000000000e+03
5.000000000000000000e+03 6.904000000000000000e+03
5.050000000000000000e+03 7.199000000000000000e+03
5.100000000000000000e+03 7.220000000000000000e+03
5.150000000000000000e+03 7.196000000000000000e+03
5.200000000000000000e+03 7.538000000000000000e+03
5.250000000000000000e+03 7.632000000000000000e+03
5.300000000000000000e+03 7.570000000000000000e+03
5.350000000000000000e+03 7.822000000000000000e+03
5.400000000000000000e+03 7.838000000000000000e+03
5.450000000000000000e+03 8.046000000000000000e+03
5.500000000000000000e+03 7.933000000000000000e+03
5.550000000000000000e+03 7.916000000000000000e+03
5.600000000000000000e+03 8.227000000000000000e+03
5.650000000000000000e+03 8.260000000000000000e+03
5.700000000000000000e+03 8.183000000000000000e+03
5.750000000000000000e+03 8.178000000000000000e+03
5.800000000000000000e+03 8.100000000000000000e+03
5.850000000000000000e+03 8.101000000000000000e+03
5.900000000000000000e+03 8.168000000000000000e+03
5.950000000000000000e+03 8.416000000000000000e+03
6.000000000000000000e+03 8.362000000000000000e+03
6.050000000000000000e+03 8.152000000000000000e+03
6.100000000000000000e+03 8.215000000000000000e+03
6.150000000000000000e+03 8.242000000000000000e+03
6.200000000000000000e+03 8.380000000000000000e+03
6.250000000000000000e+03 8.256000000000000000e+03
6.300000000000000000e+03 8.178000000000000000e+03
6.350000000000000000e+03 8.017000000000000000e+03
6.400000000000000000e+03 8.103000000000000000e+03
6.450000000000000000e+03 8.235000000000000000e+03
6.500000000000000000e+03 7.899000000000000000e+03
6.550000000000000000e+03 7.943000000000000000e+03
6.600000000000000000e+03 7.829000000000000000e+03
6.650000000000000000e+03 7.811000000000000000e+03
6.700000000000000000e+03 7.677000000000000000e+03
6.750000000000000000e+03 7.462000000000000000e+03
6.800000000000000000e+03 7.585000000000000000e+03
6.850000000000000000e+03 7.443000000000000000e+03
6.900000000000000000e+03 7.205000000000000000e+03
6.950000000000000000e+03 7.240000000000000000e+03
7.000000000000000000e+03 7.016000000000000000e+03
7.050000000000000000e+03 7.038000000000000000e+03
7.100000000000000000e+03 6.820000000000000000e+03
7.150000000000000000e+03 6.804000000000000000e+03
7.200000000000000000e+03 6.549000000000000000e+03
7.250000000000000000e+03 6.499000000000000000e+03
7.300000000000000000e+03 6.310000000000000000e+03
7.350000000000000000e+03 6.026000000000000000e+03
7.400000000000000000e+03 5.921000000000000000e+03
7.450000000000000000e+03 5.612000000000000000e+03
7.500000000000000000e+03 5.455000000000000000e+03
7.550000000000000000e+03 5.211000000000000000e+03
7.600000000000000000e+03 5.135000000000000000e+03
7.650000000000000000e+03 4.886000000000000000e+03
7.700000000000000000e+03 4.695000000000000000e+03
7.750000000000000000e+03 4.615000000000000000e+03
7.800000000000000000e+03 4.256000000000000000e+03
7.850000000000000000e+03 3.992000000000000000e+03
7.900000000000000000e+03 3.945000000000000000e+03
7.950000000000000000e+03 3.902000000000000000e+03
8.000000000000000000e+03 3.747000000000000000e+03
8.050000000000000000e+03 3.389000000000000000e+03
8.100000000000000000e+03 3.311000000000000000e+03
8.150000000000000000e+03 3.229000000000000000e+03
8.200000000000000000e+03 3.097000000000000000e+03
8.250000000000000000e+03 3.113000000000000000e+03
8.300000000000000000e+03 2.959000000000000000e+03
8.350000000000000000e+03 2.877000000000000000e+03
8.400000000000000000e+03 2.611000000000000000e+03
8.450000000000000000e+03 2.625000000000000000e+03
8.500000000000000000e+03 2.600000000000000000e+03
8.550000000000000000e+03 2.437000000000000000e+03
8.600000000000000000e+03 2.557000000000000000e+03
8.650000000000000000e+03 2.551000000000000000e+03
8.700000000000000000e+03 2.542000000000000000e+03
8.750000000000000000e+03 2.614000000000000000e+03
8.800000000000000000e+03 2.616000000000000000e+03
8.850000000000000000e+03 2.712000000000000000e+03
8.900000000000000000e+03 2.795000000000000000e+03
8.950000000000000000e+03 2.806000000000000000e+03
9.000000000000000000e+03 3.086000000000000000e+03
9.050000000000000000e+03 3.227000000000000000e+03
9.100000000000000000e+03 3.310000000000000000e+03
9.150000000000000000e+03 3.688000000000000000e+03
9.200000000000000000e+03 3.743000000000000000e+03
9.250000000000000000e+03 3.837000000000000000e+03
9.300000000000000000e+03 4.041000000000000000e+03
9.350000000000000000e+03 4.378000000000000000e+03
9.400000000000000000e+03 4.487000000000000000e+03
9.450000000000000000e+03 4.673000000000000000e+03
9.500000000000000000e+03 5.023000000000000000e+03
9.550000000000000000e+03 5.213000000000000000e+03
9.600000000000000000e+03 5.434000000000000000e+03
9.650000000000000000e+03 5.550000000000000000e+03
9.700000000000000000e+03 5.807000000000000000e+03
9.750000000000000000e+03 6.099000000000000000e+03
9.800000000000000000e+03 6.157000000000000000e+03
9.850000000000000000e+03 6.464000000000000000e+03
9.900000000000000000e+03 6.574000000000000000e+03
9.950000000000000000e+03 6.948000000000000000e+03
