0.000000000000000000e+00 1.939000000000000000e+03
2.500000000000000000e+02 1.980000000000000000e+03
5.000000000000000000e+02 2.098000000000000000e+03
7.500000000000000000e+02 2.057000000000000000e+03
1.000000000000000000e+03 2.213000000000000000e+03
1.250000000000000000e+03 2.134000000000000000e+03
1.500000000000000000e+03 2.146000000000000000e+03
1.750000000000000000e+03 2.216000000000000000e+03
2.000000000000000000e+03 2.283000000000000000e+03
2.250000000000000000e+03 2.255000000000000000e+03
2.500000000000000000e+03 2.185000000000000000e+03
2.750000000000000000e+03 2.265000000000000000e+03
3.000000000000000000e+03 2.271000000000000000e+03
3.250000000000000000e+03 2.309000000000000000e+03
3.500000000000000000e+03 2.382000000000000000e+03
3.750000000000000000e+03 2.272000000000000000e+03
4.000000000000000000e+03 2.350000000000000000e+03
4.250000000000000000e+03 2.361000000000000000e+03
4.500000000000000000e+03 2.324000000000000000e+03
4.750000000000000000e+03 2.304000000000000000e+03
5.000000000000000000e+03 2.217000000000000000e+03
5.250000000000000000e+03 2.324000000000000000e+03
5.500000000000000000e+03 2.315000000000000000e+03
5.750000000000000000e+03 2.317000000000000000e+03
6.000000000000000000e+03 2.280000000000000000e+03
6.250000000000000000e+03 2.212000000000000000e+03
6.500000000000000000e+03 2.259000000000000000e+03
6.750000000000000000e+03 2.402000000000000000e+03
7.000000000000000000e+03 2.247000000000000000e+03
7.250000000000000000e+03 2.243000000000000000e+03
7.500000000000000000e+03 2.317000000000000000e+03
7.750000000000000000e+03 2.163000000000000000e+03
8.000000000000000000e+03 2.217000000000000000e+03
8.250000000000000000e+03 2.180000000000000000e+03
8.500000000000000000e+03 2.135000000000000000e+03
8.750000000000000000e+03 2.114000000000000000e+03
9.000000000000000000e+03 2.112000000000000000e+03
9.250000000000000000e+03 2.136000000000000000e+03
9.500000000000000000e+03 2.019000000000000000e+03
9.750000000000000000e+03 1.998000000000000000e+03
1.000000000000000000e+04 1.986000000000000000e+03
1.025000000000000000e+04 1.777000000000000000e+03
1.050000000000000000e+04 1.862000000000000000e+03
1.075000000000000000e+04 1.727000000000000000e+03
1.100000000000000000e+04 1.767000000000000000e+03
1.125000000000000000e+04 1.698000000000000000e+03
1.150000000000000000e+04 1.583000000000000000e+03
1.175000000000000000e+04 1.532000000000000000e+03
1.200000000000000000e+04 1.489000000000000000e+03
1.225000000000000000e+04 1.467000000000000000e+03
1.250000000000000000e+04 1.356000000000000000e+03
1.275000000000000000e+04 1.302000000000000000e+03
1.300000000000000000e+04 1.234000000000000000e+03
1.325000000000000000e+04 1.171000000000000000e+03
1.350000000000000000e+04 1.125000000000000000e+03
1.375000000000000000e+04 1.052000000000000000e+03
1.400000000000000000e+04 1.050000000000000000e+03
1.425000000000000000e+04 9.390000000000000000e+02
1.450000000000000000e+04 8.780000000000000000e+02
1.475000000000000000e+04 8.940000000000000000e+02
1.500000000000000000e+04 8.330000000000000000e+02
1.525000000000000000e+04 7.980000000000000000e+02
1.550000000000000000e+04 6.690000000000000000e+02
1.575000000000000000e+04 6.580000000000000000e+02
1.600000000000000000e+04 6.570000000000000000e+02
1.625000000000000000e+04 6.010000000000000000e+02
1.650000000000000000e+04 5.280000000000000000e+02
1.675000000000000000e+04 5.640000000000000000e+02
1.700000000000000000e+04 5.450000000000000000e+02
1.725000000000000000e+04 5.460000000000000000e+02
1.750000000000000000e+04 5.530000000000000000e+02
1.775000000000000000e+04 5.770000000000000000e+02
1.800000000000000000e+04 5.760000000000000000e+02
1.825000000000000000e+04 5.640000000000000000e+02
1.850000000000000000e+04 5.710000000000000000e+02
1.875000000000000000e+04 6.100000000000000000e+02
1.900000000000000000e+04 6.100000000000000000e+02
1.925000000000000000e+04 6.730000000000000000e+02
1.950000000000000000e+04 6.630000000000000000e+02
1.975000000000000000e+04 7.260000000000000000e+02
2.000000000000000000e+04 7.410000000000000000e+02
2.025000000000000000e+04 8.470000000000000000e+02
2.050000000000000000e+04 8.140000000000000000e+02
2.075000000000000000e+04 9.290000000000000000e+02
2.100000000000000000e+04 9.900000000000000000e+02
2.125000000000000000e+04 1.034000000000000000e+03
2.150000000000000000e+04 1.127000000000000000e+03
2.175000000000000000e+04 1.196000000000000000e+03
2.200000000000000000e+04 1.204000000000000000e+03
2.225000000000000000e+04 1.303000000000000000e+03
2.250000000000000000e+04 1.375000000000000000e+03
2.275000000000000000e+04 1.454000000000000000e+03
2.300000000000000000e+04 1.581000000000000000e+03
2.325000000000000000e+04 1.494000000000000000e+03
2.350000000000000000e+04 1.650000000000000000e+03
2.375000000000000000e+04 1.711000000000000000e+03
2.400000000000000000e+04 1.754000000000000000e+03
2.425000000000000000e+04 1.812000000000000000e+03
2.450000000000000000e+04 1.861000000000000000e+03
2.475000000000000000e+04 1.955000000000000000e+03
2.500000000000000000e+04 1.936000000000000000e+03
2.525000000000000000e+04 2.024000000000000000e+03
2.550000000000000000e+04 2.013000000000000000e+03
2.575000000000000000e+04 2.000000000000000000e+03
2.600000000000000000e+04 2.060000000000000000e+03
2.625000000000000000e+04 2.091000000000000000e+03
2.650000000000000000e+04 2.123000000000000000e+03
2.675000000000000000e+04 2.255000000000000000e+03
2.700000000000000000e+04 2.172000000000000000e+03
2.725000000000000000e+04 2.200000000000000000e+03
2.750000000000000000e+04 2.235000000000000000e+03
2.775000000000000000e+04 2.321000000000000000e+03
2.800000000000000000e+04 2.293000000000000000e+03
2.825000000000000000e+04 2.332000000000000000e+03
2.850000000000000000e+04 2.284000000000000000e+03
2.875000000000000000e+04 2.282000000000000000e+03
2.900000000000000000e+04 2.375000000000000000e+03
2.925000000000000000e+04 2.409000000000000000e+03
2.950000000000000000e+04 2.319000000000000000e+03
2.975000000000000000e+04 2.250000000000000000e+03
3.000000000000000000e+04 2.280000000000000000e+03
3.025000000000000000e+04 2.428000000000000000e+03
3.050000000000000000e+04 2.296000000000000000e+03
3.075000000000000000e+04 2.352000000000000000e+03
3.100000000000000000e+04 2.255000000000000000e+03
3.125000000000000000e+04 2.391000000000000000e+03
3.150000000000000000e+04 2.343000000000000000e+03
3.175000000000000000e+04 2.327000000000000000e+03
3.200000000000000000e+04 2.263000000000000000e+03
3.225000000000000000e+04 2.221000000000000000e+03
3.250000000000000000e+04 2.123000000000000000e+03
3.275000000000000000e+04 2.196000000000000000e+03
3.300000000000000000e+04 2.213000000000000000e+03
3.325000000000000000e+04 2.142000000000000000e+03
3.350000000000000000e+04 2.106000000000000000e+03
3.375000000000000000e+04 2.071000000000000000e+03
3.400000000000000000e+04 1.978000000000000000e+03
3.425000000000000000e+04 1.962000000000000000e+03
3.450000000000000000e+04 1.988000000000000000e+03
3.475000000000000000e+04 1.971000000000000000e+03
3.500000000000000000e+04 1.895000000000000000e+03
3.525000000000000000e+04 1.875000000000000000e+03
3.550000000000000000e+04 1.898000000000000000e+03
3.575000000000000000e+04 1.881000000000000000e+03
3.600000000000000000e+04 1.720000000000000000e+03
3.625000000000000000e+04 1.759000000000000000e+03
3.650000000000000000e+04 1.604000000000000000e+03
3.675000000000000000e+04 1.590000000000000000e+03
3.700000000000000000e+04 1.453000000000000000e+03
3.725000000000000000e+04 1.448000000000000000e+03
3.750000000000000000e+04 1.418000000000000000e+03
3.775000000000000000e+04 1.380000000000000000e+03
3.800000000000000000e+04 1.247000000000000000e+03
3.825000000000000000e+04 1.206000000000000000e+03
3.850000000000000000e+04 1.102000000000000000e+03
3.875000000000000000e+04 1.045000000000000000e+03
3.900000000000000000e+04 1.010000000000000000e+03
3.925000000000000000e+04 9.900000000000000000e+02
3.950000000000000000e+04 8.510000000000000000e+02
3.975000000000000000e+04 8.780000000000000000e+02
4.000000000000000000e+04 8.180000000000000000e+02
4.025000000000000000e+04 7.280000000000000000e+02
4.050000000000000000e+04 6.870000000000000000e+02
4.075000000000000000e+04 6.430000000000000000e+02
4.100000000000000000e+04 6.370000000000000000e+02
4.125000000000000000e+04 6.020000000000000000e+02
4.150000000000000000e+04 5.820000000000000000e+02
4.175000000000000000e+04 5.870000000000000000e+02
4.200000000000000000e+04 5.930000000000000000e+02
4.225000000000000000e+04 5.250000000000000000e+02
4.250000000000000000e+04 5.430000000000000000e+02
4.275000000000000000e+04 5.610000000000000000e+02
4.300000000000000000e+04 5.420000000000000000e+02
4.325000000000000000e+04 5.410000000000000000e+02
4.350000000000000000e+04 6.000000000000000000e+02
4.375000000000000000e+04 5.870000000000000000e+02
4.400000000000000000e+04 6.540000000000000000e+02
4.425000000000000000e+04 6.820000000000000000e+02
4.450000000000000000e+04 6.750000000000000000e+02
4.475000000000000000e+04 7.140000000000000000e+02
4.500000000000000000e+04 8.110000000000000000e+02
4.525000000000000000e+04 7.620000000000000000e+02
4.550000000000000000e+04 8.720000000000000000e+02
4.575000000000000000e+04 9.020000000000000000e+02
4.600000000000000000e+04 9.560000000000000000e+02
4.625000000000000000e+04 1.053000000000000000e+03
4.650000000000000000e+04 1.097000000000000000e+03
4.675000000000000000e+04 1.229000000000000000e+03
4.700000000000000000e+04 1.297000000000000000e+03
4.725000000000000000e+04 1.332000000000000000e+03
4.750000000000000000e+04 1.371000000000000000e+03
4.775000000000000000e+04 1.541000000000000000e+03
4.800000000000000000e+04 1.485000000000000000e+03
4.825000000000000000e+04 1.603000000000000000e+03
4.850000000000000000e+04 1.684000000000000000e+03
4.875000000000000000e+04 1.704000000000000000e+03
4.900000000000000000e+04 1.751000000000000000e+03
4.925000000000000000e+04 1.774000000000000000e+03
4.950000000000000000e+04 1.916000000000000000e+03
4.975000000000000000e+04 1.908000000000000000e+03
