0.000000000000000000e+00 2.503000000000000000e+03
2.500000000000000000e+03 2.606000000000000000e+03
5.000000000000000000e+03 2.612000000000000000e+03
7.500000000000000000e+03 2.725000000000000000e+03
1.000000000000000000e+04 2.933000000000000000e+03
1.250000000000000000e+04 2.824000000000000000e+03
1.500000000000000000e+04 2.872000000000000000e+03
1.750000000000000000e+04 2.891000000000000000e+03
2.000000000000000000e+04 2.885000000000000000e+03
2.250000000000000000e+04 2.976000000000000000e+03
2.500000000000000000e+04 3.003000000000000000e+03
2.750000000000000000e+04 2.979000000000000000e+03
3.000000000000000000e+04 3.059000000000000000e+03
3.250000000000000000e+04 3.009000000000000000e+03
3.500000000000000000e+04 2.994000000000000000e+03
3.750000000000000000e+04 3.053000000000000000e+03
4.000000000000000000e+04 3.094000000000000000e+03
4.250000000000000000e+04 3.057000000000000000e+03
4.500000000000000000e+04 3.130000000000000000e+03
4.750000000000000000e+04 3.125000000000000000e+03
5.000000000000000000e+04 3.125000000000000000e+03
5.250000000000000000e+04 2.964000000000000000e+03
5.500000000000000000e+04 3.162000000000000000e+03
5.750000000000000000e+04 3.068000000000000000e+03
6.000000000000000000e+04 3.056000000000000000e+03
6.250000000000000000e+04 3.065000000000000000e+03
6.500000000000000000e+04 2.837000000000000000e+03
6.750000000000000000e+04 3.026000000000000000e+03
7.000000000000000000e+04 3.061000000000000000e+03
7.250000000000000000e+04 2.884000000000000000e+03
7.500000000000000000e+04 2.932000000000000000e+03
7.750000000000000000e+04 2.929000000000000000e+03
8.000000000000000000e+04 2.885000000000000000e+03
8.250000000000000000e+04 2.855000000000000000e+03
8.500000000000000000e+04 2.768000000000000000e+03
8.750000000000000000e+04 2.724000000000000000e+03
9.000000000000000000e+04 2.636000000000000000e+03
9.250000000000000000e+04 2.651000000000000000e+03
9.500000000000000000e+04 2.652000000000000000e+03
9.750000000000000000e+04 2.591000000000000000e+03
1.000000000000000000e+05 2.531000000000000000e+03
1.025000000000000000e+05 2.392000000000000000e+03
1.050000000000000000e+05 2.378000000000000000e+03
1.075000000000000000e+05 2.344000000000000000e+03
1.100000000000000000e+05 2.175000000000000000e+03
1.125000000000000000e+05 2.084000000000000000e+03
1.150000000000000000e+05 2.096000000000000000e+03
1.175000000000000000e+05 1.936000000000000000e+03
1.200000000000000000e+05 1.811000000000000000e+03
1.225000000000000000e+05 1.844000000000000000e+03
1.250000000000000000e+05 1.809000000000000000e+03
1.275000000000000000e+05 1.605000000000000000e+03
1.300000000000000000e+05 1.528000000000000000e+03
1.325000000000000000e+05 1.458000000000000000e+03
1.350000000000000000e+05 1.334000000000000000e+03
1.375000000000000000e+05 1.340000000000000000e+03
1.400000000000000000e+05 1.196000000000000000e+03
1.425000000000000000e+05 1.107000000000000000e+03
1.450000000000000000e+05 9.950000000000000000e+02
1.475000000000000000e+05 9.910000000000000000e+02
1.500000000000000000e+05 9.070000000000000000e+02
1.525000000000000000e+05 8.440000000000000000e+02
1.550000000000000000e+05 8.370000000000000000e+02
1.575000000000000000e+05 7.870000000000000000e+02
1.600000000000000000e+05 7.060000000000000000e+02
1.625000000000000000e+05 6.860000000000000000e+02
1.650000000000000000e+05 6.720000000000000000e+02
1.675000000000000000e+05 7.250000000000000000e+02
1.700000000000000000e+05 5.970000000000000000e+02
1.725000000000000000e+05 6.430000000000000000e+02
1.750000000000000000e+05 6.810000000000000000e+02
1.775000000000000000e+05 6.130000000000000000e+02
1.800000000000000000e+05 6.740000000000000000e+02
1.825000000000000000e+05 7.010000000000000000e+02
1.850000000000000000e+05 6.440000000000000000e+02
1.875000000000000000e+05 6.750000000000000000e+02
1.900000000000000000e+05 8.020000000000000000e+02
1.925000000000000000e+05 8.380000000000000000e+02
1.950000000000000000e+05 8.710000000000000000e+02
1.975000000000000000e+05 9.880000000000000000e+02
2.000000000000000000e+05 9.740000000000000000e+02
2.025000000000000000e+05 1.048000000000000000e+03
2.050000000000000000e+05 1.162000000000000000e+03
2.075000000000000000e+05 1.206000000000000000e+03
2.100000000000000000e+05 1.258000000000000000e+03
2.125000000000000000e+05 1.428000000000000000e+03
2.150000000000000000e+05 1.546000000000000000e+03
2.175000000000000000e+05 1.609000000000000000e+03
2.200000000000000000e+05 1.651000000000000000e+03
2.225000000000000000e+05 1.801000000000000000e+03
2.250000000000000000e+05 1.757000000000000000e+03
2.275000000000000000e+05 1.887000000000000000e+03
2.300000000000000000e+05 2.020000000000000000e+03
2.325000000000000000e+05 2.110000000000000000e+03
2.350000000000000000e+05 2.166000000000000000e+03
2.375000000000000000e+05 2.212000000000000000e+03
2.400000000000000000e+05 2.335000000000000000e+03
2.425000000000000000e+05 2.448000000000000000e+03
2.450000000000000000e+05 2.503000000000000000e+03
2.475000000000000000e+05 2.558000000000000000e+03
2.500000000000000000e+05 2.661000000000000000e+03
2.525000000000000000e+05 2.653000000000000000e+03
2.550000000000000000e+05 2.793000000000000000e+03
2.575000000000000000e+05 2.744000000000000000e+03
2.600000000000000000e+05 2.688000000000000000e+03
2.625000000000000000e+05 2.794000000000000000e+03
2.650000000000000000e+05 2.936000000000000000e+03
2.675000000000000000e+05 2.871000000000000000e+03
2.700000000000000000e+05 2.936000000000000000e+03
2.725000000000000000e+05 2.941000000000000000e+03
2.750000000000000000e+05 3.007000000000000000e+03
2.775000000000000000e+05 3.061000000000000000e+03
2.800000000000000000e+05 2.943000000000000000e+03
2.825000000000000000e+05 2.985000000000000000e+03
2.850000000000000000e+05 3.032000000000000000e+03
2.875000000000000000e+05 2.814000000000000000e+03
2.900000000000000000e+05 3.005000000000000000e+03
2.925000000000000000e+05 3.219000000000000000e+03
2.950000000000000000e+05 3.003000000000000000e+03
2.975000000000000000e+05 3.168000000000000000e+03
3.000000000000000000e+05 3.084000000000000000e+03
3.025000000000000000e+05 3.072000000000000000e+03
3.050000000000000000e+05 3.117000000000000000e+03
3.075000000000000000e+05 3.066000000000000000e+03
3.100000000000000000e+05 3.047000000000000000e+03
3.125000000000000000e+05 3.056000000000000000e+03
3.150000000000000000e+05 2.966000000000000000e+03
3.175000000000000000e+05 2.921000000000000000e+03
3.200000000000000000e+05 3.038000000000000000e+03
3.225000000000000000e+05 3.034000000000000000e+03
3.250000000000000000e+05 2.992000000000000000e+03
3.275000000000000000e+05 2.819000000000000000e+03
3.300000000000000000e+05 2.800000000000000000e+03
3.325000000000000000e+05 2.861000000000000000e+03
3.350000000000000000e+05 2.763000000000000000e+03
3.375000000000000000e+05 2.655000000000000000e+03
3.400000000000000000e+05 2.663000000000000000e+03
3.425000000000000000e+05 2.611000000000000000e+03
3.450000000000000000e+05 2.522000000000000000e+03
3.475000000000000000e+05 2.544000000000000000e+03
3.500000000000000000e+05 2.485000000000000000e+03
3.525000000000000000e+05 2.430000000000000000e+03
3.550000000000000000e+05 2.315000000000000000e+03
3.575000000000000000e+05 2.155000000000000000e+03
3.600000000000000000e+05 2.212000000000000000e+03
3.625000000000000000e+05 2.154000000000000000e+03
3.650000000000000000e+05 2.078000000000000000e+03
3.675000000000000000e+05 1.925000000000000000e+03
3.700000000000000000e+05 1.855000000000000000e+03
3.725000000000000000e+05 1.838000000000000000e+03
3.750000000000000000e+05 1.698000000000000000e+03
3.775000000000000000e+05 1.605000000000000000e+03
3.800000000000000000e+05 1.607000000000000000e+03
3.825000000000000000e+05 1.456000000000000000e+03
3.850000000000000000e+05 1.359000000000000000e+03
3.875000000000000000e+05 1.226000000000000000e+03
3.900000000000000000e+05 1.261000000000000000e+03
3.925000000000000000e+05 1.175000000000000000e+03
3.950000000000000000e+05 1.034000000000000000e+03
3.975000000000000000e+05 9.540000000000000000e+02
4.000000000000000000e+05 9.620000000000000000e+02
4.025000000000000000e+05 8.260000000000000000e+02
4.050000000000000000e+05 8.400000000000000000e+02
4.075000000000000000e+05 7.690000000000000000e+02
4.100000000000000000e+05 7.040000000000000000e+02
4.125000000000000000e+05 6.490000000000000000e+02
4.150000000000000000e+05 6.690000000000000000e+02
4.175000000000000000e+05 7.030000000000000000e+02
4.200000000000000000e+05 6.420000000000000000e+02
4.225000000000000000e+05 6.490000000000000000e+02
4.250000000000000000e+05 6.110000000000000000e+02
4.275000000000000000e+05 7.010000000000000000e+02
4.300000000000000000e+05 6.400000000000000000e+02
4.325000000000000000e+05 6.200000000000000000e+02
4.350000000000000000e+05 7.280000000000000000e+02
4.375000000000000000e+05 7.790000000000000000e+02
4.400000000000000000e+05 8.120000000000000000e+02
4.425000000000000000e+05 8.620000000000000000e+02
4.450000000000000000e+05 8.330000000000000000e+02
4.475000000000000000e+05 9.430000000000000000e+02
4.500000000000000000e+05 1.007000000000000000e+03
4.525000000000000000e+05 1.083000000000000000e+03
4.550000000000000000e+05 1.175000000000000000e+03
4.575000000000000000e+05 1.278000000000000000e+03
4.600000000000000000e+05 1.280000000000000000e+03
4.625000000000000000e+05 1.353000000000000000e+03
4.650000000000000000e+05 1.465000000000000000e+03
4.675000000000000000e+05 1.540000000000000000e+03
4.700000000000000000e+05 1.666000000000000000e+03
4.725000000000000000e+05 1.786000000000000000e+03
4.750000000000000000e+05 1.883000000000000000e+03
4.775000000000000000e+05 1.887000000000000000e+03
4.800000000000000000e+05 2.026000000000000000e+03
4.825000000000000000e+05 2.083000000000000000e+03
4.850000000000000000e+05 2.123000000000000000e+03
4.875000000000000000e+05 2.270000000000000000e+03
4.900000000000000000e+05 2.344000000000000000e+03
4.925000000000000000e+05 2.431000000000000000e+03
4.950000000000000000e+05 2.486000000000000000e+03
4.975000000000000000e+05 2.482000000000000000e+03
