0.000000000000000000e+00 1.759000000000000000e+03
5.000000000000000000e+03 1.745000000000000000e+03
1.000000000000000000e+04 1.867000000000000000e+03
1.500000000000000000e+04 1.870000000000000000e+03
2.000000000000000000e+04 1.935000000000000000e+03
2.500000000000000000e+04 1.890000000000000000e+03
3.000000000000000000e+04 2.011000000000000000e+03
3.500000000000000000e+04 2.031000000000000000e+03
4.000000000000000000e+04 1.995000000000000000e+03
4.500000000000000000e+04 2.119000000000000000e+03
5.000000000000000000e+04 2.076000000000000000e+03
5.500000000000000000e+04 2.106000000000000000e+03
6.000000000000000000e+04 2.146000000000000000e+03
6.500000000000000000e+04 2.090000000000000000e+03
7.000000000000000000e+04 2.055000000000000000e+03
7.500000000000000000e+04 2.231000000000000000e+03
8.000000000000000000e+04 2.088000000000000000e+03
8.500000000000000000e+04 2.155000000000000000e+03
9.000000000000000000e+04 2.176000000000000000e+03
9.500000000000000000e+04 2.195000000000000000e+03
1.000000000000000000e+05 2.063000000000000000e+03
1.050000000000000000e+05 2.235000000000000000e+03
1.100000000000000000e+05 2.124000000000000000e+03
1.150000000000000000e+05 2.078000000000000000e+03
1.200000000000000000e+05 2.110000000000000000e+03
1.250000000000000000e+05 2.154000000000000000e+03
1.300000000000000000e+05 2.077000000000000000e+03
1.350000000000000000e+05 2.074000000000000000e+03
1.400000000000000000e+05 2.066000000000000000e+03
1.450000000000000000e+05 1.993000000000000000e+03
1.500000000000000000e+05 1.993000000000000000e+03
1.550000000000000000e+05 2.058000000000000000e+03
1.600000000000000000e+05 1.945000000000000000e+03
1.650000000000000000e+05 2.009000000000000000e+03
1.700000000000000000e+05 1.985000000000000000e+03
1.750000000000000000e+05 1.874000000000000000e+03
1.800000000000000000e+05 1.866000000000000000e+03
1.850000000000000000e+05 1.744000000000000000e+03
1.900000000000000000e+05 1.822000000000000000e+03
1.950000000000000000e+05 1.690000000000000000e+03
2.000000000000000000e+05 1.780000000000000000e+03
2.050000000000000000e+05 1.606000000000000000e+03
2.100000000000000000e+05 1.579000000000000000e+03
2.150000000000000000e+05 1.544000000000000000e+03
2.200000000000000000e+05 1.482000000000000000e+03
2.250000000000000000e+05 1.373000000000000000e+03
2.300000000000000000e+05 1.306000000000000000e+03
2.350000000000000000e+05 1.251000000000000000e+03
2.400000000000000000e+05 1.114000000000000000e+03
2.450000000000000000e+05 1.116000000000000000e+03
2.500000000000000000e+05 1.025000000000000000e+03
2.550000000000000000e+05 1.005000000000000000e+03
2.600000000000000000e+05 9.080000000000000000e+02
2.650000000000000000e+05 8.860000000000000000e+02
2.700000000000000000e+05 8.120000000000000000e+02
2.750000000000000000e+05 7.560000000000000000e+02
2.800000000000000000e+05 6.960000000000000000e+02
2.850000000000000000e+05 5.810000000000000000e+02
2.900000000000000000e+05 6.400000000000000000e+02
2.950000000000000000e+05 5.610000000000000000e+02
3.000000000000000000e+05 5.710000000000000000e+02
3.050000000000000000e+05 4.630000000000000000e+02
3.100000000000000000e+05 4.550000000000000000e+02
3.150000000000000000e+05 4.230000000000000000e+02
3.200000000000000000e+05 3.770000000000000000e+02
3.250000000000000000e+05 3.860000000000000000e+02
3.300000000000000000e+05 3.500000000000000000e+02
3.350000000000000000e+05 3.470000000000000000e+02
3.400000000000000000e+05 2.980000000000000000e+02
3.450000000000000000e+05 2.860000000000000000e+02
3.500000000000000000e+05 3.470000000000000000e+02
3.550000000000000000e+05 3.570000000000000000e+02
3.600000000000000000e+05 3.290000000000000000e+02
3.650000000000000000e+05 3.550000000000000000e+02
3.700000000000000000e+05 3.790000000000000000e+02
3.750000000000000000e+05 3.870000000000000000e+02
3.800000000000000000e+05 4.120000000000000000e+02
3.850000000000000000e+05 4.540000000000000000e+02
3.900000000000000000e+05 4.690000000000000000e+02
3.950000000000000000e+05 6.010000000000000000e+02
4.000000000000000000e+05 5.740000000000000000e+02
4.050000000000000000e+05 5.950000000000000000e+02
4.100000000000000000e+05 6.320000000000000000e+02
4.150000000000000000e+05 6.780000000000000000e+02
4.200000000000000000e+05 7.710000000000000000e+02
4.250000000000000000e+05 7.970000000000000000e+02
4.300000000000000000e+05 8.950000000000000000e+02
4.350000000000000000e+05 9.740000000000000000e+02
4.400000000000000000e+05 1.039000000000000000e+03
4.450000000000000000e+05 1.099000000000000000e+03
4.500000000000000000e+05 1.123000000000000000e+03
4.550000000000000000e+05 1.197000000000000000e+03
4.600000000000000000e+05 1.271000000000000000e+03
4.650000000000000000e+05 1.348000000000000000e+03
4.700000000000000000e+05 1.439000000000000000e+03
4.750000000000000000e+05 1.475000000000000000e+03
4.800000000000000000e+05 1.496000000000000000e+03
4.850000000000000000e+05 1.581000000000000000e+03
4.900000000000000000e+05 1.587000000000000000e+03
4.950000000000000000e+05 1.678000000000000000e+03
5.000000000000000000e+05 1.783000000000000000e+03
5.050000000000000000e+05 1.803000000000000000e+03
5.100000000000000000e+05 1.873000000000000000e+03
5.150000000000000000e+05 1.895000000000000000e+03
5.200000000000000000e+05 1.833000000000000000e+03
5.250000000000000000e+05 1.951000000000000000e+03
5.300000000000000000e+05 1.973000000000000000e+03
5.350000000000000000e+05 2.001000000000000000e+03
5.400000000000000000e+05 2.029000000000000000e+03
5.450000000000000000e+05 2.087000000000000000e+03
5.500000000000000000e+05 2.011000000000000000e+03
5.550000000000000000e+05 2.129000000000000000e+03
5.600000000000000000e+05 2.080000000000000000e+03
5.650000000000000000e+05 2.200000000000000000e+03
5.700000000000000000e+05 2.112000000000000000e+03
5.750000000000000000e+05 2.257000000000000000e+03
5.800000000000000000e+05 2.130000000000000000e+03
5.850000000000000000e+05 2.108000000000000000e+03
5.900000000000000000e+05 2.182000000000000000e+03
5.950000000000000000e+05 2.230000000000000000e+03
6.000000000000000000e+05 2.145000000000000000e+03
6.050000000000000000e+05 2.189000000000000000e+03
6.100000000000000000e+05 2.214000000000000000e+03
6.150000000000000000e+05 2.218000000000000000e+03
6.200000000000000000e+05 2.119000000000000000e+03
6.250000000000000000e+05 2.175000000000000000e+03
6.300000000000000000e+05 2.125000000000000000e+03
6.350000000000000000e+05 2.173000000000000000e+03
6.400000000000000000e+05 2.096000000000000000e+03
6.450000000000000000e+05 2.032000000000000000e+03
6.500000000000000000e+05 2.006000000000000000e+03
6.550000000000000000e+05 1.934000000000000000e+03
6.600000000000000000e+05 1.898000000000000000e+03
6.650000000000000000e+05 1.964000000000000000e+03
6.700000000000000000e+05 2.021000000000000000e+03
6.750000000000000000e+05 1.859000000000000000e+03
6.800000000000000000e+05 1.856000000000000000e+03
6.850000000000000000e+05 1.807000000000000000e+03
6.900000000000000000e+05 1.767000000000000000e+03
6.950000000000000000e+05 1.734000000000000000e+03
7.000000000000000000e+05 1.749000000000000000e+03
7.050000000000000000e+05 1.668000000000000000e+03
7.100000000000000000e+05 1.580000000000000000e+03
7.150000000000000000e+05 1.515000000000000000e+03
7.200000000000000000e+05 1.467000000000000000e+03
7.250000000000000000e+05 1.420000000000000000e+03
7.300000000000000000e+05 1.413000000000000000e+03
7.350000000000000000e+05 1.290000000000000000e+03
7.400000000000000000e+05 1.249000000000000000e+03
7.450000000000000000e+05 1.126000000000000000e+03
7.500000000000000000e+05 1.052000000000000000e+03
7.550000000000000000e+05 1.042000000000000000e+03
7.600000000000000000e+05 9.060000000000000000e+02
7.650000000000000000e+05 8.500000000000000000e+02
7.700000000000000000e+05 8.910000000000000000e+02
7.750000000000000000e+05 7.660000000000000000e+02
7.800000000000000000e+05 6.610000000000000000e+02
7.850000000000000000e+05 6.320000000000000000e+02
7.900000000000000000e+05 5.790000000000000000e+02
7.950000000000000000e+05 5.530000000000000000e+02
8.000000000000000000e+05 5.210000000000000000e+02
8.050000000000000000e+05 4.230000000000000000e+02
8.100000000000000000e+05 4.050000000000000000e+02
8.150000000000000000e+05 3.990000000000000000e+02
8.200000000000000000e+05 3.880000000000000000e+02
8.250000000000000000e+05 3.700000000000000000e+02
8.300000000000000000e+05 3.410000000000000000e+02
8.350000000000000000e+05 3.340000000000000000e+02
8.400000000000000000e+05 3.400000000000000000e+02
8.450000000000000000e+05 3.160000000000000000e+02
8.500000000000000000e+05 3.190000000000000000e+02
8.550000000000000000e+05 3.660000000000000000e+02
8.600000000000000000e+05 3.620000000000000000e+02
8.650000000000000000e+05 3.580000000000000000e+02
8.700000000000000000e+05 4.070000000000000000e+02
8.750000000000000000e+05 3.890000000000000000e+02
8.800000000000000000e+05 4.500000000000000000e+02
8.850000000000000000e+05 4.570000000000000000e+02
8.900000000000000000e+05 5.040000000000000000e+02
8.950000000000000000e+05 4.850000000000000000e+02
9.000000000000000000e+05 5.940000000000000000e+02
9.050000000000000000e+05 6.010000000000000000e+02
9.100000000000000000e+05 6.350000000000000000e+02
9.150000000000000000e+05 7.270000000000000000e+02
9.200000000000000000e+05 7.620000000000000000e+02
9.250000000000000000e+05 8.330000000000000000e+02
9.300000000000000000e+05 8.580000000000000000e+02
9.350000000000000000e+05 9.180000000000000000e+02
9.400000000000000000e+05 1.051000000000000000e+03
9.450000000000000000e+05 1.063000000000000000e+03
9.500000000000000000e+05 1.167000000000000000e+03
9.550000000000000000e+05 1.236000000000000000e+03
9.600000000000000000e+05 1.248000000000000000e+03
9.650000000000000000e+05 1.303000000000000000e+03
9.700000000000000000e+05 1.341000000000000000e+03
9.750000000000000000e+05 1.412000000000000000e+03
9.800000000000000000e+05 1.473000000000000000e+03
9.850000000000000000e+05 1.531000000000000000e+03
9.900000000000000000e+05 1.646000000000000000e+03
9.950000000000000000e+05 1.677000000000000000e+03
