0.000000000000000000e+00 4.537300000000000000e+04
2.000000000000000000e+01 4.680200000000000000e+04
4.000000000000000000e+01 4.882100000000000000e+04
6.000000000000000000e+01 4.991900000000000000e+04
8.000000000000000000e+01 5.124000000000000000e+04
1.000000000000000000e+02 5.182700000000000000e+04
1.200000000000000000e+02 5.314900000000000000e+04
1.400000000000000000e+02 5.405900000000000000e+04
1.600000000000000000e+02 5.530100000000000000e+04
1.800000000000000000e+02 5.524900000000000000e+04
2.000000000000000000e+02 5.658400000000000000e+04
2.200000000000000000e+02 5.652200000000000000e+04
2.400000000000000000e+02 5.678700000000000000e+04
2.600000000000000000e+02 5.776900000000000000e+04
2.800000000000000000e+02 5.842600000000000000e+04
3.000000000000000000e+02 5.897700000000000000e+04
3.200000000000000000e+02 5.905600000000000000e+04
3.400000000000000000e+02 5.950000000000000000e+04
3.600000000000000000e+02 5.963500000000000000e+04
3.800000000000000000e+02 6.049400000000000000e+04
4.000000000000000000e+02 6.045100000000000000e+04
4.200000000000000000e+02 6.055400000000000000e+04
4.400000000000000000e+02 6.017700000000000000e+04
4.600000000000000000e+02 5.987800000000000000e+04
4.800000000000000000e+02 6.004900000000000000e+04
5.000000000000000000e+02 6.025800000000000000e+04
5.200000000000000000e+02 5.963800000000000000e+04
5.400000000000000000e+02 5.986800000000000000e+04
5.600000000000000000e+02 5.976400000000000000e+04
5.800000000000000000e+02 5.930000000000000000e+04
6.000000000000000000e+02 5.953200000000000000e+04
6.200000000000000000e+02 5.891200000000000000e+04
6.400000000000000000e+02 5.853400000000000000e+04
6.600000000000000000e+02 5.812100000000000000e+04
6.800000000000000000e+02 5.764900000000000000e+04
7.000000000000000000e+02 5.702900000000000000e+04
7.200000000000000000e+02 5.674600000000000000e+04
7.400000000000000000e+02 5.568400000000000000e+04
7.600000000000000000e+02 5.482400000000000000e+04
7.800000000000000000e+02 5.448400000000000000e+04
8.000000000000000000e+02 5.322400000000000000e+04
8.200000000000000000e+02 5.223000000000000000e+04
8.400000000000000000e+02 5.133600000000000000e+04
8.600000000000000000e+02 5.036100000000000000e+04
8.800000000000000000e+02 4.943200000000000000e+04
9.000000000000000000e+02 4.815000000000000000e+04
9.200000000000000000e+02 4.697000000000000000e+04
9.400000000000000000e+02 4.583800000000000000e+04
9.600000000000000000e+02 4.440900000000000000e+04
9.800000000000000000e+02 4.311600000000000000e+04
1.000000000000000000e+03 4.198400000000000000e+04
1.020000000000000000e+03 4.067500000000000000e+04
1.040000000000000000e+03 3.960500000000000000e+04
1.060000000000000000e+03 3.805400000000000000e+04
1.080000000000000000e+03 3.642300000000000000e+04
1.100000000000000000e+03 3.533300000000000000e+04
1.120000000000000000e+03 3.376800000000000000e+04
1.140000000000000000e+03 3.278500000000000000e+04
1.160000000000000000e+03 3.094200000000000000e+04
1.180000000000000000e+03 3.001500000000000000e+04
1.200000000000000000e+03 2.889700000000000000e+04
1.220000000000000000e+03 2.729900000000000000e+04
1.240000000000000000e+03 2.656500000000000000e+04
1.260000000000000000e+03 2.500000000000000000e+04
1.280000000000000000e+03 2.402800000000000000e+04
1.300000000000000000e+03 2.326300000000000000e+04
1.320000000000000000e+03 2.209400000000000000e+04
1.340000000000000000e+03 2.137100000000000000e+04
1.360000000000000000e+03 2.066600000000000000e+04
1.380000000000000000e+03 1.996900000000000000e+04
1.400000000000000000e+03 1.943100000000000000e+04
1.420000000000000000e+03 1.884700000000000000e+04
1.440000000000000000e+03 1.862300000000000000e+04
1.460000000000000000e+03 1.806900000000000000e+04
1.480000000000000000e+03 1.779000000000000000e+04
1.500000000000000000e+03 1.779000000000000000e+04
1.520000000000000000e+03 1.761400000000000000e+04
1.540000000000000000e+03 1.759400000000000000e+04
1.560000000000000000e+03 1.791700000000000000e+04
1.580000000000000000e+03 1.816900000000000000e+04
1.600000000000000000e+03 1.860800000000000000e+04
1.620000000000000000e+03 1.943700000000000000e+04
1.640000000000000000e+03 2.010100000000000000e+04
1.660000000000000000e+03 2.083700000000000000e+04
1.680000000000000000e+03 2.163300000000000000e+04
1.700000000000000000e+03 2.264700000000000000e+04
1.720000000000000000e+03 2.415900000000000000e+04
1.740000000000000000e+03 2.556900000000000000e+04
1.760000000000000000e+03 2.684400000000000000e+04
1.780000000000000000e+03 2.827800000000000000e+04
1.800000000000000000e+03 3.004700000000000000e+04
1.820000000000000000e+03 3.201700000000000000e+04
1.840000000000000000e+03 3.326700000000000000e+04
1.860000000000000000e+03 3.478300000000000000e+04
1.880000000000000000e+03 3.682700000000000000e+04
1.900000000000000000e+03 3.821000000000000000e+04
1.920000000000000000e+03 4.037100000000000000e+04
1.940000000000000000e+03 4.174100000000000000e+04
1.960000000000000000e+03 4.338300000000000000e+04
1.980000000000000000e+03 4.507400000000000000e+04
2.000000000000000000e+03 4.620100000000000000e+04
2.020000000000000000e+03 4.788600000000000000e+04
2.040000000000000000e+03 4.876500000000000000e+04
2.060000000000000000e+03 5.012200000000000000e+04
2.080000000000000000e+03 5.137300000000000000e+04
2.100000000000000000e+03 5.264800000000000000e+04
2.120000000000000000e+03 5.359200000000000000e+04
2.140000000000000000e+03 5.442100000000000000e+04
2.160000000000000000e+03 5.542800000000000000e+04
2.180000000000000000e+03 5.541300000000000000e+04
2.200000000000000000e+03 5.640100000000000000e+04
2.220000000000000000e+03 5.706800000000000000e+04
2.240000000000000000e+03 5.793200000000000000e+04
2.260000000000000000e+03 5.823800000000000000e+04
2.280000000000000000e+03 5.909900000000000000e+04
2.300000000000000000e+03 5.889200000000000000e+04
2.320000000000000000e+03 6.039300000000000000e+04
2.340000000000000000e+03 6.004100000000000000e+04
2.360000000000000000e+03 6.004900000000000000e+04
2.380000000000000000e+03 6.021100000000000000e+04
2.400000000000000000e+03 6.049900000000000000e+04
2.420000000000000000e+03 6.047500000000000000e+04
2.440000000000000000e+03 6.070300000000000000e+04
2.460000000000000000e+03 6.090600000000000000e+04
2.480000000000000000e+03 6.053900000000000000e+04
2.500000000000000000e+03 6.098500000000000000e+04
2.520000000000000000e+03 6.090300000000000000e+04
2.540000000000000000e+03 6.053500000000000000e+04
2.560000000000000000e+03 6.001200000000000000e+04
2.580000000000000000e+03 5.979700000000000000e+04
2.600000000000000000e+03 5.962900000000000000e+04
2.620000000000000000e+03 5.938400000000000000e+04
2.640000000000000000e+03 5.841000000000000000e+04
2.660000000000000000e+03 5.818700000000000000e+04
2.680000000000000000e+03 5.804100000000000000e+04
2.700000000000000000e+03 5.717700000000000000e+04
2.720000000000000000e+03 5.654800000000000000e+04
2.740000000000000000e+03 5.586200000000000000e+04
2.760000000000000000e+03 5.523500000000000000e+04
2.780000000000000000e+03 5.451300000000000000e+04
2.800000000000000000e+03 5.320000000000000000e+04
2.820000000000000000e+03 5.230200000000000000e+04
2.840000000000000000e+03 5.178900000000000000e+04
2.860000000000000000e+03 5.027300000000000000e+04
2.880000000000000000e+03 4.943600000000000000e+04
2.900000000000000000e+03 4.848900000000000000e+04
2.920000000000000000e+03 4.741600000000000000e+04
2.940000000000000000e+03 4.628300000000000000e+04
2.960000000000000000e+03 4.446300000000000000e+04
2.980000000000000000e+03 4.289800000000000000e+04
3.000000000000000000e+03 4.221100000000000000e+04
3.020000000000000000e+03 4.025300000000000000e+04
3.040000000000000000e+03 3.955800000000000000e+04
3.060000000000000000e+03 3.776500000000000000e+04
3.080000000000000000e+03 3.623000000000000000e+04
3.100000000000000000e+03 3.509000000000000000e+04
3.120000000000000000e+03 3.368200000000000000e+04
3.140000000000000000e+03 3.219700000000000000e+04
3.160000000000000000e+03 3.100100000000000000e+04
3.180000000000000000e+03 2.989900000000000000e+04
3.200000000000000000e+03 2.829300000000000000e+04
3.220000000000000000e+03 2.716300000000000000e+04
3.240000000000000000e+03 2.576400000000000000e+04
3.260000000000000000e+03 2.504400000000000000e+04
3.280000000000000000e+03 2.397700000000000000e+04
3.300000000000000000e+03 2.315200000000000000e+04
3.320000000000000000e+03 2.227900000000000000e+04
3.340000000000000000e+03 2.121300000000000000e+04
3.360000000000000000e+03 2.059200000000000000e+04
3.380000000000000000e+03 1.994300000000000000e+04
3.400000000000000000e+03 1.917200000000000000e+04
3.420000000000000000e+03 1.880100000000000000e+04
3.440000000000000000e+03 1.827600000000000000e+04
3.460000000000000000e+03 1.817300000000000000e+04
3.480000000000000000e+03 1.773300000000000000e+04
3.500000000000000000e+03 1.753500000000000000e+04
3.520000000000000000e+03 1.774800000000000000e+04
3.540000000000000000e+03 1.757900000000000000e+04
3.560000000000000000e+03 1.796800000000000000e+04
3.580000000000000000e+03 1.807600000000000000e+04
3.600000000000000000e+03 1.870800000000000000e+04
3.620000000000000000e+03 1.909000000000000000e+04
3.640000000000000000e+03 1.973400000000000000e+04
3.660000000000000000e+03 2.063500000000000000e+04
3.680000000000000000e+03 2.132400000000000000e+04
3.700000000000000000e+03 2.247400000000000000e+04
3.720000000000000000e+03 2.381900000000000000e+04
3.740000000000000000e+03 2.501800000000000000e+04
3.760000000000000000e+03 2.636000000000000000e+04
3.780000000000000000e+03 2.842400000000000000e+04
3.800000000000000000e+03 2.981300000000000000e+04
3.820000000000000000e+03 3.163100000000000000e+04
3.840000000000000000e+03 3.345500000000000000e+04
3.860000000000000000e+03 3.469100000000000000e+04
3.880000000000000000e+03 3.632100000000000000e+04
3.900000000000000000e+03 3.794500000000000000e+04
3.920000000000000000e+03 3.988900000000000000e+04
3.940000000000000000e+03 4.153900000000000000e+04
3.960000000000000000e+03 4.280400000000000000e+04
3.980000000000000000e+03 4.471200000000000000e+04
