0.000000000000000000e+00 1.305920000000000000e+05
1.000000000000000000e+04 1.408160000000000000e+05
2.000000000000000000e+04 1.451530000000000000e+05
3.000000000000000000e+04 1.480230000000000000e+05
4.000000000000000000e+04 1.506960000000000000e+05
5.000000000000000000e+04 1.537060000000000000e+05
6.000000000000000000e+04 1.553490000000000000e+05
7.000000000000000000e+04 1.583880000000000000e+05
8.000000000000000000e+04 1.600990000000000000e+05
9.000000000000000000e+04 1.620280000000000000e+05
1.000000000000000000e+05 1.627000000000000000e+05
1.100000000000000000e+05 1.647500000000000000e+05
1.200000000000000000e+05 1.654330000000000000e+05
1.300000000000000000e+05 1.662380000000000000e+05
1.400000000000000000e+05 1.656480000000000000e+05
1.500000000000000000e+05 1.675930000000000000e+05
1.600000000000000000e+05 1.680840000000000000e+05
1.700000000000000000e+05 1.685760000000000000e+05
1.800000000000000000e+05 1.682880000000000000e+05
1.900000000000000000e+05 1.686480000000000000e+05
2.000000000000000000e+05 1.681310000000000000e+05
2.100000000000000000e+05 1.686170000000000000e+05
2.200000000000000000e+05 1.675410000000000000e+05
2.300000000000000000e+05 1.678690000000000000e+05
2.400000000000000000e+05 1.669040000000000000e+05
2.500000000000000000e+05 1.662820000000000000e+05
2.600000000000000000e+05 1.656500000000000000e+05
2.700000000000000000e+05 1.637850000000000000e+05
2.800000000000000000e+05 1.639960000000000000e+05
2.900000000000000000e+05 1.628890000000000000e+05
3.000000000000000000e+05 1.611710000000000000e+05
3.100000000000000000e+05 1.587220000000000000e+05
3.200000000000000000e+05 1.581750000000000000e+05
3.300000000000000000e+05 1.558080000000000000e+05
3.400000000000000000e+05 1.542030000000000000e+05
3.500000000000000000e+05 1.520910000000000000e+05
3.600000000000000000e+05 1.493320000000000000e+05
3.700000000000000000e+05 1.459560000000000000e+05
3.800000000000000000e+05 1.437530000000000000e+05
3.900000000000000000e+05 1.405070000000000000e+05
4.000000000000000000e+05 1.373410000000000000e+05
4.100000000000000000e+05 1.347090000000000000e+05
4.200000000000000000e+05 1.304600000000000000e+05
4.300000000000000000e+05 1.258500000000000000e+05
4.400000000000000000e+05 1.223050000000000000e+05
4.500000000000000000e+05 1.176000000000000000e+05
4.600000000000000000e+05 1.133460000000000000e+05
4.700000000000000000e+05 1.088230000000000000e+05
4.800000000000000000e+05 1.048080000000000000e+05
4.900000000000000000e+05 9.883000000000000000e+04
5.000000000000000000e+05 9.437700000000000000e+04
5.100000000000000000e+05 8.992500000000000000e+04
5.200000000000000000e+05 8.539400000000000000e+04
5.300000000000000000e+05 8.048200000000000000e+04
5.400000000000000000e+05 7.621100000000000000e+04
5.500000000000000000e+05 7.080900000000000000e+04
5.600000000000000000e+05 6.577400000000000000e+04
5.700000000000000000e+05 6.136700000000000000e+04
5.800000000000000000e+05 5.850000000000000000e+04
5.900000000000000000e+05 5.459900000000000000e+04
6.000000000000000000e+05 5.101000000000000000e+04
6.100000000000000000e+05 4.821300000000000000e+04
6.200000000000000000e+05 4.474000000000000000e+04
6.300000000000000000e+05 4.220500000000000000e+04
6.400000000000000000e+05 4.030600000000000000e+04
6.500000000000000000e+05 3.858200000000000000e+04
6.600000000000000000e+05 3.709300000000000000e+04
6.700000000000000000e+05 3.607000000000000000e+04
6.800000000000000000e+05 3.569500000000000000e+04
6.900000000000000000e+05 3.496300000000000000e+04
7.000000000000000000e+05 3.524300000000000000e+04
7.100000000000000000e+05 3.584100000000000000e+04
7.200000000000000000e+05 3.697500000000000000e+04
7.300000000000000000e+05 3.782600000000000000e+04
7.400000000000000000e+05 3.951000000000000000e+04
7.500000000000000000e+05 4.096000000000000000e+04
7.600000000000000000e+05 4.336900000000000000e+04
7.700000000000000000e+05 4.579500000000000000e+04
7.800000000000000000e+05 4.941500000000000000e+04
7.900000000000000000e+05 5.255100000000000000e+04
8.000000000000000000e+05 5.668700000000000000e+04
8.100000000000000000e+05 6.006000000000000000e+04
8.200000000000000000e+05 6.371500000000000000e+04
8.300000000000000000e+05 6.901500000000000000e+04
8.400000000000000000e+05 7.347800000000000000e+04
8.500000000000000000e+05 7.817800000000000000e+04
8.600000000000000000e+05 8.235800000000000000e+04
8.700000000000000000e+05 8.736800000000000000e+04
8.800000000000000000e+05 9.210300000000000000e+04
8.900000000000000000e+05 9.726100000000000000e+04
9.000000000000000000e+05 1.025300000000000000e+05
9.100000000000000000e+05 1.074200000000000000e+05
9.200000000000000000e+05 1.115240000000000000e+05
9.300000000000000000e+05 1.163680000000000000e+05
9.400000000000000000e+05 1.203190000000000000e+05
9.500000000000000000e+05 1.249680000000000000e+05
9.600000000000000000e+05 1.290240000000000000e+05
9.700000000000000000e+05 1.323490000000000000e+05
9.800000000000000000e+05 1.360140000000000000e+05
9.900000000000000000e+05 1.387890000000000000e+05
1.000000000000000000e+06 1.417840000000000000e+05
1.010000000000000000e+06 1.452370000000000000e+05
1.020000000000000000e+06 1.484980000000000000e+05
1.030000000000000000e+06 1.508140000000000000e+05
1.040000000000000000e+06 1.530630000000000000e+05
1.050000000000000000e+06 1.553340000000000000e+05
1.060000000000000000e+06 1.572930000000000000e+05
1.070000000000000000e+06 1.587390000000000000e+05
1.080000000000000000e+06 1.607570000000000000e+05
1.090000000000000000e+06 1.618940000000000000e+05
1.100000000000000000e+06 1.635570000000000000e+05
1.110000000000000000e+06 1.650760000000000000e+05
1.120000000000000000e+06 1.654030000000000000e+05
1.130000000000000000e+06 1.663160000000000000e+05
1.140000000000000000e+06 1.665970000000000000e+05
1.150000000000000000e+06 1.677890000000000000e+05
1.160000000000000000e+06 1.684760000000000000e+05
1.170000000000000000e+06 1.690210000000000000e+05
1.180000000000000000e+06 1.683980000000000000e+05
1.190000000000000000e+06 1.683410000000000000e+05
1.200000000000000000e+06 1.685740000000000000e+05
1.210000000000000000e+06 1.685140000000000000e+05
1.220000000000000000e+06 1.678070000000000000e+05
1.230000000000000000e+06 1.678630000000000000e+05
1.240000000000000000e+06 1.671130000000000000e+05
1.250000000000000000e+06 1.665690000000000000e+05
1.260000000000000000e+06 1.660370000000000000e+05
1.270000000000000000e+06 1.647100000000000000e+05
1.280000000000000000e+06 1.636930000000000000e+05
1.290000000000000000e+06 1.623940000000000000e+05
1.300000000000000000e+06 1.622720000000000000e+05
1.310000000000000000e+06 1.591470000000000000e+05
1.320000000000000000e+06 1.577320000000000000e+05
1.330000000000000000e+06 1.558780000000000000e+05
1.340000000000000000e+06 1.540880000000000000e+05
1.350000000000000000e+06 1.509490000000000000e+05
1.360000000000000000e+06 1.491380000000000000e+05
1.370000000000000000e+06 1.467400000000000000e+05
1.380000000000000000e+06 1.437620000000000000e+05
1.390000000000000000e+06 1.408980000000000000e+05
1.400000000000000000e+06 1.367280000000000000e+05
1.410000000000000000e+06 1.338240000000000000e+05
1.420000000000000000e+06 1.301910000000000000e+05
1.430000000000000000e+06 1.251880000000000000e+05
1.440000000000000000e+06 1.226170000000000000e+05
1.450000000000000000e+06 1.172720000000000000e+05
1.460000000000000000e+06 1.133630000000000000e+05
1.470000000000000000e+06 1.084180000000000000e+05
1.480000000000000000e+06 1.039010000000000000e+05
1.490000000000000000e+06 9.941500000000000000e+04
1.500000000000000000e+06 9.444900000000000000e+04
1.510000000000000000e+06 8.967300000000000000e+04
1.520000000000000000e+06 8.496400000000000000e+04
1.530000000000000000e+06 8.044600000000000000e+04
1.540000000000000000e+06 7.561200000000000000e+04
1.550000000000000000e+06 7.083800000000000000e+04
1.560000000000000000e+06 6.600200000000000000e+04
1.570000000000000000e+06 6.199200000000000000e+04
1.580000000000000000e+06 5.838500000000000000e+04
1.590000000000000000e+06 5.387400000000000000e+04
1.600000000000000000e+06 5.125900000000000000e+04
1.610000000000000000e+06 4.757800000000000000e+04
1.620000000000000000e+06 4.519800000000000000e+04
1.630000000000000000e+06 4.230900000000000000e+04
1.640000000000000000e+06 4.035400000000000000e+04
1.650000000000000000e+06 3.874900000000000000e+04
1.660000000000000000e+06 3.729300000000000000e+04
1.670000000000000000e+06 3.616300000000000000e+04
1.680000000000000000e+06 3.579500000000000000e+04
1.690000000000000000e+06 3.488300000000000000e+04
1.700000000000000000e+06 3.523100000000000000e+04
1.710000000000000000e+06 3.592100000000000000e+04
1.720000000000000000e+06 3.668500000000000000e+04
1.730000000000000000e+06 3.755500000000000000e+04
1.740000000000000000e+06 3.937500000000000000e+04
1.750000000000000000e+06 4.136600000000000000e+04
1.760000000000000000e+06 4.376900000000000000e+04
1.770000000000000000e+06 4.597700000000000000e+04
1.780000000000000000e+06 4.924300000000000000e+04
1.790000000000000000e+06 5.236400000000000000e+04
1.800000000000000000e+06 5.622800000000000000e+04
1.810000000000000000e+06 6.019800000000000000e+04
1.820000000000000000e+06 6.500200000000000000e+04
1.830000000000000000e+06 6.823200000000000000e+04
1.840000000000000000e+06 7.315900000000000000e+04
1.850000000000000000e+06 7.754600000000000000e+04
1.860000000000000000e+06 8.274900000000000000e+04
1.870000000000000000e+06 8.733000000000000000e+04
1.880000000000000000e+06 9.245500000000000000e+04
1.890000000000000000e+06 9.723900000000000000e+04
1.900000000000000000e+06 1.020330000000000000e+05
1.910000000000000000e+06 1.063060000000000000e+05
1.920000000000000000e+06 1.115970000000000000e+05
1.930000000000000000e+06 1.151520000000000000e+05
1.940000000000000000e+06 1.207000000000000000e+05
1.950000000000000000e+06 1.235250000000000000e+05
1.960000000000000000e+06 1.291210000000000000e+05
1.970000000000000000e+06 1.318280000000000000e+05
1.980000000000000000e+06 1.353120000000000000e+05
1.990000000000000000e+06 1.388860000000000000e+05
