0.000000000000000000e+00 7.279100000000000000e+04
5.000000000000000000e+02 7.432400000000000000e+04
1.000000000000000000e+03 7.492900000000000000e+04
1.500000000000000000e+03 7.534200000000000000e+04
2.000000000000000000e+03 7.690000000000000000e+04
2.500000000000000000e+03 7.754500000000000000e+04
3.000000000000000000e+03 7.899200000000000000e+04
3.500000000000000000e+03 8.004600000000000000e+04
4.000000000000000000e+03 8.112300000000000000e+04
4.500000000000000000e+03 8.183200000000000000e+04
5.000000000000000000e+03 8.172100000000000000e+04
5.500000000000000000e+03 8.147900000000000000e+04
6.000000000000000000e+03 8.208100000000000000e+04
6.500000000000000000e+03 8.201700000000000000e+04
7.000000000000000000e+03 8.233100000000000000e+04
7.500000000000000000e+03 8.328600000000000000e+04
8.000000000000000000e+03 8.407400000000000000e+04
8.500000000000000000e+03 8.425300000000000000e+04
9.000000000000000000e+03 8.425600000000000000e+04
9.500000000000000000e+03 8.391400000000000000e+04
1.000000000000000000e+04 8.378500000000000000e+04
1.050000000000000000e+04 8.381200000000000000e+04
1.100000000000000000e+04 8.280300000000000000e+04
1.150000000000000000e+04 8.286500000000000000e+04
1.200000000000000000e+04 8.305500000000000000e+04
1.250000000000000000e+04 8.335400000000000000e+04
1.300000000000000000e+04 8.282200000000000000e+04
1.350000000000000000e+04 8.325900000000000000e+04
1.400000000000000000e+04 8.186000000000000000e+04
1.450000000000000000e+04 8.128200000000000000e+04
1.500000000000000000e+04 8.018400000000000000e+04
1.550000000000000000e+04 7.955400000000000000e+04
1.600000000000000000e+04 7.866000000000000000e+04
1.650000000000000000e+04 7.852400000000000000e+04
1.700000000000000000e+04 7.815100000000000000e+04
1.750000000000000000e+04 7.727800000000000000e+04
1.800000000000000000e+04 7.605900000000000000e+04
1.850000000000000000e+04 7.477500000000000000e+04
1.900000000000000000e+04 7.282500000000000000e+04
1.950000000000000000e+04 7.137800000000000000e+04
2.000000000000000000e+04 6.969100000000000000e+04
2.050000000000000000e+04 6.888000000000000000e+04
2.100000000000000000e+04 6.719800000000000000e+04
2.150000000000000000e+04 6.635000000000000000e+04
2.200000000000000000e+04 6.481100000000000000e+04
2.250000000000000000e+04 6.291900000000000000e+04
2.300000000000000000e+04 6.041700000000000000e+04
2.350000000000000000e+04 5.825700000000000000e+04
2.400000000000000000e+04 5.590600000000000000e+04
2.450000000000000000e+04 5.417400000000000000e+04
2.500000000000000000e+04 5.196800000000000000e+04
2.550000000000000000e+04 4.949500000000000000e+04
2.600000000000000000e+04 4.739700000000000000e+04
2.650000000000000000e+04 4.556900000000000000e+04
2.700000000000000000e+04 4.354300000000000000e+04
2.750000000000000000e+04 4.129200000000000000e+04
2.800000000000000000e+04 3.915200000000000000e+04
2.850000000000000000e+04 3.660800000000000000e+04
2.900000000000000000e+04 3.416300000000000000e+04
2.950000000000000000e+04 3.265500000000000000e+04
3.000000000000000000e+04 3.097400000000000000e+04
3.050000000000000000e+04 2.966000000000000000e+04
3.100000000000000000e+04 2.798200000000000000e+04
3.150000000000000000e+04 2.703300000000000000e+04
3.200000000000000000e+04 2.589800000000000000e+04
3.250000000000000000e+04 2.469500000000000000e+04
3.300000000000000000e+04 2.386900000000000000e+04
3.350000000000000000e+04 2.312900000000000000e+04
3.400000000000000000e+04 2.251600000000000000e+04
3.450000000000000000e+04 2.283600000000000000e+04
3.500000000000000000e+04 2.258700000000000000e+04
3.550000000000000000e+04 2.322100000000000000e+04
3.600000000000000000e+04 2.377500000000000000e+04
3.650000000000000000e+04 2.422700000000000000e+04
3.700000000000000000e+04 2.484000000000000000e+04
3.750000000000000000e+04 2.576300000000000000e+04
3.800000000000000000e+04 2.668600000000000000e+04
3.850000000000000000e+04 2.801300000000000000e+04
3.900000000000000000e+04 2.989600000000000000e+04
3.950000000000000000e+04 3.137500000000000000e+04
4.000000000000000000e+04 3.331100000000000000e+04
4.050000000000000000e+04 3.586000000000000000e+04
4.100000000000000000e+04 3.743600000000000000e+04
4.150000000000000000e+04 3.915500000000000000e+04
4.200000000000000000e+04 4.142500000000000000e+04
4.250000000000000000e+04 4.365100000000000000e+04
4.300000000000000000e+04 4.602900000000000000e+04
4.350000000000000000e+04 4.859100000000000000e+04
4.400000000000000000e+04 5.040300000000000000e+04
4.450000000000000000e+04 5.296800000000000000e+04
4.500000000000000000e+04 5.540600000000000000e+04
4.550000000000000000e+04 5.753500000000000000e+04
4.600000000000000000e+04 5.949900000000000000e+04
4.650000000000000000e+04 6.059600000000000000e+04
4.700000000000000000e+04 6.294000000000000000e+04
4.750000000000000000e+04 6.476900000000000000e+04
4.800000000000000000e+04 6.634700000000000000e+04
4.850000000000000000e+04 6.851900000000000000e+04
4.900000000000000000e+04 7.009400000000000000e+04
4.950000000000000000e+04 7.198300000000000000e+04
5.000000000000000000e+04 7.286200000000000000e+04
5.050000000000000000e+04 7.422300000000000000e+04
5.100000000000000000e+04 7.535400000000000000e+04
5.150000000000000000e+04 7.595600000000000000e+04
5.200000000000000000e+04 7.601500000000000000e+04
5.250000000000000000e+04 7.751600000000000000e+04
5.300000000000000000e+04 7.857900000000000000e+04
5.350000000000000000e+04 8.007700000000000000e+04
5.400000000000000000e+04 8.095500000000000000e+04
5.450000000000000000e+04 8.138600000000000000e+04
5.500000000000000000e+04 8.108400000000000000e+04
5.550000000000000000e+04 8.180100000000000000e+04
5.600000000000000000e+04 8.173400000000000000e+04
5.650000000000000000e+04 8.260300000000000000e+04
5.700000000000000000e+04 8.235700000000000000e+04
5.750000000000000000e+04 8.309200000000000000e+04
5.800000000000000000e+04 8.402600000000000000e+04
5.850000000000000000e+04 8.430200000000000000e+04
5.900000000000000000e+04 8.473000000000000000e+04
5.950000000000000000e+04 8.425000000000000000e+04
6.000000000000000000e+04 8.336200000000000000e+04
6.050000000000000000e+04 8.351400000000000000e+04
6.100000000000000000e+04 8.294000000000000000e+04
6.150000000000000000e+04 8.358100000000000000e+04
6.200000000000000000e+04 8.360400000000000000e+04
6.250000000000000000e+04 8.296900000000000000e+04
6.300000000000000000e+04 8.313000000000000000e+04
6.350000000000000000e+04 8.288100000000000000e+04
6.400000000000000000e+04 8.194400000000000000e+04
6.450000000000000000e+04 8.120100000000000000e+04
6.500000000000000000e+04 8.087900000000000000e+04
6.550000000000000000e+04 7.907500000000000000e+04
6.600000000000000000e+04 7.928700000000000000e+04
6.650000000000000000e+04 7.889500000000000000e+04
6.700000000000000000e+04 7.830200000000000000e+04
6.750000000000000000e+04 7.730400000000000000e+04
6.800000000000000000e+04 7.592400000000000000e+04
6.850000000000000000e+04 7.462700000000000000e+04
6.900000000000000000e+04 7.329500000000000000e+04
6.950000000000000000e+04 7.162400000000000000e+04
7.000000000000000000e+04 7.051800000000000000e+04
7.050000000000000000e+04 6.880000000000000000e+04
7.100000000000000000e+04 6.805100000000000000e+04
7.150000000000000000e+04 6.563700000000000000e+04
7.200000000000000000e+04 6.418200000000000000e+04
7.250000000000000000e+04 6.274200000000000000e+04
7.300000000000000000e+04 6.032700000000000000e+04
7.350000000000000000e+04 5.829300000000000000e+04
7.400000000000000000e+04 5.581100000000000000e+04
7.450000000000000000e+04 5.379100000000000000e+04
7.500000000000000000e+04 5.187600000000000000e+04
7.550000000000000000e+04 4.929400000000000000e+04
7.600000000000000000e+04 4.775100000000000000e+04
7.650000000000000000e+04 4.549100000000000000e+04
7.700000000000000000e+04 4.294200000000000000e+04
7.750000000000000000e+04 4.109600000000000000e+04
7.800000000000000000e+04 3.886600000000000000e+04
7.850000000000000000e+04 3.679800000000000000e+04
7.900000000000000000e+04 3.395200000000000000e+04
7.950000000000000000e+04 3.280500000000000000e+04
8.000000000000000000e+04 3.098600000000000000e+04
8.050000000000000000e+04 2.940900000000000000e+04
8.100000000000000000e+04 2.841700000000000000e+04
8.150000000000000000e+04 2.710600000000000000e+04
8.200000000000000000e+04 2.582600000000000000e+04
8.250000000000000000e+04 2.502100000000000000e+04
8.300000000000000000e+04 2.365800000000000000e+04
8.350000000000000000e+04 2.323400000000000000e+04
8.400000000000000000e+04 2.284400000000000000e+04
8.450000000000000000e+04 2.276300000000000000e+04
8.500000000000000000e+04 2.251400000000000000e+04
8.550000000000000000e+04 2.298000000000000000e+04
8.600000000000000000e+04 2.362300000000000000e+04
8.650000000000000000e+04 2.418700000000000000e+04
8.700000000000000000e+04 2.459300000000000000e+04
8.750000000000000000e+04 2.562300000000000000e+04
8.800000000000000000e+04 2.662800000000000000e+04
8.850000000000000000e+04 2.802900000000000000e+04
8.900000000000000000e+04 2.931700000000000000e+04
8.950000000000000000e+04 3.132600000000000000e+04
9.000000000000000000e+04 3.295800000000000000e+04
9.050000000000000000e+04 3.566400000000000000e+04
9.100000000000000000e+04 3.740200000000000000e+04
9.150000000000000000e+04 3.917300000000000000e+04
9.200000000000000000e+04 4.160300000000000000e+04
9.250000000000000000e+04 4.355600000000000000e+04
9.300000000000000000e+04 4.636500000000000000e+04
9.350000000000000000e+04 4.838200000000000000e+04
9.400000000000000000e+04 5.060400000000000000e+04
9.450000000000000000e+04 5.297600000000000000e+04
9.500000000000000000e+04 5.536900000000000000e+04
9.550000000000000000e+04 5.728400000000000000e+04
9.600000000000000000e+04 5.964000000000000000e+04
9.650000000000000000e+04 6.074200000000000000e+04
9.700000000000000000e+04 6.228500000000000000e+04
9.750000000000000000e+04 6.466300000000000000e+04
9.800000000000000000e+04 6.679300000000000000e+04
9.850000000000000000e+04 6.813100000000000000e+04
9.900000000000000000e+04 7.050500000000000000e+04
9.950000000000000000e+04 7.231600000000000000e+04
