0.000000000000000000e+00 7.236200000000000000e+04
1.000000000000000000e+03 7.388900000000000000e+04
2.000000000000000000e+03 7.442200000000000000e+04
3.000000000000000000e+03 7.569500000000000000e+04
4.000000000000000000e+03 7.725300000000000000e+04
5.000000000000000000e+03 7.770800000000000000e+04
6.000000000000000000e+03 7.878600000000000000e+04
7.000000000000000000e+03 7.906200000000000000e+04
8.000000000000000000e+03 8.078700000000000000e+04
9.000000000000000000e+03 8.171600000000000000e+04
1.000000000000000000e+04 8.131800000000000000e+04
1.100000000000000000e+04 8.153600000000000000e+04
1.200000000000000000e+04 8.224200000000000000e+04
1.300000000000000000e+04 8.260900000000000000e+04
1.400000000000000000e+04 8.330800000000000000e+04
1.500000000000000000e+04 8.256500000000000000e+04
1.600000000000000000e+04 8.297600000000000000e+04
1.700000000000000000e+04 8.291700000000000000e+04
1.800000000000000000e+04 8.406700000000000000e+04
1.900000000000000000e+04 8.355400000000000000e+04
2.000000000000000000e+04 8.326500000000000000e+04
2.100000000000000000e+04 8.341400000000000000e+04
2.200000000000000000e+04 8.382500000000000000e+04
2.300000000000000000e+04 8.298400000000000000e+04
2.400000000000000000e+04 8.313500000000000000e+04
2.500000000000000000e+04 8.252800000000000000e+04
2.600000000000000000e+04 8.231500000000000000e+04
2.700000000000000000e+04 8.230900000000000000e+04
2.800000000000000000e+04 8.166400000000000000e+04
2.900000000000000000e+04 8.064800000000000000e+04
3.000000000000000000e+04 8.045900000000000000e+04
3.100000000000000000e+04 8.023400000000000000e+04
3.200000000000000000e+04 7.992100000000000000e+04
3.300000000000000000e+04 7.814500000000000000e+04
3.400000000000000000e+04 7.762600000000000000e+04
3.500000000000000000e+04 7.666500000000000000e+04
3.600000000000000000e+04 7.499300000000000000e+04
3.700000000000000000e+04 7.416700000000000000e+04
3.800000000000000000e+04 7.266900000000000000e+04
3.900000000000000000e+04 7.149600000000000000e+04
4.000000000000000000e+04 7.025700000000000000e+04
4.100000000000000000e+04 6.902800000000000000e+04
4.200000000000000000e+04 6.647100000000000000e+04
4.300000000000000000e+04 6.500600000000000000e+04
4.400000000000000000e+04 6.353100000000000000e+04
4.500000000000000000e+04 6.145100000000000000e+04
4.600000000000000000e+04 5.927000000000000000e+04
4.700000000000000000e+04 5.723600000000000000e+04
4.800000000000000000e+04 5.511600000000000000e+04
4.900000000000000000e+04 5.325100000000000000e+04
5.000000000000000000e+04 5.089600000000000000e+04
5.100000000000000000e+04 4.903900000000000000e+04
5.200000000000000000e+04 4.671700000000000000e+04
5.300000000000000000e+04 4.454300000000000000e+04
5.400000000000000000e+04 4.198900000000000000e+04
5.500000000000000000e+04 3.928700000000000000e+04
5.600000000000000000e+04 3.798300000000000000e+04
5.700000000000000000e+04 3.549400000000000000e+04
5.800000000000000000e+04 3.398500000000000000e+04
5.900000000000000000e+04 3.166400000000000000e+04
6.000000000000000000e+04 2.983400000000000000e+04
6.100000000000000000e+04 2.827100000000000000e+04
6.200000000000000000e+04 2.700400000000000000e+04
6.300000000000000000e+04 2.574500000000000000e+04
6.400000000000000000e+04 2.456300000000000000e+04
6.500000000000000000e+04 2.360800000000000000e+04
6.600000000000000000e+04 2.290900000000000000e+04
6.700000000000000000e+04 2.235500000000000000e+04
6.800000000000000000e+04 2.170800000000000000e+04
6.900000000000000000e+04 2.160800000000000000e+04
7.000000000000000000e+04 2.183000000000000000e+04
7.100000000000000000e+04 2.207400000000000000e+04
7.200000000000000000e+04 2.254100000000000000e+04
7.300000000000000000e+04 2.304000000000000000e+04
7.400000000000000000e+04 2.385300000000000000e+04
7.500000000000000000e+04 2.455100000000000000e+04
7.600000000000000000e+04 2.600900000000000000e+04
7.700000000000000000e+04 2.757200000000000000e+04
7.800000000000000000e+04 2.900400000000000000e+04
7.900000000000000000e+04 3.046100000000000000e+04
8.000000000000000000e+04 3.244100000000000000e+04
8.100000000000000000e+04 3.475000000000000000e+04
8.200000000000000000e+04 3.659800000000000000e+04
8.300000000000000000e+04 3.864400000000000000e+04
8.400000000000000000e+04 4.108500000000000000e+04
8.500000000000000000e+04 4.328200000000000000e+04
8.600000000000000000e+04 4.561200000000000000e+04
8.700000000000000000e+04 4.744600000000000000e+04
8.800000000000000000e+04 4.997400000000000000e+04
8.900000000000000000e+04 5.198000000000000000e+04
9.000000000000000000e+04 5.455300000000000000e+04
9.100000000000000000e+04 5.661300000000000000e+04
9.200000000000000000e+04 5.885400000000000000e+04
9.300000000000000000e+04 6.118000000000000000e+04
9.400000000000000000e+04 6.325300000000000000e+04
9.500000000000000000e+04 6.447700000000000000e+04
9.600000000000000000e+04 6.607000000000000000e+04
9.700000000000000000e+04 6.807700000000000000e+04
9.800000000000000000e+04 6.962800000000000000e+04
9.900000000000000000e+04 7.107600000000000000e+04
1.000000000000000000e+05 7.226900000000000000e+04
1.010000000000000000e+05 7.317700000000000000e+04
1.020000000000000000e+05 7.500800000000000000e+04
1.030000000000000000e+05 7.504300000000000000e+04
1.040000000000000000e+05 7.705400000000000000e+04
1.050000000000000000e+05 7.808900000000000000e+04
1.060000000000000000e+05 7.835000000000000000e+04
1.070000000000000000e+05 7.945800000000000000e+04
1.080000000000000000e+05 8.037900000000000000e+04
1.090000000000000000e+05 8.134800000000000000e+04
1.100000000000000000e+05 8.119100000000000000e+04
1.110000000000000000e+05 8.227600000000000000e+04
1.120000000000000000e+05 8.243400000000000000e+04
1.130000000000000000e+05 8.298300000000000000e+04
1.140000000000000000e+05 8.289400000000000000e+04
1.150000000000000000e+05 8.398300000000000000e+04
1.160000000000000000e+05 8.351600000000000000e+04
1.170000000000000000e+05 8.359100000000000000e+04
1.180000000000000000e+05 8.370600000000000000e+04
1.190000000000000000e+05 8.419700000000000000e+04
1.200000000000000000e+05 8.382600000000000000e+04
1.210000000000000000e+05 8.393300000000000000e+04
1.220000000000000000e+05 8.335400000000000000e+04
1.230000000000000000e+05 8.367500000000000000e+04
1.240000000000000000e+05 8.316500000000000000e+04
1.250000000000000000e+05 8.250200000000000000e+04
1.260000000000000000e+05 8.279500000000000000e+04
1.270000000000000000e+05 8.228000000000000000e+04
1.280000000000000000e+05 8.166800000000000000e+04
1.290000000000000000e+05 8.097600000000000000e+04
1.300000000000000000e+05 8.085000000000000000e+04
1.310000000000000000e+05 8.000600000000000000e+04
1.320000000000000000e+05 8.001200000000000000e+04
1.330000000000000000e+05 7.886400000000000000e+04
1.340000000000000000e+05 7.791800000000000000e+04
1.350000000000000000e+05 7.632400000000000000e+04
1.360000000000000000e+05 7.544100000000000000e+04
1.370000000000000000e+05 7.422200000000000000e+04
1.380000000000000000e+05 7.318800000000000000e+04
1.390000000000000000e+05 7.123800000000000000e+04
1.400000000000000000e+05 7.065500000000000000e+04
1.410000000000000000e+05 6.867300000000000000e+04
1.420000000000000000e+05 6.698900000000000000e+04
1.430000000000000000e+05 6.523000000000000000e+04
1.440000000000000000e+05 6.297300000000000000e+04
1.450000000000000000e+05 6.164000000000000000e+04
1.460000000000000000e+05 5.907800000000000000e+04
1.470000000000000000e+05 5.740300000000000000e+04
1.480000000000000000e+05 5.563600000000000000e+04
1.490000000000000000e+05 5.361600000000000000e+04
1.500000000000000000e+05 5.111600000000000000e+04
1.510000000000000000e+05 4.908900000000000000e+04
1.520000000000000000e+05 4.664500000000000000e+04
1.530000000000000000e+05 4.434600000000000000e+04
1.540000000000000000e+05 4.223900000000000000e+04
1.550000000000000000e+05 3.965000000000000000e+04
1.560000000000000000e+05 3.805600000000000000e+04
1.570000000000000000e+05 3.522000000000000000e+04
1.580000000000000000e+05 3.374700000000000000e+04
1.590000000000000000e+05 3.157000000000000000e+04
1.600000000000000000e+05 2.985400000000000000e+04
1.610000000000000000e+05 2.837700000000000000e+04
1.620000000000000000e+05 2.690900000000000000e+04
1.630000000000000000e+05 2.569100000000000000e+04
1.640000000000000000e+05 2.456200000000000000e+04
1.650000000000000000e+05 2.359100000000000000e+04
1.660000000000000000e+05 2.304700000000000000e+04
1.670000000000000000e+05 2.249800000000000000e+04
1.680000000000000000e+05 2.196300000000000000e+04
1.690000000000000000e+05 2.163700000000000000e+04
1.700000000000000000e+05 2.175300000000000000e+04
1.710000000000000000e+05 2.212700000000000000e+04
1.720000000000000000e+05 2.228900000000000000e+04
1.730000000000000000e+05 2.284400000000000000e+04
1.740000000000000000e+05 2.387700000000000000e+04
1.750000000000000000e+05 2.524900000000000000e+04
1.760000000000000000e+05 2.601800000000000000e+04
1.770000000000000000e+05 2.737300000000000000e+04
1.780000000000000000e+05 2.896300000000000000e+04
1.790000000000000000e+05 3.076800000000000000e+04
1.800000000000000000e+05 3.233400000000000000e+04
1.810000000000000000e+05 3.459900000000000000e+04
1.820000000000000000e+05 3.651900000000000000e+04
1.830000000000000000e+05 3.880600000000000000e+04
1.840000000000000000e+05 4.105600000000000000e+04
1.850000000000000000e+05 4.311600000000000000e+04
1.860000000000000000e+05 4.551400000000000000e+04
1.870000000000000000e+05 4.754400000000000000e+04
1.880000000000000000e+05 5.031200000000000000e+04
1.890000000000000000e+05 5.224900000000000000e+04
1.900000000000000000e+05 5.440900000000000000e+04
1.910000000000000000e+05 5.691700000000000000e+04
1.920000000000000000e+05 5.851200000000000000e+04
1.930000000000000000e+05 6.088200000000000000e+04
1.940000000000000000e+05 6.252900000000000000e+04
1.950000000000000000e+05 6.477100000000000000e+04
1.960000000000000000e+05 6.622200000000000000e+04
1.970000000000000000e+05 6.830800000000000000e+04
1.980000000000000000e+05 6.917500000000000000e+04
1.990000000000000000e+05 7.096200000000000000e+04
