0.000000000000000000e+00 6.574200000000000000e+04
2.000000000000000000e+03 6.672300000000000000e+04
4.000000000000000000e+03 6.752900000000000000e+04
6.000000000000000000e+03 6.860900000000000000e+04
8.000000000000000000e+03 7.003900000000000000e+04
1.000000000000000000e+04 7.014200000000000000e+04
1.200000000000000000e+04 7.123200000000000000e+04
1.400000000000000000e+04 7.209300000000000000e+04
1.600000000000000000e+04 7.297400000000000000e+04
1.800000000000000000e+04 7.292900000000000000e+04
2.000000000000000000e+04 7.395200000000000000e+04
2.200000000000000000e+04 7.421700000000000000e+04
2.400000000000000000e+04 7.408600000000000000e+04
2.600000000000000000e+04 7.475100000000000000e+04
2.800000000000000000e+04 7.471700000000000000e+04
3.000000000000000000e+04 7.484400000000000000e+04
3.200000000000000000e+04 7.539700000000000000e+04
3.400000000000000000e+04 7.584900000000000000e+04
3.600000000000000000e+04 7.574000000000000000e+04
3.800000000000000000e+04 7.568800000000000000e+04
4.000000000000000000e+04 7.589400000000000000e+04
4.200000000000000000e+04 7.569000000000000000e+04
4.400000000000000000e+04 7.547700000000000000e+04
4.600000000000000000e+04 7.557400000000000000e+04
4.800000000000000000e+04 7.504700000000000000e+04
5.000000000000000000e+04 7.508300000000000000e+04
5.200000000000000000e+04 7.472300000000000000e+04
5.400000000000000000e+04 7.418600000000000000e+04
5.600000000000000000e+04 7.361500000000000000e+04
5.800000000000000000e+04 7.361400000000000000e+04
6.000000000000000000e+04 7.292600000000000000e+04
6.200000000000000000e+04 7.240100000000000000e+04
6.400000000000000000e+04 7.168500000000000000e+04
6.600000000000000000e+04 7.100000000000000000e+04
6.800000000000000000e+04 7.039900000000000000e+04
7.000000000000000000e+04 6.928000000000000000e+04
7.200000000000000000e+04 6.846000000000000000e+04
7.400000000000000000e+04 6.746000000000000000e+04
7.600000000000000000e+04 6.652400000000000000e+04
7.800000000000000000e+04 6.561200000000000000e+04
8.000000000000000000e+04 6.375100000000000000e+04
8.200000000000000000e+04 6.202700000000000000e+04
8.400000000000000000e+04 6.137400000000000000e+04
8.600000000000000000e+04 5.968000000000000000e+04
8.800000000000000000e+04 5.806100000000000000e+04
9.000000000000000000e+04 5.606900000000000000e+04
9.200000000000000000e+04 5.446600000000000000e+04
9.400000000000000000e+04 5.317000000000000000e+04
9.600000000000000000e+04 5.062600000000000000e+04
9.800000000000000000e+04 4.933100000000000000e+04
1.000000000000000000e+05 4.718300000000000000e+04
1.020000000000000000e+05 4.540900000000000000e+04
1.040000000000000000e+05 4.288100000000000000e+04
1.060000000000000000e+05 4.116500000000000000e+04
1.080000000000000000e+05 3.959000000000000000e+04
1.100000000000000000e+05 3.741300000000000000e+04
1.120000000000000000e+05 3.549700000000000000e+04
1.140000000000000000e+05 3.375700000000000000e+04
1.160000000000000000e+05 3.211300000000000000e+04
1.180000000000000000e+05 3.010200000000000000e+04
1.200000000000000000e+05 2.843700000000000000e+04
1.220000000000000000e+05 2.694000000000000000e+04
1.240000000000000000e+05 2.583400000000000000e+04
1.260000000000000000e+05 2.476700000000000000e+04
1.280000000000000000e+05 2.341300000000000000e+04
1.300000000000000000e+05 2.242100000000000000e+04
1.320000000000000000e+05 2.217200000000000000e+04
1.340000000000000000e+05 2.174100000000000000e+04
1.360000000000000000e+05 2.109400000000000000e+04
1.380000000000000000e+05 2.125900000000000000e+04
1.400000000000000000e+05 2.143300000000000000e+04
1.420000000000000000e+05 2.156000000000000000e+04
1.440000000000000000e+05 2.201100000000000000e+04
1.460000000000000000e+05 2.226200000000000000e+04
1.480000000000000000e+05 2.360700000000000000e+04
1.500000000000000000e+05 2.399100000000000000e+04
1.520000000000000000e+05 2.537500000000000000e+04
1.540000000000000000e+05 2.687000000000000000e+04
1.560000000000000000e+05 2.794500000000000000e+04
1.580000000000000000e+05 2.943700000000000000e+04
1.600000000000000000e+05 3.114700000000000000e+04
1.620000000000000000e+05 3.278200000000000000e+04
1.640000000000000000e+05 3.475300000000000000e+04
1.660000000000000000e+05 3.637500000000000000e+04
1.680000000000000000e+05 3.868700000000000000e+04
1.700000000000000000e+05 4.048100000000000000e+04
1.720000000000000000e+05 4.236300000000000000e+04
1.740000000000000000e+05 4.448700000000000000e+04
1.760000000000000000e+05 4.634500000000000000e+04
1.780000000000000000e+05 4.838500000000000000e+04
1.800000000000000000e+05 5.038000000000000000e+04
1.820000000000000000e+05 5.184800000000000000e+04
1.840000000000000000e+05 5.395600000000000000e+04
1.860000000000000000e+05 5.571900000000000000e+04
1.880000000000000000e+05 5.738200000000000000e+04
1.900000000000000000e+05 5.887600000000000000e+04
1.920000000000000000e+05 6.081300000000000000e+04
1.940000000000000000e+05 6.202600000000000000e+04
1.960000000000000000e+05 6.331700000000000000e+04
1.980000000000000000e+05 6.480800000000000000e+04
2.000000000000000000e+05 6.539800000000000000e+04
2.020000000000000000e+05 6.713200000000000000e+04
2.040000000000000000e+05 6.787100000000000000e+04
2.060000000000000000e+05 6.935900000000000000e+04
2.080000000000000000e+05 6.950400000000000000e+04
2.100000000000000000e+05 7.065700000000000000e+04
2.120000000000000000e+05 7.158800000000000000e+04
2.140000000000000000e+05 7.201600000000000000e+04
2.160000000000000000e+05 7.256400000000000000e+04
2.180000000000000000e+05 7.301100000000000000e+04
2.200000000000000000e+05 7.380200000000000000e+04
2.220000000000000000e+05 7.400200000000000000e+04
2.240000000000000000e+05 7.419300000000000000e+04
2.260000000000000000e+05 7.458300000000000000e+04
2.280000000000000000e+05 7.456100000000000000e+04
2.300000000000000000e+05 7.520600000000000000e+04
2.320000000000000000e+05 7.575600000000000000e+04
2.340000000000000000e+05 7.517400000000000000e+04
2.360000000000000000e+05 7.549700000000000000e+04
2.380000000000000000e+05 7.537300000000000000e+04
2.400000000000000000e+05 7.548900000000000000e+04
2.420000000000000000e+05 7.562700000000000000e+04
2.440000000000000000e+05 7.524600000000000000e+04
2.460000000000000000e+05 7.555400000000000000e+04
2.480000000000000000e+05 7.503800000000000000e+04
2.500000000000000000e+05 7.490400000000000000e+04
2.520000000000000000e+05 7.452500000000000000e+04
2.540000000000000000e+05 7.479000000000000000e+04
2.560000000000000000e+05 7.431000000000000000e+04
2.580000000000000000e+05 7.371200000000000000e+04
2.600000000000000000e+05 7.269900000000000000e+04
2.620000000000000000e+05 7.242000000000000000e+04
2.640000000000000000e+05 7.149400000000000000e+04
2.660000000000000000e+05 7.089200000000000000e+04
2.680000000000000000e+05 7.045100000000000000e+04
2.700000000000000000e+05 6.957600000000000000e+04
2.720000000000000000e+05 6.847500000000000000e+04
2.740000000000000000e+05 6.742900000000000000e+04
2.760000000000000000e+05 6.582500000000000000e+04
2.780000000000000000e+05 6.482100000000000000e+04
2.800000000000000000e+05 6.386400000000000000e+04
2.820000000000000000e+05 6.306200000000000000e+04
2.840000000000000000e+05 6.129000000000000000e+04
2.860000000000000000e+05 5.953300000000000000e+04
2.880000000000000000e+05 5.846600000000000000e+04
2.900000000000000000e+05 5.654500000000000000e+04
2.920000000000000000e+05 5.527100000000000000e+04
2.940000000000000000e+05 5.306900000000000000e+04
2.960000000000000000e+05 5.088500000000000000e+04
2.980000000000000000e+05 4.926500000000000000e+04
3.000000000000000000e+05 4.746100000000000000e+04
3.020000000000000000e+05 4.554700000000000000e+04
3.040000000000000000e+05 4.344000000000000000e+04
3.060000000000000000e+05 4.119800000000000000e+04
3.080000000000000000e+05 3.907700000000000000e+04
3.100000000000000000e+05 3.724300000000000000e+04
3.120000000000000000e+05 3.549800000000000000e+04
3.140000000000000000e+05 3.348800000000000000e+04
3.160000000000000000e+05 3.159200000000000000e+04
3.180000000000000000e+05 2.993800000000000000e+04
3.200000000000000000e+05 2.842900000000000000e+04
3.220000000000000000e+05 2.675500000000000000e+04
3.240000000000000000e+05 2.568000000000000000e+04
3.260000000000000000e+05 2.424400000000000000e+04
3.280000000000000000e+05 2.357400000000000000e+04
3.300000000000000000e+05 2.289400000000000000e+04
3.320000000000000000e+05 2.219300000000000000e+04
3.340000000000000000e+05 2.152600000000000000e+04
3.360000000000000000e+05 2.123000000000000000e+04
3.380000000000000000e+05 2.124300000000000000e+04
3.400000000000000000e+05 2.112800000000000000e+04
3.420000000000000000e+05 2.144900000000000000e+04
3.440000000000000000e+05 2.184600000000000000e+04
3.460000000000000000e+05 2.244300000000000000e+04
3.480000000000000000e+05 2.300600000000000000e+04
3.500000000000000000e+05 2.444300000000000000e+04
3.520000000000000000e+05 2.552000000000000000e+04
3.540000000000000000e+05 2.653900000000000000e+04
3.560000000000000000e+05 2.793600000000000000e+04
3.580000000000000000e+05 2.920600000000000000e+04
3.600000000000000000e+05 3.127600000000000000e+04
3.620000000000000000e+05 3.287500000000000000e+04
3.640000000000000000e+05 3.476600000000000000e+04
3.660000000000000000e+05 3.647900000000000000e+04
3.680000000000000000e+05 3.856600000000000000e+04
3.700000000000000000e+05 4.033000000000000000e+04
3.720000000000000000e+05 4.225600000000000000e+04
3.740000000000000000e+05 4.461800000000000000e+04
3.760000000000000000e+05 4.612100000000000000e+04
3.780000000000000000e+05 4.864300000000000000e+04
3.800000000000000000e+05 5.025700000000000000e+04
3.820000000000000000e+05 5.269900000000000000e+04
3.840000000000000000e+05 5.443100000000000000e+04
3.860000000000000000e+05 5.602800000000000000e+04
3.880000000000000000e+05 5.750100000000000000e+04
3.900000000000000000e+05 5.927500000000000000e+04
3.920000000000000000e+05 6.028200000000000000e+04
3.940000000000000000e+05 6.191600000000000000e+04
3.960000000000000000e+05 6.373200000000000000e+04
3.980000000000000000e+05 6.458300000000000000e+04
