0.000000000000000000e+00 4.699000000000000000e+03
3.300000000000000000e+01 4.896000000000000000e+03
6.600000000000000000e+01 5.123000000000000000e+03
9.900000000000000000e+01 5.296000000000000000e+03
1.320000000000000000e+02 5.155000000000000000e+03
1.650000000000000000e+02 5.323000000000000000e+03
1.980000000000000000e+02 5.454000000000000000e+03
2.310000000000000000e+02 5.392000000000000000e+03
2.640000000000000000e+02 5.474000000000000000e+03
2.970000000000000000e+02 5.681000000000000000e+03
3.300000000000000000e+02 5.722000000000000000e+03
3.630000000000000000e+02 5.582000000000000000e+03
3.960000000000000000e+02 5.592000000000000000e+03
4.290000000000000000e+02 5.691000000000000000e+03
4.620000000000000000e+02 5.785000000000000000e+03
4.950000000000000000e+02 5.655000000000000000e+03
5.280000000000000000e+02 5.744000000000000000e+03
5.610000000000000000e+02 5.773000000000000000e+03
5.940000000000000000e+02 5.744000000000000000e+03
6.270000000000000000e+02 5.717000000000000000e+03
6.600000000000000000e+02 5.869000000000000000e+03
6.930000000000000000e+02 5.744000000000000000e+03
7.260000000000000000e+02 5.939000000000000000e+03
7.590000000000000000e+02 5.810000000000000000e+03
7.920000000000000000e+02 5.777000000000000000e+03
8.250000000000000000e+02 5.742000000000000000e+03
8.580000000000000000e+02 5.837000000000000000e+03
8.910000000000000000e+02 5.682000000000000000e+03
9.240000000000000000e+02 5.597000000000000000e+03
9.570000000000000000e+02 5.715000000000000000e+03
9.900000000000000000e+02 5.641000000000000000e+03
1.023000000000000000e+03 5.545000000000000000e+03
1.056000000000000000e+03 5.548000000000000000e+03
1.089000000000000000e+03 5.583000000000000000e+03
1.122000000000000000e+03 5.528000000000000000e+03
1.155000000000000000e+03 5.320000000000000000e+03
1.188000000000000000e+03 5.328000000000000000e+03
1.221000000000000000e+03 5.270000000000000000e+03
1.254000000000000000e+03 5.164000000000000000e+03
1.287000000000000000e+03 5.198000000000000000e+03
1.320000000000000000e+03 4.993000000000000000e+03
1.353000000000000000e+03 4.783000000000000000e+03
1.386000000000000000e+03 4.987000000000000000e+03
1.419000000000000000e+03 4.727000000000000000e+03
1.452000000000000000e+03 4.686000000000000000e+03
1.485000000000000000e+03 4.583000000000000000e+03
1.518000000000000000e+03 4.391000000000000000e+03
1.551000000000000000e+03 4.340000000000000000e+03
1.584000000000000000e+03 4.196000000000000000e+03
1.617000000000000000e+03 4.031000000000000000e+03
1.650000000000000000e+03 3.974000000000000000e+03
1.683000000000000000e+03 3.846000000000000000e+03
1.716000000000000000e+03 3.607000000000000000e+03
1.749000000000000000e+03 3.491000000000000000e+03
1.782000000000000000e+03 3.390000000000000000e+03
1.815000000000000000e+03 3.224000000000000000e+03
1.848000000000000000e+03 2.993000000000000000e+03
1.881000000000000000e+03 2.889000000000000000e+03
1.914000000000000000e+03 2.854000000000000000e+03
1.947000000000000000e+03 2.692000000000000000e+03
1.980000000000000000e+03 2.586000000000000000e+03
2.013000000000000000e+03 2.538000000000000000e+03
2.046000000000000000e+03 2.335000000000000000e+03
2.079000000000000000e+03 2.254000000000000000e+03
2.112000000000000000e+03 2.214000000000000000e+03
2.145000000000000000e+03 2.083000000000000000e+03
2.178000000000000000e+03 1.983000000000000000e+03
2.211000000000000000e+03 1.915000000000000000e+03
2.244000000000000000e+03 1.874000000000000000e+03
2.277000000000000000e+03 1.819000000000000000e+03
2.310000000000000000e+03 1.781000000000000000e+03
2.343000000000000000e+03 1.611000000000000000e+03
2.376000000000000000e+03 1.635000000000000000e+03
2.409000000000000000e+03 1.647000000000000000e+03
2.442000000000000000e+03 1.628000000000000000e+03
2.475000000000000000e+03 1.644000000000000000e+03
2.508000000000000000e+03 1.680000000000000000e+03
2.541000000000000000e+03 1.724000000000000000e+03
2.574000000000000000e+03 1.700000000000000000e+03
2.607000000000000000e+03 1.815000000000000000e+03
2.640000000000000000e+03 1.737000000000000000e+03
2.673000000000000000e+03 1.907000000000000000e+03
2.706000000000000000e+03 1.953000000000000000e+03
2.739000000000000000e+03 2.119000000000000000e+03
2.772000000000000000e+03 2.233000000000000000e+03
2.805000000000000000e+03 2.410000000000000000e+03
2.838000000000000000e+03 2.578000000000000000e+03
2.871000000000000000e+03 2.641000000000000000e+03
2.904000000000000000e+03 2.731000000000000000e+03
2.937000000000000000e+03 3.036000000000000000e+03
2.970000000000000000e+03 3.147000000000000000e+03
3.003000000000000000e+03 3.187000000000000000e+03
3.036000000000000000e+03 3.443000000000000000e+03
3.069000000000000000e+03 3.536000000000000000e+03
3.102000000000000000e+03 3.807000000000000000e+03
3.135000000000000000e+03 3.883000000000000000e+03
3.168000000000000000e+03 4.124000000000000000e+03
3.201000000000000000e+03 4.218000000000000000e+03
3.234000000000000000e+03 4.545000000000000000e+03
3.267000000000000000e+03 4.590000000000000000e+03
3.300000000000000000e+03 4.686000000000000000e+03
3.333000000000000000e+03 4.683000000000000000e+03
3.366000000000000000e+03 4.891000000000000000e+03
3.399000000000000000e+03 4.869000000000000000e+03
3.432000000000000000e+03 5.135000000000000000e+03
3.465000000000000000e+03 5.279000000000000000e+03
3.498000000000000000e+03 5.351000000000000000e+03
3.531000000000000000e+03 5.280000000000000000e+03
3.564000000000000000e+03 5.491000000000000000e+03
3.597000000000000000e+03 5.435000000000000000e+03
3.630000000000000000e+03 5.609000000000000000e+03
3.663000000000000000e+03 5.613000000000000000e+03
3.696000000000000000e+03 5.730000000000000000e+03
3.729000000000000000e+03 5.677000000000000000e+03
3.762000000000000000e+03 5.675000000000000000e+03
3.795000000000000000e+03 5.726000000000000000e+03
3.828000000000000000e+03 5.562000000000000000e+03
3.861000000000000000e+03 5.779000000000000000e+03
3.894000000000000000e+03 5.856000000000000000e+03
3.927000000000000000e+03 5.746000000000000000e+03
3.960000000000000000e+03 5.637000000000000000e+03
3.993000000000000000e+03 5.933000000000000000e+03
4.026000000000000000e+03 5.814000000000000000e+03
4.059000000000000000e+03 5.771000000000000000e+03
4.092000000000000000e+03 5.742000000000000000e+03
4.125000000000000000e+03 5.788000000000000000e+03
4.158000000000000000e+03 5.798000000000000000e+03
4.191000000000000000e+03 5.719000000000000000e+03
4.224000000000000000e+03 5.727000000000000000e+03
4.257000000000000000e+03 5.680000000000000000e+03
4.290000000000000000e+03 5.780000000000000000e+03
4.323000000000000000e+03 5.656000000000000000e+03
4.356000000000000000e+03 5.603000000000000000e+03
4.389000000000000000e+03 5.600000000000000000e+03
4.422000000000000000e+03 5.487000000000000000e+03
4.455000000000000000e+03 5.490000000000000000e+03
4.488000000000000000e+03 5.378000000000000000e+03
4.521000000000000000e+03 5.341000000000000000e+03
4.554000000000000000e+03 5.200000000000000000e+03
4.587000000000000000e+03 5.227000000000000000e+03
4.620000000000000000e+03 5.215000000000000000e+03
4.653000000000000000e+03 5.083000000000000000e+03
4.686000000000000000e+03 4.834000000000000000e+03
4.719000000000000000e+03 4.904000000000000000e+03
4.752000000000000000e+03 4.710000000000000000e+03
4.785000000000000000e+03 4.626000000000000000e+03
4.818000000000000000e+03 4.577000000000000000e+03
4.851000000000000000e+03 4.443000000000000000e+03
4.884000000000000000e+03 4.193000000000000000e+03
4.917000000000000000e+03 4.117000000000000000e+03
4.950000000000000000e+03 4.040000000000000000e+03
4.983000000000000000e+03 3.887000000000000000e+03
5.016000000000000000e+03 3.809000000000000000e+03
5.049000000000000000e+03 3.652000000000000000e+03
5.082000000000000000e+03 3.518000000000000000e+03
5.115000000000000000e+03 3.380000000000000000e+03
5.148000000000000000e+03 3.265000000000000000e+03
5.181000000000000000e+03 3.029000000000000000e+03
5.214000000000000000e+03 3.059000000000000000e+03
5.247000000000000000e+03 2.806000000000000000e+03
5.280000000000000000e+03 2.686000000000000000e+03
5.313000000000000000e+03 2.597000000000000000e+03
5.346000000000000000e+03 2.455000000000000000e+03
5.379000000000000000e+03 2.396000000000000000e+03
5.412000000000000000e+03 2.389000000000000000e+03
5.445000000000000000e+03 2.218000000000000000e+03
5.478000000000000000e+03 2.113000000000000000e+03
5.511000000000000000e+03 1.925000000000000000e+03
5.544000000000000000e+03 1.984000000000000000e+03
5.577000000000000000e+03 1.822000000000000000e+03
5.610000000000000000e+03 1.789000000000000000e+03
5.643000000000000000e+03 1.782000000000000000e+03
5.676000000000000000e+03 1.620000000000000000e+03
5.709000000000000000e+03 1.655000000000000000e+03
5.742000000000000000e+03 1.577000000000000000e+03
5.775000000000000000e+03 1.654000000000000000e+03
5.808000000000000000e+03 1.621000000000000000e+03
5.841000000000000000e+03 1.668000000000000000e+03
5.874000000000000000e+03 1.678000000000000000e+03
5.907000000000000000e+03 1.756000000000000000e+03
5.940000000000000000e+03 1.687000000000000000e+03
5.973000000000000000e+03 1.899000000000000000e+03
6.006000000000000000e+03 1.928000000000000000e+03
6.039000000000000000e+03 2.026000000000000000e+03
6.072000000000000000e+03 2.111000000000000000e+03
6.105000000000000000e+03 2.227000000000000000e+03
6.138000000000000000e+03 2.424000000000000000e+03
6.171000000000000000e+03 2.533000000000000000e+03
6.204000000000000000e+03 2.719000000000000000e+03
6.237000000000000000e+03 2.816000000000000000e+03
6.270000000000000000e+03 3.046000000000000000e+03
6.303000000000000000e+03 3.249000000000000000e+03
6.336000000000000000e+03 3.295000000000000000e+03
6.369000000000000000e+03 3.458000000000000000e+03
6.402000000000000000e+03 3.650000000000000000e+03
6.435000000000000000e+03 3.865000000000000000e+03
6.468000000000000000e+03 4.072000000000000000e+03
6.501000000000000000e+03 4.211000000000000000e+03
6.534000000000000000e+03 4.315000000000000000e+03
6.567000000000000000e+03 4.464000000000000000e+03
6.600000000000000000e+03 4.657000000000000000e+03
6.633000000000000000e+03 4.689000000000000000e+03
