0.000000000000000000e+00 8.126000000000000000e+03
5.000000000000000000e+03 8.559000000000000000e+03
1.000000000000000000e+04 8.608000000000000000e+03
1.500000000000000000e+04 8.680000000000000000e+03
2.000000000000000000e+04 8.760000000000000000e+03
2.500000000000000000e+04 8.790000000000000000e+03
3.000000000000000000e+04 9.025000000000000000e+03
3.500000000000000000e+04 8.852000000000000000e+03
4.000000000000000000e+04 9.214000000000000000e+03
4.500000000000000000e+04 9.311000000000000000e+03
5.000000000000000000e+04 9.539000000000000000e+03
5.500000000000000000e+04 9.378000000000000000e+03
6.000000000000000000e+04 9.608000000000000000e+03
6.500000000000000000e+04 9.433000000000000000e+03
7.000000000000000000e+04 9.399000000000000000e+03
7.500000000000000000e+04 9.479000000000000000e+03
8.000000000000000000e+04 9.439000000000000000e+03
8.500000000000000000e+04 9.722000000000000000e+03
9.000000000000000000e+04 9.477000000000000000e+03
9.500000000000000000e+04 9.456000000000000000e+03
1.000000000000000000e+05 9.831000000000000000e+03
1.050000000000000000e+05 9.473000000000000000e+03
1.100000000000000000e+05 9.551000000000000000e+03
1.150000000000000000e+05 9.494000000000000000e+03
1.200000000000000000e+05 9.456000000000000000e+03
1.250000000000000000e+05 9.419000000000000000e+03
1.300000000000000000e+05 9.409000000000000000e+03
1.350000000000000000e+05 9.286000000000000000e+03
1.400000000000000000e+05 9.222000000000000000e+03
1.450000000000000000e+05 9.307000000000000000e+03
1.500000000000000000e+05 9.224000000000000000e+03
1.550000000000000000e+05 9.108000000000000000e+03
1.600000000000000000e+05 9.162000000000000000e+03
1.650000000000000000e+05 9.061000000000000000e+03
1.700000000000000000e+05 8.638000000000000000e+03
1.750000000000000000e+05 8.808000000000000000e+03
1.800000000000000000e+05 8.669000000000000000e+03
1.850000000000000000e+05 8.487000000000000000e+03
1.900000000000000000e+05 8.351000000000000000e+03
1.950000000000000000e+05 8.224000000000000000e+03
2.000000000000000000e+05 7.898000000000000000e+03
2.050000000000000000e+05 7.745000000000000000e+03
2.100000000000000000e+05 7.672000000000000000e+03
2.150000000000000000e+05 7.477000000000000000e+03
2.200000000000000000e+05 7.209000000000000000e+03
2.250000000000000000e+05 6.934000000000000000e+03
2.300000000000000000e+05 6.615000000000000000e+03
2.350000000000000000e+05 6.702000000000000000e+03
2.400000000000000000e+05 6.343000000000000000e+03
2.450000000000000000e+05 6.041000000000000000e+03
2.500000000000000000e+05 5.834000000000000000e+03
2.550000000000000000e+05 5.535000000000000000e+03
2.600000000000000000e+05 5.322000000000000000e+03
2.650000000000000000e+05 5.128000000000000000e+03
2.700000000000000000e+05 4.861000000000000000e+03
2.750000000000000000e+05 4.646000000000000000e+03
2.800000000000000000e+05 4.284000000000000000e+03
2.850000000000000000e+05 4.069000000000000000e+03
2.900000000000000000e+05 4.022000000000000000e+03
2.950000000000000000e+05 3.671000000000000000e+03
3.000000000000000000e+05 3.576000000000000000e+03
3.050000000000000000e+05 3.368000000000000000e+03
3.100000000000000000e+05 3.238000000000000000e+03
3.150000000000000000e+05 3.012000000000000000e+03
3.200000000000000000e+05 2.960000000000000000e+03
3.250000000000000000e+05 2.972000000000000000e+03
3.300000000000000000e+05 2.793000000000000000e+03
3.350000000000000000e+05 2.746000000000000000e+03
3.400000000000000000e+05 2.799000000000000000e+03
3.450000000000000000e+05 2.657000000000000000e+03
3.500000000000000000e+05 2.780000000000000000e+03
3.550000000000000000e+05 2.762000000000000000e+03
3.600000000000000000e+05 2.780000000000000000e+03
3.650000000000000000e+05 2.891000000000000000e+03
3.700000000000000000e+05 2.964000000000000000e+03
3.750000000000000000e+05 3.087000000000000000e+03
3.800000000000000000e+05 3.316000000000000000e+03
3.850000000000000000e+05 3.445000000000000000e+03
3.900000000000000000e+05 3.525000000000000000e+03
3.950000000000000000e+05 3.725000000000000000e+03
4.000000000000000000e+05 3.897000000000000000e+03
4.050000000000000000e+05 4.146000000000000000e+03
4.100000000000000000e+05 4.267000000000000000e+03
4.150000000000000000e+05 4.673000000000000000e+03
4.200000000000000000e+05 4.827000000000000000e+03
4.250000000000000000e+05 5.072000000000000000e+03
4.300000000000000000e+05 5.263000000000000000e+03
4.350000000000000000e+05 5.448000000000000000e+03
4.400000000000000000e+05 5.742000000000000000e+03
4.450000000000000000e+05 6.108000000000000000e+03
4.500000000000000000e+05 6.253000000000000000e+03
4.550000000000000000e+05 6.547000000000000000e+03
4.600000000000000000e+05 6.650000000000000000e+03
4.650000000000000000e+05 6.974000000000000000e+03
4.700000000000000000e+05 7.232000000000000000e+03
4.750000000000000000e+05 7.463000000000000000e+03
4.800000000000000000e+05 7.565000000000000000e+03
4.850000000000000000e+05 7.934000000000000000e+03
4.900000000000000000e+05 7.998000000000000000e+03
4.950000000000000000e+05 8.028000000000000000e+03
5.000000000000000000e+05 8.226000000000000000e+03
5.050000000000000000e+05 8.379000000000000000e+03
5.100000000000000000e+05 8.468000000000000000e+03
5.150000000000000000e+05 8.641000000000000000e+03
5.200000000000000000e+05 8.738000000000000000e+03
5.250000000000000000e+05 8.661000000000000000e+03
5.300000000000000000e+05 8.990000000000000000e+03
5.350000000000000000e+05 8.933000000000000000e+03
5.400000000000000000e+05 9.169000000000000000e+03
5.450000000000000000e+05 9.159000000000000000e+03
5.500000000000000000e+05 9.187000000000000000e+03
5.550000000000000000e+05 9.372000000000000000e+03
5.600000000000000000e+05 9.228000000000000000e+03
5.650000000000000000e+05 9.342000000000000000e+03
5.700000000000000000e+05 9.363000000000000000e+03
5.750000000000000000e+05 9.345000000000000000e+03
5.800000000000000000e+05 9.318000000000000000e+03
5.850000000000000000e+05 9.422000000000000000e+03
5.900000000000000000e+05 9.316000000000000000e+03
5.950000000000000000e+05 9.479000000000000000e+03
6.000000000000000000e+05 9.752000000000000000e+03
6.050000000000000000e+05 9.491000000000000000e+03
6.100000000000000000e+05 9.285000000000000000e+03
6.150000000000000000e+05 9.570000000000000000e+03
6.200000000000000000e+05 9.443000000000000000e+03
6.250000000000000000e+05 9.123000000000000000e+03
6.300000000000000000e+05 9.175000000000000000e+03
6.350000000000000000e+05 9.362000000000000000e+03
6.400000000000000000e+05 9.187000000000000000e+03
6.450000000000000000e+05 9.296000000000000000e+03
6.500000000000000000e+05 9.113000000000000000e+03
6.550000000000000000e+05 9.021000000000000000e+03
6.600000000000000000e+05 8.893000000000000000e+03
6.650000000000000000e+05 8.986000000000000000e+03
6.700000000000000000e+05 8.591000000000000000e+03
6.750000000000000000e+05 8.790000000000000000e+03
6.800000000000000000e+05 8.553000000000000000e+03
6.850000000000000000e+05 8.394000000000000000e+03
6.900000000000000000e+05 8.237000000000000000e+03
6.950000000000000000e+05 8.304000000000000000e+03
7.000000000000000000e+05 7.879000000000000000e+03
7.050000000000000000e+05 7.674000000000000000e+03
7.100000000000000000e+05 7.705000000000000000e+03
7.150000000000000000e+05 7.587000000000000000e+03
7.200000000000000000e+05 7.318000000000000000e+03
7.250000000000000000e+05 7.053000000000000000e+03
7.300000000000000000e+05 6.897000000000000000e+03
7.350000000000000000e+05 6.611000000000000000e+03
7.400000000000000000e+05 6.433000000000000000e+03
7.450000000000000000e+05 5.940000000000000000e+03
7.500000000000000000e+05 5.902000000000000000e+03
7.550000000000000000e+05 5.652000000000000000e+03
7.600000000000000000e+05 5.471000000000000000e+03
7.650000000000000000e+05 5.141000000000000000e+03
7.700000000000000000e+05 4.883000000000000000e+03
7.750000000000000000e+05 4.679000000000000000e+03
7.800000000000000000e+05 4.427000000000000000e+03
7.850000000000000000e+05 4.171000000000000000e+03
7.900000000000000000e+05 3.973000000000000000e+03
7.950000000000000000e+05 3.815000000000000000e+03
8.000000000000000000e+05 3.513000000000000000e+03
8.050000000000000000e+05 3.487000000000000000e+03
8.100000000000000000e+05 3.311000000000000000e+03
8.150000000000000000e+05 3.161000000000000000e+03
8.200000000000000000e+05 3.041000000000000000e+03
8.250000000000000000e+05 2.934000000000000000e+03
8.300000000000000000e+05 2.806000000000000000e+03
8.350000000000000000e+05 2.749000000000000000e+03
8.400000000000000000e+05 2.718000000000000000e+03
8.450000000000000000e+05 2.727000000000000000e+03
8.500000000000000000e+05 2.797000000000000000e+03
8.550000000000000000e+05 2.707000000000000000e+03
8.600000000000000000e+05 2.854000000000000000e+03
8.650000000000000000e+05 2.821000000000000000e+03
8.700000000000000000e+05 2.997000000000000000e+03
8.750000000000000000e+05 3.059000000000000000e+03
8.800000000000000000e+05 3.260000000000000000e+03
8.850000000000000000e+05 3.423000000000000000e+03
8.900000000000000000e+05 3.610000000000000000e+03
8.950000000000000000e+05 3.816000000000000000e+03
9.000000000000000000e+05 3.936000000000000000e+03
9.050000000000000000e+05 4.105000000000000000e+03
9.100000000000000000e+05 4.316000000000000000e+03
9.150000000000000000e+05 4.556000000000000000e+03
9.200000000000000000e+05 4.826000000000000000e+03
9.250000000000000000e+05 5.082000000000000000e+03
9.300000000000000000e+05 5.290000000000000000e+03
9.350000000000000000e+05 5.697000000000000000e+03
9.400000000000000000e+05 5.843000000000000000e+03
9.450000000000000000e+05 6.033000000000000000e+03
9.500000000000000000e+05 6.324000000000000000e+03
9.550000000000000000e+05 6.456000000000000000e+03
9.600000000000000000e+05 6.729000000000000000e+03
9.650000000000000000e+05 6.884000000000000000e+03
9.700000000000000000e+05 7.218000000000000000e+03
9.750000000000000000e+05 7.597000000000000000e+03
9.800000000000000000e+05 7.642000000000000000e+03
9.850000000000000000e+05 7.814000000000000000e+03
9.900000000000000000e+05 8.103000000000000000e+03
9.950000000000000000e+05 8.121000000000000000e+03
