0.000000000000000000e+00 5.864000000000000000e+03
5.000000000000000000e+01 6.036000000000000000e+03
1.000000000000000000e+02 6.073000000000000000e+03
1.500000000000000000e+02 6.032000000000000000e+03
2.000000000000000000e+02 6.222000000000000000e+03
2.500000000000000000e+02 6.487000000000000000e+03
3.000000000000000000e+02 6.446000000000000000e+03
3.500000000000000000e+02 6.366000000000000000e+03
4.000000000000000000e+02 6.541000000000000000e+03
4.500000000000000000e+02 6.532000000000000000e+03
5.000000000000000000e+02 6.490000000000000000e+03
5.500000000000000000e+02 6.613000000000000000e+03
6.000000000000000000e+02 6.949000000000000000e+03
6.500000000000000000e+02 6.928000000000000000e+03
7.000000000000000000e+02 6.778000000000000000e+03
7.500000000000000000e+02 6.927000000000000000e+03
8.000000000000000000e+02 6.812000000000000000e+03
8.500000000000000000e+02 6.977000000000000000e+03
9.000000000000000000e+02 6.895000000000000000e+03
9.500000000000000000e+02 6.748000000000000000e+03
1.000000000000000000e+03 6.866000000000000000e+03
1.050000000000000000e+03 7.002000000000000000e+03
1.100000000000000000e+03 6.923000000000000000e+03
1.150000000000000000e+03 6.849000000000000000e+03
1.200000000000000000e+03 6.770000000000000000e+03
1.250000000000000000e+03 6.698000000000000000e+03
1.300000000000000000e+03 6.700000000000000000e+03
1.350000000000000000e+03 6.764000000000000000e+03
1.400000000000000000e+03 6.832000000000000000e+03
1.450000000000000000e+03 6.641000000000000000e+03
1.500000000000000000e+03 6.744000000000000000e+03
1.550000000000000000e+03 6.652000000000000000e+03
1.600000000000000000e+03 6.481000000000000000e+03
1.650000000000000000e+03 6.367000000000000000e+03
1.700000000000000000e+03 6.355000000000000000e+03
1.750000000000000000e+03 6.385000000000000000e+03
1.800000000000000000e+03 6.147000000000000000e+03
1.850000000000000000e+03 6.139000000000000000e+03
1.900000000000000000e+03 6.082000000000000000e+03
1.950000000000000000e+03 5.908000000000000000e+03
2.000000000000000000e+03 5.814000000000000000e+03
2.050000000000000000e+03 5.874000000000000000e+03
2.100000000000000000e+03 5.446000000000000000e+03
2.150000000000000000e+03 5.568000000000000000e+03
2.200000000000000000e+03 5.310000000000000000e+03
2.250000000000000000e+03 5.354000000000000000e+03
2.300000000000000000e+03 5.063000000000000000e+03
2.350000000000000000e+03 4.860000000000000000e+03
2.400000000000000000e+03 4.862000000000000000e+03
2.450000000000000000e+03 4.633000000000000000e+03
2.500000000000000000e+03 4.377000000000000000e+03
2.550000000000000000e+03 4.423000000000000000e+03
2.600000000000000000e+03 4.328000000000000000e+03
2.650000000000000000e+03 3.992000000000000000e+03
2.700000000000000000e+03 3.891000000000000000e+03
2.750000000000000000e+03 3.622000000000000000e+03
2.800000000000000000e+03 3.537000000000000000e+03
2.850000000000000000e+03 3.341000000000000000e+03
2.900000000000000000e+03 3.184000000000000000e+03
2.950000000000000000e+03 3.141000000000000000e+03
3.000000000000000000e+03 2.934000000000000000e+03
3.050000000000000000e+03 2.814000000000000000e+03
3.100000000000000000e+03 2.670000000000000000e+03
3.150000000000000000e+03 2.496000000000000000e+03
3.200000000000000000e+03 2.467000000000000000e+03
3.250000000000000000e+03 2.327000000000000000e+03
3.300000000000000000e+03 2.304000000000000000e+03
3.350000000000000000e+03 2.231000000000000000e+03
3.400000000000000000e+03 2.201000000000000000e+03
3.450000000000000000e+03 2.023000000000000000e+03
3.500000000000000000e+03 2.036000000000000000e+03
3.550000000000000000e+03 1.956000000000000000e+03
3.600000000000000000e+03 2.021000000000000000e+03
3.650000000000000000e+03 2.100000000000000000e+03
3.700000000000000000e+03 2.049000000000000000e+03
3.750000000000000000e+03 2.159000000000000000e+03
3.800000000000000000e+03 2.249000000000000000e+03
3.850000000000000000e+03 2.223000000000000000e+03
3.900000000000000000e+03 2.316000000000000000e+03
3.950000000000000000e+03 2.453000000000000000e+03
4.000000000000000000e+03 2.533000000000000000e+03
4.050000000000000000e+03 2.659000000000000000e+03
4.100000000000000000e+03 2.689000000000000000e+03
4.150000000000000000e+03 3.012000000000000000e+03
4.200000000000000000e+03 3.254000000000000000e+03
4.250000000000000000e+03 3.403000000000000000e+03
4.300000000000000000e+03 3.598000000000000000e+03
4.350000000000000000e+03 3.751000000000000000e+03
4.400000000000000000e+03 3.904000000000000000e+03
4.450000000000000000e+03 4.051000000000000000e+03
4.500000000000000000e+03 4.137000000000000000e+03
4.550000000000000000e+03 4.427000000000000000e+03
4.600000000000000000e+03 4.623000000000000000e+03
4.650000000000000000e+03 4.907000000000000000e+03
4.700000000000000000e+03 5.092000000000000000e+03
4.750000000000000000e+03 5.249000000000000000e+03
4.800000000000000000e+03 5.237000000000000000e+03
4.850000000000000000e+03 5.523000000000000000e+03
4.900000000000000000e+03 5.614000000000000000e+03
4.950000000000000000e+03 5.873000000000000000e+03
5.000000000000000000e+03 5.807000000000000000e+03
5.050000000000000000e+03 5.971000000000000000e+03
5.100000000000000000e+03 6.077000000000000000e+03
5.150000000000000000e+03 6.287000000000000000e+03
5.200000000000000000e+03 6.236000000000000000e+03
5.250000000000000000e+03 6.441000000000000000e+03
5.300000000000000000e+03 6.475000000000000000e+03
5.350000000000000000e+03 6.650000000000000000e+03
5.400000000000000000e+03 6.560000000000000000e+03
5.450000000000000000e+03 6.821000000000000000e+03
5.500000000000000000e+03 6.811000000000000000e+03
5.550000000000000000e+03 6.783000000000000000e+03
5.600000000000000000e+03 6.902000000000000000e+03
5.650000000000000000e+03 6.851000000000000000e+03
5.700000000000000000e+03 6.838000000000000000e+03
5.750000000000000000e+03 6.932000000000000000e+03
5.800000000000000000e+03 6.883000000000000000e+03
5.850000000000000000e+03 6.884000000000000000e+03
5.900000000000000000e+03 6.899000000000000000e+03
5.950000000000000000e+03 6.876000000000000000e+03
6.000000000000000000e+03 6.856000000000000000e+03
6.050000000000000000e+03 6.789000000000000000e+03
6.100000000000000000e+03 6.922000000000000000e+03
6.150000000000000000e+03 6.959000000000000000e+03
6.200000000000000000e+03 6.929000000000000000e+03
6.250000000000000000e+03 6.741000000000000000e+03
6.300000000000000000e+03 6.967000000000000000e+03
6.350000000000000000e+03 6.725000000000000000e+03
6.400000000000000000e+03 6.743000000000000000e+03
6.450000000000000000e+03 6.615000000000000000e+03
6.500000000000000000e+03 6.678000000000000000e+03
6.550000000000000000e+03 6.600000000000000000e+03
6.600000000000000000e+03 6.650000000000000000e+03
6.650000000000000000e+03 6.590000000000000000e+03
6.700000000000000000e+03 6.326000000000000000e+03
6.750000000000000000e+03 6.439000000000000000e+03
6.800000000000000000e+03 6.340000000000000000e+03
6.850000000000000000e+03 6.123000000000000000e+03
6.900000000000000000e+03 5.976000000000000000e+03
6.950000000000000000e+03 6.085000000000000000e+03
7.000000000000000000e+03 5.776000000000000000e+03
7.050000000000000000e+03 5.682000000000000000e+03
7.100000000000000000e+03 5.761000000000000000e+03
7.150000000000000000e+03 5.509000000000000000e+03
7.200000000000000000e+03 5.337000000000000000e+03
7.250000000000000000e+03 5.294000000000000000e+03
7.300000000000000000e+03 5.144000000000000000e+03
7.350000000000000000e+03 5.031000000000000000e+03
7.400000000000000000e+03 4.922000000000000000e+03
7.450000000000000000e+03 4.755000000000000000e+03
7.500000000000000000e+03 4.383000000000000000e+03
7.550000000000000000e+03 4.349000000000000000e+03
7.600000000000000000e+03 4.163000000000000000e+03
7.650000000000000000e+03 4.050000000000000000e+03
7.700000000000000000e+03 3.803000000000000000e+03
7.750000000000000000e+03 3.698000000000000000e+03
7.800000000000000000e+03 3.616000000000000000e+03
7.850000000000000000e+03 3.401000000000000000e+03
7.900000000000000000e+03 3.087000000000000000e+03
7.950000000000000000e+03 2.949000000000000000e+03
8.000000000000000000e+03 3.020000000000000000e+03
8.050000000000000000e+03 2.718000000000000000e+03
8.100000000000000000e+03 2.617000000000000000e+03
8.150000000000000000e+03 2.459000000000000000e+03
8.200000000000000000e+03 2.463000000000000000e+03
8.250000000000000000e+03 2.413000000000000000e+03
8.300000000000000000e+03 2.274000000000000000e+03
8.350000000000000000e+03 2.167000000000000000e+03
8.400000000000000000e+03 2.141000000000000000e+03
8.450000000000000000e+03 2.021000000000000000e+03
8.500000000000000000e+03 2.092000000000000000e+03
8.550000000000000000e+03 2.048000000000000000e+03
8.600000000000000000e+03 2.005000000000000000e+03
8.650000000000000000e+03 2.056000000000000000e+03
8.700000000000000000e+03 2.069000000000000000e+03
8.750000000000000000e+03 2.105000000000000000e+03
8.800000000000000000e+03 2.130000000000000000e+03
8.850000000000000000e+03 2.245000000000000000e+03
8.900000000000000000e+03 2.404000000000000000e+03
8.950000000000000000e+03 2.407000000000000000e+03
9.000000000000000000e+03 2.606000000000000000e+03
9.050000000000000000e+03 2.721000000000000000e+03
9.100000000000000000e+03 2.873000000000000000e+03
9.150000000000000000e+03 3.027000000000000000e+03
9.200000000000000000e+03 3.177000000000000000e+03
9.250000000000000000e+03 3.191000000000000000e+03
9.300000000000000000e+03 3.671000000000000000e+03
9.350000000000000000e+03 3.659000000000000000e+03
9.400000000000000000e+03 3.955000000000000000e+03
9.450000000000000000e+03 4.231000000000000000e+03
9.500000000000000000e+03 4.439000000000000000e+03
9.550000000000000000e+03 4.493000000000000000e+03
9.600000000000000000e+03 4.778000000000000000e+03
9.650000000000000000e+03 4.879000000000000000e+03
9.700000000000000000e+03 5.030000000000000000e+03
9.750000000000000000e+03 5.164000000000000000e+03
9.800000000000000000e+03 5.336000000000000000e+03
9.850000000000000000e+03 5.358000000000000000e+03
9.900000000000000000e+03 5.713000000000000000e+03
9.950000000000000000e+03 5.667000000000000000e+03
