0.000000000000000000e+00 5.938000000000000000e+03
1.000000000000000000e+02 5.890000000000000000e+03
2.000000000000000000e+02 6.041000000000000000e+03
3.000000000000000000e+02 6.188000000000000000e+03
4.000000000000000000e+02 6.341000000000000000e+03
5.000000000000000000e+02 6.283000000000000000e+03
6.000000000000000000e+02 6.359000000000000000e+03
7.000000000000000000e+02 6.388000000000000000e+03
8.000000000000000000e+02 6.365000000000000000e+03
9.000000000000000000e+02 6.461000000000000000e+03
1.000000000000000000e+03 6.431000000000000000e+03
1.100000000000000000e+03 6.644000000000000000e+03
1.200000000000000000e+03 6.679000000000000000e+03
1.300000000000000000e+03 6.665000000000000000e+03
1.400000000000000000e+03 6.806000000000000000e+03
1.500000000000000000e+03 6.680000000000000000e+03
1.600000000000000000e+03 6.750000000000000000e+03
1.700000000000000000e+03 6.754000000000000000e+03
1.800000000000000000e+03 6.794000000000000000e+03
1.900000000000000000e+03 6.769000000000000000e+03
2.000000000000000000e+03 6.786000000000000000e+03
2.100000000000000000e+03 6.776000000000000000e+03
2.200000000000000000e+03 6.829000000000000000e+03
2.300000000000000000e+03 6.622000000000000000e+03
2.400000000000000000e+03 6.631000000000000000e+03
2.500000000000000000e+03 6.625000000000000000e+03
2.600000000000000000e+03 6.670000000000000000e+03
2.700000000000000000e+03 6.717000000000000000e+03
2.800000000000000000e+03 6.633000000000000000e+03
2.900000000000000000e+03 6.469000000000000000e+03
3.000000000000000000e+03 6.342000000000000000e+03
3.100000000000000000e+03 6.392000000000000000e+03
3.200000000000000000e+03 6.402000000000000000e+03
3.300000000000000000e+03 6.401000000000000000e+03
3.400000000000000000e+03 6.112000000000000000e+03
3.500000000000000000e+03 6.195000000000000000e+03
3.600000000000000000e+03 6.064000000000000000e+03
3.700000000000000000e+03 6.155000000000000000e+03
3.800000000000000000e+03 5.956000000000000000e+03
3.900000000000000000e+03 5.852000000000000000e+03
4.000000000000000000e+03 5.757000000000000000e+03
4.100000000000000000e+03 5.709000000000000000e+03
4.200000000000000000e+03 5.399000000000000000e+03
4.300000000000000000e+03 5.391000000000000000e+03
4.400000000000000000e+03 5.209000000000000000e+03
4.500000000000000000e+03 5.031000000000000000e+03
4.600000000000000000e+03 4.923000000000000000e+03
4.700000000000000000e+03 4.772000000000000000e+03
4.800000000000000000e+03 4.534000000000000000e+03
4.900000000000000000e+03 4.292000000000000000e+03
5.000000000000000000e+03 4.250000000000000000e+03
5.100000000000000000e+03 3.966000000000000000e+03
5.200000000000000000e+03 3.944000000000000000e+03
5.300000000000000000e+03 3.836000000000000000e+03
5.400000000000000000e+03 3.561000000000000000e+03
5.500000000000000000e+03 3.391000000000000000e+03
5.600000000000000000e+03 3.227000000000000000e+03
5.700000000000000000e+03 3.157000000000000000e+03
5.800000000000000000e+03 2.936000000000000000e+03
5.900000000000000000e+03 2.787000000000000000e+03
6.000000000000000000e+03 2.655000000000000000e+03
6.100000000000000000e+03 2.478000000000000000e+03
6.200000000000000000e+03 2.410000000000000000e+03
6.300000000000000000e+03 2.233000000000000000e+03
6.400000000000000000e+03 2.092000000000000000e+03
6.500000000000000000e+03 1.968000000000000000e+03
6.600000000000000000e+03 1.956000000000000000e+03
6.700000000000000000e+03 1.883000000000000000e+03
6.800000000000000000e+03 1.840000000000000000e+03
6.900000000000000000e+03 1.831000000000000000e+03
7.000000000000000000e+03 1.849000000000000000e+03
7.100000000000000000e+03 1.806000000000000000e+03
7.200000000000000000e+03 1.842000000000000000e+03
7.300000000000000000e+03 1.830000000000000000e+03
7.400000000000000000e+03 1.954000000000000000e+03
7.500000000000000000e+03 1.958000000000000000e+03
7.600000000000000000e+03 2.128000000000000000e+03
7.700000000000000000e+03 2.130000000000000000e+03
7.800000000000000000e+03 2.217000000000000000e+03
7.900000000000000000e+03 2.400000000000000000e+03
8.000000000000000000e+03 2.479000000000000000e+03
8.100000000000000000e+03 2.613000000000000000e+03
8.200000000000000000e+03 2.851000000000000000e+03
8.300000000000000000e+03 2.942000000000000000e+03
8.400000000000000000e+03 3.122000000000000000e+03
8.500000000000000000e+03 3.440000000000000000e+03
8.600000000000000000e+03 3.534000000000000000e+03
8.700000000000000000e+03 3.642000000000000000e+03
8.800000000000000000e+03 3.828000000000000000e+03
8.900000000000000000e+03 4.176000000000000000e+03
9.000000000000000000e+03 4.264000000000000000e+03
9.100000000000000000e+03 4.458000000000000000e+03
9.200000000000000000e+03 4.581000000000000000e+03
9.300000000000000000e+03 4.828000000000000000e+03
9.400000000000000000e+03 5.023000000000000000e+03
9.500000000000000000e+03 5.247000000000000000e+03
9.600000000000000000e+03 5.344000000000000000e+03
9.700000000000000000e+03 5.384000000000000000e+03
9.800000000000000000e+03 5.579000000000000000e+03
9.900000000000000000e+03 5.613000000000000000e+03
1.000000000000000000e+04 5.815000000000000000e+03
1.010000000000000000e+04 6.009000000000000000e+03
1.020000000000000000e+04 6.077000000000000000e+03
1.030000000000000000e+04 6.228000000000000000e+03
1.040000000000000000e+04 6.184000000000000000e+03
1.050000000000000000e+04 6.345000000000000000e+03
1.060000000000000000e+04 6.438000000000000000e+03
1.070000000000000000e+04 6.305000000000000000e+03
1.080000000000000000e+04 6.324000000000000000e+03
1.090000000000000000e+04 6.526000000000000000e+03
1.100000000000000000e+04 6.599000000000000000e+03
1.110000000000000000e+04 6.530000000000000000e+03
1.120000000000000000e+04 6.603000000000000000e+03
1.130000000000000000e+04 6.632000000000000000e+03
1.140000000000000000e+04 6.598000000000000000e+03
1.150000000000000000e+04 6.606000000000000000e+03
1.160000000000000000e+04 6.710000000000000000e+03
1.170000000000000000e+04 6.648000000000000000e+03
1.180000000000000000e+04 6.711000000000000000e+03
1.190000000000000000e+04 6.769000000000000000e+03
1.200000000000000000e+04 6.764000000000000000e+03
1.210000000000000000e+04 6.755000000000000000e+03
1.220000000000000000e+04 6.619000000000000000e+03
1.230000000000000000e+04 6.717000000000000000e+03
1.240000000000000000e+04 6.629000000000000000e+03
1.250000000000000000e+04 6.811000000000000000e+03
1.260000000000000000e+04 6.627000000000000000e+03
1.270000000000000000e+04 6.716000000000000000e+03
1.280000000000000000e+04 6.494000000000000000e+03
1.290000000000000000e+04 6.418000000000000000e+03
1.300000000000000000e+04 6.605000000000000000e+03
1.310000000000000000e+04 6.489000000000000000e+03
1.320000000000000000e+04 6.345000000000000000e+03
1.330000000000000000e+04 6.158000000000000000e+03
1.340000000000000000e+04 6.263000000000000000e+03
1.350000000000000000e+04 6.351000000000000000e+03
1.360000000000000000e+04 6.192000000000000000e+03
1.370000000000000000e+04 6.157000000000000000e+03
1.380000000000000000e+04 5.979000000000000000e+03
1.390000000000000000e+04 5.928000000000000000e+03
1.400000000000000000e+04 5.856000000000000000e+03
1.410000000000000000e+04 5.556000000000000000e+03
1.420000000000000000e+04 5.574000000000000000e+03
1.430000000000000000e+04 5.396000000000000000e+03
1.440000000000000000e+04 5.258000000000000000e+03
1.450000000000000000e+04 5.134000000000000000e+03
1.460000000000000000e+04 4.945000000000000000e+03
1.470000000000000000e+04 4.752000000000000000e+03
1.480000000000000000e+04 4.664000000000000000e+03
1.490000000000000000e+04 4.530000000000000000e+03
1.500000000000000000e+04 4.198000000000000000e+03
1.510000000000000000e+04 4.102000000000000000e+03
1.520000000000000000e+04 3.992000000000000000e+03
1.530000000000000000e+04 3.597000000000000000e+03
1.540000000000000000e+04 3.504000000000000000e+03
1.550000000000000000e+04 3.302000000000000000e+03
1.560000000000000000e+04 3.174000000000000000e+03
1.570000000000000000e+04 3.050000000000000000e+03
1.580000000000000000e+04 2.828000000000000000e+03
1.590000000000000000e+04 2.829000000000000000e+03
1.600000000000000000e+04 2.572000000000000000e+03
1.610000000000000000e+04 2.510000000000000000e+03
1.620000000000000000e+04 2.338000000000000000e+03
1.630000000000000000e+04 2.246000000000000000e+03
1.640000000000000000e+04 2.137000000000000000e+03
1.650000000000000000e+04 2.062000000000000000e+03
1.660000000000000000e+04 1.999000000000000000e+03
1.670000000000000000e+04 1.933000000000000000e+03
1.680000000000000000e+04 1.814000000000000000e+03
1.690000000000000000e+04 1.821000000000000000e+03
1.700000000000000000e+04 1.822000000000000000e+03
1.710000000000000000e+04 1.784000000000000000e+03
1.720000000000000000e+04 1.839000000000000000e+03
1.730000000000000000e+04 1.906000000000000000e+03
1.740000000000000000e+04 1.851000000000000000e+03
1.750000000000000000e+04 2.047000000000000000e+03
1.760000000000000000e+04 2.052000000000000000e+03
1.770000000000000000e+04 2.150000000000000000e+03
1.780000000000000000e+04 2.318000000000000000e+03
1.790000000000000000e+04 2.403000000000000000e+03
1.800000000000000000e+04 2.523000000000000000e+03
1.810000000000000000e+04 2.716000000000000000e+03
1.820000000000000000e+04 2.929000000000000000e+03
1.830000000000000000e+04 3.037000000000000000e+03
1.840000000000000000e+04 3.215000000000000000e+03
1.850000000000000000e+04 3.260000000000000000e+03
1.860000000000000000e+04 3.553000000000000000e+03
1.870000000000000000e+04 3.791000000000000000e+03
1.880000000000000000e+04 3.876000000000000000e+03
1.890000000000000000e+04 4.070000000000000000e+03
1.900000000000000000e+04 4.143000000000000000e+03
1.910000000000000000e+04 4.345000000000000000e+03
1.920000000000000000e+04 4.783000000000000000e+03
1.930000000000000000e+04 4.840000000000000000e+03
1.940000000000000000e+04 4.946000000000000000e+03
1.950000000000000000e+04 5.191000000000000000e+03
1.960000000000000000e+04 5.310000000000000000e+03
1.970000000000000000e+04 5.394000000000000000e+03
1.980000000000000000e+04 5.487000000000000000e+03
1.990000000000000000e+04 5.708000000000000000e+03
