0.000000000000000000e+00 6.380000000000000000e+03
1.420000000000000000e+02 6.392000000000000000e+03
2.840000000000000000e+02 6.435000000000000000e+03
4.260000000000000000e+02 6.660000000000000000e+03
5.680000000000000000e+02 6.535000000000000000e+03
7.100000000000000000e+02 6.895000000000000000e+03
8.520000000000000000e+02 6.755000000000000000e+03
9.940000000000000000e+02 7.010000000000000000e+03
1.136000000000000000e+03 6.987000000000000000e+03
1.278000000000000000e+03 7.004000000000000000e+03
1.420000000000000000e+03 7.220000000000000000e+03
1.562000000000000000e+03 7.248000000000000000e+03
1.704000000000000000e+03 7.139000000000000000e+03
1.846000000000000000e+03 7.042000000000000000e+03
1.988000000000000000e+03 7.213000000000000000e+03
2.130000000000000000e+03 7.375000000000000000e+03
2.272000000000000000e+03 7.412000000000000000e+03
2.414000000000000000e+03 7.165000000000000000e+03
2.556000000000000000e+03 7.300000000000000000e+03
2.698000000000000000e+03 7.350000000000000000e+03
2.840000000000000000e+03 7.387000000000000000e+03
2.982000000000000000e+03 7.262000000000000000e+03
3.124000000000000000e+03 7.267000000000000000e+03
3.266000000000000000e+03 7.369000000000000000e+03
3.408000000000000000e+03 7.377000000000000000e+03
3.550000000000000000e+03 7.412000000000000000e+03
3.692000000000000000e+03 7.137000000000000000e+03
3.834000000000000000e+03 7.073000000000000000e+03
3.976000000000000000e+03 7.140000000000000000e+03
4.118000000000000000e+03 7.163000000000000000e+03
4.260000000000000000e+03 6.877000000000000000e+03
4.402000000000000000e+03 7.145000000000000000e+03
4.544000000000000000e+03 7.108000000000000000e+03
4.686000000000000000e+03 6.862000000000000000e+03
4.828000000000000000e+03 6.745000000000000000e+03
4.970000000000000000e+03 6.679000000000000000e+03
5.112000000000000000e+03 6.386000000000000000e+03
5.254000000000000000e+03 6.608000000000000000e+03
5.396000000000000000e+03 6.313000000000000000e+03
5.538000000000000000e+03 6.200000000000000000e+03
5.680000000000000000e+03 6.163000000000000000e+03
5.822000000000000000e+03 6.154000000000000000e+03
5.964000000000000000e+03 5.981000000000000000e+03
6.106000000000000000e+03 5.860000000000000000e+03
6.248000000000000000e+03 5.728000000000000000e+03
6.390000000000000000e+03 5.451000000000000000e+03
6.532000000000000000e+03 5.190000000000000000e+03
6.674000000000000000e+03 5.032000000000000000e+03
6.816000000000000000e+03 4.956000000000000000e+03
6.958000000000000000e+03 4.653000000000000000e+03
7.100000000000000000e+03 4.466000000000000000e+03
7.242000000000000000e+03 4.373000000000000000e+03
7.384000000000000000e+03 4.135000000000000000e+03
7.526000000000000000e+03 4.081000000000000000e+03
7.668000000000000000e+03 3.893000000000000000e+03
7.810000000000000000e+03 3.563000000000000000e+03
7.952000000000000000e+03 3.406000000000000000e+03
8.094000000000000000e+03 3.262000000000000000e+03
8.236000000000000000e+03 3.107000000000000000e+03
8.378000000000000000e+03 2.934000000000000000e+03
8.520000000000000000e+03 2.746000000000000000e+03
8.662000000000000000e+03 2.649000000000000000e+03
8.804000000000000000e+03 2.563000000000000000e+03
8.946000000000000000e+03 2.353000000000000000e+03
9.088000000000000000e+03 2.291000000000000000e+03
9.230000000000000000e+03 2.265000000000000000e+03
9.372000000000000000e+03 2.097000000000000000e+03
9.514000000000000000e+03 2.053000000000000000e+03
9.656000000000000000e+03 1.885000000000000000e+03
9.798000000000000000e+03 1.939000000000000000e+03
9.940000000000000000e+03 2.040000000000000000e+03
1.008200000000000000e+04 1.996000000000000000e+03
1.022400000000000000e+04 1.862000000000000000e+03
1.036600000000000000e+04 1.962000000000000000e+03
1.050800000000000000e+04 1.951000000000000000e+03
1.065000000000000000e+04 1.975000000000000000e+03
1.079200000000000000e+04 2.146000000000000000e+03
1.093400000000000000e+04 2.227000000000000000e+03
1.107600000000000000e+04 2.417000000000000000e+03
1.121800000000000000e+04 2.459000000000000000e+03
1.136000000000000000e+04 2.636000000000000000e+03
1.150200000000000000e+04 2.801000000000000000e+03
1.164400000000000000e+04 3.129000000000000000e+03
1.178600000000000000e+04 3.167000000000000000e+03
1.192800000000000000e+04 3.303000000000000000e+03
1.207000000000000000e+04 3.393000000000000000e+03
1.221200000000000000e+04 3.725000000000000000e+03
1.235400000000000000e+04 3.897000000000000000e+03
1.249600000000000000e+04 4.081000000000000000e+03
1.263800000000000000e+04 4.433000000000000000e+03
1.278000000000000000e+04 4.423000000000000000e+03
1.292200000000000000e+04 4.788000000000000000e+03
1.306400000000000000e+04 4.961000000000000000e+03
1.320600000000000000e+04 5.126000000000000000e+03
1.334800000000000000e+04 5.179000000000000000e+03
1.349000000000000000e+04 5.420000000000000000e+03
1.363200000000000000e+04 5.621000000000000000e+03
1.377400000000000000e+04 5.762000000000000000e+03
1.391600000000000000e+04 5.913000000000000000e+03
1.405800000000000000e+04 6.055000000000000000e+03
1.420000000000000000e+04 6.133000000000000000e+03
1.434200000000000000e+04 6.224000000000000000e+03
1.448400000000000000e+04 6.385000000000000000e+03
1.462600000000000000e+04 6.574000000000000000e+03
1.476800000000000000e+04 6.625000000000000000e+03
1.491000000000000000e+04 6.724000000000000000e+03
1.505200000000000000e+04 6.771000000000000000e+03
1.519400000000000000e+04 6.846000000000000000e+03
1.533600000000000000e+04 6.956000000000000000e+03
1.547800000000000000e+04 7.026000000000000000e+03
1.562000000000000000e+04 6.965000000000000000e+03
1.576200000000000000e+04 7.040000000000000000e+03
1.590400000000000000e+04 7.224000000000000000e+03
1.604600000000000000e+04 7.149000000000000000e+03
1.618800000000000000e+04 7.458000000000000000e+03
1.633000000000000000e+04 7.167000000000000000e+03
1.647200000000000000e+04 7.281000000000000000e+03
1.661400000000000000e+04 7.362000000000000000e+03
1.675600000000000000e+04 7.246000000000000000e+03
1.689800000000000000e+04 7.225000000000000000e+03
1.704000000000000000e+04 7.240000000000000000e+03
1.718200000000000000e+04 7.202000000000000000e+03
1.732400000000000000e+04 7.236000000000000000e+03
1.746600000000000000e+04 7.146000000000000000e+03
1.760800000000000000e+04 7.394000000000000000e+03
1.775000000000000000e+04 7.263000000000000000e+03
1.789200000000000000e+04 7.292000000000000000e+03
1.803400000000000000e+04 7.371000000000000000e+03
1.817600000000000000e+04 7.148000000000000000e+03
1.831800000000000000e+04 7.060000000000000000e+03
1.846000000000000000e+04 7.063000000000000000e+03
1.860200000000000000e+04 6.879000000000000000e+03
1.874400000000000000e+04 7.058000000000000000e+03
1.888600000000000000e+04 6.932000000000000000e+03
1.902800000000000000e+04 6.896000000000000000e+03
1.917000000000000000e+04 6.666000000000000000e+03
1.931200000000000000e+04 6.779000000000000000e+03
1.945400000000000000e+04 6.645000000000000000e+03
1.959600000000000000e+04 6.369000000000000000e+03
1.973800000000000000e+04 6.343000000000000000e+03
1.988000000000000000e+04 6.310000000000000000e+03
2.002200000000000000e+04 6.293000000000000000e+03
2.016400000000000000e+04 5.943000000000000000e+03
2.030600000000000000e+04 5.879000000000000000e+03
2.044800000000000000e+04 5.827000000000000000e+03
2.059000000000000000e+04 5.635000000000000000e+03
2.073200000000000000e+04 5.263000000000000000e+03
2.087400000000000000e+04 5.196000000000000000e+03
2.101600000000000000e+04 4.945000000000000000e+03
2.115800000000000000e+04 4.884000000000000000e+03
2.130000000000000000e+04 4.755000000000000000e+03
2.144200000000000000e+04 4.593000000000000000e+03
2.158400000000000000e+04 4.298000000000000000e+03
2.172600000000000000e+04 4.100000000000000000e+03
2.186800000000000000e+04 3.942000000000000000e+03
2.201000000000000000e+04 3.882000000000000000e+03
2.215200000000000000e+04 3.562000000000000000e+03
2.229400000000000000e+04 3.317000000000000000e+03
2.243600000000000000e+04 3.219000000000000000e+03
2.257800000000000000e+04 3.107000000000000000e+03
2.272000000000000000e+04 2.844000000000000000e+03
2.286200000000000000e+04 2.659000000000000000e+03
2.300400000000000000e+04 2.570000000000000000e+03
2.314600000000000000e+04 2.448000000000000000e+03
2.328800000000000000e+04 2.262000000000000000e+03
2.343000000000000000e+04 2.262000000000000000e+03
2.357200000000000000e+04 2.159000000000000000e+03
2.371400000000000000e+04 2.047000000000000000e+03
2.385600000000000000e+04 2.032000000000000000e+03
2.399800000000000000e+04 2.022000000000000000e+03
2.414000000000000000e+04 1.932000000000000000e+03
2.428200000000000000e+04 1.872000000000000000e+03
2.442400000000000000e+04 1.992000000000000000e+03
2.456600000000000000e+04 1.936000000000000000e+03
2.470800000000000000e+04 1.861000000000000000e+03
2.485000000000000000e+04 2.001000000000000000e+03
2.499200000000000000e+04 2.090000000000000000e+03
2.513400000000000000e+04 2.188000000000000000e+03
2.527600000000000000e+04 2.316000000000000000e+03
2.541800000000000000e+04 2.315000000000000000e+03
2.556000000000000000e+04 2.489000000000000000e+03
2.570200000000000000e+04 2.738000000000000000e+03
2.584400000000000000e+04 2.903000000000000000e+03
2.598600000000000000e+04 3.099000000000000000e+03
2.612800000000000000e+04 3.225000000000000000e+03
2.627000000000000000e+04 3.332000000000000000e+03
2.641200000000000000e+04 3.524000000000000000e+03
2.655400000000000000e+04 3.875000000000000000e+03
2.669600000000000000e+04 4.126000000000000000e+03
2.683800000000000000e+04 4.316000000000000000e+03
2.698000000000000000e+04 4.514000000000000000e+03
2.712200000000000000e+04 4.740000000000000000e+03
2.726400000000000000e+04 4.838000000000000000e+03
2.740600000000000000e+04 5.011000000000000000e+03
2.754800000000000000e+04 5.261000000000000000e+03
2.769000000000000000e+04 5.422000000000000000e+03
2.783200000000000000e+04 5.654000000000000000e+03
2.797400000000000000e+04 5.641000000000000000e+03
2.811600000000000000e+04 5.791000000000000000e+03
2.825800000000000000e+04 5.915000000000000000e+03
2.840000000000000000e+04 6.126000000000000000e+03
