0.000000000000000000e+00 4.267000000000000000e+03
2.000000000000000000e+01 4.597000000000000000e+03
4.000000000000000000e+01 4.809000000000000000e+03
6.000000000000000000e+01 4.946000000000000000e+03
8.000000000000000000e+01 5.031000000000000000e+03
1.000000000000000000e+02 5.296000000000000000e+03
1.200000000000000000e+02 5.229000000000000000e+03
1.400000000000000000e+02 5.435000000000000000e+03
1.600000000000000000e+02 5.506000000000000000e+03
1.800000000000000000e+02 5.677000000000000000e+03
2.000000000000000000e+02 5.608000000000000000e+03
2.200000000000000000e+02 5.842000000000000000e+03
2.400000000000000000e+02 5.892000000000000000e+03
2.600000000000000000e+02 5.883000000000000000e+03
2.800000000000000000e+02 5.921000000000000000e+03
3.000000000000000000e+02 6.009000000000000000e+03
3.200000000000000000e+02 5.957000000000000000e+03
3.400000000000000000e+02 6.131000000000000000e+03
3.600000000000000000e+02 5.979000000000000000e+03
3.800000000000000000e+02 5.984000000000000000e+03
4.000000000000000000e+02 6.060000000000000000e+03
4.200000000000000000e+02 6.050000000000000000e+03
4.400000000000000000e+02 6.166000000000000000e+03
4.600000000000000000e+02 6.244000000000000000e+03
4.800000000000000000e+02 6.266000000000000000e+03
5.000000000000000000e+02 6.046000000000000000e+03
5.200000000000000000e+02 6.128000000000000000e+03
5.400000000000000000e+02 6.247000000000000000e+03
5.600000000000000000e+02 6.107000000000000000e+03
5.800000000000000000e+02 6.008000000000000000e+03
6.000000000000000000e+02 6.160000000000000000e+03
6.200000000000000000e+02 6.033000000000000000e+03
6.400000000000000000e+02 6.048000000000000000e+03
6.600000000000000000e+02 5.955000000000000000e+03
6.800000000000000000e+02 5.887000000000000000e+03
7.000000000000000000e+02 5.809000000000000000e+03
7.200000000000000000e+02 5.849000000000000000e+03
7.400000000000000000e+02 5.742000000000000000e+03
7.600000000000000000e+02 5.542000000000000000e+03
7.800000000000000000e+02 5.494000000000000000e+03
8.000000000000000000e+02 5.392000000000000000e+03
8.200000000000000000e+02 5.340000000000000000e+03
8.400000000000000000e+02 5.295000000000000000e+03
8.600000000000000000e+02 5.246000000000000000e+03
8.800000000000000000e+02 5.069000000000000000e+03
9.000000000000000000e+02 5.013000000000000000e+03
9.200000000000000000e+02 4.810000000000000000e+03
9.400000000000000000e+02 4.738000000000000000e+03
9.600000000000000000e+02 4.654000000000000000e+03
9.800000000000000000e+02 4.351000000000000000e+03
1.000000000000000000e+03 4.350000000000000000e+03
1.020000000000000000e+03 4.099000000000000000e+03
1.040000000000000000e+03 4.025000000000000000e+03
1.060000000000000000e+03 3.802000000000000000e+03
1.080000000000000000e+03 3.760000000000000000e+03
1.100000000000000000e+03 3.619000000000000000e+03
1.120000000000000000e+03 3.522000000000000000e+03
1.140000000000000000e+03 3.263000000000000000e+03
1.160000000000000000e+03 3.200000000000000000e+03
1.180000000000000000e+03 3.040000000000000000e+03
1.200000000000000000e+03 2.922000000000000000e+03
1.220000000000000000e+03 2.749000000000000000e+03
1.240000000000000000e+03 2.632000000000000000e+03
1.260000000000000000e+03 2.522000000000000000e+03
1.280000000000000000e+03 2.448000000000000000e+03
1.300000000000000000e+03 2.444000000000000000e+03
1.320000000000000000e+03 2.324000000000000000e+03
1.340000000000000000e+03 2.171000000000000000e+03
1.360000000000000000e+03 2.081000000000000000e+03
1.380000000000000000e+03 2.030000000000000000e+03
1.400000000000000000e+03 1.963000000000000000e+03
1.420000000000000000e+03 1.908000000000000000e+03
1.440000000000000000e+03 1.911000000000000000e+03
1.460000000000000000e+03 1.782000000000000000e+03
1.480000000000000000e+03 1.737000000000000000e+03
1.500000000000000000e+03 1.751000000000000000e+03
1.520000000000000000e+03 1.723000000000000000e+03
1.540000000000000000e+03 1.730000000000000000e+03
1.560000000000000000e+03 1.780000000000000000e+03
1.580000000000000000e+03 1.851000000000000000e+03
1.600000000000000000e+03 1.837000000000000000e+03
1.620000000000000000e+03 1.783000000000000000e+03
1.640000000000000000e+03 1.780000000000000000e+03
1.660000000000000000e+03 1.896000000000000000e+03
1.680000000000000000e+03 1.956000000000000000e+03
1.700000000000000000e+03 2.114000000000000000e+03
1.720000000000000000e+03 2.168000000000000000e+03
1.740000000000000000e+03 2.316000000000000000e+03
1.760000000000000000e+03 2.478000000000000000e+03
1.780000000000000000e+03 2.585000000000000000e+03
1.800000000000000000e+03 2.688000000000000000e+03
1.820000000000000000e+03 2.947000000000000000e+03
1.840000000000000000e+03 3.125000000000000000e+03
1.860000000000000000e+03 3.286000000000000000e+03
1.880000000000000000e+03 3.464000000000000000e+03
1.900000000000000000e+03 3.633000000000000000e+03
1.920000000000000000e+03 3.710000000000000000e+03
1.940000000000000000e+03 3.844000000000000000e+03
1.960000000000000000e+03 4.132000000000000000e+03
1.980000000000000000e+03 4.383000000000000000e+03
2.000000000000000000e+03 4.314000000000000000e+03
2.020000000000000000e+03 4.591000000000000000e+03
2.040000000000000000e+03 4.734000000000000000e+03
2.060000000000000000e+03 4.874000000000000000e+03
2.080000000000000000e+03 4.984000000000000000e+03
2.100000000000000000e+03 5.149000000000000000e+03
2.120000000000000000e+03 5.210000000000000000e+03
2.140000000000000000e+03 5.432000000000000000e+03
2.160000000000000000e+03 5.376000000000000000e+03
2.180000000000000000e+03 5.465000000000000000e+03
2.200000000000000000e+03 5.625000000000000000e+03
2.220000000000000000e+03 5.828000000000000000e+03
2.240000000000000000e+03 5.776000000000000000e+03
2.260000000000000000e+03 5.874000000000000000e+03
2.280000000000000000e+03 5.790000000000000000e+03
2.300000000000000000e+03 6.049000000000000000e+03
2.320000000000000000e+03 6.008000000000000000e+03
2.340000000000000000e+03 6.060000000000000000e+03
2.360000000000000000e+03 6.056000000000000000e+03
2.380000000000000000e+03 6.083000000000000000e+03
2.400000000000000000e+03 6.111000000000000000e+03
2.420000000000000000e+03 6.172000000000000000e+03
2.440000000000000000e+03 6.013000000000000000e+03
2.460000000000000000e+03 6.059000000000000000e+03
2.480000000000000000e+03 6.154000000000000000e+03
2.500000000000000000e+03 6.310000000000000000e+03
2.520000000000000000e+03 6.085000000000000000e+03
2.540000000000000000e+03 6.095000000000000000e+03
2.560000000000000000e+03 6.174000000000000000e+03
2.580000000000000000e+03 6.003000000000000000e+03
2.600000000000000000e+03 6.070000000000000000e+03
2.620000000000000000e+03 5.968000000000000000e+03
2.640000000000000000e+03 5.891000000000000000e+03
2.660000000000000000e+03 6.036000000000000000e+03
2.680000000000000000e+03 5.986000000000000000e+03
2.700000000000000000e+03 6.000000000000000000e+03
2.720000000000000000e+03 5.720000000000000000e+03
2.740000000000000000e+03 5.751000000000000000e+03
2.760000000000000000e+03 5.609000000000000000e+03
2.780000000000000000e+03 5.373000000000000000e+03
2.800000000000000000e+03 5.408000000000000000e+03
2.820000000000000000e+03 5.383000000000000000e+03
2.840000000000000000e+03 5.211000000000000000e+03
2.860000000000000000e+03 5.138000000000000000e+03
2.880000000000000000e+03 5.129000000000000000e+03
2.900000000000000000e+03 4.930000000000000000e+03
2.920000000000000000e+03 4.945000000000000000e+03
2.940000000000000000e+03 4.732000000000000000e+03
2.960000000000000000e+03 4.461000000000000000e+03
2.980000000000000000e+03 4.446000000000000000e+03
3.000000000000000000e+03 4.356000000000000000e+03
3.020000000000000000e+03 4.070000000000000000e+03
3.040000000000000000e+03 4.032000000000000000e+03
3.060000000000000000e+03 3.779000000000000000e+03
3.080000000000000000e+03 3.704000000000000000e+03
3.100000000000000000e+03 3.603000000000000000e+03
3.120000000000000000e+03 3.530000000000000000e+03
3.140000000000000000e+03 3.324000000000000000e+03
3.160000000000000000e+03 3.207000000000000000e+03
3.180000000000000000e+03 3.071000000000000000e+03
3.200000000000000000e+03 2.967000000000000000e+03
3.220000000000000000e+03 2.731000000000000000e+03
3.240000000000000000e+03 2.707000000000000000e+03
3.260000000000000000e+03 2.605000000000000000e+03
3.280000000000000000e+03 2.412000000000000000e+03
3.300000000000000000e+03 2.380000000000000000e+03
3.320000000000000000e+03 2.228000000000000000e+03
3.340000000000000000e+03 2.198000000000000000e+03
3.360000000000000000e+03 2.112000000000000000e+03
3.380000000000000000e+03 2.068000000000000000e+03
3.400000000000000000e+03 1.933000000000000000e+03
3.420000000000000000e+03 1.963000000000000000e+03
3.440000000000000000e+03 1.931000000000000000e+03
3.460000000000000000e+03 1.829000000000000000e+03
3.480000000000000000e+03 1.768000000000000000e+03
3.500000000000000000e+03 1.836000000000000000e+03
3.520000000000000000e+03 1.733000000000000000e+03
3.540000000000000000e+03 1.758000000000000000e+03
3.560000000000000000e+03 1.735000000000000000e+03
3.580000000000000000e+03 1.711000000000000000e+03
3.600000000000000000e+03 1.840000000000000000e+03
3.620000000000000000e+03 1.932000000000000000e+03
3.640000000000000000e+03 1.910000000000000000e+03
3.660000000000000000e+03 1.961000000000000000e+03
3.680000000000000000e+03 2.057000000000000000e+03
3.700000000000000000e+03 2.108000000000000000e+03
3.720000000000000000e+03 2.170000000000000000e+03
3.740000000000000000e+03 2.417000000000000000e+03
3.760000000000000000e+03 2.405000000000000000e+03
3.780000000000000000e+03 2.612000000000000000e+03
3.800000000000000000e+03 2.817000000000000000e+03
3.820000000000000000e+03 2.921000000000000000e+03
3.840000000000000000e+03 3.137000000000000000e+03
3.860000000000000000e+03 3.164000000000000000e+03
3.880000000000000000e+03 3.395000000000000000e+03
3.900000000000000000e+03 3.568000000000000000e+03
3.920000000000000000e+03 3.990000000000000000e+03
3.940000000000000000e+03 3.951000000000000000e+03
3.960000000000000000e+03 4.084000000000000000e+03
3.980000000000000000e+03 4.378000000000000000e+03
