0.000000000000000000e+00 6.773000000000000000e+03
1.000000000000000000e+03 7.105000000000000000e+03
2.000000000000000000e+03 7.322000000000000000e+03
3.000000000000000000e+03 7.217000000000000000e+03
4.000000000000000000e+03 7.342000000000000000e+03
5.000000000000000000e+03 7.334000000000000000e+03
6.000000000000000000e+03 7.407000000000000000e+03
7.000000000000000000e+03 7.566000000000000000e+03
8.000000000000000000e+03 7.885000000000000000e+03
9.000000000000000000e+03 7.781000000000000000e+03
1.000000000000000000e+04 7.734000000000000000e+03
1.100000000000000000e+04 7.607000000000000000e+03
1.200000000000000000e+04 7.958000000000000000e+03
1.300000000000000000e+04 7.931000000000000000e+03
1.400000000000000000e+04 7.822000000000000000e+03
1.500000000000000000e+04 8.031000000000000000e+03
1.600000000000000000e+04 7.860000000000000000e+03
1.700000000000000000e+04 7.855000000000000000e+03
1.800000000000000000e+04 8.073000000000000000e+03
1.900000000000000000e+04 7.860000000000000000e+03
2.000000000000000000e+04 7.895000000000000000e+03
2.100000000000000000e+04 7.946000000000000000e+03
2.200000000000000000e+04 8.015000000000000000e+03
2.300000000000000000e+04 7.921000000000000000e+03
2.400000000000000000e+04 7.842000000000000000e+03
2.500000000000000000e+04 7.813000000000000000e+03
2.600000000000000000e+04 7.882000000000000000e+03
2.700000000000000000e+04 7.855000000000000000e+03
2.800000000000000000e+04 7.605000000000000000e+03
2.900000000000000000e+04 7.804000000000000000e+03
3.000000000000000000e+04 7.513000000000000000e+03
3.100000000000000000e+04 7.663000000000000000e+03
3.200000000000000000e+04 7.658000000000000000e+03
3.300000000000000000e+04 7.424000000000000000e+03
3.400000000000000000e+04 7.379000000000000000e+03
3.500000000000000000e+04 7.232000000000000000e+03
3.600000000000000000e+04 7.196000000000000000e+03
3.700000000000000000e+04 7.117000000000000000e+03
3.800000000000000000e+04 7.278000000000000000e+03
3.900000000000000000e+04 6.790000000000000000e+03
4.000000000000000000e+04 6.581000000000000000e+03
4.100000000000000000e+04 6.518000000000000000e+03
4.200000000000000000e+04 6.394000000000000000e+03
4.300000000000000000e+04 6.239000000000000000e+03
4.400000000000000000e+04 6.121000000000000000e+03
4.500000000000000000e+04 5.863000000000000000e+03
4.600000000000000000e+04 5.851000000000000000e+03
4.700000000000000000e+04 5.780000000000000000e+03
4.800000000000000000e+04 5.450000000000000000e+03
4.900000000000000000e+04 5.121000000000000000e+03
5.000000000000000000e+04 5.056000000000000000e+03
5.100000000000000000e+04 4.811000000000000000e+03
5.200000000000000000e+04 4.536000000000000000e+03
5.300000000000000000e+04 4.297000000000000000e+03
5.400000000000000000e+04 4.104000000000000000e+03
5.500000000000000000e+04 3.962000000000000000e+03
5.600000000000000000e+04 3.788000000000000000e+03
5.700000000000000000e+04 3.632000000000000000e+03
5.800000000000000000e+04 3.343000000000000000e+03
5.900000000000000000e+04 3.308000000000000000e+03
6.000000000000000000e+04 3.228000000000000000e+03
6.100000000000000000e+04 2.936000000000000000e+03
6.200000000000000000e+04 2.837000000000000000e+03
6.300000000000000000e+04 2.763000000000000000e+03
6.400000000000000000e+04 2.556000000000000000e+03
6.500000000000000000e+04 2.544000000000000000e+03
6.600000000000000000e+04 2.456000000000000000e+03
6.700000000000000000e+04 2.356000000000000000e+03
6.800000000000000000e+04 2.287000000000000000e+03
6.900000000000000000e+04 2.318000000000000000e+03
7.000000000000000000e+04 2.283000000000000000e+03
7.100000000000000000e+04 2.324000000000000000e+03
7.200000000000000000e+04 2.350000000000000000e+03
7.300000000000000000e+04 2.445000000000000000e+03
7.400000000000000000e+04 2.601000000000000000e+03
7.500000000000000000e+04 2.599000000000000000e+03
7.600000000000000000e+04 2.675000000000000000e+03
7.700000000000000000e+04 2.792000000000000000e+03
7.800000000000000000e+04 3.130000000000000000e+03
7.900000000000000000e+04 3.175000000000000000e+03
8.000000000000000000e+04 3.360000000000000000e+03
8.100000000000000000e+04 3.401000000000000000e+03
8.200000000000000000e+04 3.718000000000000000e+03
8.300000000000000000e+04 3.967000000000000000e+03
8.400000000000000000e+04 4.241000000000000000e+03
8.500000000000000000e+04 4.319000000000000000e+03
8.600000000000000000e+04 4.566000000000000000e+03
8.700000000000000000e+04 4.745000000000000000e+03
8.800000000000000000e+04 4.980000000000000000e+03
8.900000000000000000e+04 5.166000000000000000e+03
9.000000000000000000e+04 5.439000000000000000e+03
9.100000000000000000e+04 5.472000000000000000e+03
9.200000000000000000e+04 5.639000000000000000e+03
9.300000000000000000e+04 5.906000000000000000e+03
9.400000000000000000e+04 6.101000000000000000e+03
9.500000000000000000e+04 6.306000000000000000e+03
9.600000000000000000e+04 6.441000000000000000e+03
9.700000000000000000e+04 6.476000000000000000e+03
9.800000000000000000e+04 6.748000000000000000e+03
9.900000000000000000e+04 6.797000000000000000e+03
1.000000000000000000e+05 6.932000000000000000e+03
1.010000000000000000e+05 7.015000000000000000e+03
1.020000000000000000e+05 7.157000000000000000e+03
1.030000000000000000e+05 7.324000000000000000e+03
1.040000000000000000e+05 7.489000000000000000e+03
1.050000000000000000e+05 7.263000000000000000e+03
1.060000000000000000e+05 7.575000000000000000e+03
1.070000000000000000e+05 7.563000000000000000e+03
1.080000000000000000e+05 7.640000000000000000e+03
1.090000000000000000e+05 7.791000000000000000e+03
1.100000000000000000e+05 7.644000000000000000e+03
1.110000000000000000e+05 7.838000000000000000e+03
1.120000000000000000e+05 7.795000000000000000e+03
1.130000000000000000e+05 7.803000000000000000e+03
1.140000000000000000e+05 7.972000000000000000e+03
1.150000000000000000e+05 7.880000000000000000e+03
1.160000000000000000e+05 7.978000000000000000e+03
1.170000000000000000e+05 7.970000000000000000e+03
1.180000000000000000e+05 8.090000000000000000e+03
1.190000000000000000e+05 7.915000000000000000e+03
1.200000000000000000e+05 7.873000000000000000e+03
1.210000000000000000e+05 7.970000000000000000e+03
1.220000000000000000e+05 7.909000000000000000e+03
1.230000000000000000e+05 7.865000000000000000e+03
1.240000000000000000e+05 7.833000000000000000e+03
1.250000000000000000e+05 7.832000000000000000e+03
1.260000000000000000e+05 7.976000000000000000e+03
1.270000000000000000e+05 7.680000000000000000e+03
1.280000000000000000e+05 7.576000000000000000e+03
1.290000000000000000e+05 7.762000000000000000e+03
1.300000000000000000e+05 7.781000000000000000e+03
1.310000000000000000e+05 7.582000000000000000e+03
1.320000000000000000e+05 7.382000000000000000e+03
1.330000000000000000e+05 7.594000000000000000e+03
1.340000000000000000e+05 7.335000000000000000e+03
1.350000000000000000e+05 7.167000000000000000e+03
1.360000000000000000e+05 7.090000000000000000e+03
1.370000000000000000e+05 7.274000000000000000e+03
1.380000000000000000e+05 6.889000000000000000e+03
1.390000000000000000e+05 7.007000000000000000e+03
1.400000000000000000e+05 6.485000000000000000e+03
1.410000000000000000e+05 6.578000000000000000e+03
1.420000000000000000e+05 6.391000000000000000e+03
1.430000000000000000e+05 6.193000000000000000e+03
1.440000000000000000e+05 6.077000000000000000e+03
1.450000000000000000e+05 5.943000000000000000e+03
1.460000000000000000e+05 5.803000000000000000e+03
1.470000000000000000e+05 5.528000000000000000e+03
1.480000000000000000e+05 5.367000000000000000e+03
1.490000000000000000e+05 5.059000000000000000e+03
1.500000000000000000e+05 4.984000000000000000e+03
1.510000000000000000e+05 4.712000000000000000e+03
1.520000000000000000e+05 4.688000000000000000e+03
1.530000000000000000e+05 4.412000000000000000e+03
1.540000000000000000e+05 4.270000000000000000e+03
1.550000000000000000e+05 4.038000000000000000e+03
1.560000000000000000e+05 3.778000000000000000e+03
1.570000000000000000e+05 3.555000000000000000e+03
1.580000000000000000e+05 3.436000000000000000e+03
1.590000000000000000e+05 3.266000000000000000e+03
1.600000000000000000e+05 3.048000000000000000e+03
1.610000000000000000e+05 2.967000000000000000e+03
1.620000000000000000e+05 2.933000000000000000e+03
1.630000000000000000e+05 2.671000000000000000e+03
1.640000000000000000e+05 2.655000000000000000e+03
1.650000000000000000e+05 2.496000000000000000e+03
1.660000000000000000e+05 2.396000000000000000e+03
1.670000000000000000e+05 2.398000000000000000e+03
1.680000000000000000e+05 2.385000000000000000e+03
1.690000000000000000e+05 2.362000000000000000e+03
1.700000000000000000e+05 2.246000000000000000e+03
1.710000000000000000e+05 2.328000000000000000e+03
1.720000000000000000e+05 2.325000000000000000e+03
1.730000000000000000e+05 2.446000000000000000e+03
1.740000000000000000e+05 2.484000000000000000e+03
1.750000000000000000e+05 2.576000000000000000e+03
1.760000000000000000e+05 2.834000000000000000e+03
1.770000000000000000e+05 2.851000000000000000e+03
1.780000000000000000e+05 3.014000000000000000e+03
1.790000000000000000e+05 3.204000000000000000e+03
1.800000000000000000e+05 3.352000000000000000e+03
1.810000000000000000e+05 3.535000000000000000e+03
1.820000000000000000e+05 3.711000000000000000e+03
1.830000000000000000e+05 3.855000000000000000e+03
1.840000000000000000e+05 4.170000000000000000e+03
1.850000000000000000e+05 4.248000000000000000e+03
1.860000000000000000e+05 4.541000000000000000e+03
1.870000000000000000e+05 4.649000000000000000e+03
1.880000000000000000e+05 5.024000000000000000e+03
1.890000000000000000e+05 5.081000000000000000e+03
1.900000000000000000e+05 5.294000000000000000e+03
1.910000000000000000e+05 5.626000000000000000e+03
1.920000000000000000e+05 5.644000000000000000e+03
1.930000000000000000e+05 5.897000000000000000e+03
1.940000000000000000e+05 6.165000000000000000e+03
1.950000000000000000e+05 6.164000000000000000e+03
1.960000000000000000e+05 6.434000000000000000e+03
1.970000000000000000e+05 6.639000000000000000e+03
1.980000000000000000e+05 6.817000000000000000e+03
1.990000000000000000e+05 6.653000000000000000e+03
