0.000000000000000000e+00 4.042000000000000000e+03
1.400000000000000000e+01 4.248000000000000000e+03
2.800000000000000000e+01 4.336000000000000000e+03
4.200000000000000000e+01 4.557000000000000000e+03
5.600000000000000000e+01 4.584000000000000000e+03
7.000000000000000000e+01 4.708000000000000000e+03
8.400000000000000000e+01 4.924000000000000000e+03
9.800000000000000000e+01 4.989000000000000000e+03
1.120000000000000000e+02 5.150000000000000000e+03
1.260000000000000000e+02 5.200000000000000000e+03
1.400000000000000000e+02 5.331000000000000000e+03
1.540000000000000000e+02 5.361000000000000000e+03
1.680000000000000000e+02 5.530000000000000000e+03
1.820000000000000000e+02 5.526000000000000000e+03
1.960000000000000000e+02 5.539000000000000000e+03
2.100000000000000000e+02 5.662000000000000000e+03
2.240000000000000000e+02 5.725000000000000000e+03
2.380000000000000000e+02 5.656000000000000000e+03
2.520000000000000000e+02 5.634000000000000000e+03
2.660000000000000000e+02 5.816000000000000000e+03
2.800000000000000000e+02 5.801000000000000000e+03
2.940000000000000000e+02 5.847000000000000000e+03
3.080000000000000000e+02 5.939000000000000000e+03
3.220000000000000000e+02 5.900000000000000000e+03
3.360000000000000000e+02 5.720000000000000000e+03
3.500000000000000000e+02 5.972000000000000000e+03
3.640000000000000000e+02 5.640000000000000000e+03
3.780000000000000000e+02 6.043000000000000000e+03
3.920000000000000000e+02 5.672000000000000000e+03
4.060000000000000000e+02 5.910000000000000000e+03
4.200000000000000000e+02 5.769000000000000000e+03
4.340000000000000000e+02 5.848000000000000000e+03
4.480000000000000000e+02 5.678000000000000000e+03
4.620000000000000000e+02 5.773000000000000000e+03
4.760000000000000000e+02 5.709000000000000000e+03
4.900000000000000000e+02 5.690000000000000000e+03
5.040000000000000000e+02 5.726000000000000000e+03
5.180000000000000000e+02 5.552000000000000000e+03
5.320000000000000000e+02 5.584000000000000000e+03
5.460000000000000000e+02 5.327000000000000000e+03
5.600000000000000000e+02 5.306000000000000000e+03
5.740000000000000000e+02 5.170000000000000000e+03
5.880000000000000000e+02 5.241000000000000000e+03
6.020000000000000000e+02 5.144000000000000000e+03
6.160000000000000000e+02 5.017000000000000000e+03
6.300000000000000000e+02 5.017000000000000000e+03
6.440000000000000000e+02 4.845000000000000000e+03
6.580000000000000000e+02 4.712000000000000000e+03
6.720000000000000000e+02 4.692000000000000000e+03
6.860000000000000000e+02 4.468000000000000000e+03
7.000000000000000000e+02 4.397000000000000000e+03
7.140000000000000000e+02 4.334000000000000000e+03
7.280000000000000000e+02 4.226000000000000000e+03
7.420000000000000000e+02 4.039000000000000000e+03
7.560000000000000000e+02 4.080000000000000000e+03
7.700000000000000000e+02 3.726000000000000000e+03
7.840000000000000000e+02 3.599000000000000000e+03
7.980000000000000000e+02 3.547000000000000000e+03
8.120000000000000000e+02 3.458000000000000000e+03
8.260000000000000000e+02 3.253000000000000000e+03
8.400000000000000000e+02 3.239000000000000000e+03
8.540000000000000000e+02 3.191000000000000000e+03
8.680000000000000000e+02 3.012000000000000000e+03
8.820000000000000000e+02 2.815000000000000000e+03
8.960000000000000000e+02 2.703000000000000000e+03
9.100000000000000000e+02 2.707000000000000000e+03
9.240000000000000000e+02 2.604000000000000000e+03
9.380000000000000000e+02 2.455000000000000000e+03
9.520000000000000000e+02 2.427000000000000000e+03
9.660000000000000000e+02 2.387000000000000000e+03
9.800000000000000000e+02 2.297000000000000000e+03
9.940000000000000000e+02 2.206000000000000000e+03
1.008000000000000000e+03 2.153000000000000000e+03
1.022000000000000000e+03 2.140000000000000000e+03
1.036000000000000000e+03 1.977000000000000000e+03
1.050000000000000000e+03 1.911000000000000000e+03
1.064000000000000000e+03 1.963000000000000000e+03
1.078000000000000000e+03 1.896000000000000000e+03
1.092000000000000000e+03 1.938000000000000000e+03
1.106000000000000000e+03 1.918000000000000000e+03
1.120000000000000000e+03 1.813000000000000000e+03
1.134000000000000000e+03 1.805000000000000000e+03
1.148000000000000000e+03 2.000000000000000000e+03
1.162000000000000000e+03 1.986000000000000000e+03
1.176000000000000000e+03 1.970000000000000000e+03
1.190000000000000000e+03 2.047000000000000000e+03
1.204000000000000000e+03 2.089000000000000000e+03
1.218000000000000000e+03 2.072000000000000000e+03
1.232000000000000000e+03 2.275000000000000000e+03
1.246000000000000000e+03 2.315000000000000000e+03
1.260000000000000000e+03 2.368000000000000000e+03
1.274000000000000000e+03 2.427000000000000000e+03
1.288000000000000000e+03 2.640000000000000000e+03
1.302000000000000000e+03 2.624000000000000000e+03
1.316000000000000000e+03 2.986000000000000000e+03
1.330000000000000000e+03 3.093000000000000000e+03
1.344000000000000000e+03 3.170000000000000000e+03
1.358000000000000000e+03 3.310000000000000000e+03
1.372000000000000000e+03 3.452000000000000000e+03
1.386000000000000000e+03 3.739000000000000000e+03
1.400000000000000000e+03 3.861000000000000000e+03
1.414000000000000000e+03 3.828000000000000000e+03
1.428000000000000000e+03 4.135000000000000000e+03
1.442000000000000000e+03 4.167000000000000000e+03
1.456000000000000000e+03 4.295000000000000000e+03
1.470000000000000000e+03 4.589000000000000000e+03
1.484000000000000000e+03 4.760000000000000000e+03
1.498000000000000000e+03 4.642000000000000000e+03
1.512000000000000000e+03 4.973000000000000000e+03
1.526000000000000000e+03 5.031000000000000000e+03
1.540000000000000000e+03 5.093000000000000000e+03
1.554000000000000000e+03 5.016000000000000000e+03
1.568000000000000000e+03 5.343000000000000000e+03
1.582000000000000000e+03 5.403000000000000000e+03
1.596000000000000000e+03 5.359000000000000000e+03
1.610000000000000000e+03 5.457000000000000000e+03
1.624000000000000000e+03 5.578000000000000000e+03
1.638000000000000000e+03 5.483000000000000000e+03
1.652000000000000000e+03 5.768000000000000000e+03
1.666000000000000000e+03 5.672000000000000000e+03
1.680000000000000000e+03 5.674000000000000000e+03
1.694000000000000000e+03 5.689000000000000000e+03
1.708000000000000000e+03 5.831000000000000000e+03
1.722000000000000000e+03 5.860000000000000000e+03
1.736000000000000000e+03 5.982000000000000000e+03
1.750000000000000000e+03 5.890000000000000000e+03
1.764000000000000000e+03 5.793000000000000000e+03
1.778000000000000000e+03 5.903000000000000000e+03
1.792000000000000000e+03 5.878000000000000000e+03
1.806000000000000000e+03 5.922000000000000000e+03
1.820000000000000000e+03 5.874000000000000000e+03
1.834000000000000000e+03 5.701000000000000000e+03
1.848000000000000000e+03 5.883000000000000000e+03
1.862000000000000000e+03 5.687000000000000000e+03
1.876000000000000000e+03 5.783000000000000000e+03
1.890000000000000000e+03 5.808000000000000000e+03
1.904000000000000000e+03 5.718000000000000000e+03
1.918000000000000000e+03 5.792000000000000000e+03
1.932000000000000000e+03 5.452000000000000000e+03
1.946000000000000000e+03 5.491000000000000000e+03
1.960000000000000000e+03 5.430000000000000000e+03
1.974000000000000000e+03 5.399000000000000000e+03
1.988000000000000000e+03 5.291000000000000000e+03
2.002000000000000000e+03 5.308000000000000000e+03
2.016000000000000000e+03 5.310000000000000000e+03
2.030000000000000000e+03 5.203000000000000000e+03
2.044000000000000000e+03 5.012000000000000000e+03
2.058000000000000000e+03 4.983000000000000000e+03
2.072000000000000000e+03 4.844000000000000000e+03
2.086000000000000000e+03 4.679000000000000000e+03
2.100000000000000000e+03 4.670000000000000000e+03
2.114000000000000000e+03 4.610000000000000000e+03
2.128000000000000000e+03 4.436000000000000000e+03
2.142000000000000000e+03 4.205000000000000000e+03
2.156000000000000000e+03 4.193000000000000000e+03
2.170000000000000000e+03 3.990000000000000000e+03
2.184000000000000000e+03 3.902000000000000000e+03
2.198000000000000000e+03 3.822000000000000000e+03
2.212000000000000000e+03 3.717000000000000000e+03
2.226000000000000000e+03 3.623000000000000000e+03
2.240000000000000000e+03 3.469000000000000000e+03
2.254000000000000000e+03 3.328000000000000000e+03
2.268000000000000000e+03 3.151000000000000000e+03
2.282000000000000000e+03 3.152000000000000000e+03
2.296000000000000000e+03 2.948000000000000000e+03
2.310000000000000000e+03 2.879000000000000000e+03
2.324000000000000000e+03 2.747000000000000000e+03
2.338000000000000000e+03 2.666000000000000000e+03
2.352000000000000000e+03 2.474000000000000000e+03
2.366000000000000000e+03 2.512000000000000000e+03
2.380000000000000000e+03 2.448000000000000000e+03
2.394000000000000000e+03 2.295000000000000000e+03
2.408000000000000000e+03 2.270000000000000000e+03
2.422000000000000000e+03 2.144000000000000000e+03
2.436000000000000000e+03 2.179000000000000000e+03
2.450000000000000000e+03 2.028000000000000000e+03
2.464000000000000000e+03 1.982000000000000000e+03
2.478000000000000000e+03 1.886000000000000000e+03
2.492000000000000000e+03 1.918000000000000000e+03
2.506000000000000000e+03 1.908000000000000000e+03
2.520000000000000000e+03 1.821000000000000000e+03
2.534000000000000000e+03 1.793000000000000000e+03
2.548000000000000000e+03 1.862000000000000000e+03
2.562000000000000000e+03 1.913000000000000000e+03
2.576000000000000000e+03 1.875000000000000000e+03
2.590000000000000000e+03 1.858000000000000000e+03
2.604000000000000000e+03 1.948000000000000000e+03
2.618000000000000000e+03 2.028000000000000000e+03
2.632000000000000000e+03 2.028000000000000000e+03
2.646000000000000000e+03 2.162000000000000000e+03
2.660000000000000000e+03 2.156000000000000000e+03
2.674000000000000000e+03 2.252000000000000000e+03
2.688000000000000000e+03 2.398000000000000000e+03
2.702000000000000000e+03 2.479000000000000000e+03
2.716000000000000000e+03 2.636000000000000000e+03
2.730000000000000000e+03 2.709000000000000000e+03
2.744000000000000000e+03 2.954000000000000000e+03
2.758000000000000000e+03 2.931000000000000000e+03
2.772000000000000000e+03 3.128000000000000000e+03
2.786000000000000000e+03 3.305000000000000000e+03
2.800000000000000000e+03 3.553000000000000000e+03
2.814000000000000000e+03 3.558000000000000000e+03
2.828000000000000000e+03 3.798000000000000000e+03
2.842000000000000000e+03 3.956000000000000000e+03
