0.000000000000000000e+00 6.124000000000000000e+03
5.000000000000000000e+01 6.177000000000000000e+03
1.000000000000000000e+02 6.357000000000000000e+03
1.500000000000000000e+02 6.562000000000000000e+03
2.000000000000000000e+02 6.183000000000000000e+03
2.500000000000000000e+02 6.449000000000000000e+03
3.000000000000000000e+02 6.586000000000000000e+03
3.500000000000000000e+02 6.793000000000000000e+03
4.000000000000000000e+02 6.766000000000000000e+03
4.500000000000000000e+02 6.724000000000000000e+03
5.000000000000000000e+02 6.855000000000000000e+03
5.500000000000000000e+02 6.994000000000000000e+03
6.000000000000000000e+02 7.004000000000000000e+03
6.500000000000000000e+02 7.163000000000000000e+03
7.000000000000000000e+02 7.029000000000000000e+03
7.500000000000000000e+02 7.133000000000000000e+03
8.000000000000000000e+02 7.293000000000000000e+03
8.500000000000000000e+02 7.055000000000000000e+03
9.000000000000000000e+02 6.926000000000000000e+03
9.500000000000000000e+02 7.128000000000000000e+03
1.000000000000000000e+03 7.020000000000000000e+03
1.050000000000000000e+03 7.018000000000000000e+03
1.100000000000000000e+03 7.294000000000000000e+03
1.150000000000000000e+03 7.081000000000000000e+03
1.200000000000000000e+03 7.038000000000000000e+03
1.250000000000000000e+03 7.030000000000000000e+03
1.300000000000000000e+03 7.135000000000000000e+03
1.350000000000000000e+03 7.241000000000000000e+03
1.400000000000000000e+03 6.959000000000000000e+03
1.450000000000000000e+03 6.841000000000000000e+03
1.500000000000000000e+03 6.799000000000000000e+03
1.550000000000000000e+03 6.806000000000000000e+03
1.600000000000000000e+03 6.916000000000000000e+03
1.650000000000000000e+03 6.735000000000000000e+03
1.700000000000000000e+03 6.627000000000000000e+03
1.750000000000000000e+03 6.494000000000000000e+03
1.800000000000000000e+03 6.523000000000000000e+03
1.850000000000000000e+03 6.280000000000000000e+03
1.900000000000000000e+03 6.282000000000000000e+03
1.950000000000000000e+03 6.088000000000000000e+03
2.000000000000000000e+03 5.997000000000000000e+03
2.050000000000000000e+03 6.028000000000000000e+03
2.100000000000000000e+03 6.034000000000000000e+03
2.150000000000000000e+03 5.706000000000000000e+03
2.200000000000000000e+03 5.704000000000000000e+03
2.250000000000000000e+03 5.442000000000000000e+03
2.300000000000000000e+03 5.275000000000000000e+03
2.350000000000000000e+03 5.130000000000000000e+03
2.400000000000000000e+03 5.008000000000000000e+03
2.450000000000000000e+03 4.849000000000000000e+03
2.500000000000000000e+03 4.564000000000000000e+03
2.550000000000000000e+03 4.491000000000000000e+03
2.600000000000000000e+03 4.531000000000000000e+03
2.650000000000000000e+03 4.185000000000000000e+03
2.700000000000000000e+03 4.032000000000000000e+03
2.750000000000000000e+03 3.810000000000000000e+03
2.800000000000000000e+03 3.599000000000000000e+03
2.850000000000000000e+03 3.535000000000000000e+03
2.900000000000000000e+03 3.461000000000000000e+03
2.950000000000000000e+03 3.116000000000000000e+03
3.000000000000000000e+03 3.154000000000000000e+03
3.050000000000000000e+03 2.956000000000000000e+03
3.100000000000000000e+03 2.787000000000000000e+03
3.150000000000000000e+03 2.620000000000000000e+03
3.200000000000000000e+03 2.506000000000000000e+03
3.250000000000000000e+03 2.507000000000000000e+03
3.300000000000000000e+03 2.470000000000000000e+03
3.350000000000000000e+03 2.254000000000000000e+03
3.400000000000000000e+03 2.255000000000000000e+03
3.450000000000000000e+03 2.227000000000000000e+03
3.500000000000000000e+03 2.127000000000000000e+03
3.550000000000000000e+03 2.170000000000000000e+03
3.600000000000000000e+03 2.136000000000000000e+03
3.650000000000000000e+03 2.167000000000000000e+03
3.700000000000000000e+03 2.218000000000000000e+03
3.750000000000000000e+03 2.186000000000000000e+03
3.800000000000000000e+03 2.302000000000000000e+03
3.850000000000000000e+03 2.406000000000000000e+03
3.900000000000000000e+03 2.425000000000000000e+03
3.950000000000000000e+03 2.570000000000000000e+03
4.000000000000000000e+03 2.713000000000000000e+03
4.050000000000000000e+03 2.797000000000000000e+03
4.100000000000000000e+03 2.925000000000000000e+03
4.150000000000000000e+03 3.124000000000000000e+03
4.200000000000000000e+03 3.283000000000000000e+03
4.250000000000000000e+03 3.352000000000000000e+03
4.300000000000000000e+03 3.720000000000000000e+03
4.350000000000000000e+03 3.885000000000000000e+03
4.400000000000000000e+03 3.996000000000000000e+03
4.450000000000000000e+03 4.297000000000000000e+03
4.500000000000000000e+03 4.591000000000000000e+03
4.550000000000000000e+03 4.599000000000000000e+03
4.600000000000000000e+03 4.959000000000000000e+03
4.650000000000000000e+03 5.124000000000000000e+03
4.700000000000000000e+03 5.057000000000000000e+03
4.750000000000000000e+03 5.358000000000000000e+03
4.800000000000000000e+03 5.492000000000000000e+03
4.850000000000000000e+03 5.613000000000000000e+03
4.900000000000000000e+03 5.899000000000000000e+03
4.950000000000000000e+03 6.065000000000000000e+03
5.000000000000000000e+03 6.289000000000000000e+03
5.050000000000000000e+03 6.223000000000000000e+03
5.100000000000000000e+03 6.208000000000000000e+03
5.150000000000000000e+03 6.407000000000000000e+03
5.200000000000000000e+03 6.512000000000000000e+03
5.250000000000000000e+03 6.523000000000000000e+03
5.300000000000000000e+03 6.678000000000000000e+03
5.350000000000000000e+03 6.598000000000000000e+03
5.400000000000000000e+03 6.790000000000000000e+03
5.450000000000000000e+03 6.919000000000000000e+03
5.500000000000000000e+03 6.957000000000000000e+03
5.550000000000000000e+03 6.802000000000000000e+03
5.600000000000000000e+03 6.962000000000000000e+03
5.650000000000000000e+03 7.166000000000000000e+03
5.700000000000000000e+03 6.936000000000000000e+03
5.750000000000000000e+03 7.027000000000000000e+03
5.800000000000000000e+03 7.216000000000000000e+03
5.850000000000000000e+03 7.098000000000000000e+03
5.900000000000000000e+03 7.062000000000000000e+03
5.950000000000000000e+03 7.051000000000000000e+03
6.000000000000000000e+03 7.212000000000000000e+03
6.050000000000000000e+03 7.097000000000000000e+03
6.100000000000000000e+03 6.948000000000000000e+03
6.150000000000000000e+03 7.086000000000000000e+03
6.200000000000000000e+03 6.997000000000000000e+03
6.250000000000000000e+03 7.115000000000000000e+03
6.300000000000000000e+03 7.119000000000000000e+03
6.350000000000000000e+03 6.959000000000000000e+03
6.400000000000000000e+03 6.993000000000000000e+03
6.450000000000000000e+03 7.002000000000000000e+03
6.500000000000000000e+03 6.844000000000000000e+03
6.550000000000000000e+03 6.768000000000000000e+03
6.600000000000000000e+03 6.694000000000000000e+03
6.650000000000000000e+03 6.731000000000000000e+03
6.700000000000000000e+03 6.589000000000000000e+03
6.750000000000000000e+03 6.525000000000000000e+03
6.800000000000000000e+03 6.446000000000000000e+03
6.850000000000000000e+03 6.264000000000000000e+03
6.900000000000000000e+03 6.167000000000000000e+03
6.950000000000000000e+03 6.168000000000000000e+03
7.000000000000000000e+03 6.167000000000000000e+03
7.050000000000000000e+03 6.012000000000000000e+03
7.100000000000000000e+03 5.808000000000000000e+03
7.150000000000000000e+03 5.642000000000000000e+03
7.200000000000000000e+03 5.584000000000000000e+03
7.250000000000000000e+03 5.523000000000000000e+03
7.300000000000000000e+03 5.401000000000000000e+03
7.350000000000000000e+03 5.250000000000000000e+03
7.400000000000000000e+03 4.979000000000000000e+03
7.450000000000000000e+03 4.955000000000000000e+03
7.500000000000000000e+03 4.755000000000000000e+03
7.550000000000000000e+03 4.603000000000000000e+03
7.600000000000000000e+03 4.335000000000000000e+03
7.650000000000000000e+03 4.278000000000000000e+03
7.700000000000000000e+03 4.099000000000000000e+03
7.750000000000000000e+03 3.726000000000000000e+03
7.800000000000000000e+03 3.721000000000000000e+03
7.850000000000000000e+03 3.578000000000000000e+03
7.900000000000000000e+03 3.377000000000000000e+03
7.950000000000000000e+03 3.361000000000000000e+03
8.000000000000000000e+03 3.074000000000000000e+03
8.050000000000000000e+03 3.012000000000000000e+03
8.100000000000000000e+03 2.861000000000000000e+03
8.150000000000000000e+03 2.720000000000000000e+03
8.200000000000000000e+03 2.549000000000000000e+03
8.250000000000000000e+03 2.524000000000000000e+03
8.300000000000000000e+03 2.365000000000000000e+03
8.350000000000000000e+03 2.312000000000000000e+03
8.400000000000000000e+03 2.206000000000000000e+03
8.450000000000000000e+03 2.153000000000000000e+03
8.500000000000000000e+03 2.149000000000000000e+03
8.550000000000000000e+03 2.277000000000000000e+03
8.600000000000000000e+03 2.148000000000000000e+03
8.650000000000000000e+03 2.043000000000000000e+03
8.700000000000000000e+03 2.148000000000000000e+03
8.750000000000000000e+03 2.235000000000000000e+03
8.800000000000000000e+03 2.274000000000000000e+03
8.850000000000000000e+03 2.378000000000000000e+03
8.900000000000000000e+03 2.444000000000000000e+03
8.950000000000000000e+03 2.535000000000000000e+03
9.000000000000000000e+03 2.628000000000000000e+03
9.050000000000000000e+03 2.733000000000000000e+03
9.100000000000000000e+03 2.956000000000000000e+03
9.150000000000000000e+03 3.192000000000000000e+03
9.200000000000000000e+03 3.305000000000000000e+03
9.250000000000000000e+03 3.469000000000000000e+03
9.300000000000000000e+03 3.617000000000000000e+03
9.350000000000000000e+03 3.865000000000000000e+03
9.400000000000000000e+03 4.145000000000000000e+03
9.450000000000000000e+03 4.285000000000000000e+03
9.500000000000000000e+03 4.496000000000000000e+03
9.550000000000000000e+03 4.508000000000000000e+03
9.600000000000000000e+03 4.871000000000000000e+03
9.650000000000000000e+03 5.113000000000000000e+03
9.700000000000000000e+03 5.164000000000000000e+03
9.750000000000000000e+03 5.270000000000000000e+03
9.800000000000000000e+03 5.430000000000000000e+03
9.850000000000000000e+03 5.634000000000000000e+03
9.900000000000000000e+03 5.719000000000000000e+03
9.950000000000000000e+03 6.092000000000000000e+03
