0.000000000000000000e+00 2.299000000000000000e+03
2.500000000000000000e+02 2.449000000000000000e+03
5.000000000000000000e+02 2.440000000000000000e+03
7.500000000000000000e+02 2.524000000000000000e+03
1.000000000000000000e+03 2.543000000000000000e+03
1.250000000000000000e+03 2.621000000000000000e+03
1.500000000000000000e+03 2.580000000000000000e+03
1.750000000000000000e+03 2.612000000000000000e+03
2.000000000000000000e+03 2.628000000000000000e+03
2.250000000000000000e+03 2.846000000000000000e+03
2.500000000000000000e+03 2.658000000000000000e+03
2.750000000000000000e+03 2.793000000000000000e+03
3.000000000000000000e+03 2.725000000000000000e+03
3.250000000000000000e+03 2.689000000000000000e+03
3.500000000000000000e+03 2.808000000000000000e+03
3.750000000000000000e+03 2.794000000000000000e+03
4.000000000000000000e+03 2.929000000000000000e+03
4.250000000000000000e+03 2.841000000000000000e+03
4.500000000000000000e+03 2.852000000000000000e+03
4.750000000000000000e+03 2.840000000000000000e+03
5.000000000000000000e+03 2.950000000000000000e+03
5.250000000000000000e+03 3.016000000000000000e+03
5.500000000000000000e+03 2.948000000000000000e+03
5.750000000000000000e+03 2.940000000000000000e+03
6.000000000000000000e+03 2.838000000000000000e+03
6.250000000000000000e+03 2.845000000000000000e+03
6.500000000000000000e+03 2.881000000000000000e+03
6.750000000000000000e+03 2.765000000000000000e+03
7.000000000000000000e+03 2.843000000000000000e+03
7.250000000000000000e+03 2.857000000000000000e+03
7.500000000000000000e+03 2.799000000000000000e+03
7.750000000000000000e+03 2.655000000000000000e+03
8.000000000000000000e+03 2.723000000000000000e+03
8.250000000000000000e+03 2.652000000000000000e+03
8.500000000000000000e+03 2.654000000000000000e+03
8.750000000000000000e+03 2.485000000000000000e+03
9.000000000000000000e+03 2.509000000000000000e+03
9.250000000000000000e+03 2.532000000000000000e+03
9.500000000000000000e+03 2.389000000000000000e+03
9.750000000000000000e+03 2.236000000000000000e+03
1.000000000000000000e+04 2.178000000000000000e+03
1.025000000000000000e+04 2.177000000000000000e+03
1.050000000000000000e+04 2.213000000000000000e+03
1.075000000000000000e+04 2.130000000000000000e+03
1.100000000000000000e+04 1.971000000000000000e+03
1.125000000000000000e+04 2.047000000000000000e+03
1.150000000000000000e+04 1.889000000000000000e+03
1.175000000000000000e+04 1.742000000000000000e+03
1.200000000000000000e+04 1.674000000000000000e+03
1.225000000000000000e+04 1.663000000000000000e+03
1.250000000000000000e+04 1.619000000000000000e+03
1.275000000000000000e+04 1.570000000000000000e+03
1.300000000000000000e+04 1.495000000000000000e+03
1.325000000000000000e+04 1.386000000000000000e+03
1.350000000000000000e+04 1.346000000000000000e+03
1.375000000000000000e+04 1.331000000000000000e+03
1.400000000000000000e+04 1.216000000000000000e+03
1.425000000000000000e+04 1.080000000000000000e+03
1.450000000000000000e+04 1.093000000000000000e+03
1.475000000000000000e+04 1.008000000000000000e+03
1.500000000000000000e+04 9.550000000000000000e+02
1.525000000000000000e+04 8.880000000000000000e+02
1.550000000000000000e+04 8.180000000000000000e+02
1.575000000000000000e+04 7.900000000000000000e+02
1.600000000000000000e+04 8.240000000000000000e+02
1.625000000000000000e+04 7.150000000000000000e+02
1.650000000000000000e+04 7.090000000000000000e+02
1.675000000000000000e+04 6.710000000000000000e+02
1.700000000000000000e+04 6.740000000000000000e+02
1.725000000000000000e+04 6.760000000000000000e+02
1.750000000000000000e+04 6.360000000000000000e+02
1.775000000000000000e+04 6.180000000000000000e+02
1.800000000000000000e+04 6.870000000000000000e+02
1.825000000000000000e+04 6.700000000000000000e+02
1.850000000000000000e+04 6.910000000000000000e+02
1.875000000000000000e+04 7.370000000000000000e+02
1.900000000000000000e+04 7.430000000000000000e+02
1.925000000000000000e+04 7.750000000000000000e+02
1.950000000000000000e+04 8.630000000000000000e+02
1.975000000000000000e+04 8.520000000000000000e+02
2.000000000000000000e+04 8.900000000000000000e+02
2.025000000000000000e+04 9.720000000000000000e+02
2.050000000000000000e+04 1.027000000000000000e+03
2.075000000000000000e+04 1.123000000000000000e+03
2.100000000000000000e+04 1.088000000000000000e+03
2.125000000000000000e+04 1.257000000000000000e+03
2.150000000000000000e+04 1.365000000000000000e+03
2.175000000000000000e+04 1.437000000000000000e+03
2.200000000000000000e+04 1.516000000000000000e+03
2.225000000000000000e+04 1.601000000000000000e+03
2.250000000000000000e+04 1.680000000000000000e+03
2.275000000000000000e+04 1.770000000000000000e+03
2.300000000000000000e+04 1.785000000000000000e+03
2.325000000000000000e+04 1.868000000000000000e+03
2.350000000000000000e+04 1.963000000000000000e+03
2.375000000000000000e+04 2.079000000000000000e+03
2.400000000000000000e+04 2.191000000000000000e+03
2.425000000000000000e+04 2.198000000000000000e+03
2.450000000000000000e+04 2.138000000000000000e+03
2.475000000000000000e+04 2.317000000000000000e+03
2.500000000000000000e+04 2.277000000000000000e+03
2.525000000000000000e+04 2.454000000000000000e+03
2.550000000000000000e+04 2.493000000000000000e+03
2.575000000000000000e+04 2.543000000000000000e+03
2.600000000000000000e+04 2.586000000000000000e+03
2.625000000000000000e+04 2.633000000000000000e+03
2.650000000000000000e+04 2.606000000000000000e+03
2.675000000000000000e+04 2.685000000000000000e+03
2.700000000000000000e+04 2.721000000000000000e+03
2.725000000000000000e+04 2.745000000000000000e+03
2.750000000000000000e+04 2.717000000000000000e+03
2.775000000000000000e+04 2.719000000000000000e+03
2.800000000000000000e+04 2.880000000000000000e+03
2.825000000000000000e+04 2.755000000000000000e+03
2.850000000000000000e+04 2.734000000000000000e+03
2.875000000000000000e+04 2.882000000000000000e+03
2.900000000000000000e+04 2.859000000000000000e+03
2.925000000000000000e+04 2.966000000000000000e+03
2.950000000000000000e+04 2.842000000000000000e+03
2.975000000000000000e+04 2.913000000000000000e+03
3.000000000000000000e+04 2.907000000000000000e+03
3.025000000000000000e+04 2.822000000000000000e+03
3.050000000000000000e+04 2.906000000000000000e+03
3.075000000000000000e+04 2.802000000000000000e+03
3.100000000000000000e+04 2.845000000000000000e+03
3.125000000000000000e+04 2.774000000000000000e+03
3.150000000000000000e+04 2.958000000000000000e+03
3.175000000000000000e+04 2.820000000000000000e+03
3.200000000000000000e+04 2.806000000000000000e+03
3.225000000000000000e+04 2.779000000000000000e+03
3.250000000000000000e+04 2.741000000000000000e+03
3.275000000000000000e+04 2.777000000000000000e+03
3.300000000000000000e+04 2.690000000000000000e+03
3.325000000000000000e+04 2.669000000000000000e+03
3.350000000000000000e+04 2.625000000000000000e+03
3.375000000000000000e+04 2.572000000000000000e+03
3.400000000000000000e+04 2.524000000000000000e+03
3.425000000000000000e+04 2.495000000000000000e+03
3.450000000000000000e+04 2.391000000000000000e+03
3.475000000000000000e+04 2.300000000000000000e+03
3.500000000000000000e+04 2.237000000000000000e+03
3.525000000000000000e+04 2.193000000000000000e+03
3.550000000000000000e+04 2.236000000000000000e+03
3.575000000000000000e+04 2.003000000000000000e+03
3.600000000000000000e+04 1.982000000000000000e+03
3.625000000000000000e+04 1.893000000000000000e+03
3.650000000000000000e+04 1.917000000000000000e+03
3.675000000000000000e+04 1.775000000000000000e+03
3.700000000000000000e+04 1.765000000000000000e+03
3.725000000000000000e+04 1.669000000000000000e+03
3.750000000000000000e+04 1.634000000000000000e+03
3.775000000000000000e+04 1.533000000000000000e+03
3.800000000000000000e+04 1.463000000000000000e+03
3.825000000000000000e+04 1.443000000000000000e+03
3.850000000000000000e+04 1.294000000000000000e+03
3.875000000000000000e+04 1.257000000000000000e+03
3.900000000000000000e+04 1.188000000000000000e+03
3.925000000000000000e+04 1.105000000000000000e+03
3.950000000000000000e+04 1.064000000000000000e+03
3.975000000000000000e+04 9.990000000000000000e+02
4.000000000000000000e+04 9.500000000000000000e+02
4.025000000000000000e+04 9.460000000000000000e+02
4.050000000000000000e+04 8.560000000000000000e+02
4.075000000000000000e+04 8.560000000000000000e+02
4.100000000000000000e+04 8.160000000000000000e+02
4.125000000000000000e+04 7.570000000000000000e+02
4.150000000000000000e+04 7.130000000000000000e+02
4.175000000000000000e+04 6.740000000000000000e+02
4.200000000000000000e+04 6.890000000000000000e+02
4.225000000000000000e+04 6.360000000000000000e+02
4.250000000000000000e+04 6.470000000000000000e+02
4.275000000000000000e+04 6.540000000000000000e+02
4.300000000000000000e+04 6.220000000000000000e+02
4.325000000000000000e+04 6.670000000000000000e+02
4.350000000000000000e+04 6.750000000000000000e+02
4.375000000000000000e+04 6.830000000000000000e+02
4.400000000000000000e+04 6.970000000000000000e+02
4.425000000000000000e+04 8.380000000000000000e+02
4.450000000000000000e+04 8.050000000000000000e+02
4.475000000000000000e+04 8.600000000000000000e+02
4.500000000000000000e+04 9.270000000000000000e+02
4.525000000000000000e+04 9.030000000000000000e+02
4.550000000000000000e+04 9.930000000000000000e+02
4.575000000000000000e+04 1.105000000000000000e+03
4.600000000000000000e+04 1.162000000000000000e+03
4.625000000000000000e+04 1.252000000000000000e+03
4.650000000000000000e+04 1.293000000000000000e+03
4.675000000000000000e+04 1.348000000000000000e+03
4.700000000000000000e+04 1.435000000000000000e+03
4.725000000000000000e+04 1.605000000000000000e+03
4.750000000000000000e+04 1.649000000000000000e+03
4.775000000000000000e+04 1.775000000000000000e+03
4.800000000000000000e+04 1.799000000000000000e+03
4.825000000000000000e+04 1.931000000000000000e+03
4.850000000000000000e+04 1.917000000000000000e+03
4.875000000000000000e+04 2.050000000000000000e+03
4.900000000000000000e+04 2.113000000000000000e+03
4.925000000000000000e+04 2.184000000000000000e+03
4.950000000000000000e+04 2.211000000000000000e+03
4.975000000000000000e+04 2.335000000000000000e+03
