0.000000000000000000e+00 2.732000000000000000e+03
3.333000000000000000e+03 2.914000000000000000e+03
6.666000000000000000e+03 2.929000000000000000e+03
9.999000000000000000e+03 3.018000000000000000e+03
1.333200000000000000e+04 3.230000000000000000e+03
1.666500000000000000e+04 3.121000000000000000e+03
1.999800000000000000e+04 3.297000000000000000e+03
2.333100000000000000e+04 3.173000000000000000e+03
2.666400000000000000e+04 3.200000000000000000e+03
2.999700000000000000e+04 3.396000000000000000e+03
3.333000000000000000e+04 3.321000000000000000e+03
3.666300000000000000e+04 3.435000000000000000e+03
3.999600000000000000e+04 3.363000000000000000e+03
4.332900000000000000e+04 3.487000000000000000e+03
4.666200000000000000e+04 3.414000000000000000e+03
4.999500000000000000e+04 3.392000000000000000e+03
5.332800000000000000e+04 3.481000000000000000e+03
5.666100000000000000e+04 3.385000000000000000e+03
5.999400000000000000e+04 3.438000000000000000e+03
6.332700000000000000e+04 3.458000000000000000e+03
6.666000000000000000e+04 3.458000000000000000e+03
6.999300000000000000e+04 3.433000000000000000e+03
7.332600000000000000e+04 3.438000000000000000e+03
7.665900000000000000e+04 3.497000000000000000e+03
7.999200000000000000e+04 3.471000000000000000e+03
8.332500000000000000e+04 3.372000000000000000e+03
8.665800000000000000e+04 3.355000000000000000e+03
8.999100000000000000e+04 3.338000000000000000e+03
9.332400000000000000e+04 3.359000000000000000e+03
9.665700000000000000e+04 3.335000000000000000e+03
9.999000000000000000e+04 3.161000000000000000e+03
1.033230000000000000e+05 3.270000000000000000e+03
1.066560000000000000e+05 3.199000000000000000e+03
1.099890000000000000e+05 3.090000000000000000e+03
1.133220000000000000e+05 3.157000000000000000e+03
1.166550000000000000e+05 2.997000000000000000e+03
1.199880000000000000e+05 3.008000000000000000e+03
1.233210000000000000e+05 2.855000000000000000e+03
1.266540000000000000e+05 2.845000000000000000e+03
1.299870000000000000e+05 2.852000000000000000e+03
1.333200000000000000e+05 2.735000000000000000e+03
1.366530000000000000e+05 2.753000000000000000e+03
1.399860000000000000e+05 2.671000000000000000e+03
1.433190000000000000e+05 2.462000000000000000e+03
1.466520000000000000e+05 2.460000000000000000e+03
1.499850000000000000e+05 2.334000000000000000e+03
1.533180000000000000e+05 2.200000000000000000e+03
1.566510000000000000e+05 2.106000000000000000e+03
1.599840000000000000e+05 1.960000000000000000e+03
1.633170000000000000e+05 1.963000000000000000e+03
1.666500000000000000e+05 1.836000000000000000e+03
1.699830000000000000e+05 1.672000000000000000e+03
1.733160000000000000e+05 1.632000000000000000e+03
1.766490000000000000e+05 1.559000000000000000e+03
1.799820000000000000e+05 1.396000000000000000e+03
1.833150000000000000e+05 1.340000000000000000e+03
1.866480000000000000e+05 1.341000000000000000e+03
1.899810000000000000e+05 1.237000000000000000e+03
1.933140000000000000e+05 1.140000000000000000e+03
1.966470000000000000e+05 1.146000000000000000e+03
1.999800000000000000e+05 1.002000000000000000e+03
2.033130000000000000e+05 9.910000000000000000e+02
2.066460000000000000e+05 9.310000000000000000e+02
2.099790000000000000e+05 8.590000000000000000e+02
2.133120000000000000e+05 9.090000000000000000e+02
2.166450000000000000e+05 7.970000000000000000e+02
2.199780000000000000e+05 8.750000000000000000e+02
2.233110000000000000e+05 8.040000000000000000e+02
2.266440000000000000e+05 7.480000000000000000e+02
2.299770000000000000e+05 8.270000000000000000e+02
2.333100000000000000e+05 7.740000000000000000e+02
2.366430000000000000e+05 8.240000000000000000e+02
2.399760000000000000e+05 8.410000000000000000e+02
2.433090000000000000e+05 8.210000000000000000e+02
2.466420000000000000e+05 8.890000000000000000e+02
2.499750000000000000e+05 8.470000000000000000e+02
2.533080000000000000e+05 9.030000000000000000e+02
2.566410000000000000e+05 9.310000000000000000e+02
2.599740000000000000e+05 9.800000000000000000e+02
2.633070000000000000e+05 1.046000000000000000e+03
2.666400000000000000e+05 1.121000000000000000e+03
2.699730000000000000e+05 1.224000000000000000e+03
2.733060000000000000e+05 1.232000000000000000e+03
2.766390000000000000e+05 1.289000000000000000e+03
2.799720000000000000e+05 1.454000000000000000e+03
2.833050000000000000e+05 1.462000000000000000e+03
2.866380000000000000e+05 1.552000000000000000e+03
2.899710000000000000e+05 1.701000000000000000e+03
2.933040000000000000e+05 1.848000000000000000e+03
2.966370000000000000e+05 1.862000000000000000e+03
2.999700000000000000e+05 1.916000000000000000e+03
3.033030000000000000e+05 2.074000000000000000e+03
3.066360000000000000e+05 2.080000000000000000e+03
3.099690000000000000e+05 2.202000000000000000e+03
3.133020000000000000e+05 2.296000000000000000e+03
3.166350000000000000e+05 2.505000000000000000e+03
3.199680000000000000e+05 2.498000000000000000e+03
3.233010000000000000e+05 2.571000000000000000e+03
3.266340000000000000e+05 2.621000000000000000e+03
3.299670000000000000e+05 2.856000000000000000e+03
3.333000000000000000e+05 2.849000000000000000e+03
3.366330000000000000e+05 2.906000000000000000e+03
3.399660000000000000e+05 2.998000000000000000e+03
3.432990000000000000e+05 3.056000000000000000e+03
3.466320000000000000e+05 3.055000000000000000e+03
3.499650000000000000e+05 3.121000000000000000e+03
3.532980000000000000e+05 3.184000000000000000e+03
3.566310000000000000e+05 3.285000000000000000e+03
3.599640000000000000e+05 3.284000000000000000e+03
3.632970000000000000e+05 3.353000000000000000e+03
3.666300000000000000e+05 3.365000000000000000e+03
3.699630000000000000e+05 3.512000000000000000e+03
3.732960000000000000e+05 3.409000000000000000e+03
3.766290000000000000e+05 3.452000000000000000e+03
3.799620000000000000e+05 3.557000000000000000e+03
3.832950000000000000e+05 3.449000000000000000e+03
3.866280000000000000e+05 3.476000000000000000e+03
3.899610000000000000e+05 3.339000000000000000e+03
3.932940000000000000e+05 3.514000000000000000e+03
3.966270000000000000e+05 3.535000000000000000e+03
3.999600000000000000e+05 3.316000000000000000e+03
4.032930000000000000e+05 3.481000000000000000e+03
4.066260000000000000e+05 3.553000000000000000e+03
4.099590000000000000e+05 3.525000000000000000e+03
4.132920000000000000e+05 3.562000000000000000e+03
4.166250000000000000e+05 3.443000000000000000e+03
4.199580000000000000e+05 3.486000000000000000e+03
4.232910000000000000e+05 3.355000000000000000e+03
4.266240000000000000e+05 3.373000000000000000e+03
4.299570000000000000e+05 3.361000000000000000e+03
4.332900000000000000e+05 3.340000000000000000e+03
4.366230000000000000e+05 3.364000000000000000e+03
4.399560000000000000e+05 3.276000000000000000e+03
4.432890000000000000e+05 3.160000000000000000e+03
4.466220000000000000e+05 3.098000000000000000e+03
4.499550000000000000e+05 3.040000000000000000e+03
4.532880000000000000e+05 3.049000000000000000e+03
4.566210000000000000e+05 2.993000000000000000e+03
4.599540000000000000e+05 2.806000000000000000e+03
4.632870000000000000e+05 2.850000000000000000e+03
4.666200000000000000e+05 2.620000000000000000e+03
4.699530000000000000e+05 2.615000000000000000e+03
4.732860000000000000e+05 2.709000000000000000e+03
4.766190000000000000e+05 2.442000000000000000e+03
4.799520000000000000e+05 2.470000000000000000e+03
4.832850000000000000e+05 2.298000000000000000e+03
4.866180000000000000e+05 2.207000000000000000e+03
4.899510000000000000e+05 2.098000000000000000e+03
4.932840000000000000e+05 2.038000000000000000e+03
4.966170000000000000e+05 1.964000000000000000e+03
4.999500000000000000e+05 1.730000000000000000e+03
5.032830000000000000e+05 1.772000000000000000e+03
5.066160000000000000e+05 1.638000000000000000e+03
5.099490000000000000e+05 1.501000000000000000e+03
5.132820000000000000e+05 1.495000000000000000e+03
5.166150000000000000e+05 1.375000000000000000e+03
5.199480000000000000e+05 1.309000000000000000e+03
5.232810000000000000e+05 1.295000000000000000e+03
5.266140000000000000e+05 1.116000000000000000e+03
5.299470000000000000e+05 1.111000000000000000e+03
5.332800000000000000e+05 1.029000000000000000e+03
5.366130000000000000e+05 1.009000000000000000e+03
5.399460000000000000e+05 9.740000000000000000e+02
5.432790000000000000e+05 9.670000000000000000e+02
5.466120000000000000e+05 9.160000000000000000e+02
5.499450000000000000e+05 8.560000000000000000e+02
5.532780000000000000e+05 8.970000000000000000e+02
5.566110000000000000e+05 8.460000000000000000e+02
5.599440000000000000e+05 7.760000000000000000e+02
5.632770000000000000e+05 8.030000000000000000e+02
5.666100000000000000e+05 7.230000000000000000e+02
5.699430000000000000e+05 8.460000000000000000e+02
5.732760000000000000e+05 8.150000000000000000e+02
5.766090000000000000e+05 8.400000000000000000e+02
5.799420000000000000e+05 8.890000000000000000e+02
5.832750000000000000e+05 8.970000000000000000e+02
5.866080000000000000e+05 9.120000000000000000e+02
5.899410000000000000e+05 1.038000000000000000e+03
5.932740000000000000e+05 1.000000000000000000e+03
5.966070000000000000e+05 1.051000000000000000e+03
5.999400000000000000e+05 1.095000000000000000e+03
6.032730000000000000e+05 1.220000000000000000e+03
6.066060000000000000e+05 1.376000000000000000e+03
6.099390000000000000e+05 1.366000000000000000e+03
6.132720000000000000e+05 1.404000000000000000e+03
6.166050000000000000e+05 1.489000000000000000e+03
6.199380000000000000e+05 1.548000000000000000e+03
6.232710000000000000e+05 1.700000000000000000e+03
6.266040000000000000e+05 1.727000000000000000e+03
6.299370000000000000e+05 1.961000000000000000e+03
6.332700000000000000e+05 1.959000000000000000e+03
6.366030000000000000e+05 2.186000000000000000e+03
6.399360000000000000e+05 2.104000000000000000e+03
6.432690000000000000e+05 2.197000000000000000e+03
6.466020000000000000e+05 2.335000000000000000e+03
6.499350000000000000e+05 2.479000000000000000e+03
6.532680000000000000e+05 2.437000000000000000e+03
6.566010000000000000e+05 2.645000000000000000e+03
6.599340000000000000e+05 2.696000000000000000e+03
6.632670000000000000e+05 2.763000000000000000e+03
