0.000000000000000000e+00 1.381000000000000000e+03
2.500000000000000000e+01 1.397000000000000000e+03
5.000000000000000000e+01 1.464000000000000000e+03
7.500000000000000000e+01 1.537000000000000000e+03
1.000000000000000000e+02 1.551000000000000000e+03
1.250000000000000000e+02 1.720000000000000000e+03
1.500000000000000000e+02 1.671000000000000000e+03
1.750000000000000000e+02 1.734000000000000000e+03
2.000000000000000000e+02 1.703000000000000000e+03
2.250000000000000000e+02 1.787000000000000000e+03
2.500000000000000000e+02 1.876000000000000000e+03
2.750000000000000000e+02 1.941000000000000000e+03
3.000000000000000000e+02 1.949000000000000000e+03
3.250000000000000000e+02 1.933000000000000000e+03
3.500000000000000000e+02 1.991000000000000000e+03
3.750000000000000000e+02 1.975000000000000000e+03
4.000000000000000000e+02 2.033000000000000000e+03
4.250000000000000000e+02 2.006000000000000000e+03
4.500000000000000000e+02 2.073000000000000000e+03
4.750000000000000000e+02 2.049000000000000000e+03
5.000000000000000000e+02 2.121000000000000000e+03
5.250000000000000000e+02 2.040000000000000000e+03
5.500000000000000000e+02 2.060000000000000000e+03
5.750000000000000000e+02 2.056000000000000000e+03
6.000000000000000000e+02 1.998000000000000000e+03
6.250000000000000000e+02 2.044000000000000000e+03
6.500000000000000000e+02 2.062000000000000000e+03
6.750000000000000000e+02 2.121000000000000000e+03
7.000000000000000000e+02 2.025000000000000000e+03
7.250000000000000000e+02 2.006000000000000000e+03
7.500000000000000000e+02 2.056000000000000000e+03
7.750000000000000000e+02 1.916000000000000000e+03
8.000000000000000000e+02 1.969000000000000000e+03
8.250000000000000000e+02 1.962000000000000000e+03
8.500000000000000000e+02 2.032000000000000000e+03
8.750000000000000000e+02 1.857000000000000000e+03
9.000000000000000000e+02 1.882000000000000000e+03
9.250000000000000000e+02 1.826000000000000000e+03
9.500000000000000000e+02 1.853000000000000000e+03
9.750000000000000000e+02 1.801000000000000000e+03
1.000000000000000000e+03 1.757000000000000000e+03
1.025000000000000000e+03 1.746000000000000000e+03
1.050000000000000000e+03 1.728000000000000000e+03
1.075000000000000000e+03 1.662000000000000000e+03
1.100000000000000000e+03 1.631000000000000000e+03
1.125000000000000000e+03 1.570000000000000000e+03
1.150000000000000000e+03 1.580000000000000000e+03
1.175000000000000000e+03 1.500000000000000000e+03
1.200000000000000000e+03 1.485000000000000000e+03
1.225000000000000000e+03 1.457000000000000000e+03
1.250000000000000000e+03 1.463000000000000000e+03
1.275000000000000000e+03 1.348000000000000000e+03
1.300000000000000000e+03 1.335000000000000000e+03
1.325000000000000000e+03 1.255000000000000000e+03
1.350000000000000000e+03 1.145000000000000000e+03
1.375000000000000000e+03 1.111000000000000000e+03
1.400000000000000000e+03 1.077000000000000000e+03
1.425000000000000000e+03 1.112000000000000000e+03
1.450000000000000000e+03 1.088000000000000000e+03
1.475000000000000000e+03 1.043000000000000000e+03
1.500000000000000000e+03 9.670000000000000000e+02
1.525000000000000000e+03 9.600000000000000000e+02
1.550000000000000000e+03 8.840000000000000000e+02
1.575000000000000000e+03 8.340000000000000000e+02
1.600000000000000000e+03 8.000000000000000000e+02
1.625000000000000000e+03 8.620000000000000000e+02
1.650000000000000000e+03 7.700000000000000000e+02
1.675000000000000000e+03 7.700000000000000000e+02
1.700000000000000000e+03 7.230000000000000000e+02
1.725000000000000000e+03 6.920000000000000000e+02
1.750000000000000000e+03 7.000000000000000000e+02
1.775000000000000000e+03 6.490000000000000000e+02
1.800000000000000000e+03 6.790000000000000000e+02
1.825000000000000000e+03 5.950000000000000000e+02
1.850000000000000000e+03 5.990000000000000000e+02
1.875000000000000000e+03 6.030000000000000000e+02
1.900000000000000000e+03 5.530000000000000000e+02
1.925000000000000000e+03 6.280000000000000000e+02
1.950000000000000000e+03 6.300000000000000000e+02
1.975000000000000000e+03 5.850000000000000000e+02
2.000000000000000000e+03 5.860000000000000000e+02
2.025000000000000000e+03 5.860000000000000000e+02
2.050000000000000000e+03 6.200000000000000000e+02
2.075000000000000000e+03 6.370000000000000000e+02
2.100000000000000000e+03 6.700000000000000000e+02
2.125000000000000000e+03 6.640000000000000000e+02
2.150000000000000000e+03 6.940000000000000000e+02
2.175000000000000000e+03 7.040000000000000000e+02
2.200000000000000000e+03 7.380000000000000000e+02
2.225000000000000000e+03 8.440000000000000000e+02
2.250000000000000000e+03 8.350000000000000000e+02
2.275000000000000000e+03 9.060000000000000000e+02
2.300000000000000000e+03 8.550000000000000000e+02
2.325000000000000000e+03 1.010000000000000000e+03
2.350000000000000000e+03 1.039000000000000000e+03
2.375000000000000000e+03 1.128000000000000000e+03
2.400000000000000000e+03 1.122000000000000000e+03
2.425000000000000000e+03 1.237000000000000000e+03
2.450000000000000000e+03 1.222000000000000000e+03
2.475000000000000000e+03 1.334000000000000000e+03
2.500000000000000000e+03 1.326000000000000000e+03
2.525000000000000000e+03 1.424000000000000000e+03
2.550000000000000000e+03 1.432000000000000000e+03
2.575000000000000000e+03 1.567000000000000000e+03
2.600000000000000000e+03 1.559000000000000000e+03
2.625000000000000000e+03 1.586000000000000000e+03
2.650000000000000000e+03 1.754000000000000000e+03
2.675000000000000000e+03 1.628000000000000000e+03
2.700000000000000000e+03 1.785000000000000000e+03
2.725000000000000000e+03 1.786000000000000000e+03
2.750000000000000000e+03 1.865000000000000000e+03
2.775000000000000000e+03 1.759000000000000000e+03
2.800000000000000000e+03 1.936000000000000000e+03
2.825000000000000000e+03 2.024000000000000000e+03
2.850000000000000000e+03 2.059000000000000000e+03
2.875000000000000000e+03 1.906000000000000000e+03
2.900000000000000000e+03 2.002000000000000000e+03
2.925000000000000000e+03 1.993000000000000000e+03
2.950000000000000000e+03 1.977000000000000000e+03
2.975000000000000000e+03 2.084000000000000000e+03
3.000000000000000000e+03 2.052000000000000000e+03
3.025000000000000000e+03 2.099000000000000000e+03
3.050000000000000000e+03 2.011000000000000000e+03
3.075000000000000000e+03 1.960000000000000000e+03
3.100000000000000000e+03 2.106000000000000000e+03
3.125000000000000000e+03 2.026000000000000000e+03
3.150000000000000000e+03 2.110000000000000000e+03
3.175000000000000000e+03 2.034000000000000000e+03
3.200000000000000000e+03 1.974000000000000000e+03
3.225000000000000000e+03 2.071000000000000000e+03
3.250000000000000000e+03 1.970000000000000000e+03
3.275000000000000000e+03 2.016000000000000000e+03
3.300000000000000000e+03 2.001000000000000000e+03
3.325000000000000000e+03 2.013000000000000000e+03
3.350000000000000000e+03 1.950000000000000000e+03
3.375000000000000000e+03 1.902000000000000000e+03
3.400000000000000000e+03 1.896000000000000000e+03
3.425000000000000000e+03 1.849000000000000000e+03
3.450000000000000000e+03 1.867000000000000000e+03
3.475000000000000000e+03 1.810000000000000000e+03
3.500000000000000000e+03 1.766000000000000000e+03
3.525000000000000000e+03 1.685000000000000000e+03
3.550000000000000000e+03 1.732000000000000000e+03
3.575000000000000000e+03 1.689000000000000000e+03
3.600000000000000000e+03 1.671000000000000000e+03
3.625000000000000000e+03 1.599000000000000000e+03
3.650000000000000000e+03 1.510000000000000000e+03
3.675000000000000000e+03 1.514000000000000000e+03
3.700000000000000000e+03 1.429000000000000000e+03
3.725000000000000000e+03 1.363000000000000000e+03
3.750000000000000000e+03 1.461000000000000000e+03
3.775000000000000000e+03 1.324000000000000000e+03
3.800000000000000000e+03 1.280000000000000000e+03
3.825000000000000000e+03 1.236000000000000000e+03
3.850000000000000000e+03 1.228000000000000000e+03
3.875000000000000000e+03 1.113000000000000000e+03
3.900000000000000000e+03 1.073000000000000000e+03
3.925000000000000000e+03 1.060000000000000000e+03
3.950000000000000000e+03 1.026000000000000000e+03
3.975000000000000000e+03 9.350000000000000000e+02
4.000000000000000000e+03 8.880000000000000000e+02
4.025000000000000000e+03 9.350000000000000000e+02
4.050000000000000000e+03 8.750000000000000000e+02
4.075000000000000000e+03 8.730000000000000000e+02
4.100000000000000000e+03 8.640000000000000000e+02
4.125000000000000000e+03 8.020000000000000000e+02
4.150000000000000000e+03 7.420000000000000000e+02
4.175000000000000000e+03 7.600000000000000000e+02
4.200000000000000000e+03 7.000000000000000000e+02
4.225000000000000000e+03 6.970000000000000000e+02
4.250000000000000000e+03 6.710000000000000000e+02
4.275000000000000000e+03 6.620000000000000000e+02
4.300000000000000000e+03 5.910000000000000000e+02
4.325000000000000000e+03 6.720000000000000000e+02
4.350000000000000000e+03 6.170000000000000000e+02
4.375000000000000000e+03 6.250000000000000000e+02
4.400000000000000000e+03 6.120000000000000000e+02
4.425000000000000000e+03 5.800000000000000000e+02
4.450000000000000000e+03 5.870000000000000000e+02
4.475000000000000000e+03 6.080000000000000000e+02
4.500000000000000000e+03 5.700000000000000000e+02
4.525000000000000000e+03 5.700000000000000000e+02
4.550000000000000000e+03 6.210000000000000000e+02
4.575000000000000000e+03 6.610000000000000000e+02
4.600000000000000000e+03 7.310000000000000000e+02
4.625000000000000000e+03 6.800000000000000000e+02
4.650000000000000000e+03 7.210000000000000000e+02
4.675000000000000000e+03 7.060000000000000000e+02
4.700000000000000000e+03 7.370000000000000000e+02
4.725000000000000000e+03 8.320000000000000000e+02
4.750000000000000000e+03 8.380000000000000000e+02
4.775000000000000000e+03 9.400000000000000000e+02
4.800000000000000000e+03 9.020000000000000000e+02
4.825000000000000000e+03 9.720000000000000000e+02
4.850000000000000000e+03 1.058000000000000000e+03
4.875000000000000000e+03 1.109000000000000000e+03
4.900000000000000000e+03 1.096000000000000000e+03
4.925000000000000000e+03 1.140000000000000000e+03
4.950000000000000000e+03 1.295000000000000000e+03
4.975000000000000000e+03 1.296000000000000000e+03
