0.000000000000000000e+00 3.117000000000000000e+03
2.500000000000000000e+03 3.252000000000000000e+03
5.000000000000000000e+03 3.246000000000000000e+03
7.500000000000000000e+03 3.339000000000000000e+03
1.000000000000000000e+04 3.380000000000000000e+03
1.250000000000000000e+04 3.455000000000000000e+03
1.500000000000000000e+04 3.512000000000000000e+03
1.750000000000000000e+04 3.439000000000000000e+03
2.000000000000000000e+04 3.616000000000000000e+03
2.250000000000000000e+04 3.655000000000000000e+03
2.500000000000000000e+04 3.648000000000000000e+03
2.750000000000000000e+04 3.687000000000000000e+03
3.000000000000000000e+04 3.773000000000000000e+03
3.250000000000000000e+04 3.585000000000000000e+03
3.500000000000000000e+04 3.830000000000000000e+03
3.750000000000000000e+04 3.799000000000000000e+03
4.000000000000000000e+04 3.774000000000000000e+03
4.250000000000000000e+04 3.758000000000000000e+03
4.500000000000000000e+04 3.811000000000000000e+03
4.750000000000000000e+04 3.697000000000000000e+03
5.000000000000000000e+04 3.859000000000000000e+03
5.250000000000000000e+04 3.860000000000000000e+03
5.500000000000000000e+04 3.818000000000000000e+03
5.750000000000000000e+04 3.768000000000000000e+03
6.000000000000000000e+04 3.739000000000000000e+03
6.250000000000000000e+04 3.801000000000000000e+03
6.500000000000000000e+04 3.706000000000000000e+03
6.750000000000000000e+04 3.660000000000000000e+03
7.000000000000000000e+04 3.702000000000000000e+03
7.250000000000000000e+04 3.632000000000000000e+03
7.500000000000000000e+04 3.723000000000000000e+03
7.750000000000000000e+04 3.688000000000000000e+03
8.000000000000000000e+04 3.536000000000000000e+03
8.250000000000000000e+04 3.427000000000000000e+03
8.500000000000000000e+04 3.405000000000000000e+03
8.750000000000000000e+04 3.364000000000000000e+03
9.000000000000000000e+04 3.245000000000000000e+03
9.250000000000000000e+04 3.279000000000000000e+03
9.500000000000000000e+04 3.212000000000000000e+03
9.750000000000000000e+04 3.038000000000000000e+03
1.000000000000000000e+05 3.000000000000000000e+03
1.025000000000000000e+05 2.966000000000000000e+03
1.050000000000000000e+05 2.870000000000000000e+03
1.075000000000000000e+05 2.838000000000000000e+03
1.100000000000000000e+05 2.725000000000000000e+03
1.125000000000000000e+05 2.578000000000000000e+03
1.150000000000000000e+05 2.479000000000000000e+03
1.175000000000000000e+05 2.405000000000000000e+03
1.200000000000000000e+05 2.152000000000000000e+03
1.225000000000000000e+05 2.222000000000000000e+03
1.250000000000000000e+05 2.094000000000000000e+03
1.275000000000000000e+05 1.977000000000000000e+03
1.300000000000000000e+05 1.878000000000000000e+03
1.325000000000000000e+05 1.760000000000000000e+03
1.350000000000000000e+05 1.713000000000000000e+03
1.375000000000000000e+05 1.518000000000000000e+03
1.400000000000000000e+05 1.476000000000000000e+03
1.425000000000000000e+05 1.391000000000000000e+03
1.450000000000000000e+05 1.326000000000000000e+03
1.475000000000000000e+05 1.235000000000000000e+03
1.500000000000000000e+05 1.236000000000000000e+03
1.525000000000000000e+05 1.103000000000000000e+03
1.550000000000000000e+05 1.055000000000000000e+03
1.575000000000000000e+05 1.042000000000000000e+03
1.600000000000000000e+05 9.950000000000000000e+02
1.625000000000000000e+05 9.230000000000000000e+02
1.650000000000000000e+05 9.370000000000000000e+02
1.675000000000000000e+05 9.430000000000000000e+02
1.700000000000000000e+05 8.870000000000000000e+02
1.725000000000000000e+05 8.810000000000000000e+02
1.750000000000000000e+05 9.170000000000000000e+02
1.775000000000000000e+05 8.920000000000000000e+02
1.800000000000000000e+05 8.940000000000000000e+02
1.825000000000000000e+05 9.350000000000000000e+02
1.850000000000000000e+05 9.580000000000000000e+02
1.875000000000000000e+05 9.590000000000000000e+02
1.900000000000000000e+05 1.015000000000000000e+03
1.925000000000000000e+05 1.050000000000000000e+03
1.950000000000000000e+05 1.165000000000000000e+03
1.975000000000000000e+05 1.282000000000000000e+03
2.000000000000000000e+05 1.281000000000000000e+03
2.025000000000000000e+05 1.335000000000000000e+03
2.050000000000000000e+05 1.450000000000000000e+03
2.075000000000000000e+05 1.546000000000000000e+03
2.100000000000000000e+05 1.657000000000000000e+03
2.125000000000000000e+05 1.644000000000000000e+03
2.150000000000000000e+05 1.835000000000000000e+03
2.175000000000000000e+05 1.893000000000000000e+03
2.200000000000000000e+05 1.954000000000000000e+03
2.225000000000000000e+05 2.094000000000000000e+03
2.250000000000000000e+05 2.272000000000000000e+03
2.275000000000000000e+05 2.357000000000000000e+03
2.300000000000000000e+05 2.429000000000000000e+03
2.325000000000000000e+05 2.517000000000000000e+03
2.350000000000000000e+05 2.694000000000000000e+03
2.375000000000000000e+05 2.703000000000000000e+03
2.400000000000000000e+05 2.865000000000000000e+03
2.425000000000000000e+05 2.904000000000000000e+03
2.450000000000000000e+05 3.036000000000000000e+03
2.475000000000000000e+05 3.138000000000000000e+03
2.500000000000000000e+05 3.043000000000000000e+03
2.525000000000000000e+05 3.219000000000000000e+03
2.550000000000000000e+05 3.323000000000000000e+03
2.575000000000000000e+05 3.372000000000000000e+03
2.600000000000000000e+05 3.342000000000000000e+03
2.625000000000000000e+05 3.416000000000000000e+03
2.650000000000000000e+05 3.638000000000000000e+03
2.675000000000000000e+05 3.526000000000000000e+03
2.700000000000000000e+05 3.633000000000000000e+03
2.725000000000000000e+05 3.710000000000000000e+03
2.750000000000000000e+05 3.585000000000000000e+03
2.775000000000000000e+05 3.650000000000000000e+03
2.800000000000000000e+05 3.778000000000000000e+03
2.825000000000000000e+05 3.799000000000000000e+03
2.850000000000000000e+05 3.870000000000000000e+03
2.875000000000000000e+05 3.798000000000000000e+03
2.900000000000000000e+05 3.794000000000000000e+03
2.925000000000000000e+05 3.833000000000000000e+03
2.950000000000000000e+05 3.823000000000000000e+03
2.975000000000000000e+05 3.808000000000000000e+03
3.000000000000000000e+05 3.804000000000000000e+03
3.025000000000000000e+05 3.682000000000000000e+03
3.050000000000000000e+05 3.728000000000000000e+03
3.075000000000000000e+05 3.712000000000000000e+03
3.100000000000000000e+05 3.749000000000000000e+03
3.125000000000000000e+05 3.662000000000000000e+03
3.150000000000000000e+05 3.725000000000000000e+03
3.175000000000000000e+05 3.827000000000000000e+03
3.200000000000000000e+05 3.789000000000000000e+03
3.225000000000000000e+05 3.653000000000000000e+03
3.250000000000000000e+05 3.714000000000000000e+03
3.275000000000000000e+05 3.565000000000000000e+03
3.300000000000000000e+05 3.433000000000000000e+03
3.325000000000000000e+05 3.553000000000000000e+03
3.350000000000000000e+05 3.400000000000000000e+03
3.375000000000000000e+05 3.494000000000000000e+03
3.400000000000000000e+05 3.384000000000000000e+03
3.425000000000000000e+05 3.301000000000000000e+03
3.450000000000000000e+05 3.143000000000000000e+03
3.475000000000000000e+05 3.182000000000000000e+03
3.500000000000000000e+05 3.065000000000000000e+03
3.525000000000000000e+05 2.881000000000000000e+03
3.550000000000000000e+05 2.802000000000000000e+03
3.575000000000000000e+05 2.770000000000000000e+03
3.600000000000000000e+05 2.704000000000000000e+03
3.625000000000000000e+05 2.579000000000000000e+03
3.650000000000000000e+05 2.480000000000000000e+03
3.675000000000000000e+05 2.378000000000000000e+03
3.700000000000000000e+05 2.271000000000000000e+03
3.725000000000000000e+05 2.184000000000000000e+03
3.750000000000000000e+05 2.098000000000000000e+03
3.775000000000000000e+05 2.017000000000000000e+03
3.800000000000000000e+05 1.886000000000000000e+03
3.825000000000000000e+05 1.838000000000000000e+03
3.850000000000000000e+05 1.634000000000000000e+03
3.875000000000000000e+05 1.530000000000000000e+03
3.900000000000000000e+05 1.516000000000000000e+03
3.925000000000000000e+05 1.419000000000000000e+03
3.950000000000000000e+05 1.325000000000000000e+03
3.975000000000000000e+05 1.227000000000000000e+03
4.000000000000000000e+05 1.165000000000000000e+03
4.025000000000000000e+05 1.117000000000000000e+03
4.050000000000000000e+05 1.069000000000000000e+03
4.075000000000000000e+05 9.710000000000000000e+02
4.100000000000000000e+05 9.580000000000000000e+02
4.125000000000000000e+05 9.310000000000000000e+02
4.150000000000000000e+05 9.390000000000000000e+02
4.175000000000000000e+05 8.960000000000000000e+02
4.200000000000000000e+05 9.030000000000000000e+02
4.225000000000000000e+05 9.040000000000000000e+02
4.250000000000000000e+05 8.250000000000000000e+02
4.275000000000000000e+05 9.100000000000000000e+02
4.300000000000000000e+05 8.900000000000000000e+02
4.325000000000000000e+05 9.810000000000000000e+02
4.350000000000000000e+05 9.830000000000000000e+02
4.375000000000000000e+05 9.830000000000000000e+02
4.400000000000000000e+05 1.046000000000000000e+03
4.425000000000000000e+05 1.062000000000000000e+03
4.450000000000000000e+05 1.196000000000000000e+03
4.475000000000000000e+05 1.229000000000000000e+03
4.500000000000000000e+05 1.255000000000000000e+03
4.525000000000000000e+05 1.375000000000000000e+03
4.550000000000000000e+05 1.434000000000000000e+03
4.575000000000000000e+05 1.580000000000000000e+03
4.600000000000000000e+05 1.602000000000000000e+03
4.625000000000000000e+05 1.714000000000000000e+03
4.650000000000000000e+05 1.783000000000000000e+03
4.675000000000000000e+05 1.942000000000000000e+03
4.700000000000000000e+05 1.987000000000000000e+03
4.725000000000000000e+05 2.129000000000000000e+03
4.750000000000000000e+05 2.323000000000000000e+03
4.775000000000000000e+05 2.330000000000000000e+03
4.800000000000000000e+05 2.455000000000000000e+03
4.825000000000000000e+05 2.609000000000000000e+03
4.850000000000000000e+05 2.678000000000000000e+03
4.875000000000000000e+05 2.709000000000000000e+03
4.900000000000000000e+05 2.715000000000000000e+03
4.925000000000000000e+05 2.950000000000000000e+03
4.950000000000000000e+05 2.861000000000000000e+03
4.975000000000000000e+05 3.098000000000000000e+03
