0.000000000000000000e+00 5.339000000000000000e+03
1.000000000000000000e+04 5.682000000000000000e+03
2.000000000000000000e+04 5.981000000000000000e+03
3.000000000000000000e+04 5.966000000000000000e+03
4.000000000000000000e+04 5.995000000000000000e+03
5.000000000000000000e+04 6.301000000000000000e+03
6.000000000000000000e+04 6.309000000000000000e+03
7.000000000000000000e+04 6.386000000000000000e+03
8.000000000000000000e+04 6.325000000000000000e+03
9.000000000000000000e+04 6.457000000000000000e+03
1.000000000000000000e+05 6.513000000000000000e+03
1.100000000000000000e+05 6.566000000000000000e+03
1.200000000000000000e+05 6.653000000000000000e+03
1.300000000000000000e+05 6.727000000000000000e+03
1.400000000000000000e+05 6.757000000000000000e+03
1.500000000000000000e+05 6.917000000000000000e+03
1.600000000000000000e+05 6.936000000000000000e+03
1.700000000000000000e+05 6.788000000000000000e+03
1.800000000000000000e+05 6.862000000000000000e+03
1.900000000000000000e+05 6.917000000000000000e+03
2.000000000000000000e+05 6.944000000000000000e+03
2.100000000000000000e+05 6.791000000000000000e+03
2.200000000000000000e+05 6.872000000000000000e+03
2.300000000000000000e+05 6.669000000000000000e+03
2.400000000000000000e+05 6.686000000000000000e+03
2.500000000000000000e+05 6.635000000000000000e+03
2.600000000000000000e+05 6.612000000000000000e+03
2.700000000000000000e+05 6.761000000000000000e+03
2.800000000000000000e+05 6.535000000000000000e+03
2.900000000000000000e+05 6.431000000000000000e+03
3.000000000000000000e+05 6.446000000000000000e+03
3.100000000000000000e+05 6.436000000000000000e+03
3.200000000000000000e+05 6.351000000000000000e+03
3.300000000000000000e+05 6.351000000000000000e+03
3.400000000000000000e+05 6.175000000000000000e+03
3.500000000000000000e+05 6.081000000000000000e+03
3.600000000000000000e+05 5.937000000000000000e+03
3.700000000000000000e+05 5.883000000000000000e+03
3.800000000000000000e+05 5.687000000000000000e+03
3.900000000000000000e+05 5.569000000000000000e+03
4.000000000000000000e+05 5.368000000000000000e+03
4.100000000000000000e+05 5.106000000000000000e+03
4.200000000000000000e+05 5.048000000000000000e+03
4.300000000000000000e+05 4.971000000000000000e+03
4.400000000000000000e+05 4.699000000000000000e+03
4.500000000000000000e+05 4.649000000000000000e+03
4.600000000000000000e+05 4.348000000000000000e+03
4.700000000000000000e+05 4.188000000000000000e+03
4.800000000000000000e+05 3.953000000000000000e+03
4.900000000000000000e+05 3.770000000000000000e+03
5.000000000000000000e+05 3.589000000000000000e+03
5.100000000000000000e+05 3.510000000000000000e+03
5.200000000000000000e+05 3.269000000000000000e+03
5.300000000000000000e+05 3.105000000000000000e+03
5.400000000000000000e+05 2.860000000000000000e+03
5.500000000000000000e+05 2.748000000000000000e+03
5.600000000000000000e+05 2.582000000000000000e+03
5.700000000000000000e+05 2.471000000000000000e+03
5.800000000000000000e+05 2.324000000000000000e+03
5.900000000000000000e+05 2.164000000000000000e+03
6.000000000000000000e+05 2.034000000000000000e+03
6.100000000000000000e+05 1.933000000000000000e+03
6.200000000000000000e+05 1.774000000000000000e+03
6.300000000000000000e+05 1.726000000000000000e+03
6.400000000000000000e+05 1.741000000000000000e+03
6.500000000000000000e+05 1.686000000000000000e+03
6.600000000000000000e+05 1.555000000000000000e+03
6.700000000000000000e+05 1.601000000000000000e+03
6.800000000000000000e+05 1.487000000000000000e+03
6.900000000000000000e+05 1.551000000000000000e+03
7.000000000000000000e+05 1.486000000000000000e+03
7.100000000000000000e+05 1.562000000000000000e+03
7.200000000000000000e+05 1.581000000000000000e+03
7.300000000000000000e+05 1.613000000000000000e+03
7.400000000000000000e+05 1.704000000000000000e+03
7.500000000000000000e+05 1.856000000000000000e+03
7.600000000000000000e+05 1.780000000000000000e+03
7.700000000000000000e+05 1.899000000000000000e+03
7.800000000000000000e+05 1.971000000000000000e+03
7.900000000000000000e+05 2.183000000000000000e+03
8.000000000000000000e+05 2.265000000000000000e+03
8.100000000000000000e+05 2.375000000000000000e+03
8.200000000000000000e+05 2.627000000000000000e+03
8.300000000000000000e+05 2.728000000000000000e+03
8.400000000000000000e+05 2.781000000000000000e+03
8.500000000000000000e+05 3.090000000000000000e+03
8.600000000000000000e+05 3.103000000000000000e+03
8.700000000000000000e+05 3.381000000000000000e+03
8.800000000000000000e+05 3.653000000000000000e+03
8.900000000000000000e+05 3.679000000000000000e+03
9.000000000000000000e+05 3.984000000000000000e+03
9.100000000000000000e+05 4.067000000000000000e+03
9.200000000000000000e+05 4.322000000000000000e+03
9.300000000000000000e+05 4.410000000000000000e+03
9.400000000000000000e+05 4.660000000000000000e+03
9.500000000000000000e+05 4.824000000000000000e+03
9.600000000000000000e+05 4.888000000000000000e+03
9.700000000000000000e+05 5.273000000000000000e+03
9.800000000000000000e+05 5.282000000000000000e+03
9.900000000000000000e+05 5.472000000000000000e+03
1.000000000000000000e+06 5.796000000000000000e+03
1.010000000000000000e+06 5.751000000000000000e+03
1.020000000000000000e+06 5.839000000000000000e+03
1.030000000000000000e+06 5.885000000000000000e+03
1.040000000000000000e+06 6.245000000000000000e+03
1.050000000000000000e+06 6.200000000000000000e+03
1.060000000000000000e+06 6.340000000000000000e+03
1.070000000000000000e+06 6.447000000000000000e+03
1.080000000000000000e+06 6.410000000000000000e+03
1.090000000000000000e+06 6.497000000000000000e+03
1.100000000000000000e+06 6.750000000000000000e+03
1.110000000000000000e+06 6.585000000000000000e+03
1.120000000000000000e+06 6.677000000000000000e+03
1.130000000000000000e+06 6.747000000000000000e+03
1.140000000000000000e+06 6.806000000000000000e+03
1.150000000000000000e+06 6.805000000000000000e+03
1.160000000000000000e+06 6.671000000000000000e+03
1.170000000000000000e+06 6.825000000000000000e+03
1.180000000000000000e+06 6.948000000000000000e+03
1.190000000000000000e+06 6.861000000000000000e+03
1.200000000000000000e+06 6.814000000000000000e+03
1.210000000000000000e+06 6.810000000000000000e+03
1.220000000000000000e+06 6.938000000000000000e+03
1.230000000000000000e+06 6.790000000000000000e+03
1.240000000000000000e+06 6.752000000000000000e+03
1.250000000000000000e+06 6.774000000000000000e+03
1.260000000000000000e+06 6.768000000000000000e+03
1.270000000000000000e+06 6.751000000000000000e+03
1.280000000000000000e+06 6.510000000000000000e+03
1.290000000000000000e+06 6.612000000000000000e+03
1.300000000000000000e+06 6.520000000000000000e+03
1.310000000000000000e+06 6.414000000000000000e+03
1.320000000000000000e+06 6.295000000000000000e+03
1.330000000000000000e+06 6.412000000000000000e+03
1.340000000000000000e+06 6.032000000000000000e+03
1.350000000000000000e+06 5.916000000000000000e+03
1.360000000000000000e+06 5.906000000000000000e+03
1.370000000000000000e+06 5.777000000000000000e+03
1.380000000000000000e+06 5.638000000000000000e+03
1.390000000000000000e+06 5.485000000000000000e+03
1.400000000000000000e+06 5.528000000000000000e+03
1.410000000000000000e+06 5.104000000000000000e+03
1.420000000000000000e+06 5.142000000000000000e+03
1.430000000000000000e+06 4.753000000000000000e+03
1.440000000000000000e+06 4.679000000000000000e+03
1.450000000000000000e+06 4.524000000000000000e+03
1.460000000000000000e+06 4.512000000000000000e+03
1.470000000000000000e+06 4.124000000000000000e+03
1.480000000000000000e+06 4.017000000000000000e+03
1.490000000000000000e+06 3.765000000000000000e+03
1.500000000000000000e+06 3.565000000000000000e+03
1.510000000000000000e+06 3.475000000000000000e+03
1.520000000000000000e+06 3.214000000000000000e+03
1.530000000000000000e+06 3.168000000000000000e+03
1.540000000000000000e+06 2.871000000000000000e+03
1.550000000000000000e+06 2.657000000000000000e+03
1.560000000000000000e+06 2.609000000000000000e+03
1.570000000000000000e+06 2.428000000000000000e+03
1.580000000000000000e+06 2.252000000000000000e+03
1.590000000000000000e+06 2.062000000000000000e+03
1.600000000000000000e+06 2.029000000000000000e+03
1.610000000000000000e+06 1.889000000000000000e+03
1.620000000000000000e+06 1.843000000000000000e+03
1.630000000000000000e+06 1.679000000000000000e+03
1.640000000000000000e+06 1.734000000000000000e+03
1.650000000000000000e+06 1.689000000000000000e+03
1.660000000000000000e+06 1.645000000000000000e+03
1.670000000000000000e+06 1.553000000000000000e+03
1.680000000000000000e+06 1.543000000000000000e+03
1.690000000000000000e+06 1.462000000000000000e+03
1.700000000000000000e+06 1.556000000000000000e+03
1.710000000000000000e+06 1.478000000000000000e+03
1.720000000000000000e+06 1.560000000000000000e+03
1.730000000000000000e+06 1.597000000000000000e+03
1.740000000000000000e+06 1.693000000000000000e+03
1.750000000000000000e+06 1.726000000000000000e+03
1.760000000000000000e+06 1.823000000000000000e+03
1.770000000000000000e+06 1.906000000000000000e+03
1.780000000000000000e+06 1.962000000000000000e+03
1.790000000000000000e+06 2.106000000000000000e+03
1.800000000000000000e+06 2.294000000000000000e+03
1.810000000000000000e+06 2.340000000000000000e+03
1.820000000000000000e+06 2.422000000000000000e+03
1.830000000000000000e+06 2.603000000000000000e+03
1.840000000000000000e+06 2.785000000000000000e+03
1.850000000000000000e+06 2.979000000000000000e+03
1.860000000000000000e+06 3.104000000000000000e+03
1.870000000000000000e+06 3.376000000000000000e+03
1.880000000000000000e+06 3.611000000000000000e+03
1.890000000000000000e+06 3.713000000000000000e+03
1.900000000000000000e+06 3.857000000000000000e+03
1.910000000000000000e+06 4.039000000000000000e+03
1.920000000000000000e+06 4.354000000000000000e+03
1.930000000000000000e+06 4.447000000000000000e+03
1.940000000000000000e+06 4.628000000000000000e+03
1.950000000000000000e+06 4.922000000000000000e+03
1.960000000000000000e+06 5.042000000000000000e+03
1.970000000000000000e+06 5.299000000000000000e+03
1.980000000000000000e+06 5.279000000000000000e+03
1.990000000000000000e+06 5.485000000000000000e+03
