0.000000000000000000e+00 1.502000000000000000e+03
5.000000000000000000e+01 1.517000000000000000e+03
1.000000000000000000e+02 1.605000000000000000e+03
1.500000000000000000e+02 1.625000000000000000e+03
2.000000000000000000e+02 1.690000000000000000e+03
2.500000000000000000e+02 1.718000000000000000e+03
3.000000000000000000e+02 1.777000000000000000e+03
3.500000000000000000e+02 1.741000000000000000e+03
4.000000000000000000e+02 1.835000000000000000e+03
4.500000000000000000e+02 1.893000000000000000e+03
5.000000000000000000e+02 1.859000000000000000e+03
5.500000000000000000e+02 1.952000000000000000e+03
6.000000000000000000e+02 1.898000000000000000e+03
6.500000000000000000e+02 1.969000000000000000e+03
7.000000000000000000e+02 2.034000000000000000e+03
7.500000000000000000e+02 1.968000000000000000e+03
8.000000000000000000e+02 2.063000000000000000e+03
8.500000000000000000e+02 2.043000000000000000e+03
9.000000000000000000e+02 2.139000000000000000e+03
9.500000000000000000e+02 2.009000000000000000e+03
1.000000000000000000e+03 2.113000000000000000e+03
1.050000000000000000e+03 1.976000000000000000e+03
1.100000000000000000e+03 2.066000000000000000e+03
1.150000000000000000e+03 2.042000000000000000e+03
1.200000000000000000e+03 2.083000000000000000e+03
1.250000000000000000e+03 2.064000000000000000e+03
1.300000000000000000e+03 2.058000000000000000e+03
1.350000000000000000e+03 1.906000000000000000e+03
1.400000000000000000e+03 1.942000000000000000e+03
1.450000000000000000e+03 1.990000000000000000e+03
1.500000000000000000e+03 1.944000000000000000e+03
1.550000000000000000e+03 1.972000000000000000e+03
1.600000000000000000e+03 1.970000000000000000e+03
1.650000000000000000e+03 1.998000000000000000e+03
1.700000000000000000e+03 1.901000000000000000e+03
1.750000000000000000e+03 1.908000000000000000e+03
1.800000000000000000e+03 1.812000000000000000e+03
1.850000000000000000e+03 1.800000000000000000e+03
1.900000000000000000e+03 1.689000000000000000e+03
1.950000000000000000e+03 1.754000000000000000e+03
2.000000000000000000e+03 1.641000000000000000e+03
2.050000000000000000e+03 1.725000000000000000e+03
2.100000000000000000e+03 1.585000000000000000e+03
2.150000000000000000e+03 1.628000000000000000e+03
2.200000000000000000e+03 1.476000000000000000e+03
2.250000000000000000e+03 1.527000000000000000e+03
2.300000000000000000e+03 1.503000000000000000e+03
2.350000000000000000e+03 1.511000000000000000e+03
2.400000000000000000e+03 1.352000000000000000e+03
2.450000000000000000e+03 1.324000000000000000e+03
2.500000000000000000e+03 1.220000000000000000e+03
2.550000000000000000e+03 1.169000000000000000e+03
2.600000000000000000e+03 1.223000000000000000e+03
2.650000000000000000e+03 1.199000000000000000e+03
2.700000000000000000e+03 1.079000000000000000e+03
2.750000000000000000e+03 1.013000000000000000e+03
2.800000000000000000e+03 1.030000000000000000e+03
2.850000000000000000e+03 9.230000000000000000e+02
2.900000000000000000e+03 8.720000000000000000e+02
2.950000000000000000e+03 9.050000000000000000e+02
3.000000000000000000e+03 8.480000000000000000e+02
3.050000000000000000e+03 7.860000000000000000e+02
3.100000000000000000e+03 7.370000000000000000e+02
3.150000000000000000e+03 7.280000000000000000e+02
3.200000000000000000e+03 6.760000000000000000e+02
3.250000000000000000e+03 6.530000000000000000e+02
3.300000000000000000e+03 6.130000000000000000e+02
3.350000000000000000e+03 6.010000000000000000e+02
3.400000000000000000e+03 6.160000000000000000e+02
3.450000000000000000e+03 5.600000000000000000e+02
3.500000000000000000e+03 5.430000000000000000e+02
3.550000000000000000e+03 5.400000000000000000e+02
3.600000000000000000e+03 5.590000000000000000e+02
3.650000000000000000e+03 5.450000000000000000e+02
3.700000000000000000e+03 5.110000000000000000e+02
3.750000000000000000e+03 4.870000000000000000e+02
3.800000000000000000e+03 5.000000000000000000e+02
3.850000000000000000e+03 4.960000000000000000e+02
3.900000000000000000e+03 5.330000000000000000e+02
3.950000000000000000e+03 5.630000000000000000e+02
4.000000000000000000e+03 5.950000000000000000e+02
4.050000000000000000e+03 5.490000000000000000e+02
4.100000000000000000e+03 6.260000000000000000e+02
4.150000000000000000e+03 6.490000000000000000e+02
4.200000000000000000e+03 6.310000000000000000e+02
4.250000000000000000e+03 7.170000000000000000e+02
4.300000000000000000e+03 7.570000000000000000e+02
4.350000000000000000e+03 8.000000000000000000e+02
4.400000000000000000e+03 8.080000000000000000e+02
4.450000000000000000e+03 8.930000000000000000e+02
4.500000000000000000e+03 9.390000000000000000e+02
4.550000000000000000e+03 9.600000000000000000e+02
4.600000000000000000e+03 1.022000000000000000e+03
4.650000000000000000e+03 1.087000000000000000e+03
4.700000000000000000e+03 1.148000000000000000e+03
4.750000000000000000e+03 1.166000000000000000e+03
4.800000000000000000e+03 1.257000000000000000e+03
4.850000000000000000e+03 1.282000000000000000e+03
4.900000000000000000e+03 1.432000000000000000e+03
4.950000000000000000e+03 1.446000000000000000e+03
5.000000000000000000e+03 1.504000000000000000e+03
5.050000000000000000e+03 1.528000000000000000e+03
5.100000000000000000e+03 1.551000000000000000e+03
5.150000000000000000e+03 1.570000000000000000e+03
5.200000000000000000e+03 1.687000000000000000e+03
5.250000000000000000e+03 1.637000000000000000e+03
5.300000000000000000e+03 1.783000000000000000e+03
5.350000000000000000e+03 1.796000000000000000e+03
5.400000000000000000e+03 1.918000000000000000e+03
5.450000000000000000e+03 1.838000000000000000e+03
5.500000000000000000e+03 1.980000000000000000e+03
5.550000000000000000e+03 1.845000000000000000e+03
5.600000000000000000e+03 1.879000000000000000e+03
5.650000000000000000e+03 1.956000000000000000e+03
5.700000000000000000e+03 1.976000000000000000e+03
5.750000000000000000e+03 1.951000000000000000e+03
5.800000000000000000e+03 2.053000000000000000e+03
5.850000000000000000e+03 1.973000000000000000e+03
5.900000000000000000e+03 1.923000000000000000e+03
5.950000000000000000e+03 2.025000000000000000e+03
6.000000000000000000e+03 2.070000000000000000e+03
6.050000000000000000e+03 2.031000000000000000e+03
6.100000000000000000e+03 2.036000000000000000e+03
6.150000000000000000e+03 2.062000000000000000e+03
6.200000000000000000e+03 2.088000000000000000e+03
6.250000000000000000e+03 2.040000000000000000e+03
6.300000000000000000e+03 2.004000000000000000e+03
6.350000000000000000e+03 2.037000000000000000e+03
6.400000000000000000e+03 2.014000000000000000e+03
6.450000000000000000e+03 2.073000000000000000e+03
6.500000000000000000e+03 1.947000000000000000e+03
6.550000000000000000e+03 2.035000000000000000e+03
6.600000000000000000e+03 1.983000000000000000e+03
6.650000000000000000e+03 1.942000000000000000e+03
6.700000000000000000e+03 1.915000000000000000e+03
6.750000000000000000e+03 1.839000000000000000e+03
6.800000000000000000e+03 1.794000000000000000e+03
6.850000000000000000e+03 1.826000000000000000e+03
6.900000000000000000e+03 1.745000000000000000e+03
6.950000000000000000e+03 1.635000000000000000e+03
7.000000000000000000e+03 1.745000000000000000e+03
7.050000000000000000e+03 1.624000000000000000e+03
7.100000000000000000e+03 1.744000000000000000e+03
7.150000000000000000e+03 1.690000000000000000e+03
7.200000000000000000e+03 1.558000000000000000e+03
7.250000000000000000e+03 1.471000000000000000e+03
7.300000000000000000e+03 1.529000000000000000e+03
7.350000000000000000e+03 1.409000000000000000e+03
7.400000000000000000e+03 1.338000000000000000e+03
7.450000000000000000e+03 1.301000000000000000e+03
7.500000000000000000e+03 1.299000000000000000e+03
7.550000000000000000e+03 1.226000000000000000e+03
7.600000000000000000e+03 1.247000000000000000e+03
7.650000000000000000e+03 1.142000000000000000e+03
7.700000000000000000e+03 1.069000000000000000e+03
7.750000000000000000e+03 1.013000000000000000e+03
7.800000000000000000e+03 1.025000000000000000e+03
7.850000000000000000e+03 9.190000000000000000e+02
7.900000000000000000e+03 8.760000000000000000e+02
7.950000000000000000e+03 8.440000000000000000e+02
8.000000000000000000e+03 7.930000000000000000e+02
8.050000000000000000e+03 7.710000000000000000e+02
8.100000000000000000e+03 7.090000000000000000e+02
8.150000000000000000e+03 7.300000000000000000e+02
8.200000000000000000e+03 6.800000000000000000e+02
8.250000000000000000e+03 6.310000000000000000e+02
8.300000000000000000e+03 6.440000000000000000e+02
8.350000000000000000e+03 5.960000000000000000e+02
8.400000000000000000e+03 6.130000000000000000e+02
8.450000000000000000e+03 5.960000000000000000e+02
8.500000000000000000e+03 5.780000000000000000e+02
8.550000000000000000e+03 5.600000000000000000e+02
8.600000000000000000e+03 5.290000000000000000e+02
8.650000000000000000e+03 5.120000000000000000e+02
8.700000000000000000e+03 5.240000000000000000e+02
8.750000000000000000e+03 4.940000000000000000e+02
8.800000000000000000e+03 5.500000000000000000e+02
8.850000000000000000e+03 5.290000000000000000e+02
8.900000000000000000e+03 5.650000000000000000e+02
8.950000000000000000e+03 5.340000000000000000e+02
9.000000000000000000e+03 5.730000000000000000e+02
9.050000000000000000e+03 6.110000000000000000e+02
9.100000000000000000e+03 6.150000000000000000e+02
9.150000000000000000e+03 6.260000000000000000e+02
9.200000000000000000e+03 6.740000000000000000e+02
9.250000000000000000e+03 7.430000000000000000e+02
9.300000000000000000e+03 7.500000000000000000e+02
9.350000000000000000e+03 7.710000000000000000e+02
9.400000000000000000e+03 8.080000000000000000e+02
9.450000000000000000e+03 8.300000000000000000e+02
9.500000000000000000e+03 9.420000000000000000e+02
9.550000000000000000e+03 1.014000000000000000e+03
9.600000000000000000e+03 1.008000000000000000e+03
9.650000000000000000e+03 1.052000000000000000e+03
9.700000000000000000e+03 1.133000000000000000e+03
9.750000000000000000e+03 1.187000000000000000e+03
9.800000000000000000e+03 1.219000000000000000e+03
9.850000000000000000e+03 1.232000000000000000e+03
9.900000000000000000e+03 1.385000000000000000e+03
9.950000000000000000e+03 1.372000000000000000e+03
