0.000000000000000000e+00 7.727000000000000000e+03
1.000000000000000000e+04 8.121000000000000000e+03
2.000000000000000000e+04 8.245000000000000000e+03
3.000000000000000000e+04 8.646000000000000000e+03
4.000000000000000000e+04 8.661000000000000000e+03
5.000000000000000000e+04 8.837000000000000000e+03
6.000000000000000000e+04 8.919000000000000000e+03
7.000000000000000000e+04 8.815000000000000000e+03
8.000000000000000000e+04 9.209000000000000000e+03
9.000000000000000000e+04 9.247000000000000000e+03
1.000000000000000000e+05 9.128000000000000000e+03
1.100000000000000000e+05 9.231000000000000000e+03
1.200000000000000000e+05 9.449000000000000000e+03
1.300000000000000000e+05 9.365000000000000000e+03
1.400000000000000000e+05 9.417000000000000000e+03
1.500000000000000000e+05 9.407000000000000000e+03
1.600000000000000000e+05 9.589000000000000000e+03
1.700000000000000000e+05 9.482000000000000000e+03
1.800000000000000000e+05 9.470000000000000000e+03
1.900000000000000000e+05 9.413000000000000000e+03
2.000000000000000000e+05 9.626000000000000000e+03
2.100000000000000000e+05 9.479000000000000000e+03
2.200000000000000000e+05 9.344000000000000000e+03
2.300000000000000000e+05 9.452000000000000000e+03
2.400000000000000000e+05 9.446000000000000000e+03
2.500000000000000000e+05 9.419000000000000000e+03
2.600000000000000000e+05 9.265000000000000000e+03
2.700000000000000000e+05 9.175000000000000000e+03
2.800000000000000000e+05 9.241000000000000000e+03
2.900000000000000000e+05 9.147000000000000000e+03
3.000000000000000000e+05 9.117000000000000000e+03
3.100000000000000000e+05 9.001000000000000000e+03
3.200000000000000000e+05 8.862000000000000000e+03
3.300000000000000000e+05 8.593000000000000000e+03
3.400000000000000000e+05 8.572000000000000000e+03
3.500000000000000000e+05 8.348000000000000000e+03
3.600000000000000000e+05 8.330000000000000000e+03
3.700000000000000000e+05 8.028000000000000000e+03
3.800000000000000000e+05 8.016000000000000000e+03
3.900000000000000000e+05 7.919000000000000000e+03
4.000000000000000000e+05 7.623000000000000000e+03
4.100000000000000000e+05 7.435000000000000000e+03
4.200000000000000000e+05 7.163000000000000000e+03
4.300000000000000000e+05 7.064000000000000000e+03
4.400000000000000000e+05 6.767000000000000000e+03
4.500000000000000000e+05 6.391000000000000000e+03
4.600000000000000000e+05 6.301000000000000000e+03
4.700000000000000000e+05 6.022000000000000000e+03
4.800000000000000000e+05 5.661000000000000000e+03
4.900000000000000000e+05 5.443000000000000000e+03
5.000000000000000000e+05 5.196000000000000000e+03
5.100000000000000000e+05 4.857000000000000000e+03
5.200000000000000000e+05 4.659000000000000000e+03
5.300000000000000000e+05 4.443000000000000000e+03
5.400000000000000000e+05 4.006000000000000000e+03
5.500000000000000000e+05 3.840000000000000000e+03
5.600000000000000000e+05 3.568000000000000000e+03
5.700000000000000000e+05 3.482000000000000000e+03
5.800000000000000000e+05 3.173000000000000000e+03
5.900000000000000000e+05 2.942000000000000000e+03
6.000000000000000000e+05 2.718000000000000000e+03
6.100000000000000000e+05 2.630000000000000000e+03
6.200000000000000000e+05 2.466000000000000000e+03
6.300000000000000000e+05 2.429000000000000000e+03
6.400000000000000000e+05 2.317000000000000000e+03
6.500000000000000000e+05 2.184000000000000000e+03
6.600000000000000000e+05 2.200000000000000000e+03
6.700000000000000000e+05 2.155000000000000000e+03
6.800000000000000000e+05 2.034000000000000000e+03
6.900000000000000000e+05 2.051000000000000000e+03
7.000000000000000000e+05 2.200000000000000000e+03
7.100000000000000000e+05 2.029000000000000000e+03
7.200000000000000000e+05 2.139000000000000000e+03
7.300000000000000000e+05 2.114000000000000000e+03
7.400000000000000000e+05 2.239000000000000000e+03
7.500000000000000000e+05 2.338000000000000000e+03
7.600000000000000000e+05 2.371000000000000000e+03
7.700000000000000000e+05 2.566000000000000000e+03
7.800000000000000000e+05 2.789000000000000000e+03
7.900000000000000000e+05 2.862000000000000000e+03
8.000000000000000000e+05 3.220000000000000000e+03
8.100000000000000000e+05 3.362000000000000000e+03
8.200000000000000000e+05 3.648000000000000000e+03
8.300000000000000000e+05 3.744000000000000000e+03
8.400000000000000000e+05 4.074000000000000000e+03
8.500000000000000000e+05 4.238000000000000000e+03
8.600000000000000000e+05 4.483000000000000000e+03
8.700000000000000000e+05 4.700000000000000000e+03
8.800000000000000000e+05 4.925000000000000000e+03
8.900000000000000000e+05 5.293000000000000000e+03
9.000000000000000000e+05 5.501000000000000000e+03
9.100000000000000000e+05 5.879000000000000000e+03
9.200000000000000000e+05 6.067000000000000000e+03
9.300000000000000000e+05 6.383000000000000000e+03
9.400000000000000000e+05 6.633000000000000000e+03
9.500000000000000000e+05 6.825000000000000000e+03
9.600000000000000000e+05 7.182000000000000000e+03
9.700000000000000000e+05 7.255000000000000000e+03
9.800000000000000000e+05 7.506000000000000000e+03
9.900000000000000000e+05 7.773000000000000000e+03
1.000000000000000000e+06 7.875000000000000000e+03
1.010000000000000000e+06 7.919000000000000000e+03
1.020000000000000000e+06 8.248000000000000000e+03
1.030000000000000000e+06 8.335000000000000000e+03
1.040000000000000000e+06 8.570000000000000000e+03
1.050000000000000000e+06 8.799000000000000000e+03
1.060000000000000000e+06 9.026000000000000000e+03
1.070000000000000000e+06 8.794000000000000000e+03
1.080000000000000000e+06 8.992000000000000000e+03
1.090000000000000000e+06 8.935000000000000000e+03
1.100000000000000000e+06 9.213000000000000000e+03
1.110000000000000000e+06 9.178000000000000000e+03
1.120000000000000000e+06 9.357000000000000000e+03
1.130000000000000000e+06 9.454000000000000000e+03
1.140000000000000000e+06 9.338000000000000000e+03
1.150000000000000000e+06 9.257000000000000000e+03
1.160000000000000000e+06 9.449000000000000000e+03
1.170000000000000000e+06 9.472000000000000000e+03
1.180000000000000000e+06 9.512000000000000000e+03
1.190000000000000000e+06 9.511000000000000000e+03
1.200000000000000000e+06 9.392000000000000000e+03
1.210000000000000000e+06 9.492000000000000000e+03
1.220000000000000000e+06 9.326000000000000000e+03
1.230000000000000000e+06 9.576000000000000000e+03
1.240000000000000000e+06 9.284000000000000000e+03
1.250000000000000000e+06 9.424000000000000000e+03
1.260000000000000000e+06 9.345000000000000000e+03
1.270000000000000000e+06 9.216000000000000000e+03
1.280000000000000000e+06 8.951000000000000000e+03
1.290000000000000000e+06 8.931000000000000000e+03
1.300000000000000000e+06 8.963000000000000000e+03
1.310000000000000000e+06 8.864000000000000000e+03
1.320000000000000000e+06 8.715000000000000000e+03
1.330000000000000000e+06 8.767000000000000000e+03
1.340000000000000000e+06 8.484000000000000000e+03
1.350000000000000000e+06 8.565000000000000000e+03
1.360000000000000000e+06 8.154000000000000000e+03
1.370000000000000000e+06 8.026000000000000000e+03
1.380000000000000000e+06 7.933000000000000000e+03
1.390000000000000000e+06 7.813000000000000000e+03
1.400000000000000000e+06 7.624000000000000000e+03
1.410000000000000000e+06 7.372000000000000000e+03
1.420000000000000000e+06 7.173000000000000000e+03
1.430000000000000000e+06 7.061000000000000000e+03
1.440000000000000000e+06 6.656000000000000000e+03
1.450000000000000000e+06 6.403000000000000000e+03
1.460000000000000000e+06 6.189000000000000000e+03
1.470000000000000000e+06 5.979000000000000000e+03
1.480000000000000000e+06 5.604000000000000000e+03
1.490000000000000000e+06 5.410000000000000000e+03
1.500000000000000000e+06 5.090000000000000000e+03
1.510000000000000000e+06 4.890000000000000000e+03
1.520000000000000000e+06 4.460000000000000000e+03
1.530000000000000000e+06 4.358000000000000000e+03
1.540000000000000000e+06 4.153000000000000000e+03
1.550000000000000000e+06 3.852000000000000000e+03
1.560000000000000000e+06 3.620000000000000000e+03
1.570000000000000000e+06 3.417000000000000000e+03
1.580000000000000000e+06 3.308000000000000000e+03
1.590000000000000000e+06 2.867000000000000000e+03
1.600000000000000000e+06 2.785000000000000000e+03
1.610000000000000000e+06 2.563000000000000000e+03
1.620000000000000000e+06 2.634000000000000000e+03
1.630000000000000000e+06 2.291000000000000000e+03
1.640000000000000000e+06 2.284000000000000000e+03
1.650000000000000000e+06 2.094000000000000000e+03
1.660000000000000000e+06 2.102000000000000000e+03
1.670000000000000000e+06 2.064000000000000000e+03
1.680000000000000000e+06 2.061000000000000000e+03
1.690000000000000000e+06 2.024000000000000000e+03
1.700000000000000000e+06 1.994000000000000000e+03
1.710000000000000000e+06 1.999000000000000000e+03
1.720000000000000000e+06 2.022000000000000000e+03
1.730000000000000000e+06 2.169000000000000000e+03
1.740000000000000000e+06 2.205000000000000000e+03
1.750000000000000000e+06 2.369000000000000000e+03
1.760000000000000000e+06 2.347000000000000000e+03
1.770000000000000000e+06 2.491000000000000000e+03
1.780000000000000000e+06 2.775000000000000000e+03
1.790000000000000000e+06 2.854000000000000000e+03
1.800000000000000000e+06 3.080000000000000000e+03
1.810000000000000000e+06 3.285000000000000000e+03
1.820000000000000000e+06 3.428000000000000000e+03
1.830000000000000000e+06 3.731000000000000000e+03
1.840000000000000000e+06 3.858000000000000000e+03
1.850000000000000000e+06 4.205000000000000000e+03
1.860000000000000000e+06 4.458000000000000000e+03
1.870000000000000000e+06 4.633000000000000000e+03
1.880000000000000000e+06 5.027000000000000000e+03
1.890000000000000000e+06 5.305000000000000000e+03
1.900000000000000000e+06 5.532000000000000000e+03
1.910000000000000000e+06 5.735000000000000000e+03
1.920000000000000000e+06 5.909000000000000000e+03
1.930000000000000000e+06 6.367000000000000000e+03
1.940000000000000000e+06 6.500000000000000000e+03
1.950000000000000000e+06 6.640000000000000000e+03
1.960000000000000000e+06 7.101000000000000000e+03
1.970000000000000000e+06 7.252000000000000000e+03
1.980000000000000000e+06 7.563000000000000000e+03
1.990000000000000000e+06 7.706000000000000000e+03
