0.000000000000000000e+00 4.877000000000000000e+03
3.333000000000000000e+03 5.052000000000000000e+03
6.666000000000000000e+03 5.133000000000000000e+03
9.999000000000000000e+03 5.204000000000000000e+03
1.333200000000000000e+04 5.318000000000000000e+03
1.666500000000000000e+04 5.299000000000000000e+03
1.999800000000000000e+04 5.337000000000000000e+03
2.333100000000000000e+04 5.548000000000000000e+03
2.666400000000000000e+04 5.410000000000000000e+03
2.999700000000000000e+04 5.477000000000000000e+03
3.333000000000000000e+04 5.621000000000000000e+03
3.666300000000000000e+04 5.682000000000000000e+03
3.999600000000000000e+04 5.679000000000000000e+03
4.332900000000000000e+04 5.679000000000000000e+03
4.666200000000000000e+04 5.702000000000000000e+03
4.999500000000000000e+04 5.605000000000000000e+03
5.332800000000000000e+04 5.869000000000000000e+03
5.666100000000000000e+04 5.767000000000000000e+03
5.999400000000000000e+04 5.709000000000000000e+03
6.332700000000000000e+04 5.764000000000000000e+03
6.666000000000000000e+04 5.691000000000000000e+03
6.999300000000000000e+04 5.710000000000000000e+03
7.332600000000000000e+04 5.738000000000000000e+03
7.665900000000000000e+04 5.683000000000000000e+03
7.999200000000000000e+04 5.745000000000000000e+03
8.332500000000000000e+04 5.790000000000000000e+03
8.665800000000000000e+04 5.775000000000000000e+03
8.999100000000000000e+04 5.658000000000000000e+03
9.332400000000000000e+04 5.577000000000000000e+03
9.665700000000000000e+04 5.604000000000000000e+03
9.999000000000000000e+04 5.629000000000000000e+03
1.033230000000000000e+05 5.520000000000000000e+03
1.066560000000000000e+05 5.334000000000000000e+03
1.099890000000000000e+05 5.369000000000000000e+03
1.133220000000000000e+05 5.325000000000000000e+03
1.166550000000000000e+05 5.155000000000000000e+03
1.199880000000000000e+05 5.113000000000000000e+03
1.233210000000000000e+05 5.072000000000000000e+03
1.266540000000000000e+05 4.978000000000000000e+03
1.299870000000000000e+05 4.755000000000000000e+03
1.333200000000000000e+05 4.672000000000000000e+03
1.366530000000000000e+05 4.539000000000000000e+03
1.399860000000000000e+05 4.495000000000000000e+03
1.433190000000000000e+05 4.420000000000000000e+03
1.466520000000000000e+05 4.228000000000000000e+03
1.499850000000000000e+05 4.086000000000000000e+03
1.533180000000000000e+05 3.966000000000000000e+03
1.566510000000000000e+05 3.937000000000000000e+03
1.599840000000000000e+05 3.733000000000000000e+03
1.633170000000000000e+05 3.583000000000000000e+03
1.666500000000000000e+05 3.351000000000000000e+03
1.699830000000000000e+05 3.306000000000000000e+03
1.733160000000000000e+05 3.033000000000000000e+03
1.766490000000000000e+05 3.005000000000000000e+03
1.799820000000000000e+05 2.828000000000000000e+03
1.833150000000000000e+05 2.753000000000000000e+03
1.866480000000000000e+05 2.471000000000000000e+03
1.899810000000000000e+05 2.316000000000000000e+03
1.933140000000000000e+05 2.132000000000000000e+03
1.966470000000000000e+05 2.096000000000000000e+03
1.999800000000000000e+05 2.023000000000000000e+03
2.033130000000000000e+05 1.897000000000000000e+03
2.066460000000000000e+05 1.847000000000000000e+03
2.099790000000000000e+05 1.798000000000000000e+03
2.133120000000000000e+05 1.687000000000000000e+03
2.166450000000000000e+05 1.616000000000000000e+03
2.199780000000000000e+05 1.607000000000000000e+03
2.233110000000000000e+05 1.508000000000000000e+03
2.266440000000000000e+05 1.463000000000000000e+03
2.299770000000000000e+05 1.528000000000000000e+03
2.333100000000000000e+05 1.612000000000000000e+03
2.366430000000000000e+05 1.545000000000000000e+03
2.399760000000000000e+05 1.600000000000000000e+03
2.433090000000000000e+05 1.579000000000000000e+03
2.466420000000000000e+05 1.665000000000000000e+03
2.499750000000000000e+05 1.714000000000000000e+03
2.533080000000000000e+05 1.785000000000000000e+03
2.566410000000000000e+05 1.932000000000000000e+03
2.599740000000000000e+05 1.943000000000000000e+03
2.633070000000000000e+05 2.127000000000000000e+03
2.666400000000000000e+05 2.166000000000000000e+03
2.699730000000000000e+05 2.241000000000000000e+03
2.733060000000000000e+05 2.441000000000000000e+03
2.766390000000000000e+05 2.699000000000000000e+03
2.799720000000000000e+05 2.718000000000000000e+03
2.833050000000000000e+05 2.912000000000000000e+03
2.866380000000000000e+05 2.873000000000000000e+03
2.899710000000000000e+05 3.143000000000000000e+03
2.933040000000000000e+05 3.208000000000000000e+03
2.966370000000000000e+05 3.506000000000000000e+03
2.999700000000000000e+05 3.702000000000000000e+03
3.033030000000000000e+05 3.803000000000000000e+03
3.066360000000000000e+05 3.933000000000000000e+03
3.099690000000000000e+05 4.190000000000000000e+03
3.133020000000000000e+05 4.073000000000000000e+03
3.166350000000000000e+05 4.350000000000000000e+03
3.199680000000000000e+05 4.470000000000000000e+03
3.233010000000000000e+05 4.627000000000000000e+03
3.266340000000000000e+05 4.686000000000000000e+03
3.299670000000000000e+05 4.795000000000000000e+03
3.333000000000000000e+05 4.906000000000000000e+03
3.366330000000000000e+05 4.919000000000000000e+03
3.399660000000000000e+05 5.136000000000000000e+03
3.432990000000000000e+05 5.164000000000000000e+03
3.466320000000000000e+05 5.333000000000000000e+03
3.499650000000000000e+05 5.372000000000000000e+03
3.532980000000000000e+05 5.433000000000000000e+03
3.566310000000000000e+05 5.396000000000000000e+03
3.599640000000000000e+05 5.639000000000000000e+03
3.632970000000000000e+05 5.750000000000000000e+03
3.666300000000000000e+05 5.595000000000000000e+03
3.699630000000000000e+05 5.569000000000000000e+03
3.732960000000000000e+05 5.663000000000000000e+03
3.766290000000000000e+05 5.698000000000000000e+03
3.799620000000000000e+05 5.723000000000000000e+03
3.832950000000000000e+05 5.649000000000000000e+03
3.866280000000000000e+05 5.658000000000000000e+03
3.899610000000000000e+05 5.767000000000000000e+03
3.932940000000000000e+05 5.776000000000000000e+03
3.966270000000000000e+05 5.712000000000000000e+03
3.999600000000000000e+05 5.765000000000000000e+03
4.032930000000000000e+05 5.808000000000000000e+03
4.066260000000000000e+05 5.779000000000000000e+03
4.099590000000000000e+05 5.925000000000000000e+03
4.132920000000000000e+05 5.733000000000000000e+03
4.166250000000000000e+05 5.785000000000000000e+03
4.199580000000000000e+05 5.654000000000000000e+03
4.232910000000000000e+05 5.776000000000000000e+03
4.266240000000000000e+05 5.685000000000000000e+03
4.299570000000000000e+05 5.696000000000000000e+03
4.332900000000000000e+05 5.584000000000000000e+03
4.366230000000000000e+05 5.540000000000000000e+03
4.399560000000000000e+05 5.393000000000000000e+03
4.432890000000000000e+05 5.243000000000000000e+03
4.466220000000000000e+05 5.316000000000000000e+03
4.499550000000000000e+05 5.252000000000000000e+03
4.532880000000000000e+05 5.112000000000000000e+03
4.566210000000000000e+05 4.922000000000000000e+03
4.599540000000000000e+05 4.966000000000000000e+03
4.632870000000000000e+05 4.951000000000000000e+03
4.666200000000000000e+05 4.883000000000000000e+03
4.699530000000000000e+05 4.624000000000000000e+03
4.732860000000000000e+05 4.575000000000000000e+03
4.766190000000000000e+05 4.393000000000000000e+03
4.799520000000000000e+05 4.235000000000000000e+03
4.832850000000000000e+05 4.142000000000000000e+03
4.866180000000000000e+05 4.022000000000000000e+03
4.899510000000000000e+05 3.891000000000000000e+03
4.932840000000000000e+05 3.773000000000000000e+03
4.966170000000000000e+05 3.568000000000000000e+03
4.999500000000000000e+05 3.429000000000000000e+03
5.032830000000000000e+05 3.418000000000000000e+03
5.066160000000000000e+05 3.146000000000000000e+03
5.099490000000000000e+05 2.935000000000000000e+03
5.132820000000000000e+05 2.822000000000000000e+03
5.166150000000000000e+05 2.663000000000000000e+03
5.199480000000000000e+05 2.577000000000000000e+03
5.232810000000000000e+05 2.409000000000000000e+03
5.266140000000000000e+05 2.235000000000000000e+03
5.299470000000000000e+05 2.149000000000000000e+03
5.332800000000000000e+05 1.969000000000000000e+03
5.366130000000000000e+05 1.974000000000000000e+03
5.399460000000000000e+05 1.867000000000000000e+03
5.432790000000000000e+05 1.766000000000000000e+03
5.466120000000000000e+05 1.718000000000000000e+03
5.499450000000000000e+05 1.668000000000000000e+03
5.532780000000000000e+05 1.644000000000000000e+03
5.566110000000000000e+05 1.535000000000000000e+03
5.599440000000000000e+05 1.561000000000000000e+03
5.632770000000000000e+05 1.491000000000000000e+03
5.666100000000000000e+05 1.529000000000000000e+03
5.699430000000000000e+05 1.571000000000000000e+03
5.732760000000000000e+05 1.582000000000000000e+03
5.766090000000000000e+05 1.597000000000000000e+03
5.799420000000000000e+05 1.660000000000000000e+03
5.832750000000000000e+05 1.752000000000000000e+03
5.866080000000000000e+05 1.912000000000000000e+03
5.899410000000000000e+05 1.916000000000000000e+03
5.932740000000000000e+05 1.897000000000000000e+03
5.966070000000000000e+05 2.094000000000000000e+03
5.999400000000000000e+05 2.199000000000000000e+03
6.032730000000000000e+05 2.375000000000000000e+03
6.066060000000000000e+05 2.537000000000000000e+03
6.099390000000000000e+05 2.485000000000000000e+03
6.132720000000000000e+05 2.698000000000000000e+03
6.166050000000000000e+05 2.889000000000000000e+03
6.199380000000000000e+05 2.990000000000000000e+03
6.232710000000000000e+05 3.116000000000000000e+03
6.266040000000000000e+05 3.379000000000000000e+03
6.299370000000000000e+05 3.451000000000000000e+03
6.332700000000000000e+05 3.635000000000000000e+03
6.366030000000000000e+05 3.759000000000000000e+03
6.399360000000000000e+05 3.920000000000000000e+03
6.432690000000000000e+05 4.000000000000000000e+03
6.466020000000000000e+05 4.238000000000000000e+03
6.499350000000000000e+05 4.417000000000000000e+03
6.532680000000000000e+05 4.529000000000000000e+03
6.566010000000000000e+05 4.649000000000000000e+03
6.599340000000000000e+05 4.715000000000000000e+03
6.632670000000000000e+05 4.978000000000000000e+03
