0.000000000000000000e+00 2.482000000000000000e+03
1.000000000000000000e+02 2.571000000000000000e+03
2.000000000000000000e+02 2.596000000000000000e+03
3.000000000000000000e+02 2.638000000000000000e+03
4.000000000000000000e+02 2.714000000000000000e+03
5.000000000000000000e+02 2.789000000000000000e+03
6.000000000000000000e+02 2.810000000000000000e+03
7.000000000000000000e+02 2.820000000000000000e+03
8.000000000000000000e+02 2.943000000000000000e+03
9.000000000000000000e+02 3.028000000000000000e+03
1.000000000000000000e+03 2.910000000000000000e+03
1.100000000000000000e+03 3.068000000000000000e+03
1.200000000000000000e+03 3.033000000000000000e+03
1.300000000000000000e+03 3.123000000000000000e+03
1.400000000000000000e+03 3.052000000000000000e+03
1.500000000000000000e+03 3.103000000000000000e+03
1.600000000000000000e+03 3.047000000000000000e+03
1.700000000000000000e+03 3.049000000000000000e+03
1.800000000000000000e+03 3.101000000000000000e+03
1.900000000000000000e+03 3.109000000000000000e+03
2.000000000000000000e+03 3.088000000000000000e+03
2.100000000000000000e+03 3.132000000000000000e+03
2.200000000000000000e+03 3.134000000000000000e+03
2.300000000000000000e+03 3.008000000000000000e+03
2.400000000000000000e+03 2.925000000000000000e+03
2.500000000000000000e+03 3.016000000000000000e+03
2.600000000000000000e+03 3.112000000000000000e+03
2.700000000000000000e+03 3.144000000000000000e+03
2.800000000000000000e+03 3.003000000000000000e+03
2.900000000000000000e+03 3.024000000000000000e+03
3.000000000000000000e+03 3.012000000000000000e+03
3.100000000000000000e+03 2.992000000000000000e+03
3.200000000000000000e+03 3.025000000000000000e+03
3.300000000000000000e+03 2.943000000000000000e+03
3.400000000000000000e+03 2.898000000000000000e+03
3.500000000000000000e+03 2.900000000000000000e+03
3.600000000000000000e+03 2.809000000000000000e+03
3.700000000000000000e+03 2.700000000000000000e+03
3.800000000000000000e+03 2.628000000000000000e+03
3.900000000000000000e+03 2.779000000000000000e+03
4.000000000000000000e+03 2.698000000000000000e+03
4.100000000000000000e+03 2.704000000000000000e+03
4.200000000000000000e+03 2.570000000000000000e+03
4.300000000000000000e+03 2.578000000000000000e+03
4.400000000000000000e+03 2.513000000000000000e+03
4.500000000000000000e+03 2.414000000000000000e+03
4.600000000000000000e+03 2.268000000000000000e+03
4.700000000000000000e+03 2.155000000000000000e+03
4.800000000000000000e+03 2.162000000000000000e+03
4.900000000000000000e+03 2.053000000000000000e+03
5.000000000000000000e+03 1.943000000000000000e+03
5.100000000000000000e+03 1.975000000000000000e+03
5.200000000000000000e+03 1.881000000000000000e+03
5.300000000000000000e+03 1.776000000000000000e+03
5.400000000000000000e+03 1.703000000000000000e+03
5.500000000000000000e+03 1.660000000000000000e+03
5.600000000000000000e+03 1.596000000000000000e+03
5.700000000000000000e+03 1.533000000000000000e+03
5.800000000000000000e+03 1.481000000000000000e+03
5.900000000000000000e+03 1.309000000000000000e+03
6.000000000000000000e+03 1.321000000000000000e+03
6.100000000000000000e+03 1.252000000000000000e+03
6.200000000000000000e+03 1.223000000000000000e+03
6.300000000000000000e+03 1.189000000000000000e+03
6.400000000000000000e+03 1.105000000000000000e+03
6.500000000000000000e+03 1.042000000000000000e+03
6.600000000000000000e+03 1.033000000000000000e+03
6.700000000000000000e+03 9.840000000000000000e+02
6.800000000000000000e+03 9.310000000000000000e+02
6.900000000000000000e+03 9.510000000000000000e+02
7.000000000000000000e+03 9.180000000000000000e+02
7.100000000000000000e+03 9.140000000000000000e+02
7.200000000000000000e+03 8.200000000000000000e+02
7.300000000000000000e+03 8.680000000000000000e+02
7.400000000000000000e+03 8.200000000000000000e+02
7.500000000000000000e+03 8.650000000000000000e+02
7.600000000000000000e+03 9.030000000000000000e+02
7.700000000000000000e+03 8.730000000000000000e+02
7.800000000000000000e+03 9.530000000000000000e+02
7.900000000000000000e+03 9.260000000000000000e+02
8.000000000000000000e+03 9.520000000000000000e+02
8.100000000000000000e+03 1.024000000000000000e+03
8.200000000000000000e+03 1.036000000000000000e+03
8.300000000000000000e+03 1.185000000000000000e+03
8.400000000000000000e+03 1.149000000000000000e+03
8.500000000000000000e+03 1.238000000000000000e+03
8.600000000000000000e+03 1.381000000000000000e+03
8.700000000000000000e+03 1.413000000000000000e+03
8.800000000000000000e+03 1.472000000000000000e+03
8.900000000000000000e+03 1.707000000000000000e+03
9.000000000000000000e+03 1.658000000000000000e+03
9.100000000000000000e+03 1.726000000000000000e+03
9.200000000000000000e+03 1.960000000000000000e+03
9.300000000000000000e+03 1.993000000000000000e+03
9.400000000000000000e+03 1.923000000000000000e+03
9.500000000000000000e+03 2.161000000000000000e+03
9.600000000000000000e+03 2.255000000000000000e+03
9.700000000000000000e+03 2.286000000000000000e+03
9.800000000000000000e+03 2.431000000000000000e+03
9.900000000000000000e+03 2.406000000000000000e+03
1.000000000000000000e+04 2.505000000000000000e+03
1.010000000000000000e+04 2.631000000000000000e+03
1.020000000000000000e+04 2.578000000000000000e+03
1.030000000000000000e+04 2.713000000000000000e+03
1.040000000000000000e+04 2.720000000000000000e+03
1.050000000000000000e+04 2.794000000000000000e+03
1.060000000000000000e+04 2.906000000000000000e+03
1.070000000000000000e+04 2.949000000000000000e+03
1.080000000000000000e+04 3.002000000000000000e+03
1.090000000000000000e+04 2.874000000000000000e+03
1.100000000000000000e+04 2.946000000000000000e+03
1.110000000000000000e+04 3.033000000000000000e+03
1.120000000000000000e+04 2.997000000000000000e+03
1.130000000000000000e+04 3.094000000000000000e+03
1.140000000000000000e+04 3.107000000000000000e+03
1.150000000000000000e+04 3.079000000000000000e+03
1.160000000000000000e+04 3.119000000000000000e+03
1.170000000000000000e+04 3.119000000000000000e+03
1.180000000000000000e+04 2.967000000000000000e+03
1.190000000000000000e+04 3.161000000000000000e+03
1.200000000000000000e+04 3.009000000000000000e+03
1.210000000000000000e+04 3.147000000000000000e+03
1.220000000000000000e+04 3.159000000000000000e+03
1.230000000000000000e+04 3.125000000000000000e+03
1.240000000000000000e+04 2.954000000000000000e+03
1.250000000000000000e+04 3.125000000000000000e+03
1.260000000000000000e+04 3.020000000000000000e+03
1.270000000000000000e+04 3.190000000000000000e+03
1.280000000000000000e+04 3.026000000000000000e+03
1.290000000000000000e+04 2.979000000000000000e+03
1.300000000000000000e+04 2.951000000000000000e+03
1.310000000000000000e+04 2.942000000000000000e+03
1.320000000000000000e+04 2.887000000000000000e+03
1.330000000000000000e+04 2.984000000000000000e+03
1.340000000000000000e+04 3.034000000000000000e+03
1.350000000000000000e+04 2.824000000000000000e+03
1.360000000000000000e+04 2.805000000000000000e+03
1.370000000000000000e+04 2.748000000000000000e+03
1.380000000000000000e+04 2.839000000000000000e+03
1.390000000000000000e+04 2.689000000000000000e+03
1.400000000000000000e+04 2.647000000000000000e+03
1.410000000000000000e+04 2.645000000000000000e+03
1.420000000000000000e+04 2.585000000000000000e+03
1.430000000000000000e+04 2.493000000000000000e+03
1.440000000000000000e+04 2.427000000000000000e+03
1.450000000000000000e+04 2.352000000000000000e+03
1.460000000000000000e+04 2.335000000000000000e+03
1.470000000000000000e+04 2.281000000000000000e+03
1.480000000000000000e+04 2.226000000000000000e+03
1.490000000000000000e+04 2.014000000000000000e+03
1.500000000000000000e+04 1.983000000000000000e+03
1.510000000000000000e+04 1.890000000000000000e+03
1.520000000000000000e+04 1.908000000000000000e+03
1.530000000000000000e+04 1.877000000000000000e+03
1.540000000000000000e+04 1.723000000000000000e+03
1.550000000000000000e+04 1.648000000000000000e+03
1.560000000000000000e+04 1.569000000000000000e+03
1.570000000000000000e+04 1.490000000000000000e+03
1.580000000000000000e+04 1.448000000000000000e+03
1.590000000000000000e+04 1.425000000000000000e+03
1.600000000000000000e+04 1.324000000000000000e+03
1.610000000000000000e+04 1.275000000000000000e+03
1.620000000000000000e+04 1.223000000000000000e+03
1.630000000000000000e+04 1.081000000000000000e+03
1.640000000000000000e+04 1.063000000000000000e+03
1.650000000000000000e+04 1.060000000000000000e+03
1.660000000000000000e+04 1.006000000000000000e+03
1.670000000000000000e+04 9.760000000000000000e+02
1.680000000000000000e+04 9.140000000000000000e+02
1.690000000000000000e+04 9.250000000000000000e+02
1.700000000000000000e+04 9.130000000000000000e+02
1.710000000000000000e+04 9.440000000000000000e+02
1.720000000000000000e+04 8.470000000000000000e+02
1.730000000000000000e+04 8.660000000000000000e+02
1.740000000000000000e+04 8.800000000000000000e+02
1.750000000000000000e+04 8.250000000000000000e+02
1.760000000000000000e+04 8.920000000000000000e+02
1.770000000000000000e+04 8.820000000000000000e+02
1.780000000000000000e+04 9.460000000000000000e+02
1.790000000000000000e+04 1.023000000000000000e+03
1.800000000000000000e+04 9.710000000000000000e+02
1.810000000000000000e+04 1.052000000000000000e+03
1.820000000000000000e+04 1.074000000000000000e+03
1.830000000000000000e+04 1.118000000000000000e+03
1.840000000000000000e+04 1.227000000000000000e+03
1.850000000000000000e+04 1.317000000000000000e+03
1.860000000000000000e+04 1.396000000000000000e+03
1.870000000000000000e+04 1.484000000000000000e+03
1.880000000000000000e+04 1.550000000000000000e+03
1.890000000000000000e+04 1.552000000000000000e+03
1.900000000000000000e+04 1.679000000000000000e+03
1.910000000000000000e+04 1.720000000000000000e+03
1.920000000000000000e+04 1.789000000000000000e+03
1.930000000000000000e+04 1.862000000000000000e+03
1.940000000000000000e+04 1.942000000000000000e+03
1.950000000000000000e+04 2.132000000000000000e+03
1.960000000000000000e+04 2.178000000000000000e+03
1.970000000000000000e+04 2.254000000000000000e+03
1.980000000000000000e+04 2.384000000000000000e+03
1.990000000000000000e+04 2.339000000000000000e+03
