0.000000000000000000e+00 2.354000000000000000e+03
5.000000000000000000e+02 2.327000000000000000e+03
1.000000000000000000e+03 2.422000000000000000e+03
1.500000000000000000e+03 2.405000000000000000e+03
2.000000000000000000e+03 2.413000000000000000e+03
2.500000000000000000e+03 2.526000000000000000e+03
3.000000000000000000e+03 2.645000000000000000e+03
3.500000000000000000e+03 2.671000000000000000e+03
4.000000000000000000e+03 2.602000000000000000e+03
4.500000000000000000e+03 2.642000000000000000e+03
5.000000000000000000e+03 2.530000000000000000e+03
5.500000000000000000e+03 2.748000000000000000e+03
6.000000000000000000e+03 2.688000000000000000e+03
6.500000000000000000e+03 2.695000000000000000e+03
7.000000000000000000e+03 2.782000000000000000e+03
7.500000000000000000e+03 2.705000000000000000e+03
8.000000000000000000e+03 2.693000000000000000e+03
8.500000000000000000e+03 2.653000000000000000e+03
9.000000000000000000e+03 2.725000000000000000e+03
9.500000000000000000e+03 2.632000000000000000e+03
1.000000000000000000e+04 2.636000000000000000e+03
1.050000000000000000e+04 2.824000000000000000e+03
1.100000000000000000e+04 2.735000000000000000e+03
1.150000000000000000e+04 2.762000000000000000e+03
1.200000000000000000e+04 2.837000000000000000e+03
1.250000000000000000e+04 2.647000000000000000e+03
1.300000000000000000e+04 2.629000000000000000e+03
1.350000000000000000e+04 2.616000000000000000e+03
1.400000000000000000e+04 2.715000000000000000e+03
1.450000000000000000e+04 2.575000000000000000e+03
1.500000000000000000e+04 2.598000000000000000e+03
1.550000000000000000e+04 2.618000000000000000e+03
1.600000000000000000e+04 2.526000000000000000e+03
1.650000000000000000e+04 2.546000000000000000e+03
1.700000000000000000e+04 2.496000000000000000e+03
1.750000000000000000e+04 2.423000000000000000e+03
1.800000000000000000e+04 2.417000000000000000e+03
1.850000000000000000e+04 2.323000000000000000e+03
1.900000000000000000e+04 2.331000000000000000e+03
1.950000000000000000e+04 2.299000000000000000e+03
2.000000000000000000e+04 2.271000000000000000e+03
2.050000000000000000e+04 2.190000000000000000e+03
2.100000000000000000e+04 2.070000000000000000e+03
2.150000000000000000e+04 2.193000000000000000e+03
2.200000000000000000e+04 2.055000000000000000e+03
2.250000000000000000e+04 2.022000000000000000e+03
2.300000000000000000e+04 1.920000000000000000e+03
2.350000000000000000e+04 1.879000000000000000e+03
2.400000000000000000e+04 1.793000000000000000e+03
2.450000000000000000e+04 1.723000000000000000e+03
2.500000000000000000e+04 1.656000000000000000e+03
2.550000000000000000e+04 1.613000000000000000e+03
2.600000000000000000e+04 1.455000000000000000e+03
2.650000000000000000e+04 1.493000000000000000e+03
2.700000000000000000e+04 1.399000000000000000e+03
2.750000000000000000e+04 1.341000000000000000e+03
2.800000000000000000e+04 1.276000000000000000e+03
2.850000000000000000e+04 1.202000000000000000e+03
2.900000000000000000e+04 1.138000000000000000e+03
2.950000000000000000e+04 1.069000000000000000e+03
3.000000000000000000e+04 1.081000000000000000e+03
3.050000000000000000e+04 1.007000000000000000e+03
3.100000000000000000e+04 9.690000000000000000e+02
3.150000000000000000e+04 9.620000000000000000e+02
3.200000000000000000e+04 8.610000000000000000e+02
3.250000000000000000e+04 8.590000000000000000e+02
3.300000000000000000e+04 8.480000000000000000e+02
3.350000000000000000e+04 8.070000000000000000e+02
3.400000000000000000e+04 8.180000000000000000e+02
3.450000000000000000e+04 7.650000000000000000e+02
3.500000000000000000e+04 7.850000000000000000e+02
3.550000000000000000e+04 7.640000000000000000e+02
3.600000000000000000e+04 8.130000000000000000e+02
3.650000000000000000e+04 8.360000000000000000e+02
3.700000000000000000e+04 8.210000000000000000e+02
3.750000000000000000e+04 8.590000000000000000e+02
3.800000000000000000e+04 8.740000000000000000e+02
3.850000000000000000e+04 9.420000000000000000e+02
3.900000000000000000e+04 9.490000000000000000e+02
3.950000000000000000e+04 9.760000000000000000e+02
4.000000000000000000e+04 1.056000000000000000e+03
4.050000000000000000e+04 1.120000000000000000e+03
4.100000000000000000e+04 1.189000000000000000e+03
4.150000000000000000e+04 1.262000000000000000e+03
4.200000000000000000e+04 1.365000000000000000e+03
4.250000000000000000e+04 1.386000000000000000e+03
4.300000000000000000e+04 1.468000000000000000e+03
4.350000000000000000e+04 1.500000000000000000e+03
4.400000000000000000e+04 1.509000000000000000e+03
4.450000000000000000e+04 1.716000000000000000e+03
4.500000000000000000e+04 1.848000000000000000e+03
4.550000000000000000e+04 1.818000000000000000e+03
4.600000000000000000e+04 1.888000000000000000e+03
4.650000000000000000e+04 1.976000000000000000e+03
4.700000000000000000e+04 1.980000000000000000e+03
4.750000000000000000e+04 2.106000000000000000e+03
4.800000000000000000e+04 2.123000000000000000e+03
4.850000000000000000e+04 2.177000000000000000e+03
4.900000000000000000e+04 2.217000000000000000e+03
4.950000000000000000e+04 2.291000000000000000e+03
5.000000000000000000e+04 2.319000000000000000e+03
5.050000000000000000e+04 2.363000000000000000e+03
5.100000000000000000e+04 2.496000000000000000e+03
5.150000000000000000e+04 2.510000000000000000e+03
5.200000000000000000e+04 2.494000000000000000e+03
5.250000000000000000e+04 2.467000000000000000e+03
5.300000000000000000e+04 2.451000000000000000e+03
5.350000000000000000e+04 2.545000000000000000e+03
5.400000000000000000e+04 2.635000000000000000e+03
5.450000000000000000e+04 2.709000000000000000e+03
5.500000000000000000e+04 2.601000000000000000e+03
5.550000000000000000e+04 2.651000000000000000e+03
5.600000000000000000e+04 2.651000000000000000e+03
5.650000000000000000e+04 2.759000000000000000e+03
5.700000000000000000e+04 2.631000000000000000e+03
5.750000000000000000e+04 2.676000000000000000e+03
5.800000000000000000e+04 2.625000000000000000e+03
5.850000000000000000e+04 2.727000000000000000e+03
5.900000000000000000e+04 2.643000000000000000e+03
5.950000000000000000e+04 2.689000000000000000e+03
6.000000000000000000e+04 2.731000000000000000e+03
6.050000000000000000e+04 2.718000000000000000e+03
6.100000000000000000e+04 2.615000000000000000e+03
6.150000000000000000e+04 2.579000000000000000e+03
6.200000000000000000e+04 2.634000000000000000e+03
6.250000000000000000e+04 2.724000000000000000e+03
6.300000000000000000e+04 2.696000000000000000e+03
6.350000000000000000e+04 2.590000000000000000e+03
6.400000000000000000e+04 2.623000000000000000e+03
6.450000000000000000e+04 2.726000000000000000e+03
6.500000000000000000e+04 2.602000000000000000e+03
6.550000000000000000e+04 2.483000000000000000e+03
6.600000000000000000e+04 2.640000000000000000e+03
6.650000000000000000e+04 2.549000000000000000e+03
6.700000000000000000e+04 2.524000000000000000e+03
6.750000000000000000e+04 2.472000000000000000e+03
6.800000000000000000e+04 2.378000000000000000e+03
6.850000000000000000e+04 2.310000000000000000e+03
6.900000000000000000e+04 2.417000000000000000e+03
6.950000000000000000e+04 2.324000000000000000e+03
7.000000000000000000e+04 2.358000000000000000e+03
7.050000000000000000e+04 2.215000000000000000e+03
7.100000000000000000e+04 2.137000000000000000e+03
7.150000000000000000e+04 2.134000000000000000e+03
7.200000000000000000e+04 1.985000000000000000e+03
7.250000000000000000e+04 1.955000000000000000e+03
7.300000000000000000e+04 1.933000000000000000e+03
7.350000000000000000e+04 1.889000000000000000e+03
7.400000000000000000e+04 1.816000000000000000e+03
7.450000000000000000e+04 1.742000000000000000e+03
7.500000000000000000e+04 1.702000000000000000e+03
7.550000000000000000e+04 1.566000000000000000e+03
7.600000000000000000e+04 1.487000000000000000e+03
7.650000000000000000e+04 1.421000000000000000e+03
7.700000000000000000e+04 1.399000000000000000e+03
7.750000000000000000e+04 1.419000000000000000e+03
7.800000000000000000e+04 1.273000000000000000e+03
7.850000000000000000e+04 1.193000000000000000e+03
7.900000000000000000e+04 1.134000000000000000e+03
7.950000000000000000e+04 1.089000000000000000e+03
8.000000000000000000e+04 1.091000000000000000e+03
8.050000000000000000e+04 9.690000000000000000e+02
8.100000000000000000e+04 8.960000000000000000e+02
8.150000000000000000e+04 9.570000000000000000e+02
8.200000000000000000e+04 9.140000000000000000e+02
8.250000000000000000e+04 8.910000000000000000e+02
8.300000000000000000e+04 8.350000000000000000e+02
8.350000000000000000e+04 8.030000000000000000e+02
8.400000000000000000e+04 7.810000000000000000e+02
8.450000000000000000e+04 7.980000000000000000e+02
8.500000000000000000e+04 7.390000000000000000e+02
8.550000000000000000e+04 7.730000000000000000e+02
8.600000000000000000e+04 7.360000000000000000e+02
8.650000000000000000e+04 8.130000000000000000e+02
8.700000000000000000e+04 8.380000000000000000e+02
8.750000000000000000e+04 8.880000000000000000e+02
8.800000000000000000e+04 9.090000000000000000e+02
8.850000000000000000e+04 9.870000000000000000e+02
8.900000000000000000e+04 9.710000000000000000e+02
8.950000000000000000e+04 9.660000000000000000e+02
9.000000000000000000e+04 1.048000000000000000e+03
9.050000000000000000e+04 1.132000000000000000e+03
9.100000000000000000e+04 1.152000000000000000e+03
9.150000000000000000e+04 1.268000000000000000e+03
9.200000000000000000e+04 1.307000000000000000e+03
9.250000000000000000e+04 1.287000000000000000e+03
9.300000000000000000e+04 1.501000000000000000e+03
9.350000000000000000e+04 1.557000000000000000e+03
9.400000000000000000e+04 1.623000000000000000e+03
9.450000000000000000e+04 1.705000000000000000e+03
9.500000000000000000e+04 1.696000000000000000e+03
9.550000000000000000e+04 1.812000000000000000e+03
9.600000000000000000e+04 1.872000000000000000e+03
9.650000000000000000e+04 1.909000000000000000e+03
9.700000000000000000e+04 2.019000000000000000e+03
9.750000000000000000e+04 2.084000000000000000e+03
9.800000000000000000e+04 2.114000000000000000e+03
9.850000000000000000e+04 2.186000000000000000e+03
9.900000000000000000e+04 2.158000000000000000e+03
9.950000000000000000e+04 2.293000000000000000e+03
