0.000000000000000000e+00 2.733000000000000000e+03
1.667000000000000000e+03 2.849000000000000000e+03
3.334000000000000000e+03 2.906000000000000000e+03
5.001000000000000000e+03 3.016000000000000000e+03
6.668000000000000000e+03 3.042000000000000000e+03
8.335000000000000000e+03 3.018000000000000000e+03
1.000200000000000000e+04 3.031000000000000000e+03
1.166900000000000000e+04 3.220000000000000000e+03
1.333600000000000000e+04 3.102000000000000000e+03
1.500300000000000000e+04 3.197000000000000000e+03
1.667000000000000000e+04 3.217000000000000000e+03
1.833700000000000000e+04 3.225000000000000000e+03
2.000400000000000000e+04 3.274000000000000000e+03
2.167100000000000000e+04 3.278000000000000000e+03
2.333800000000000000e+04 3.278000000000000000e+03
2.500500000000000000e+04 3.271000000000000000e+03
2.667200000000000000e+04 3.172000000000000000e+03
2.833900000000000000e+04 3.263000000000000000e+03
3.000600000000000000e+04 3.331000000000000000e+03
3.167300000000000000e+04 3.329000000000000000e+03
3.334000000000000000e+04 3.131000000000000000e+03
3.500700000000000000e+04 3.329000000000000000e+03
3.667400000000000000e+04 3.242000000000000000e+03
3.834100000000000000e+04 3.320000000000000000e+03
4.000800000000000000e+04 3.175000000000000000e+03
4.167500000000000000e+04 3.269000000000000000e+03
4.334200000000000000e+04 3.165000000000000000e+03
4.500900000000000000e+04 3.264000000000000000e+03
4.667600000000000000e+04 3.153000000000000000e+03
4.834300000000000000e+04 3.117000000000000000e+03
5.001000000000000000e+04 3.159000000000000000e+03
5.167700000000000000e+04 3.160000000000000000e+03
5.334400000000000000e+04 3.179000000000000000e+03
5.501100000000000000e+04 3.073000000000000000e+03
5.667800000000000000e+04 2.976000000000000000e+03
5.834500000000000000e+04 2.997000000000000000e+03
6.001200000000000000e+04 2.879000000000000000e+03
6.167900000000000000e+04 2.953000000000000000e+03
6.334600000000000000e+04 2.853000000000000000e+03
6.501300000000000000e+04 2.740000000000000000e+03
6.668000000000000000e+04 2.676000000000000000e+03
6.834700000000000000e+04 2.634000000000000000e+03
7.001400000000000000e+04 2.631000000000000000e+03
7.168100000000000000e+04 2.565000000000000000e+03
7.334800000000000000e+04 2.445000000000000000e+03
7.501500000000000000e+04 2.431000000000000000e+03
7.668200000000000000e+04 2.366000000000000000e+03
7.834900000000000000e+04 2.229000000000000000e+03
8.001600000000000000e+04 2.064000000000000000e+03
8.168300000000000000e+04 1.996000000000000000e+03
8.335000000000000000e+04 1.961000000000000000e+03
8.501700000000000000e+04 1.787000000000000000e+03
8.668400000000000000e+04 1.812000000000000000e+03
8.835100000000000000e+04 1.723000000000000000e+03
9.001800000000000000e+04 1.584000000000000000e+03
9.168500000000000000e+04 1.543000000000000000e+03
9.335200000000000000e+04 1.460000000000000000e+03
9.501900000000000000e+04 1.429000000000000000e+03
9.668600000000000000e+04 1.339000000000000000e+03
9.835300000000000000e+04 1.231000000000000000e+03
1.000200000000000000e+05 1.116000000000000000e+03
1.016870000000000000e+05 1.074000000000000000e+03
1.033540000000000000e+05 1.053000000000000000e+03
1.050210000000000000e+05 9.850000000000000000e+02
1.066880000000000000e+05 9.950000000000000000e+02
1.083550000000000000e+05 1.029000000000000000e+03
1.100220000000000000e+05 8.780000000000000000e+02
1.116890000000000000e+05 8.820000000000000000e+02
1.133560000000000000e+05 8.230000000000000000e+02
1.150230000000000000e+05 8.140000000000000000e+02
1.166900000000000000e+05 8.470000000000000000e+02
1.183570000000000000e+05 8.690000000000000000e+02
1.200240000000000000e+05 9.110000000000000000e+02
1.216910000000000000e+05 8.930000000000000000e+02
1.233580000000000000e+05 9.200000000000000000e+02
1.250250000000000000e+05 9.430000000000000000e+02
1.266920000000000000e+05 1.025000000000000000e+03
1.283590000000000000e+05 1.012000000000000000e+03
1.300260000000000000e+05 1.151000000000000000e+03
1.316930000000000000e+05 1.128000000000000000e+03
1.333600000000000000e+05 1.229000000000000000e+03
1.350270000000000000e+05 1.256000000000000000e+03
1.366940000000000000e+05 1.390000000000000000e+03
1.383610000000000000e+05 1.494000000000000000e+03
1.400280000000000000e+05 1.613000000000000000e+03
1.416950000000000000e+05 1.574000000000000000e+03
1.433620000000000000e+05 1.771000000000000000e+03
1.450290000000000000e+05 1.841000000000000000e+03
1.466960000000000000e+05 1.949000000000000000e+03
1.483630000000000000e+05 2.038000000000000000e+03
1.500300000000000000e+05 2.081000000000000000e+03
1.516970000000000000e+05 2.205000000000000000e+03
1.533640000000000000e+05 2.236000000000000000e+03
1.550310000000000000e+05 2.282000000000000000e+03
1.566980000000000000e+05 2.439000000000000000e+03
1.583650000000000000e+05 2.538000000000000000e+03
1.600320000000000000e+05 2.539000000000000000e+03
1.616990000000000000e+05 2.691000000000000000e+03
1.633660000000000000e+05 2.621000000000000000e+03
1.650330000000000000e+05 2.649000000000000000e+03
1.667000000000000000e+05 2.726000000000000000e+03
1.683670000000000000e+05 2.929000000000000000e+03
1.700340000000000000e+05 2.904000000000000000e+03
1.717010000000000000e+05 2.883000000000000000e+03
1.733680000000000000e+05 3.009000000000000000e+03
1.750350000000000000e+05 2.973000000000000000e+03
1.767020000000000000e+05 3.140000000000000000e+03
1.783690000000000000e+05 3.171000000000000000e+03
1.800360000000000000e+05 3.046000000000000000e+03
1.817030000000000000e+05 3.259000000000000000e+03
1.833700000000000000e+05 3.359000000000000000e+03
1.850370000000000000e+05 3.194000000000000000e+03
1.867040000000000000e+05 3.163000000000000000e+03
1.883710000000000000e+05 3.293000000000000000e+03
1.900380000000000000e+05 3.210000000000000000e+03
1.917050000000000000e+05 3.252000000000000000e+03
1.933720000000000000e+05 3.408000000000000000e+03
1.950390000000000000e+05 3.259000000000000000e+03
1.967060000000000000e+05 3.369000000000000000e+03
1.983730000000000000e+05 3.340000000000000000e+03
2.000400000000000000e+05 3.301000000000000000e+03
2.017070000000000000e+05 3.251000000000000000e+03
2.033740000000000000e+05 3.260000000000000000e+03
2.050410000000000000e+05 3.319000000000000000e+03
2.067080000000000000e+05 3.248000000000000000e+03
2.083750000000000000e+05 3.331000000000000000e+03
2.100420000000000000e+05 3.164000000000000000e+03
2.117090000000000000e+05 3.180000000000000000e+03
2.133760000000000000e+05 3.269000000000000000e+03
2.150430000000000000e+05 3.296000000000000000e+03
2.167100000000000000e+05 3.173000000000000000e+03
2.183770000000000000e+05 3.141000000000000000e+03
2.200440000000000000e+05 3.085000000000000000e+03
2.217110000000000000e+05 3.097000000000000000e+03
2.233780000000000000e+05 2.988000000000000000e+03
2.250450000000000000e+05 3.013000000000000000e+03
2.267120000000000000e+05 3.026000000000000000e+03
2.283790000000000000e+05 2.924000000000000000e+03
2.300460000000000000e+05 2.863000000000000000e+03
2.317130000000000000e+05 2.747000000000000000e+03
2.333800000000000000e+05 2.789000000000000000e+03
2.350470000000000000e+05 2.693000000000000000e+03
2.367140000000000000e+05 2.559000000000000000e+03
2.383810000000000000e+05 2.500000000000000000e+03
2.400480000000000000e+05 2.482000000000000000e+03
2.417150000000000000e+05 2.391000000000000000e+03
2.433820000000000000e+05 2.168000000000000000e+03
2.450490000000000000e+05 2.176000000000000000e+03
2.467160000000000000e+05 2.067000000000000000e+03
2.483830000000000000e+05 1.974000000000000000e+03
2.500500000000000000e+05 1.968000000000000000e+03
2.517170000000000000e+05 1.946000000000000000e+03
2.533840000000000000e+05 1.762000000000000000e+03
2.550510000000000000e+05 1.742000000000000000e+03
2.567180000000000000e+05 1.640000000000000000e+03
2.583850000000000000e+05 1.612000000000000000e+03
2.600520000000000000e+05 1.406000000000000000e+03
2.617190000000000000e+05 1.327000000000000000e+03
2.633860000000000000e+05 1.255000000000000000e+03
2.650530000000000000e+05 1.178000000000000000e+03
2.667200000000000000e+05 1.170000000000000000e+03
2.683870000000000000e+05 1.128000000000000000e+03
2.700540000000000000e+05 1.063000000000000000e+03
2.717210000000000000e+05 1.039000000000000000e+03
2.733880000000000000e+05 9.680000000000000000e+02
2.750550000000000000e+05 9.710000000000000000e+02
2.767220000000000000e+05 9.660000000000000000e+02
2.783890000000000000e+05 8.690000000000000000e+02
2.800560000000000000e+05 8.580000000000000000e+02
2.817230000000000000e+05 8.770000000000000000e+02
2.833900000000000000e+05 8.180000000000000000e+02
2.850570000000000000e+05 8.800000000000000000e+02
2.867240000000000000e+05 9.170000000000000000e+02
2.883910000000000000e+05 9.360000000000000000e+02
2.900580000000000000e+05 9.390000000000000000e+02
2.917250000000000000e+05 9.690000000000000000e+02
2.933920000000000000e+05 1.052000000000000000e+03
2.950590000000000000e+05 1.051000000000000000e+03
2.967260000000000000e+05 1.060000000000000000e+03
2.983930000000000000e+05 1.223000000000000000e+03
3.000600000000000000e+05 1.254000000000000000e+03
3.017270000000000000e+05 1.294000000000000000e+03
3.033940000000000000e+05 1.413000000000000000e+03
3.050610000000000000e+05 1.494000000000000000e+03
3.067280000000000000e+05 1.512000000000000000e+03
3.083950000000000000e+05 1.739000000000000000e+03
3.100620000000000000e+05 1.738000000000000000e+03
3.117290000000000000e+05 1.783000000000000000e+03
3.133960000000000000e+05 1.906000000000000000e+03
3.150630000000000000e+05 2.117000000000000000e+03
3.167300000000000000e+05 2.067000000000000000e+03
3.183970000000000000e+05 2.065000000000000000e+03
3.200640000000000000e+05 2.205000000000000000e+03
3.217310000000000000e+05 2.329000000000000000e+03
3.233980000000000000e+05 2.426000000000000000e+03
3.250650000000000000e+05 2.547000000000000000e+03
3.267320000000000000e+05 2.705000000000000000e+03
3.283990000000000000e+05 2.582000000000000000e+03
3.300660000000000000e+05 2.685000000000000000e+03
