0.000000000000000000e+00 1.291000000000000000e+03
1.700000000000000000e+01 1.330000000000000000e+03
3.400000000000000000e+01 1.302000000000000000e+03
5.100000000000000000e+01 1.378000000000000000e+03
6.800000000000000000e+01 1.412000000000000000e+03
8.500000000000000000e+01 1.373000000000000000e+03
1.020000000000000000e+02 1.501000000000000000e+03
1.190000000000000000e+02 1.463000000000000000e+03
1.360000000000000000e+02 1.579000000000000000e+03
1.530000000000000000e+02 1.627000000000000000e+03
1.700000000000000000e+02 1.596000000000000000e+03
1.870000000000000000e+02 1.661000000000000000e+03
2.040000000000000000e+02 1.696000000000000000e+03
2.210000000000000000e+02 1.663000000000000000e+03
2.380000000000000000e+02 1.762000000000000000e+03
2.550000000000000000e+02 1.791000000000000000e+03
2.720000000000000000e+02 1.763000000000000000e+03
2.890000000000000000e+02 1.761000000000000000e+03
3.060000000000000000e+02 1.789000000000000000e+03
3.230000000000000000e+02 1.800000000000000000e+03
3.400000000000000000e+02 1.856000000000000000e+03
3.570000000000000000e+02 1.788000000000000000e+03
3.740000000000000000e+02 1.871000000000000000e+03
3.910000000000000000e+02 1.874000000000000000e+03
4.080000000000000000e+02 1.873000000000000000e+03
4.250000000000000000e+02 1.961000000000000000e+03
4.420000000000000000e+02 1.921000000000000000e+03
4.590000000000000000e+02 1.854000000000000000e+03
4.760000000000000000e+02 1.862000000000000000e+03
4.930000000000000000e+02 1.863000000000000000e+03
5.100000000000000000e+02 1.861000000000000000e+03
5.270000000000000000e+02 1.931000000000000000e+03
5.440000000000000000e+02 1.815000000000000000e+03
5.610000000000000000e+02 1.862000000000000000e+03
5.780000000000000000e+02 1.865000000000000000e+03
5.950000000000000000e+02 1.857000000000000000e+03
6.120000000000000000e+02 1.860000000000000000e+03
6.290000000000000000e+02 1.875000000000000000e+03
6.460000000000000000e+02 1.796000000000000000e+03
6.630000000000000000e+02 1.812000000000000000e+03
6.800000000000000000e+02 1.792000000000000000e+03
6.970000000000000000e+02 1.807000000000000000e+03
7.140000000000000000e+02 1.678000000000000000e+03
7.310000000000000000e+02 1.684000000000000000e+03
7.480000000000000000e+02 1.640000000000000000e+03
7.650000000000000000e+02 1.720000000000000000e+03
7.820000000000000000e+02 1.659000000000000000e+03
7.990000000000000000e+02 1.575000000000000000e+03
8.160000000000000000e+02 1.561000000000000000e+03
8.330000000000000000e+02 1.490000000000000000e+03
8.500000000000000000e+02 1.490000000000000000e+03
8.670000000000000000e+02 1.525000000000000000e+03
8.840000000000000000e+02 1.420000000000000000e+03
9.010000000000000000e+02 1.406000000000000000e+03
9.180000000000000000e+02 1.441000000000000000e+03
9.350000000000000000e+02 1.362000000000000000e+03
9.520000000000000000e+02 1.375000000000000000e+03
9.690000000000000000e+02 1.286000000000000000e+03
9.860000000000000000e+02 1.242000000000000000e+03
1.003000000000000000e+03 1.286000000000000000e+03
1.020000000000000000e+03 1.185000000000000000e+03
1.037000000000000000e+03 1.102000000000000000e+03
1.054000000000000000e+03 1.154000000000000000e+03
1.071000000000000000e+03 1.098000000000000000e+03
1.088000000000000000e+03 1.111000000000000000e+03
1.105000000000000000e+03 1.084000000000000000e+03
1.122000000000000000e+03 9.930000000000000000e+02
1.139000000000000000e+03 1.025000000000000000e+03
1.156000000000000000e+03 9.460000000000000000e+02
1.173000000000000000e+03 9.790000000000000000e+02
1.190000000000000000e+03 9.360000000000000000e+02
1.207000000000000000e+03 1.010000000000000000e+03
1.224000000000000000e+03 9.020000000000000000e+02
1.241000000000000000e+03 8.860000000000000000e+02
1.258000000000000000e+03 8.810000000000000000e+02
1.275000000000000000e+03 8.720000000000000000e+02
1.292000000000000000e+03 9.350000000000000000e+02
1.309000000000000000e+03 9.250000000000000000e+02
1.326000000000000000e+03 8.460000000000000000e+02
1.343000000000000000e+03 8.420000000000000000e+02
1.360000000000000000e+03 8.500000000000000000e+02
1.377000000000000000e+03 8.600000000000000000e+02
1.394000000000000000e+03 9.160000000000000000e+02
1.411000000000000000e+03 8.600000000000000000e+02
1.428000000000000000e+03 8.580000000000000000e+02
1.445000000000000000e+03 8.050000000000000000e+02
1.462000000000000000e+03 8.790000000000000000e+02
1.479000000000000000e+03 9.420000000000000000e+02
1.496000000000000000e+03 9.570000000000000000e+02
1.513000000000000000e+03 9.450000000000000000e+02
1.530000000000000000e+03 1.000000000000000000e+03
1.547000000000000000e+03 1.100000000000000000e+03
1.564000000000000000e+03 1.086000000000000000e+03
1.581000000000000000e+03 1.114000000000000000e+03
1.598000000000000000e+03 1.081000000000000000e+03
1.615000000000000000e+03 1.105000000000000000e+03
1.632000000000000000e+03 1.174000000000000000e+03
1.649000000000000000e+03 1.262000000000000000e+03
1.666000000000000000e+03 1.300000000000000000e+03
1.683000000000000000e+03 1.312000000000000000e+03
1.700000000000000000e+03 1.331000000000000000e+03
1.717000000000000000e+03 1.382000000000000000e+03
1.734000000000000000e+03 1.390000000000000000e+03
1.751000000000000000e+03 1.476000000000000000e+03
1.768000000000000000e+03 1.543000000000000000e+03
1.785000000000000000e+03 1.532000000000000000e+03
1.802000000000000000e+03 1.525000000000000000e+03
1.819000000000000000e+03 1.611000000000000000e+03
1.836000000000000000e+03 1.626000000000000000e+03
1.853000000000000000e+03 1.586000000000000000e+03
1.870000000000000000e+03 1.655000000000000000e+03
1.887000000000000000e+03 1.758000000000000000e+03
1.904000000000000000e+03 1.690000000000000000e+03
1.921000000000000000e+03 1.767000000000000000e+03
1.938000000000000000e+03 1.756000000000000000e+03
1.955000000000000000e+03 1.767000000000000000e+03
1.972000000000000000e+03 1.776000000000000000e+03
1.989000000000000000e+03 1.751000000000000000e+03
2.006000000000000000e+03 1.907000000000000000e+03
2.023000000000000000e+03 1.892000000000000000e+03
2.040000000000000000e+03 1.824000000000000000e+03
2.057000000000000000e+03 1.919000000000000000e+03
2.074000000000000000e+03 1.884000000000000000e+03
2.091000000000000000e+03 1.806000000000000000e+03
2.108000000000000000e+03 1.833000000000000000e+03
2.125000000000000000e+03 1.826000000000000000e+03
2.142000000000000000e+03 1.862000000000000000e+03
2.159000000000000000e+03 1.836000000000000000e+03
2.176000000000000000e+03 1.889000000000000000e+03
2.193000000000000000e+03 1.838000000000000000e+03
2.210000000000000000e+03 1.838000000000000000e+03
2.227000000000000000e+03 1.817000000000000000e+03
2.244000000000000000e+03 1.815000000000000000e+03
2.261000000000000000e+03 1.776000000000000000e+03
2.278000000000000000e+03 1.812000000000000000e+03
2.295000000000000000e+03 1.808000000000000000e+03
2.312000000000000000e+03 1.834000000000000000e+03
2.329000000000000000e+03 1.809000000000000000e+03
2.346000000000000000e+03 1.854000000000000000e+03
2.363000000000000000e+03 1.738000000000000000e+03
2.380000000000000000e+03 1.787000000000000000e+03
2.397000000000000000e+03 1.784000000000000000e+03
2.414000000000000000e+03 1.690000000000000000e+03
2.431000000000000000e+03 1.764000000000000000e+03
2.448000000000000000e+03 1.637000000000000000e+03
2.465000000000000000e+03 1.624000000000000000e+03
2.482000000000000000e+03 1.466000000000000000e+03
2.499000000000000000e+03 1.545000000000000000e+03
2.516000000000000000e+03 1.591000000000000000e+03
2.533000000000000000e+03 1.462000000000000000e+03
2.550000000000000000e+03 1.492000000000000000e+03
2.567000000000000000e+03 1.433000000000000000e+03
2.584000000000000000e+03 1.429000000000000000e+03
2.601000000000000000e+03 1.341000000000000000e+03
2.618000000000000000e+03 1.350000000000000000e+03
2.635000000000000000e+03 1.287000000000000000e+03
2.652000000000000000e+03 1.255000000000000000e+03
2.669000000000000000e+03 1.253000000000000000e+03
2.686000000000000000e+03 1.170000000000000000e+03
2.703000000000000000e+03 1.190000000000000000e+03
2.720000000000000000e+03 1.156000000000000000e+03
2.737000000000000000e+03 1.143000000000000000e+03
2.754000000000000000e+03 1.080000000000000000e+03
2.771000000000000000e+03 1.098000000000000000e+03
2.788000000000000000e+03 9.970000000000000000e+02
2.805000000000000000e+03 1.037000000000000000e+03
2.822000000000000000e+03 9.650000000000000000e+02
2.839000000000000000e+03 9.060000000000000000e+02
2.856000000000000000e+03 1.031000000000000000e+03
2.873000000000000000e+03 9.190000000000000000e+02
2.890000000000000000e+03 9.030000000000000000e+02
2.907000000000000000e+03 9.330000000000000000e+02
2.924000000000000000e+03 8.600000000000000000e+02
2.941000000000000000e+03 9.260000000000000000e+02
2.958000000000000000e+03 8.880000000000000000e+02
2.975000000000000000e+03 8.530000000000000000e+02
2.992000000000000000e+03 8.420000000000000000e+02
3.009000000000000000e+03 8.740000000000000000e+02
3.026000000000000000e+03 9.210000000000000000e+02
3.043000000000000000e+03 8.920000000000000000e+02
3.060000000000000000e+03 9.430000000000000000e+02
3.077000000000000000e+03 8.640000000000000000e+02
3.094000000000000000e+03 8.440000000000000000e+02
3.111000000000000000e+03 9.290000000000000000e+02
3.128000000000000000e+03 9.410000000000000000e+02
3.145000000000000000e+03 9.800000000000000000e+02
3.162000000000000000e+03 9.490000000000000000e+02
3.179000000000000000e+03 9.940000000000000000e+02
3.196000000000000000e+03 1.023000000000000000e+03
3.213000000000000000e+03 1.037000000000000000e+03
3.230000000000000000e+03 1.073000000000000000e+03
3.247000000000000000e+03 1.135000000000000000e+03
3.264000000000000000e+03 1.163000000000000000e+03
3.281000000000000000e+03 1.174000000000000000e+03
3.298000000000000000e+03 1.164000000000000000e+03
3.315000000000000000e+03 1.249000000000000000e+03
