0.000000000000000000e+00 2.204000000000000000e+03
5.000000000000000000e+01 2.182000000000000000e+03
1.000000000000000000e+02 2.289000000000000000e+03
1.500000000000000000e+02 2.264000000000000000e+03
2.000000000000000000e+02 2.387000000000000000e+03
2.500000000000000000e+02 2.434000000000000000e+03
3.000000000000000000e+02 2.537000000000000000e+03
3.500000000000000000e+02 2.503000000000000000e+03
4.000000000000000000e+02 2.580000000000000000e+03
4.500000000000000000e+02 2.616000000000000000e+03
5.000000000000000000e+02 2.731000000000000000e+03
5.500000000000000000e+02 2.639000000000000000e+03
6.000000000000000000e+02 2.708000000000000000e+03
6.500000000000000000e+02 2.867000000000000000e+03
7.000000000000000000e+02 2.651000000000000000e+03
7.500000000000000000e+02 2.852000000000000000e+03
8.000000000000000000e+02 2.743000000000000000e+03
8.500000000000000000e+02 2.827000000000000000e+03
9.000000000000000000e+02 2.759000000000000000e+03
9.500000000000000000e+02 2.892000000000000000e+03
1.000000000000000000e+03 2.786000000000000000e+03
1.050000000000000000e+03 2.866000000000000000e+03
1.100000000000000000e+03 2.736000000000000000e+03
1.150000000000000000e+03 2.902000000000000000e+03
1.200000000000000000e+03 2.825000000000000000e+03
1.250000000000000000e+03 2.756000000000000000e+03
1.300000000000000000e+03 2.738000000000000000e+03
1.350000000000000000e+03 2.827000000000000000e+03
1.400000000000000000e+03 2.811000000000000000e+03
1.450000000000000000e+03 2.888000000000000000e+03
1.500000000000000000e+03 2.741000000000000000e+03
1.550000000000000000e+03 2.766000000000000000e+03
1.600000000000000000e+03 2.761000000000000000e+03
1.650000000000000000e+03 2.601000000000000000e+03
1.700000000000000000e+03 2.691000000000000000e+03
1.750000000000000000e+03 2.618000000000000000e+03
1.800000000000000000e+03 2.609000000000000000e+03
1.850000000000000000e+03 2.534000000000000000e+03
1.900000000000000000e+03 2.471000000000000000e+03
1.950000000000000000e+03 2.550000000000000000e+03
2.000000000000000000e+03 2.476000000000000000e+03
2.050000000000000000e+03 2.413000000000000000e+03
2.100000000000000000e+03 2.437000000000000000e+03
2.150000000000000000e+03 2.428000000000000000e+03
2.200000000000000000e+03 2.306000000000000000e+03
2.250000000000000000e+03 2.240000000000000000e+03
2.300000000000000000e+03 2.216000000000000000e+03
2.350000000000000000e+03 2.052000000000000000e+03
2.400000000000000000e+03 2.157000000000000000e+03
2.450000000000000000e+03 2.057000000000000000e+03
2.500000000000000000e+03 2.022000000000000000e+03
2.550000000000000000e+03 1.892000000000000000e+03
2.600000000000000000e+03 1.860000000000000000e+03
2.650000000000000000e+03 1.833000000000000000e+03
2.700000000000000000e+03 1.749000000000000000e+03
2.750000000000000000e+03 1.651000000000000000e+03
2.800000000000000000e+03 1.711000000000000000e+03
2.850000000000000000e+03 1.549000000000000000e+03
2.900000000000000000e+03 1.555000000000000000e+03
2.950000000000000000e+03 1.415000000000000000e+03
3.000000000000000000e+03 1.376000000000000000e+03
3.050000000000000000e+03 1.336000000000000000e+03
3.100000000000000000e+03 1.343000000000000000e+03
3.150000000000000000e+03 1.274000000000000000e+03
3.200000000000000000e+03 1.229000000000000000e+03
3.250000000000000000e+03 1.120000000000000000e+03
3.300000000000000000e+03 1.155000000000000000e+03
3.350000000000000000e+03 1.110000000000000000e+03
3.400000000000000000e+03 1.044000000000000000e+03
3.450000000000000000e+03 1.025000000000000000e+03
3.500000000000000000e+03 9.480000000000000000e+02
3.550000000000000000e+03 9.410000000000000000e+02
3.600000000000000000e+03 9.150000000000000000e+02
3.650000000000000000e+03 9.020000000000000000e+02
3.700000000000000000e+03 8.780000000000000000e+02
3.750000000000000000e+03 9.670000000000000000e+02
3.800000000000000000e+03 9.070000000000000000e+02
3.850000000000000000e+03 9.620000000000000000e+02
3.900000000000000000e+03 9.260000000000000000e+02
3.950000000000000000e+03 9.470000000000000000e+02
4.000000000000000000e+03 9.610000000000000000e+02
4.050000000000000000e+03 9.980000000000000000e+02
4.100000000000000000e+03 1.071000000000000000e+03
4.150000000000000000e+03 1.006000000000000000e+03
4.200000000000000000e+03 1.067000000000000000e+03
4.250000000000000000e+03 1.137000000000000000e+03
4.300000000000000000e+03 1.195000000000000000e+03
4.350000000000000000e+03 1.213000000000000000e+03
4.400000000000000000e+03 1.284000000000000000e+03
4.450000000000000000e+03 1.371000000000000000e+03
4.500000000000000000e+03 1.461000000000000000e+03
4.550000000000000000e+03 1.601000000000000000e+03
4.600000000000000000e+03 1.570000000000000000e+03
4.650000000000000000e+03 1.713000000000000000e+03
4.700000000000000000e+03 1.671000000000000000e+03
4.750000000000000000e+03 1.794000000000000000e+03
4.800000000000000000e+03 1.832000000000000000e+03
4.850000000000000000e+03 1.906000000000000000e+03
4.900000000000000000e+03 2.055000000000000000e+03
4.950000000000000000e+03 2.055000000000000000e+03
5.000000000000000000e+03 2.108000000000000000e+03
5.050000000000000000e+03 2.204000000000000000e+03
5.100000000000000000e+03 2.276000000000000000e+03
5.150000000000000000e+03 2.277000000000000000e+03
5.200000000000000000e+03 2.405000000000000000e+03
5.250000000000000000e+03 2.447000000000000000e+03
5.300000000000000000e+03 2.465000000000000000e+03
5.350000000000000000e+03 2.439000000000000000e+03
5.400000000000000000e+03 2.572000000000000000e+03
5.450000000000000000e+03 2.622000000000000000e+03
5.500000000000000000e+03 2.661000000000000000e+03
5.550000000000000000e+03 2.660000000000000000e+03
5.600000000000000000e+03 2.861000000000000000e+03
5.650000000000000000e+03 2.824000000000000000e+03
5.700000000000000000e+03 2.769000000000000000e+03
5.750000000000000000e+03 2.808000000000000000e+03
5.800000000000000000e+03 2.695000000000000000e+03
5.850000000000000000e+03 2.847000000000000000e+03
5.900000000000000000e+03 2.942000000000000000e+03
5.950000000000000000e+03 2.773000000000000000e+03
6.000000000000000000e+03 2.838000000000000000e+03
6.050000000000000000e+03 2.809000000000000000e+03
6.100000000000000000e+03 2.804000000000000000e+03
6.150000000000000000e+03 2.891000000000000000e+03
6.200000000000000000e+03 2.912000000000000000e+03
6.250000000000000000e+03 2.807000000000000000e+03
6.300000000000000000e+03 2.839000000000000000e+03
6.350000000000000000e+03 2.933000000000000000e+03
6.400000000000000000e+03 2.831000000000000000e+03
6.450000000000000000e+03 2.786000000000000000e+03
6.500000000000000000e+03 2.680000000000000000e+03
6.550000000000000000e+03 2.820000000000000000e+03
6.600000000000000000e+03 2.713000000000000000e+03
6.650000000000000000e+03 2.809000000000000000e+03
6.700000000000000000e+03 2.735000000000000000e+03
6.750000000000000000e+03 2.709000000000000000e+03
6.800000000000000000e+03 2.668000000000000000e+03
6.850000000000000000e+03 2.430000000000000000e+03
6.900000000000000000e+03 2.506000000000000000e+03
6.950000000000000000e+03 2.569000000000000000e+03
7.000000000000000000e+03 2.401000000000000000e+03
7.050000000000000000e+03 2.311000000000000000e+03
7.100000000000000000e+03 2.435000000000000000e+03
7.150000000000000000e+03 2.358000000000000000e+03
7.200000000000000000e+03 2.248000000000000000e+03
7.250000000000000000e+03 2.254000000000000000e+03
7.300000000000000000e+03 2.153000000000000000e+03
7.350000000000000000e+03 2.060000000000000000e+03
7.400000000000000000e+03 2.040000000000000000e+03
7.450000000000000000e+03 2.148000000000000000e+03
7.500000000000000000e+03 1.968000000000000000e+03
7.550000000000000000e+03 1.950000000000000000e+03
7.600000000000000000e+03 1.947000000000000000e+03
7.650000000000000000e+03 1.764000000000000000e+03
7.700000000000000000e+03 1.767000000000000000e+03
7.750000000000000000e+03 1.782000000000000000e+03
7.800000000000000000e+03 1.711000000000000000e+03
7.850000000000000000e+03 1.520000000000000000e+03
7.900000000000000000e+03 1.565000000000000000e+03
7.950000000000000000e+03 1.445000000000000000e+03
8.000000000000000000e+03 1.398000000000000000e+03
8.050000000000000000e+03 1.349000000000000000e+03
8.100000000000000000e+03 1.288000000000000000e+03
8.150000000000000000e+03 1.298000000000000000e+03
8.200000000000000000e+03 1.235000000000000000e+03
8.250000000000000000e+03 1.183000000000000000e+03
8.300000000000000000e+03 1.120000000000000000e+03
8.350000000000000000e+03 1.135000000000000000e+03
8.400000000000000000e+03 1.022000000000000000e+03
8.450000000000000000e+03 1.029000000000000000e+03
8.500000000000000000e+03 9.920000000000000000e+02
8.550000000000000000e+03 9.310000000000000000e+02
8.600000000000000000e+03 9.470000000000000000e+02
8.650000000000000000e+03 9.680000000000000000e+02
8.700000000000000000e+03 9.580000000000000000e+02
8.750000000000000000e+03 9.130000000000000000e+02
8.800000000000000000e+03 9.600000000000000000e+02
8.850000000000000000e+03 9.340000000000000000e+02
8.900000000000000000e+03 9.380000000000000000e+02
8.950000000000000000e+03 9.380000000000000000e+02
9.000000000000000000e+03 1.072000000000000000e+03
9.050000000000000000e+03 1.004000000000000000e+03
9.100000000000000000e+03 1.010000000000000000e+03
9.150000000000000000e+03 1.067000000000000000e+03
9.200000000000000000e+03 1.089000000000000000e+03
9.250000000000000000e+03 1.175000000000000000e+03
9.300000000000000000e+03 1.166000000000000000e+03
9.350000000000000000e+03 1.237000000000000000e+03
9.400000000000000000e+03 1.337000000000000000e+03
9.450000000000000000e+03 1.368000000000000000e+03
9.500000000000000000e+03 1.416000000000000000e+03
9.550000000000000000e+03 1.467000000000000000e+03
9.600000000000000000e+03 1.586000000000000000e+03
9.650000000000000000e+03 1.647000000000000000e+03
9.700000000000000000e+03 1.730000000000000000e+03
9.750000000000000000e+03 1.759000000000000000e+03
9.800000000000000000e+03 1.990000000000000000e+03
9.850000000000000000e+03 1.927000000000000000e+03
9.900000000000000000e+03 1.968000000000000000e+03
9.950000000000000000e+03 2.074000000000000000e+03
