0.000000000000000000e+00 1.619200000000000000e+04
1.000000000000000000e+04 1.700100000000000000e+04
2.000000000000000000e+04 1.751600000000000000e+04
3.000000000000000000e+04 1.751300000000000000e+04
4.000000000000000000e+04 1.765600000000000000e+04
5.000000000000000000e+04 1.814100000000000000e+04
6.000000000000000000e+04 1.826200000000000000e+04
7.000000000000000000e+04 1.864900000000000000e+04
8.000000000000000000e+04 1.872300000000000000e+04
9.000000000000000000e+04 1.838000000000000000e+04
1.000000000000000000e+05 1.887700000000000000e+04
1.100000000000000000e+05 1.922900000000000000e+04
1.200000000000000000e+05 1.944500000000000000e+04
1.300000000000000000e+05 1.924200000000000000e+04
1.400000000000000000e+05 1.930800000000000000e+04
1.500000000000000000e+05 1.932500000000000000e+04
1.600000000000000000e+05 1.916600000000000000e+04
1.700000000000000000e+05 1.929900000000000000e+04
1.800000000000000000e+05 1.981700000000000000e+04
1.900000000000000000e+05 1.951200000000000000e+04
2.000000000000000000e+05 1.917600000000000000e+04
2.100000000000000000e+05 1.932800000000000000e+04
2.200000000000000000e+05 1.902600000000000000e+04
2.300000000000000000e+05 1.945300000000000000e+04
2.400000000000000000e+05 1.944200000000000000e+04
2.500000000000000000e+05 1.902400000000000000e+04
2.600000000000000000e+05 1.929100000000000000e+04
2.700000000000000000e+05 1.897600000000000000e+04
2.800000000000000000e+05 1.872400000000000000e+04
2.900000000000000000e+05 1.855800000000000000e+04
3.000000000000000000e+05 1.855900000000000000e+04
3.100000000000000000e+05 1.836400000000000000e+04
3.200000000000000000e+05 1.824900000000000000e+04
3.300000000000000000e+05 1.795800000000000000e+04
3.400000000000000000e+05 1.796300000000000000e+04
3.500000000000000000e+05 1.755200000000000000e+04
3.600000000000000000e+05 1.687900000000000000e+04
3.700000000000000000e+05 1.691700000000000000e+04
3.800000000000000000e+05 1.688300000000000000e+04
3.900000000000000000e+05 1.642600000000000000e+04
4.000000000000000000e+05 1.602900000000000000e+04
4.100000000000000000e+05 1.546100000000000000e+04
4.200000000000000000e+05 1.539600000000000000e+04
4.300000000000000000e+05 1.472500000000000000e+04
4.400000000000000000e+05 1.447300000000000000e+04
4.500000000000000000e+05 1.404000000000000000e+04
4.600000000000000000e+05 1.342900000000000000e+04
4.700000000000000000e+05 1.303900000000000000e+04
4.800000000000000000e+05 1.264200000000000000e+04
4.900000000000000000e+05 1.197000000000000000e+04
5.000000000000000000e+05 1.160000000000000000e+04
5.100000000000000000e+05 1.110200000000000000e+04
5.200000000000000000e+05 1.064000000000000000e+04
5.300000000000000000e+05 1.020400000000000000e+04
5.400000000000000000e+05 9.373000000000000000e+03
5.500000000000000000e+05 9.118000000000000000e+03
5.600000000000000000e+05 8.584000000000000000e+03
5.700000000000000000e+05 7.971000000000000000e+03
5.800000000000000000e+05 7.522000000000000000e+03
5.900000000000000000e+05 7.233000000000000000e+03
6.000000000000000000e+05 6.858000000000000000e+03
6.100000000000000000e+05 6.408000000000000000e+03
6.200000000000000000e+05 6.088000000000000000e+03
6.300000000000000000e+05 5.862000000000000000e+03
6.400000000000000000e+05 5.589000000000000000e+03
6.500000000000000000e+05 5.272000000000000000e+03
6.600000000000000000e+05 5.176000000000000000e+03
6.700000000000000000e+05 5.113000000000000000e+03
6.800000000000000000e+05 4.996000000000000000e+03
6.900000000000000000e+05 4.907000000000000000e+03
7.000000000000000000e+05 4.940000000000000000e+03
7.100000000000000000e+05 5.002000000000000000e+03
7.200000000000000000e+05 5.072000000000000000e+03
7.300000000000000000e+05 5.351000000000000000e+03
7.400000000000000000e+05 5.414000000000000000e+03
7.500000000000000000e+05 5.710000000000000000e+03
7.600000000000000000e+05 6.065000000000000000e+03
7.700000000000000000e+05 6.171000000000000000e+03
7.800000000000000000e+05 6.632000000000000000e+03
7.900000000000000000e+05 6.993000000000000000e+03
8.000000000000000000e+05 7.465000000000000000e+03
8.100000000000000000e+05 7.686000000000000000e+03
8.200000000000000000e+05 8.314000000000000000e+03
8.300000000000000000e+05 8.596000000000000000e+03
8.400000000000000000e+05 9.149000000000000000e+03
8.500000000000000000e+05 9.850000000000000000e+03
8.600000000000000000e+05 1.020400000000000000e+04
8.700000000000000000e+05 1.067300000000000000e+04
8.800000000000000000e+05 1.112100000000000000e+04
8.900000000000000000e+05 1.199100000000000000e+04
9.000000000000000000e+05 1.246300000000000000e+04
9.100000000000000000e+05 1.277100000000000000e+04
9.200000000000000000e+05 1.331300000000000000e+04
9.300000000000000000e+05 1.396900000000000000e+04
9.400000000000000000e+05 1.418900000000000000e+04
9.500000000000000000e+05 1.467700000000000000e+04
9.600000000000000000e+05 1.510900000000000000e+04
9.700000000000000000e+05 1.566100000000000000e+04
9.800000000000000000e+05 1.606700000000000000e+04
9.900000000000000000e+05 1.625300000000000000e+04
1.000000000000000000e+06 1.679200000000000000e+04
1.010000000000000000e+06 1.687200000000000000e+04
1.020000000000000000e+06 1.732000000000000000e+04
1.030000000000000000e+06 1.709100000000000000e+04
1.040000000000000000e+06 1.764800000000000000e+04
1.050000000000000000e+06 1.787600000000000000e+04
1.060000000000000000e+06 1.829400000000000000e+04
1.070000000000000000e+06 1.811800000000000000e+04
1.080000000000000000e+06 1.844400000000000000e+04
1.090000000000000000e+06 1.871800000000000000e+04
1.100000000000000000e+06 1.857100000000000000e+04
1.110000000000000000e+06 1.887900000000000000e+04
1.120000000000000000e+06 1.888700000000000000e+04
1.130000000000000000e+06 1.936400000000000000e+04
1.140000000000000000e+06 1.936700000000000000e+04
1.150000000000000000e+06 1.933500000000000000e+04
1.160000000000000000e+06 1.936800000000000000e+04
1.170000000000000000e+06 1.903100000000000000e+04
1.180000000000000000e+06 1.932200000000000000e+04
1.190000000000000000e+06 1.922200000000000000e+04
1.200000000000000000e+06 1.932500000000000000e+04
1.210000000000000000e+06 1.940900000000000000e+04
1.220000000000000000e+06 1.913400000000000000e+04
1.230000000000000000e+06 1.947400000000000000e+04
1.240000000000000000e+06 1.921400000000000000e+04
1.250000000000000000e+06 1.898800000000000000e+04
1.260000000000000000e+06 1.918300000000000000e+04
1.270000000000000000e+06 1.907800000000000000e+04
1.280000000000000000e+06 1.887700000000000000e+04
1.290000000000000000e+06 1.866100000000000000e+04
1.300000000000000000e+06 1.834600000000000000e+04
1.310000000000000000e+06 1.839600000000000000e+04
1.320000000000000000e+06 1.833000000000000000e+04
1.330000000000000000e+06 1.823100000000000000e+04
1.340000000000000000e+06 1.786000000000000000e+04
1.350000000000000000e+06 1.745000000000000000e+04
1.360000000000000000e+06 1.715900000000000000e+04
1.370000000000000000e+06 1.706100000000000000e+04
1.380000000000000000e+06 1.666100000000000000e+04
1.390000000000000000e+06 1.644900000000000000e+04
1.400000000000000000e+06 1.597100000000000000e+04
1.410000000000000000e+06 1.562700000000000000e+04
1.420000000000000000e+06 1.531500000000000000e+04
1.430000000000000000e+06 1.488400000000000000e+04
1.440000000000000000e+06 1.466900000000000000e+04
1.450000000000000000e+06 1.404300000000000000e+04
1.460000000000000000e+06 1.362700000000000000e+04
1.470000000000000000e+06 1.302500000000000000e+04
1.480000000000000000e+06 1.258700000000000000e+04
1.490000000000000000e+06 1.198500000000000000e+04
1.500000000000000000e+06 1.163400000000000000e+04
1.510000000000000000e+06 1.100000000000000000e+04
1.520000000000000000e+06 1.061000000000000000e+04
1.530000000000000000e+06 1.013600000000000000e+04
1.540000000000000000e+06 9.604000000000000000e+03
1.550000000000000000e+06 8.891000000000000000e+03
1.560000000000000000e+06 8.521000000000000000e+03
1.570000000000000000e+06 8.109000000000000000e+03
1.580000000000000000e+06 7.721000000000000000e+03
1.590000000000000000e+06 7.226000000000000000e+03
1.600000000000000000e+06 6.805000000000000000e+03
1.610000000000000000e+06 6.360000000000000000e+03
1.620000000000000000e+06 5.949000000000000000e+03
1.630000000000000000e+06 5.829000000000000000e+03
1.640000000000000000e+06 5.532000000000000000e+03
1.650000000000000000e+06 5.365000000000000000e+03
1.660000000000000000e+06 5.356000000000000000e+03
1.670000000000000000e+06 5.085000000000000000e+03
1.680000000000000000e+06 5.005000000000000000e+03
1.690000000000000000e+06 4.905000000000000000e+03
1.700000000000000000e+06 5.162000000000000000e+03
1.710000000000000000e+06 4.920000000000000000e+03
1.720000000000000000e+06 5.192000000000000000e+03
1.730000000000000000e+06 5.297000000000000000e+03
1.740000000000000000e+06 5.380000000000000000e+03
1.750000000000000000e+06 5.627000000000000000e+03
1.760000000000000000e+06 5.881000000000000000e+03
1.770000000000000000e+06 6.191000000000000000e+03
1.780000000000000000e+06 6.510000000000000000e+03
1.790000000000000000e+06 6.879000000000000000e+03
1.800000000000000000e+06 7.237000000000000000e+03
1.810000000000000000e+06 7.727000000000000000e+03
1.820000000000000000e+06 8.203000000000000000e+03
1.830000000000000000e+06 8.836000000000000000e+03
1.840000000000000000e+06 9.292000000000000000e+03
1.850000000000000000e+06 9.534000000000000000e+03
1.860000000000000000e+06 1.030700000000000000e+04
1.870000000000000000e+06 1.064100000000000000e+04
1.880000000000000000e+06 1.133300000000000000e+04
1.890000000000000000e+06 1.202100000000000000e+04
1.900000000000000000e+06 1.245500000000000000e+04
1.910000000000000000e+06 1.270900000000000000e+04
1.920000000000000000e+06 1.333700000000000000e+04
1.930000000000000000e+06 1.395800000000000000e+04
1.940000000000000000e+06 1.431400000000000000e+04
1.950000000000000000e+06 1.468900000000000000e+04
1.960000000000000000e+06 1.506700000000000000e+04
1.970000000000000000e+06 1.537100000000000000e+04
1.980000000000000000e+06 1.591300000000000000e+04
1.990000000000000000e+06 1.655200000000000000e+04
