0.000000000000000000e+00 4.835000000000000000e+03
1.000000000000000000e+04 5.333000000000000000e+03
2.000000000000000000e+04 5.473000000000000000e+03
3.000000000000000000e+04 5.520000000000000000e+03
4.000000000000000000e+04 5.504000000000000000e+03
5.000000000000000000e+04 5.566000000000000000e+03
6.000000000000000000e+04 5.697000000000000000e+03
7.000000000000000000e+04 5.643000000000000000e+03
8.000000000000000000e+04 5.760000000000000000e+03
9.000000000000000000e+04 5.847000000000000000e+03
1.000000000000000000e+05 5.916000000000000000e+03
1.100000000000000000e+05 5.945000000000000000e+03
1.200000000000000000e+05 6.062000000000000000e+03
1.300000000000000000e+05 6.014000000000000000e+03
1.400000000000000000e+05 6.001000000000000000e+03
1.500000000000000000e+05 6.028000000000000000e+03
1.600000000000000000e+05 5.943000000000000000e+03
1.700000000000000000e+05 5.960000000000000000e+03
1.800000000000000000e+05 6.061000000000000000e+03
1.900000000000000000e+05 6.055000000000000000e+03
2.000000000000000000e+05 6.193000000000000000e+03
2.100000000000000000e+05 6.082000000000000000e+03
2.200000000000000000e+05 6.024000000000000000e+03
2.300000000000000000e+05 6.010000000000000000e+03
2.400000000000000000e+05 6.074000000000000000e+03
2.500000000000000000e+05 6.044000000000000000e+03
2.600000000000000000e+05 5.956000000000000000e+03
2.700000000000000000e+05 5.817000000000000000e+03
2.800000000000000000e+05 5.939000000000000000e+03
2.900000000000000000e+05 5.844000000000000000e+03
3.000000000000000000e+05 5.840000000000000000e+03
3.100000000000000000e+05 5.706000000000000000e+03
3.200000000000000000e+05 5.747000000000000000e+03
3.300000000000000000e+05 5.611000000000000000e+03
3.400000000000000000e+05 5.600000000000000000e+03
3.500000000000000000e+05 5.560000000000000000e+03
3.600000000000000000e+05 5.323000000000000000e+03
3.700000000000000000e+05 5.283000000000000000e+03
3.800000000000000000e+05 5.110000000000000000e+03
3.900000000000000000e+05 5.009000000000000000e+03
4.000000000000000000e+05 4.899000000000000000e+03
4.100000000000000000e+05 4.827000000000000000e+03
4.200000000000000000e+05 4.618000000000000000e+03
4.300000000000000000e+05 4.420000000000000000e+03
4.400000000000000000e+05 4.205000000000000000e+03
4.500000000000000000e+05 4.195000000000000000e+03
4.600000000000000000e+05 3.990000000000000000e+03
4.700000000000000000e+05 3.830000000000000000e+03
4.800000000000000000e+05 3.742000000000000000e+03
4.900000000000000000e+05 3.531000000000000000e+03
5.000000000000000000e+05 3.364000000000000000e+03
5.100000000000000000e+05 3.171000000000000000e+03
5.200000000000000000e+05 2.966000000000000000e+03
5.300000000000000000e+05 2.770000000000000000e+03
5.400000000000000000e+05 2.659000000000000000e+03
5.500000000000000000e+05 2.481000000000000000e+03
5.600000000000000000e+05 2.326000000000000000e+03
5.700000000000000000e+05 2.148000000000000000e+03
5.800000000000000000e+05 2.075000000000000000e+03
5.900000000000000000e+05 1.815000000000000000e+03
6.000000000000000000e+05 1.776000000000000000e+03
6.100000000000000000e+05 1.645000000000000000e+03
6.200000000000000000e+05 1.572000000000000000e+03
6.300000000000000000e+05 1.547000000000000000e+03
6.400000000000000000e+05 1.435000000000000000e+03
6.500000000000000000e+05 1.367000000000000000e+03
6.600000000000000000e+05 1.243000000000000000e+03
6.700000000000000000e+05 1.352000000000000000e+03
6.800000000000000000e+05 1.215000000000000000e+03
6.900000000000000000e+05 1.212000000000000000e+03
7.000000000000000000e+05 1.235000000000000000e+03
7.100000000000000000e+05 1.251000000000000000e+03
7.200000000000000000e+05 1.359000000000000000e+03
7.300000000000000000e+05 1.328000000000000000e+03
7.400000000000000000e+05 1.386000000000000000e+03
7.500000000000000000e+05 1.419000000000000000e+03
7.600000000000000000e+05 1.526000000000000000e+03
7.700000000000000000e+05 1.588000000000000000e+03
7.800000000000000000e+05 1.686000000000000000e+03
7.900000000000000000e+05 1.927000000000000000e+03
8.000000000000000000e+05 2.056000000000000000e+03
8.100000000000000000e+05 2.091000000000000000e+03
8.200000000000000000e+05 2.179000000000000000e+03
8.300000000000000000e+05 2.387000000000000000e+03
8.400000000000000000e+05 2.534000000000000000e+03
8.500000000000000000e+05 2.723000000000000000e+03
8.600000000000000000e+05 2.946000000000000000e+03
8.700000000000000000e+05 3.138000000000000000e+03
8.800000000000000000e+05 3.264000000000000000e+03
8.900000000000000000e+05 3.399000000000000000e+03
9.000000000000000000e+05 3.702000000000000000e+03
9.100000000000000000e+05 3.727000000000000000e+03
9.200000000000000000e+05 4.085000000000000000e+03
9.300000000000000000e+05 4.142000000000000000e+03
9.400000000000000000e+05 4.141000000000000000e+03
9.500000000000000000e+05 4.461000000000000000e+03
9.600000000000000000e+05 4.613000000000000000e+03
9.700000000000000000e+05 4.801000000000000000e+03
9.800000000000000000e+05 4.846000000000000000e+03
9.900000000000000000e+05 5.006000000000000000e+03
1.000000000000000000e+06 5.100000000000000000e+03
1.010000000000000000e+06 5.099000000000000000e+03
1.020000000000000000e+06 5.411000000000000000e+03
1.030000000000000000e+06 5.448000000000000000e+03
1.040000000000000000e+06 5.599000000000000000e+03
1.050000000000000000e+06 5.548000000000000000e+03
1.060000000000000000e+06 5.612000000000000000e+03
1.070000000000000000e+06 5.679000000000000000e+03
1.080000000000000000e+06 5.876000000000000000e+03
1.090000000000000000e+06 5.860000000000000000e+03
1.100000000000000000e+06 5.940000000000000000e+03
1.110000000000000000e+06 5.876000000000000000e+03
1.120000000000000000e+06 6.041000000000000000e+03
1.130000000000000000e+06 5.917000000000000000e+03
1.140000000000000000e+06 6.019000000000000000e+03
1.150000000000000000e+06 6.101000000000000000e+03
1.160000000000000000e+06 6.100000000000000000e+03
1.170000000000000000e+06 5.891000000000000000e+03
1.180000000000000000e+06 6.143000000000000000e+03
1.190000000000000000e+06 5.999000000000000000e+03
1.200000000000000000e+06 6.011000000000000000e+03
1.210000000000000000e+06 6.068000000000000000e+03
1.220000000000000000e+06 5.916000000000000000e+03
1.230000000000000000e+06 6.071000000000000000e+03
1.240000000000000000e+06 5.935000000000000000e+03
1.250000000000000000e+06 6.212000000000000000e+03
1.260000000000000000e+06 6.095000000000000000e+03
1.270000000000000000e+06 5.907000000000000000e+03
1.280000000000000000e+06 5.894000000000000000e+03
1.290000000000000000e+06 5.873000000000000000e+03
1.300000000000000000e+06 5.872000000000000000e+03
1.310000000000000000e+06 5.746000000000000000e+03
1.320000000000000000e+06 5.576000000000000000e+03
1.330000000000000000e+06 5.538000000000000000e+03
1.340000000000000000e+06 5.525000000000000000e+03
1.350000000000000000e+06 5.329000000000000000e+03
1.360000000000000000e+06 5.275000000000000000e+03
1.370000000000000000e+06 5.186000000000000000e+03
1.380000000000000000e+06 5.125000000000000000e+03
1.390000000000000000e+06 5.145000000000000000e+03
1.400000000000000000e+06 4.849000000000000000e+03
1.410000000000000000e+06 4.867000000000000000e+03
1.420000000000000000e+06 4.780000000000000000e+03
1.430000000000000000e+06 4.492000000000000000e+03
1.440000000000000000e+06 4.305000000000000000e+03
1.450000000000000000e+06 4.216000000000000000e+03
1.460000000000000000e+06 3.912000000000000000e+03
1.470000000000000000e+06 3.785000000000000000e+03
1.480000000000000000e+06 3.565000000000000000e+03
1.490000000000000000e+06 3.396000000000000000e+03
1.500000000000000000e+06 3.279000000000000000e+03
1.510000000000000000e+06 3.141000000000000000e+03
1.520000000000000000e+06 3.029000000000000000e+03
1.530000000000000000e+06 2.913000000000000000e+03
1.540000000000000000e+06 2.625000000000000000e+03
1.550000000000000000e+06 2.516000000000000000e+03
1.560000000000000000e+06 2.331000000000000000e+03
1.570000000000000000e+06 2.109000000000000000e+03
1.580000000000000000e+06 2.072000000000000000e+03
1.590000000000000000e+06 1.837000000000000000e+03
1.600000000000000000e+06 1.755000000000000000e+03
1.610000000000000000e+06 1.666000000000000000e+03
1.620000000000000000e+06 1.593000000000000000e+03
1.630000000000000000e+06 1.480000000000000000e+03
1.640000000000000000e+06 1.468000000000000000e+03
1.650000000000000000e+06 1.370000000000000000e+03
1.660000000000000000e+06 1.282000000000000000e+03
1.670000000000000000e+06 1.212000000000000000e+03
1.680000000000000000e+06 1.319000000000000000e+03
1.690000000000000000e+06 1.296000000000000000e+03
1.700000000000000000e+06 1.186000000000000000e+03
1.710000000000000000e+06 1.316000000000000000e+03
1.720000000000000000e+06 1.306000000000000000e+03
1.730000000000000000e+06 1.297000000000000000e+03
1.740000000000000000e+06 1.417000000000000000e+03
1.750000000000000000e+06 1.520000000000000000e+03
1.760000000000000000e+06 1.573000000000000000e+03
1.770000000000000000e+06 1.606000000000000000e+03
1.780000000000000000e+06 1.671000000000000000e+03
1.790000000000000000e+06 1.934000000000000000e+03
1.800000000000000000e+06 1.952000000000000000e+03
1.810000000000000000e+06 2.183000000000000000e+03
1.820000000000000000e+06 2.190000000000000000e+03
1.830000000000000000e+06 2.366000000000000000e+03
1.840000000000000000e+06 2.563000000000000000e+03
1.850000000000000000e+06 2.744000000000000000e+03
1.860000000000000000e+06 2.817000000000000000e+03
1.870000000000000000e+06 3.001000000000000000e+03
1.880000000000000000e+06 3.187000000000000000e+03
1.890000000000000000e+06 3.423000000000000000e+03
1.900000000000000000e+06 3.445000000000000000e+03
1.910000000000000000e+06 3.689000000000000000e+03
1.920000000000000000e+06 4.007000000000000000e+03
1.930000000000000000e+06 4.171000000000000000e+03
1.940000000000000000e+06 4.282000000000000000e+03
1.950000000000000000e+06 4.459000000000000000e+03
1.960000000000000000e+06 4.493000000000000000e+03
1.970000000000000000e+06 4.740000000000000000e+03
1.980000000000000000e+06 4.788000000000000000e+03
1.990000000000000000e+06 4.913000000000000000e+03
