0.000000000000000000e+00 1.695000000000000000e+03
5.000000000000000000e+02 1.872000000000000000e+03
1.000000000000000000e+03 1.814000000000000000e+03
1.500000000000000000e+03 1.885000000000000000e+03
2.000000000000000000e+03 1.951000000000000000e+03
2.500000000000000000e+03 2.080000000000000000e+03
3.000000000000000000e+03 1.970000000000000000e+03
3.500000000000000000e+03 2.091000000000000000e+03
4.000000000000000000e+03 2.015000000000000000e+03
4.500000000000000000e+03 2.068000000000000000e+03
5.000000000000000000e+03 2.120000000000000000e+03
5.500000000000000000e+03 2.091000000000000000e+03
6.000000000000000000e+03 2.101000000000000000e+03
6.500000000000000000e+03 2.145000000000000000e+03
7.000000000000000000e+03 2.144000000000000000e+03
7.500000000000000000e+03 2.157000000000000000e+03
8.000000000000000000e+03 2.158000000000000000e+03
8.500000000000000000e+03 2.155000000000000000e+03
9.000000000000000000e+03 2.153000000000000000e+03
9.500000000000000000e+03 2.204000000000000000e+03
1.000000000000000000e+04 2.111000000000000000e+03
1.050000000000000000e+04 2.183000000000000000e+03
1.100000000000000000e+04 2.140000000000000000e+03
1.150000000000000000e+04 2.158000000000000000e+03
1.200000000000000000e+04 2.123000000000000000e+03
1.250000000000000000e+04 2.090000000000000000e+03
1.300000000000000000e+04 2.180000000000000000e+03
1.350000000000000000e+04 2.202000000000000000e+03
1.400000000000000000e+04 2.121000000000000000e+03
1.450000000000000000e+04 2.049000000000000000e+03
1.500000000000000000e+04 2.179000000000000000e+03
1.550000000000000000e+04 2.123000000000000000e+03
1.600000000000000000e+04 2.060000000000000000e+03
1.650000000000000000e+04 1.967000000000000000e+03
1.700000000000000000e+04 2.020000000000000000e+03
1.750000000000000000e+04 1.932000000000000000e+03
1.800000000000000000e+04 1.945000000000000000e+03
1.850000000000000000e+04 1.902000000000000000e+03
1.900000000000000000e+04 1.948000000000000000e+03
1.950000000000000000e+04 1.826000000000000000e+03
2.000000000000000000e+04 1.787000000000000000e+03
2.050000000000000000e+04 1.710000000000000000e+03
2.100000000000000000e+04 1.681000000000000000e+03
2.150000000000000000e+04 1.628000000000000000e+03
2.200000000000000000e+04 1.508000000000000000e+03
2.250000000000000000e+04 1.500000000000000000e+03
2.300000000000000000e+04 1.410000000000000000e+03
2.350000000000000000e+04 1.333000000000000000e+03
2.400000000000000000e+04 1.345000000000000000e+03
2.450000000000000000e+04 1.249000000000000000e+03
2.500000000000000000e+04 1.215000000000000000e+03
2.550000000000000000e+04 1.158000000000000000e+03
2.600000000000000000e+04 1.052000000000000000e+03
2.650000000000000000e+04 1.045000000000000000e+03
2.700000000000000000e+04 1.005000000000000000e+03
2.750000000000000000e+04 9.110000000000000000e+02
2.800000000000000000e+04 9.210000000000000000e+02
2.850000000000000000e+04 8.200000000000000000e+02
2.900000000000000000e+04 7.480000000000000000e+02
2.950000000000000000e+04 7.590000000000000000e+02
3.000000000000000000e+04 6.490000000000000000e+02
3.050000000000000000e+04 5.710000000000000000e+02
3.100000000000000000e+04 6.050000000000000000e+02
3.150000000000000000e+04 5.700000000000000000e+02
3.200000000000000000e+04 5.320000000000000000e+02
3.250000000000000000e+04 4.950000000000000000e+02
3.300000000000000000e+04 4.830000000000000000e+02
3.350000000000000000e+04 4.710000000000000000e+02
3.400000000000000000e+04 4.660000000000000000e+02
3.450000000000000000e+04 4.130000000000000000e+02
3.500000000000000000e+04 4.470000000000000000e+02
3.550000000000000000e+04 4.640000000000000000e+02
3.600000000000000000e+04 4.650000000000000000e+02
3.650000000000000000e+04 4.410000000000000000e+02
3.700000000000000000e+04 5.210000000000000000e+02
3.750000000000000000e+04 5.100000000000000000e+02
3.800000000000000000e+04 5.080000000000000000e+02
3.850000000000000000e+04 5.290000000000000000e+02
3.900000000000000000e+04 6.270000000000000000e+02
3.950000000000000000e+04 6.450000000000000000e+02
4.000000000000000000e+04 6.660000000000000000e+02
4.050000000000000000e+04 7.100000000000000000e+02
4.100000000000000000e+04 7.650000000000000000e+02
4.150000000000000000e+04 8.180000000000000000e+02
4.200000000000000000e+04 8.180000000000000000e+02
4.250000000000000000e+04 9.610000000000000000e+02
4.300000000000000000e+04 1.049000000000000000e+03
4.350000000000000000e+04 1.100000000000000000e+03
4.400000000000000000e+04 1.127000000000000000e+03
4.450000000000000000e+04 1.197000000000000000e+03
4.500000000000000000e+04 1.278000000000000000e+03
4.550000000000000000e+04 1.274000000000000000e+03
4.600000000000000000e+04 1.383000000000000000e+03
4.650000000000000000e+04 1.486000000000000000e+03
4.700000000000000000e+04 1.514000000000000000e+03
4.750000000000000000e+04 1.600000000000000000e+03
4.800000000000000000e+04 1.686000000000000000e+03
4.850000000000000000e+04 1.742000000000000000e+03
4.900000000000000000e+04 1.772000000000000000e+03
4.950000000000000000e+04 1.773000000000000000e+03
5.000000000000000000e+04 1.798000000000000000e+03
5.050000000000000000e+04 1.767000000000000000e+03
5.100000000000000000e+04 1.911000000000000000e+03
5.150000000000000000e+04 1.951000000000000000e+03
5.200000000000000000e+04 1.996000000000000000e+03
5.250000000000000000e+04 1.945000000000000000e+03
5.300000000000000000e+04 1.918000000000000000e+03
5.350000000000000000e+04 2.084000000000000000e+03
5.400000000000000000e+04 2.065000000000000000e+03
5.450000000000000000e+04 2.111000000000000000e+03
5.500000000000000000e+04 2.084000000000000000e+03
5.550000000000000000e+04 2.098000000000000000e+03
5.600000000000000000e+04 2.048000000000000000e+03
5.650000000000000000e+04 2.077000000000000000e+03
5.700000000000000000e+04 2.110000000000000000e+03
5.750000000000000000e+04 2.158000000000000000e+03
5.800000000000000000e+04 2.148000000000000000e+03
5.850000000000000000e+04 2.362000000000000000e+03
5.900000000000000000e+04 2.108000000000000000e+03
5.950000000000000000e+04 2.198000000000000000e+03
6.000000000000000000e+04 2.143000000000000000e+03
6.050000000000000000e+04 2.146000000000000000e+03
6.100000000000000000e+04 2.180000000000000000e+03
6.150000000000000000e+04 2.066000000000000000e+03
6.200000000000000000e+04 2.148000000000000000e+03
6.250000000000000000e+04 2.159000000000000000e+03
6.300000000000000000e+04 2.157000000000000000e+03
6.350000000000000000e+04 2.160000000000000000e+03
6.400000000000000000e+04 2.110000000000000000e+03
6.450000000000000000e+04 2.081000000000000000e+03
6.500000000000000000e+04 2.089000000000000000e+03
6.550000000000000000e+04 2.058000000000000000e+03
6.600000000000000000e+04 1.946000000000000000e+03
6.650000000000000000e+04 2.007000000000000000e+03
6.700000000000000000e+04 2.047000000000000000e+03
6.750000000000000000e+04 1.975000000000000000e+03
6.800000000000000000e+04 1.972000000000000000e+03
6.850000000000000000e+04 2.012000000000000000e+03
6.900000000000000000e+04 1.931000000000000000e+03
6.950000000000000000e+04 1.814000000000000000e+03
7.000000000000000000e+04 1.655000000000000000e+03
7.050000000000000000e+04 1.734000000000000000e+03
7.100000000000000000e+04 1.694000000000000000e+03
7.150000000000000000e+04 1.644000000000000000e+03
7.200000000000000000e+04 1.585000000000000000e+03
7.250000000000000000e+04 1.472000000000000000e+03
7.300000000000000000e+04 1.462000000000000000e+03
7.350000000000000000e+04 1.376000000000000000e+03
7.400000000000000000e+04 1.386000000000000000e+03
7.450000000000000000e+04 1.270000000000000000e+03
7.500000000000000000e+04 1.204000000000000000e+03
7.550000000000000000e+04 1.146000000000000000e+03
7.600000000000000000e+04 1.092000000000000000e+03
7.650000000000000000e+04 1.116000000000000000e+03
7.700000000000000000e+04 9.970000000000000000e+02
7.750000000000000000e+04 9.040000000000000000e+02
7.800000000000000000e+04 8.070000000000000000e+02
7.850000000000000000e+04 8.760000000000000000e+02
7.900000000000000000e+04 8.300000000000000000e+02
7.950000000000000000e+04 7.440000000000000000e+02
8.000000000000000000e+04 7.040000000000000000e+02
8.050000000000000000e+04 6.460000000000000000e+02
8.100000000000000000e+04 5.490000000000000000e+02
8.150000000000000000e+04 5.680000000000000000e+02
8.200000000000000000e+04 5.280000000000000000e+02
8.250000000000000000e+04 4.800000000000000000e+02
8.300000000000000000e+04 4.940000000000000000e+02
8.350000000000000000e+04 5.100000000000000000e+02
8.400000000000000000e+04 4.940000000000000000e+02
8.450000000000000000e+04 4.740000000000000000e+02
8.500000000000000000e+04 4.490000000000000000e+02
8.550000000000000000e+04 4.020000000000000000e+02
8.600000000000000000e+04 4.730000000000000000e+02
8.650000000000000000e+04 4.720000000000000000e+02
8.700000000000000000e+04 4.980000000000000000e+02
8.750000000000000000e+04 4.960000000000000000e+02
8.800000000000000000e+04 5.590000000000000000e+02
8.850000000000000000e+04 5.370000000000000000e+02
8.900000000000000000e+04 5.580000000000000000e+02
8.950000000000000000e+04 6.100000000000000000e+02
9.000000000000000000e+04 6.990000000000000000e+02
9.050000000000000000e+04 7.210000000000000000e+02
9.100000000000000000e+04 7.160000000000000000e+02
9.150000000000000000e+04 7.950000000000000000e+02
9.200000000000000000e+04 8.750000000000000000e+02
9.250000000000000000e+04 9.650000000000000000e+02
9.300000000000000000e+04 9.730000000000000000e+02
9.350000000000000000e+04 1.033000000000000000e+03
9.400000000000000000e+04 1.121000000000000000e+03
9.450000000000000000e+04 1.157000000000000000e+03
9.500000000000000000e+04 1.300000000000000000e+03
9.550000000000000000e+04 1.299000000000000000e+03
9.600000000000000000e+04 1.422000000000000000e+03
9.650000000000000000e+04 1.390000000000000000e+03
9.700000000000000000e+04 1.449000000000000000e+03
9.750000000000000000e+04 1.541000000000000000e+03
9.800000000000000000e+04 1.584000000000000000e+03
9.850000000000000000e+04 1.708000000000000000e+03
9.900000000000000000e+04 1.746000000000000000e+03
9.950000000000000000e+04 1.734000000000000000e+03
