0.000000000000000000e+00 2.252000000000000000e+03
1.667000000000000000e+03 2.202000000000000000e+03
3.334000000000000000e+03 2.296000000000000000e+03
5.001000000000000000e+03 2.267000000000000000e+03
6.668000000000000000e+03 2.397000000000000000e+03
8.335000000000000000e+03 2.476000000000000000e+03
1.000200000000000000e+04 2.466000000000000000e+03
1.166900000000000000e+04 2.442000000000000000e+03
1.333600000000000000e+04 2.528000000000000000e+03
1.500300000000000000e+04 2.523000000000000000e+03
1.667000000000000000e+04 2.526000000000000000e+03
1.833700000000000000e+04 2.594000000000000000e+03
2.000400000000000000e+04 2.621000000000000000e+03
2.167100000000000000e+04 2.580000000000000000e+03
2.333800000000000000e+04 2.620000000000000000e+03
2.500500000000000000e+04 2.656000000000000000e+03
2.667200000000000000e+04 2.699000000000000000e+03
2.833900000000000000e+04 2.641000000000000000e+03
3.000600000000000000e+04 2.620000000000000000e+03
3.167300000000000000e+04 2.646000000000000000e+03
3.334000000000000000e+04 2.714000000000000000e+03
3.500700000000000000e+04 2.766000000000000000e+03
3.667400000000000000e+04 2.625000000000000000e+03
3.834100000000000000e+04 2.732000000000000000e+03
4.000800000000000000e+04 2.616000000000000000e+03
4.167500000000000000e+04 2.628000000000000000e+03
4.334200000000000000e+04 2.539000000000000000e+03
4.500900000000000000e+04 2.615000000000000000e+03
4.667600000000000000e+04 2.539000000000000000e+03
4.834300000000000000e+04 2.551000000000000000e+03
5.001000000000000000e+04 2.543000000000000000e+03
5.167700000000000000e+04 2.615000000000000000e+03
5.334400000000000000e+04 2.410000000000000000e+03
5.501100000000000000e+04 2.434000000000000000e+03
5.667800000000000000e+04 2.439000000000000000e+03
5.834500000000000000e+04 2.360000000000000000e+03
6.001200000000000000e+04 2.354000000000000000e+03
6.167900000000000000e+04 2.320000000000000000e+03
6.334600000000000000e+04 2.216000000000000000e+03
6.501300000000000000e+04 2.214000000000000000e+03
6.668000000000000000e+04 2.182000000000000000e+03
6.834700000000000000e+04 1.998000000000000000e+03
7.001400000000000000e+04 2.057000000000000000e+03
7.168100000000000000e+04 1.998000000000000000e+03
7.334800000000000000e+04 1.903000000000000000e+03
7.501500000000000000e+04 1.844000000000000000e+03
7.668200000000000000e+04 1.763000000000000000e+03
7.834900000000000000e+04 1.647000000000000000e+03
8.001600000000000000e+04 1.590000000000000000e+03
8.168300000000000000e+04 1.574000000000000000e+03
8.335000000000000000e+04 1.462000000000000000e+03
8.501700000000000000e+04 1.393000000000000000e+03
8.668400000000000000e+04 1.292000000000000000e+03
8.835100000000000000e+04 1.206000000000000000e+03
9.001800000000000000e+04 1.164000000000000000e+03
9.168500000000000000e+04 1.105000000000000000e+03
9.335200000000000000e+04 1.083000000000000000e+03
9.501900000000000000e+04 9.160000000000000000e+02
9.668600000000000000e+04 9.140000000000000000e+02
9.835300000000000000e+04 8.470000000000000000e+02
1.000200000000000000e+05 8.160000000000000000e+02
1.016870000000000000e+05 7.770000000000000000e+02
1.033540000000000000e+05 6.850000000000000000e+02
1.050210000000000000e+05 7.090000000000000000e+02
1.066880000000000000e+05 6.590000000000000000e+02
1.083550000000000000e+05 6.460000000000000000e+02
1.100220000000000000e+05 5.800000000000000000e+02
1.116890000000000000e+05 5.450000000000000000e+02
1.133560000000000000e+05 5.740000000000000000e+02
1.150230000000000000e+05 6.010000000000000000e+02
1.166900000000000000e+05 5.430000000000000000e+02
1.183570000000000000e+05 5.390000000000000000e+02
1.200240000000000000e+05 5.840000000000000000e+02
1.216910000000000000e+05 5.270000000000000000e+02
1.233580000000000000e+05 6.400000000000000000e+02
1.250250000000000000e+05 6.420000000000000000e+02
1.266920000000000000e+05 6.570000000000000000e+02
1.283590000000000000e+05 6.980000000000000000e+02
1.300260000000000000e+05 7.930000000000000000e+02
1.316930000000000000e+05 7.520000000000000000e+02
1.333600000000000000e+05 8.690000000000000000e+02
1.350270000000000000e+05 8.820000000000000000e+02
1.366940000000000000e+05 9.600000000000000000e+02
1.383610000000000000e+05 1.015000000000000000e+03
1.400280000000000000e+05 1.085000000000000000e+03
1.416950000000000000e+05 1.187000000000000000e+03
1.433620000000000000e+05 1.243000000000000000e+03
1.450290000000000000e+05 1.369000000000000000e+03
1.466960000000000000e+05 1.374000000000000000e+03
1.483630000000000000e+05 1.470000000000000000e+03
1.500300000000000000e+05 1.606000000000000000e+03
1.516970000000000000e+05 1.632000000000000000e+03
1.533640000000000000e+05 1.640000000000000000e+03
1.550310000000000000e+05 1.747000000000000000e+03
1.566980000000000000e+05 1.804000000000000000e+03
1.583650000000000000e+05 1.942000000000000000e+03
1.600320000000000000e+05 1.926000000000000000e+03
1.616990000000000000e+05 2.005000000000000000e+03
1.633660000000000000e+05 2.112000000000000000e+03
1.650330000000000000e+05 2.188000000000000000e+03
1.667000000000000000e+05 2.205000000000000000e+03
1.683670000000000000e+05 2.268000000000000000e+03
1.700340000000000000e+05 2.351000000000000000e+03
1.717010000000000000e+05 2.309000000000000000e+03
1.733680000000000000e+05 2.380000000000000000e+03
1.750350000000000000e+05 2.486000000000000000e+03
1.767020000000000000e+05 2.587000000000000000e+03
1.783690000000000000e+05 2.374000000000000000e+03
1.800360000000000000e+05 2.418000000000000000e+03
1.817030000000000000e+05 2.561000000000000000e+03
1.833700000000000000e+05 2.548000000000000000e+03
1.850370000000000000e+05 2.586000000000000000e+03
1.867040000000000000e+05 2.492000000000000000e+03
1.883710000000000000e+05 2.607000000000000000e+03
1.900380000000000000e+05 2.535000000000000000e+03
1.917050000000000000e+05 2.682000000000000000e+03
1.933720000000000000e+05 2.677000000000000000e+03
1.950390000000000000e+05 2.573000000000000000e+03
1.967060000000000000e+05 2.626000000000000000e+03
1.983730000000000000e+05 2.686000000000000000e+03
2.000400000000000000e+05 2.683000000000000000e+03
2.017070000000000000e+05 2.757000000000000000e+03
2.033740000000000000e+05 2.698000000000000000e+03
2.050410000000000000e+05 2.631000000000000000e+03
2.067080000000000000e+05 2.618000000000000000e+03
2.083750000000000000e+05 2.566000000000000000e+03
2.100420000000000000e+05 2.593000000000000000e+03
2.117090000000000000e+05 2.579000000000000000e+03
2.133760000000000000e+05 2.483000000000000000e+03
2.150430000000000000e+05 2.538000000000000000e+03
2.167100000000000000e+05 2.402000000000000000e+03
2.183770000000000000e+05 2.545000000000000000e+03
2.200440000000000000e+05 2.474000000000000000e+03
2.217110000000000000e+05 2.439000000000000000e+03
2.233780000000000000e+05 2.484000000000000000e+03
2.250450000000000000e+05 2.317000000000000000e+03
2.267120000000000000e+05 2.347000000000000000e+03
2.283790000000000000e+05 2.362000000000000000e+03
2.300460000000000000e+05 2.232000000000000000e+03
2.317130000000000000e+05 2.185000000000000000e+03
2.333800000000000000e+05 2.163000000000000000e+03
2.350470000000000000e+05 2.162000000000000000e+03
2.367140000000000000e+05 2.112000000000000000e+03
2.383810000000000000e+05 1.944000000000000000e+03
2.400480000000000000e+05 1.845000000000000000e+03
2.417150000000000000e+05 1.797000000000000000e+03
2.433820000000000000e+05 1.711000000000000000e+03
2.450490000000000000e+05 1.717000000000000000e+03
2.467160000000000000e+05 1.630000000000000000e+03
2.483830000000000000e+05 1.512000000000000000e+03
2.500500000000000000e+05 1.488000000000000000e+03
2.517170000000000000e+05 1.339000000000000000e+03
2.533840000000000000e+05 1.339000000000000000e+03
2.550510000000000000e+05 1.287000000000000000e+03
2.567180000000000000e+05 1.129000000000000000e+03
2.583850000000000000e+05 1.141000000000000000e+03
2.600520000000000000e+05 1.006000000000000000e+03
2.617190000000000000e+05 9.200000000000000000e+02
2.633860000000000000e+05 9.330000000000000000e+02
2.650530000000000000e+05 8.410000000000000000e+02
2.667200000000000000e+05 7.420000000000000000e+02
2.683870000000000000e+05 7.700000000000000000e+02
2.700540000000000000e+05 7.140000000000000000e+02
2.717210000000000000e+05 6.660000000000000000e+02
2.733880000000000000e+05 5.960000000000000000e+02
2.750550000000000000e+05 6.150000000000000000e+02
2.767220000000000000e+05 6.210000000000000000e+02
2.783890000000000000e+05 6.280000000000000000e+02
2.800560000000000000e+05 5.460000000000000000e+02
2.817230000000000000e+05 5.520000000000000000e+02
2.833900000000000000e+05 5.300000000000000000e+02
2.850570000000000000e+05 5.880000000000000000e+02
2.867240000000000000e+05 6.000000000000000000e+02
2.883910000000000000e+05 6.390000000000000000e+02
2.900580000000000000e+05 6.130000000000000000e+02
2.917250000000000000e+05 6.680000000000000000e+02
2.933920000000000000e+05 6.400000000000000000e+02
2.950590000000000000e+05 6.850000000000000000e+02
2.967260000000000000e+05 7.990000000000000000e+02
2.983930000000000000e+05 7.820000000000000000e+02
3.000600000000000000e+05 8.460000000000000000e+02
3.017270000000000000e+05 8.890000000000000000e+02
3.033940000000000000e+05 1.009000000000000000e+03
3.050610000000000000e+05 9.950000000000000000e+02
3.067280000000000000e+05 1.145000000000000000e+03
3.083950000000000000e+05 1.228000000000000000e+03
3.100620000000000000e+05 1.337000000000000000e+03
3.117290000000000000e+05 1.341000000000000000e+03
3.133960000000000000e+05 1.359000000000000000e+03
3.150630000000000000e+05 1.431000000000000000e+03
3.167300000000000000e+05 1.513000000000000000e+03
3.183970000000000000e+05 1.598000000000000000e+03
3.200640000000000000e+05 1.691000000000000000e+03
3.217310000000000000e+05 1.773000000000000000e+03
3.233980000000000000e+05 1.829000000000000000e+03
3.250650000000000000e+05 1.799000000000000000e+03
3.267320000000000000e+05 2.001000000000000000e+03
3.283990000000000000e+05 2.028000000000000000e+03
3.300660000000000000e+05 2.138000000000000000e+03
