0.000000000000000000e+00 5.689000000000000000e+04
3.333000000000000000e+03 5.898900000000000000e+04
6.666000000000000000e+03 6.136200000000000000e+04
9.999000000000000000e+03 6.271300000000000000e+04
1.333200000000000000e+04 6.532100000000000000e+04
1.666500000000000000e+04 6.679800000000000000e+04
1.999800000000000000e+04 6.838000000000000000e+04
2.333100000000000000e+04 6.967900000000000000e+04
2.666400000000000000e+04 7.138800000000000000e+04
2.999700000000000000e+04 7.214300000000000000e+04
3.333000000000000000e+04 7.287100000000000000e+04
3.666300000000000000e+04 7.375700000000000000e+04
3.999600000000000000e+04 7.474400000000000000e+04
4.332900000000000000e+04 7.527400000000000000e+04
4.666200000000000000e+04 7.637700000000000000e+04
4.999500000000000000e+04 7.633100000000000000e+04
5.332800000000000000e+04 7.718500000000000000e+04
5.666100000000000000e+04 7.758800000000000000e+04
5.999400000000000000e+04 7.786100000000000000e+04
6.332700000000000000e+04 7.815100000000000000e+04
6.666000000000000000e+04 7.718300000000000000e+04
6.999300000000000000e+04 7.704600000000000000e+04
7.332600000000000000e+04 7.706800000000000000e+04
7.665900000000000000e+04 7.685500000000000000e+04
7.999200000000000000e+04 7.660000000000000000e+04
8.332500000000000000e+04 7.534500000000000000e+04
8.665800000000000000e+04 7.509100000000000000e+04
8.999100000000000000e+04 7.445900000000000000e+04
9.332400000000000000e+04 7.309100000000000000e+04
9.665700000000000000e+04 7.294700000000000000e+04
9.999000000000000000e+04 7.101800000000000000e+04
1.033230000000000000e+05 7.003500000000000000e+04
1.066560000000000000e+05 6.881400000000000000e+04
1.099890000000000000e+05 6.740200000000000000e+04
1.133220000000000000e+05 6.539200000000000000e+04
1.166550000000000000e+05 6.404400000000000000e+04
1.199880000000000000e+05 6.171600000000000000e+04
1.233210000000000000e+05 6.019500000000000000e+04
1.266540000000000000e+05 5.788300000000000000e+04
1.299870000000000000e+05 5.608600000000000000e+04
1.333200000000000000e+05 5.380900000000000000e+04
1.366530000000000000e+05 5.124200000000000000e+04
1.399860000000000000e+05 4.893000000000000000e+04
1.433190000000000000e+05 4.660700000000000000e+04
1.466520000000000000e+05 4.422600000000000000e+04
1.499850000000000000e+05 4.113400000000000000e+04
1.533180000000000000e+05 3.929800000000000000e+04
1.566510000000000000e+05 3.660100000000000000e+04
1.599840000000000000e+05 3.395000000000000000e+04
1.633170000000000000e+05 3.175200000000000000e+04
1.666500000000000000e+05 2.938600000000000000e+04
1.699830000000000000e+05 2.739300000000000000e+04
1.733160000000000000e+05 2.537300000000000000e+04
1.766490000000000000e+05 2.289100000000000000e+04
1.799820000000000000e+05 2.121600000000000000e+04
1.833150000000000000e+05 1.917300000000000000e+04
1.866480000000000000e+05 1.798700000000000000e+04
1.899810000000000000e+05 1.630000000000000000e+04
1.933140000000000000e+05 1.488300000000000000e+04
1.966470000000000000e+05 1.363100000000000000e+04
1.999800000000000000e+05 1.245500000000000000e+04
2.033130000000000000e+05 1.158800000000000000e+04
2.066460000000000000e+05 1.072100000000000000e+04
2.099790000000000000e+05 9.977000000000000000e+03
2.133120000000000000e+05 9.424000000000000000e+03
2.166450000000000000e+05 8.940000000000000000e+03
2.199780000000000000e+05 8.584000000000000000e+03
2.233110000000000000e+05 8.384000000000000000e+03
2.266440000000000000e+05 8.134000000000000000e+03
2.299770000000000000e+05 8.203000000000000000e+03
2.333100000000000000e+05 8.000000000000000000e+03
2.366430000000000000e+05 8.256000000000000000e+03
2.399760000000000000e+05 8.580000000000000000e+03
2.433090000000000000e+05 8.983000000000000000e+03
2.466420000000000000e+05 9.266000000000000000e+03
2.499750000000000000e+05 9.572000000000000000e+03
2.533080000000000000e+05 1.053900000000000000e+04
2.566410000000000000e+05 1.120000000000000000e+04
2.599740000000000000e+05 1.215100000000000000e+04
2.633070000000000000e+05 1.326100000000000000e+04
2.666400000000000000e+05 1.456900000000000000e+04
2.699730000000000000e+05 1.563700000000000000e+04
2.733060000000000000e+05 1.687000000000000000e+04
2.766390000000000000e+05 1.859700000000000000e+04
2.799720000000000000e+05 2.029200000000000000e+04
2.833050000000000000e+05 2.218200000000000000e+04
2.866380000000000000e+05 2.420300000000000000e+04
2.899710000000000000e+05 2.655800000000000000e+04
2.933040000000000000e+05 2.855300000000000000e+04
2.966370000000000000e+05 3.083600000000000000e+04
2.999700000000000000e+05 3.310100000000000000e+04
3.033030000000000000e+05 3.552700000000000000e+04
3.066360000000000000e+05 3.813200000000000000e+04
3.099690000000000000e+05 4.039700000000000000e+04
3.133020000000000000e+05 4.312500000000000000e+04
3.166350000000000000e+05 4.503600000000000000e+04
3.199680000000000000e+05 4.806800000000000000e+04
3.233010000000000000e+05 5.043300000000000000e+04
3.266340000000000000e+05 5.238200000000000000e+04
3.299670000000000000e+05 5.519800000000000000e+04
3.333000000000000000e+05 5.746200000000000000e+04
3.366330000000000000e+05 5.942300000000000000e+04
3.399660000000000000e+05 6.131700000000000000e+04
3.432990000000000000e+05 6.326900000000000000e+04
3.466320000000000000e+05 6.502400000000000000e+04
3.499650000000000000e+05 6.670100000000000000e+04
3.532980000000000000e+05 6.841400000000000000e+04
3.566310000000000000e+05 7.033300000000000000e+04
3.599640000000000000e+05 7.036800000000000000e+04
3.632970000000000000e+05 7.206700000000000000e+04
3.666300000000000000e+05 7.347700000000000000e+04
3.699630000000000000e+05 7.424900000000000000e+04
3.732960000000000000e+05 7.520900000000000000e+04
3.766290000000000000e+05 7.568800000000000000e+04
3.799620000000000000e+05 7.637000000000000000e+04
3.832950000000000000e+05 7.698200000000000000e+04
3.866280000000000000e+05 7.691600000000000000e+04
3.899610000000000000e+05 7.773600000000000000e+04
3.932940000000000000e+05 7.727100000000000000e+04
3.966270000000000000e+05 7.813100000000000000e+04
3.999600000000000000e+05 7.753200000000000000e+04
4.032930000000000000e+05 7.742500000000000000e+04
4.066260000000000000e+05 7.735800000000000000e+04
4.099590000000000000e+05 7.668800000000000000e+04
4.132920000000000000e+05 7.650500000000000000e+04
4.166250000000000000e+05 7.505400000000000000e+04
4.199580000000000000e+05 7.540500000000000000e+04
4.232910000000000000e+05 7.435000000000000000e+04
4.266240000000000000e+05 7.386400000000000000e+04
4.299570000000000000e+05 7.328100000000000000e+04
4.332900000000000000e+05 7.147800000000000000e+04
4.366230000000000000e+05 7.012700000000000000e+04
4.399560000000000000e+05 6.889800000000000000e+04
4.432890000000000000e+05 6.745100000000000000e+04
4.466220000000000000e+05 6.599800000000000000e+04
4.499550000000000000e+05 6.369200000000000000e+04
4.532880000000000000e+05 6.190900000000000000e+04
4.566210000000000000e+05 6.081600000000000000e+04
4.599540000000000000e+05 5.803600000000000000e+04
4.632870000000000000e+05 5.644300000000000000e+04
4.666200000000000000e+05 5.386700000000000000e+04
4.699530000000000000e+05 5.130800000000000000e+04
4.732860000000000000e+05 4.939600000000000000e+04
4.766190000000000000e+05 4.664200000000000000e+04
4.799520000000000000e+05 4.444400000000000000e+04
4.832850000000000000e+05 4.157200000000000000e+04
4.866180000000000000e+05 3.929100000000000000e+04
4.899510000000000000e+05 3.665300000000000000e+04
4.932840000000000000e+05 3.460000000000000000e+04
4.966170000000000000e+05 3.193700000000000000e+04
4.999500000000000000e+05 2.939800000000000000e+04
5.032830000000000000e+05 2.748400000000000000e+04
5.066160000000000000e+05 2.525200000000000000e+04
5.099490000000000000e+05 2.314000000000000000e+04
5.132820000000000000e+05 2.121900000000000000e+04
5.166150000000000000e+05 1.919300000000000000e+04
5.199480000000000000e+05 1.783600000000000000e+04
5.232810000000000000e+05 1.649700000000000000e+04
5.266140000000000000e+05 1.522900000000000000e+04
5.299470000000000000e+05 1.369500000000000000e+04
5.332800000000000000e+05 1.243200000000000000e+04
5.366130000000000000e+05 1.164200000000000000e+04
5.399460000000000000e+05 1.073300000000000000e+04
5.432790000000000000e+05 9.861000000000000000e+03
5.466120000000000000e+05 9.545000000000000000e+03
5.499450000000000000e+05 8.943000000000000000e+03
5.532780000000000000e+05 8.511000000000000000e+03
5.566110000000000000e+05 8.351000000000000000e+03
5.599440000000000000e+05 8.198000000000000000e+03
5.632770000000000000e+05 8.223000000000000000e+03
5.666100000000000000e+05 8.109000000000000000e+03
5.699430000000000000e+05 8.178000000000000000e+03
5.732760000000000000e+05 8.553000000000000000e+03
5.766090000000000000e+05 8.981000000000000000e+03
5.799420000000000000e+05 9.140000000000000000e+03
5.832750000000000000e+05 9.987000000000000000e+03
5.866080000000000000e+05 1.036900000000000000e+04
5.899410000000000000e+05 1.127600000000000000e+04
5.932740000000000000e+05 1.204900000000000000e+04
5.966070000000000000e+05 1.310200000000000000e+04
5.999400000000000000e+05 1.435000000000000000e+04
6.032730000000000000e+05 1.583600000000000000e+04
6.066060000000000000e+05 1.696800000000000000e+04
6.099390000000000000e+05 1.884800000000000000e+04
6.132720000000000000e+05 2.037400000000000000e+04
6.166050000000000000e+05 2.224100000000000000e+04
6.199380000000000000e+05 2.411700000000000000e+04
6.232710000000000000e+05 2.636800000000000000e+04
6.266040000000000000e+05 2.843100000000000000e+04
6.299370000000000000e+05 3.069300000000000000e+04
6.332700000000000000e+05 3.314100000000000000e+04
6.366030000000000000e+05 3.553200000000000000e+04
6.399360000000000000e+05 3.807200000000000000e+04
6.432690000000000000e+05 4.048900000000000000e+04
6.466020000000000000e+05 4.316800000000000000e+04
6.499350000000000000e+05 4.546600000000000000e+04
6.532680000000000000e+05 4.756800000000000000e+04
6.566010000000000000e+05 5.054200000000000000e+04
6.599340000000000000e+05 5.288800000000000000e+04
6.632670000000000000e+05 5.465200000000000000e+04
