0.000000000000000000e+00 3.194200000000000000e+04
3.300000000000000000e+01 3.350200000000000000e+04
6.600000000000000000e+01 3.453500000000000000e+04
9.900000000000000000e+01 3.553500000000000000e+04
1.320000000000000000e+02 3.654800000000000000e+04
1.650000000000000000e+02 3.708500000000000000e+04
1.980000000000000000e+02 3.858000000000000000e+04
2.310000000000000000e+02 3.903000000000000000e+04
2.640000000000000000e+02 3.987400000000000000e+04
2.970000000000000000e+02 4.038300000000000000e+04
3.300000000000000000e+02 4.081400000000000000e+04
3.630000000000000000e+02 4.152700000000000000e+04
3.960000000000000000e+02 4.205400000000000000e+04
4.290000000000000000e+02 4.244800000000000000e+04
4.620000000000000000e+02 4.297200000000000000e+04
4.950000000000000000e+02 4.327500000000000000e+04
5.280000000000000000e+02 4.368400000000000000e+04
5.610000000000000000e+02 4.329800000000000000e+04
5.940000000000000000e+02 4.372500000000000000e+04
6.270000000000000000e+02 4.353500000000000000e+04
6.600000000000000000e+02 4.343300000000000000e+04
6.930000000000000000e+02 4.389400000000000000e+04
7.260000000000000000e+02 4.341000000000000000e+04
7.590000000000000000e+02 4.372100000000000000e+04
7.920000000000000000e+02 4.309300000000000000e+04
8.250000000000000000e+02 4.269200000000000000e+04
8.580000000000000000e+02 4.263600000000000000e+04
8.910000000000000000e+02 4.177600000000000000e+04
9.240000000000000000e+02 4.191100000000000000e+04
9.570000000000000000e+02 4.092400000000000000e+04
9.900000000000000000e+02 4.088400000000000000e+04
1.023000000000000000e+03 4.022200000000000000e+04
1.056000000000000000e+03 3.919000000000000000e+04
1.089000000000000000e+03 3.807500000000000000e+04
1.122000000000000000e+03 3.760100000000000000e+04
1.155000000000000000e+03 3.667600000000000000e+04
1.188000000000000000e+03 3.518900000000000000e+04
1.221000000000000000e+03 3.414900000000000000e+04
1.254000000000000000e+03 3.355400000000000000e+04
1.287000000000000000e+03 3.195200000000000000e+04
1.320000000000000000e+03 3.081400000000000000e+04
1.353000000000000000e+03 2.946700000000000000e+04
1.386000000000000000e+03 2.824800000000000000e+04
1.419000000000000000e+03 2.668200000000000000e+04
1.452000000000000000e+03 2.540300000000000000e+04
1.485000000000000000e+03 2.393800000000000000e+04
1.518000000000000000e+03 2.261600000000000000e+04
1.551000000000000000e+03 2.117800000000000000e+04
1.584000000000000000e+03 1.984700000000000000e+04
1.617000000000000000e+03 1.833600000000000000e+04
1.650000000000000000e+03 1.699800000000000000e+04
1.683000000000000000e+03 1.562500000000000000e+04
1.716000000000000000e+03 1.452600000000000000e+04
1.749000000000000000e+03 1.348300000000000000e+04
1.782000000000000000e+03 1.241200000000000000e+04
1.815000000000000000e+03 1.134900000000000000e+04
1.848000000000000000e+03 1.042000000000000000e+04
1.881000000000000000e+03 9.638000000000000000e+03
1.914000000000000000e+03 8.750000000000000000e+03
1.947000000000000000e+03 7.984000000000000000e+03
1.980000000000000000e+03 7.355000000000000000e+03
2.013000000000000000e+03 6.747000000000000000e+03
2.046000000000000000e+03 6.152000000000000000e+03
2.079000000000000000e+03 5.833000000000000000e+03
2.112000000000000000e+03 5.464000000000000000e+03
2.145000000000000000e+03 5.193000000000000000e+03
2.178000000000000000e+03 4.956000000000000000e+03
2.211000000000000000e+03 4.757000000000000000e+03
2.244000000000000000e+03 4.604000000000000000e+03
2.277000000000000000e+03 4.424000000000000000e+03
2.310000000000000000e+03 4.527000000000000000e+03
2.343000000000000000e+03 4.583000000000000000e+03
2.376000000000000000e+03 4.643000000000000000e+03
2.409000000000000000e+03 4.620000000000000000e+03
2.442000000000000000e+03 4.901000000000000000e+03
2.475000000000000000e+03 5.099000000000000000e+03
2.508000000000000000e+03 5.526000000000000000e+03
2.541000000000000000e+03 5.981000000000000000e+03
2.574000000000000000e+03 6.243000000000000000e+03
2.607000000000000000e+03 6.870000000000000000e+03
2.640000000000000000e+03 7.462000000000000000e+03
2.673000000000000000e+03 8.171000000000000000e+03
2.706000000000000000e+03 8.898000000000000000e+03
2.739000000000000000e+03 9.800000000000000000e+03
2.772000000000000000e+03 1.050400000000000000e+04
2.805000000000000000e+03 1.143900000000000000e+04
2.838000000000000000e+03 1.289500000000000000e+04
2.871000000000000000e+03 1.377900000000000000e+04
2.904000000000000000e+03 1.492600000000000000e+04
2.937000000000000000e+03 1.618700000000000000e+04
2.970000000000000000e+03 1.745100000000000000e+04
3.003000000000000000e+03 1.883600000000000000e+04
3.036000000000000000e+03 2.030000000000000000e+04
3.069000000000000000e+03 2.151100000000000000e+04
3.102000000000000000e+03 2.294700000000000000e+04
3.135000000000000000e+03 2.428100000000000000e+04
3.168000000000000000e+03 2.577200000000000000e+04
3.201000000000000000e+03 2.680700000000000000e+04
3.234000000000000000e+03 2.856600000000000000e+04
3.267000000000000000e+03 2.985500000000000000e+04
3.300000000000000000e+03 3.087200000000000000e+04
3.333000000000000000e+03 3.230900000000000000e+04
3.366000000000000000e+03 3.331100000000000000e+04
3.399000000000000000e+03 3.468500000000000000e+04
3.432000000000000000e+03 3.548300000000000000e+04
3.465000000000000000e+03 3.681700000000000000e+04
3.498000000000000000e+03 3.713700000000000000e+04
3.531000000000000000e+03 3.842800000000000000e+04
3.564000000000000000e+03 3.939800000000000000e+04
3.597000000000000000e+03 4.012900000000000000e+04
3.630000000000000000e+03 4.029400000000000000e+04
3.663000000000000000e+03 4.108400000000000000e+04
3.696000000000000000e+03 4.148800000000000000e+04
3.729000000000000000e+03 4.210300000000000000e+04
3.762000000000000000e+03 4.286600000000000000e+04
3.795000000000000000e+03 4.321400000000000000e+04
3.828000000000000000e+03 4.308600000000000000e+04
3.861000000000000000e+03 4.353500000000000000e+04
3.894000000000000000e+03 4.367000000000000000e+04
3.927000000000000000e+03 4.353600000000000000e+04
3.960000000000000000e+03 4.368900000000000000e+04
3.993000000000000000e+03 4.373300000000000000e+04
4.026000000000000000e+03 4.361300000000000000e+04
4.059000000000000000e+03 4.381400000000000000e+04
4.092000000000000000e+03 4.342000000000000000e+04
4.125000000000000000e+03 4.344900000000000000e+04
4.158000000000000000e+03 4.262000000000000000e+04
4.191000000000000000e+03 4.272000000000000000e+04
4.224000000000000000e+03 4.201400000000000000e+04
4.257000000000000000e+03 4.176700000000000000e+04
4.290000000000000000e+03 4.141000000000000000e+04
4.323000000000000000e+03 4.080500000000000000e+04
4.356000000000000000e+03 3.988800000000000000e+04
4.389000000000000000e+03 3.896100000000000000e+04
4.422000000000000000e+03 3.812000000000000000e+04
4.455000000000000000e+03 3.723600000000000000e+04
4.488000000000000000e+03 3.658500000000000000e+04
4.521000000000000000e+03 3.541700000000000000e+04
4.554000000000000000e+03 3.399400000000000000e+04
4.587000000000000000e+03 3.331700000000000000e+04
4.620000000000000000e+03 3.213200000000000000e+04
4.653000000000000000e+03 3.060800000000000000e+04
4.686000000000000000e+03 2.941000000000000000e+04
4.719000000000000000e+03 2.821500000000000000e+04
4.752000000000000000e+03 2.634200000000000000e+04
4.785000000000000000e+03 2.507700000000000000e+04
4.818000000000000000e+03 2.412800000000000000e+04
4.851000000000000000e+03 2.225700000000000000e+04
4.884000000000000000e+03 2.134300000000000000e+04
4.917000000000000000e+03 1.995600000000000000e+04
4.950000000000000000e+03 1.844300000000000000e+04
4.983000000000000000e+03 1.715900000000000000e+04
5.016000000000000000e+03 1.566500000000000000e+04
5.049000000000000000e+03 1.441800000000000000e+04
5.082000000000000000e+03 1.338800000000000000e+04
5.115000000000000000e+03 1.230600000000000000e+04
5.148000000000000000e+03 1.124000000000000000e+04
5.181000000000000000e+03 1.037800000000000000e+04
5.214000000000000000e+03 9.514000000000000000e+03
5.247000000000000000e+03 8.866000000000000000e+03
5.280000000000000000e+03 8.157000000000000000e+03
5.313000000000000000e+03 7.358000000000000000e+03
5.346000000000000000e+03 6.864000000000000000e+03
5.379000000000000000e+03 6.335000000000000000e+03
5.412000000000000000e+03 5.728000000000000000e+03
5.445000000000000000e+03 5.571000000000000000e+03
5.478000000000000000e+03 5.288000000000000000e+03
5.511000000000000000e+03 4.938000000000000000e+03
5.544000000000000000e+03 4.866000000000000000e+03
5.577000000000000000e+03 4.607000000000000000e+03
5.610000000000000000e+03 4.593000000000000000e+03
5.643000000000000000e+03 4.518000000000000000e+03
5.676000000000000000e+03 4.481000000000000000e+03
5.709000000000000000e+03 4.667000000000000000e+03
5.742000000000000000e+03 4.773000000000000000e+03
5.775000000000000000e+03 5.004000000000000000e+03
5.808000000000000000e+03 5.312000000000000000e+03
5.841000000000000000e+03 5.638000000000000000e+03
5.874000000000000000e+03 5.882000000000000000e+03
5.907000000000000000e+03 6.520000000000000000e+03
5.940000000000000000e+03 6.983000000000000000e+03
5.973000000000000000e+03 7.704000000000000000e+03
6.006000000000000000e+03 8.223000000000000000e+03
6.039000000000000000e+03 8.728000000000000000e+03
6.072000000000000000e+03 9.700000000000000000e+03
6.105000000000000000e+03 1.069300000000000000e+04
6.138000000000000000e+03 1.168500000000000000e+04
6.171000000000000000e+03 1.280800000000000000e+04
6.204000000000000000e+03 1.378300000000000000e+04
6.237000000000000000e+03 1.473000000000000000e+04
6.270000000000000000e+03 1.614800000000000000e+04
6.303000000000000000e+03 1.761400000000000000e+04
6.336000000000000000e+03 1.883400000000000000e+04
6.369000000000000000e+03 2.013200000000000000e+04
6.402000000000000000e+03 2.162800000000000000e+04
6.435000000000000000e+03 2.278500000000000000e+04
6.468000000000000000e+03 2.465700000000000000e+04
6.501000000000000000e+03 2.588800000000000000e+04
6.534000000000000000e+03 2.745100000000000000e+04
6.567000000000000000e+03 2.872700000000000000e+04
6.600000000000000000e+03 2.994500000000000000e+04
6.633000000000000000e+03 3.100900000000000000e+04
