0.000000000000000000e+00 7.931200000000000000e+04
1.000000000000000000e+04 8.656400000000000000e+04
2.000000000000000000e+04 8.927200000000000000e+04
3.000000000000000000e+04 9.233200000000000000e+04
4.000000000000000000e+04 9.473400000000000000e+04
5.000000000000000000e+04 9.668800000000000000e+04
6.000000000000000000e+04 9.979800000000000000e+04
7.000000000000000000e+04 1.015870000000000000e+05
8.000000000000000000e+04 1.029670000000000000e+05
9.000000000000000000e+04 1.047640000000000000e+05
1.000000000000000000e+05 1.060920000000000000e+05
1.100000000000000000e+05 1.078520000000000000e+05
1.200000000000000000e+05 1.088580000000000000e+05
1.300000000000000000e+05 1.104040000000000000e+05
1.400000000000000000e+05 1.114760000000000000e+05
1.500000000000000000e+05 1.121890000000000000e+05
1.600000000000000000e+05 1.121710000000000000e+05
1.700000000000000000e+05 1.125420000000000000e+05
1.800000000000000000e+05 1.127040000000000000e+05
1.900000000000000000e+05 1.135900000000000000e+05
2.000000000000000000e+05 1.131810000000000000e+05
2.100000000000000000e+05 1.128150000000000000e+05
2.200000000000000000e+05 1.127510000000000000e+05
2.300000000000000000e+05 1.128110000000000000e+05
2.400000000000000000e+05 1.109650000000000000e+05
2.500000000000000000e+05 1.105930000000000000e+05
2.600000000000000000e+05 1.093590000000000000e+05
2.700000000000000000e+05 1.083390000000000000e+05
2.800000000000000000e+05 1.070430000000000000e+05
2.900000000000000000e+05 1.060160000000000000e+05
3.000000000000000000e+05 1.036950000000000000e+05
3.100000000000000000e+05 1.016540000000000000e+05
3.200000000000000000e+05 1.001520000000000000e+05
3.300000000000000000e+05 9.828400000000000000e+04
3.400000000000000000e+05 9.533700000000000000e+04
3.500000000000000000e+05 9.353500000000000000e+04
3.600000000000000000e+05 9.016100000000000000e+04
3.700000000000000000e+05 8.756300000000000000e+04
3.800000000000000000e+05 8.419700000000000000e+04
3.900000000000000000e+05 8.148600000000000000e+04
4.000000000000000000e+05 7.806300000000000000e+04
4.100000000000000000e+05 7.510800000000000000e+04
4.200000000000000000e+05 7.111200000000000000e+04
4.300000000000000000e+05 6.727800000000000000e+04
4.400000000000000000e+05 6.425600000000000000e+04
4.500000000000000000e+05 6.060700000000000000e+04
4.600000000000000000e+05 5.715800000000000000e+04
4.700000000000000000e+05 5.308200000000000000e+04
4.800000000000000000e+05 4.947500000000000000e+04
4.900000000000000000e+05 4.629100000000000000e+04
5.000000000000000000e+05 4.293900000000000000e+04
5.100000000000000000e+05 3.940200000000000000e+04
5.200000000000000000e+05 3.674000000000000000e+04
5.300000000000000000e+05 3.371100000000000000e+04
5.400000000000000000e+05 3.075200000000000000e+04
5.500000000000000000e+05 2.804900000000000000e+04
5.600000000000000000e+05 2.601300000000000000e+04
5.700000000000000000e+05 2.358700000000000000e+04
5.800000000000000000e+05 2.153200000000000000e+04
5.900000000000000000e+05 1.977500000000000000e+04
6.000000000000000000e+05 1.837000000000000000e+04
6.100000000000000000e+05 1.698600000000000000e+04
6.200000000000000000e+05 1.553800000000000000e+04
6.300000000000000000e+05 1.468000000000000000e+04
6.400000000000000000e+05 1.363900000000000000e+04
6.500000000000000000e+05 1.315500000000000000e+04
6.600000000000000000e+05 1.246800000000000000e+04
6.700000000000000000e+05 1.212900000000000000e+04
6.800000000000000000e+05 1.183900000000000000e+04
6.900000000000000000e+05 1.182300000000000000e+04
7.000000000000000000e+05 1.170200000000000000e+04
7.100000000000000000e+05 1.176300000000000000e+04
7.200000000000000000e+05 1.219100000000000000e+04
7.300000000000000000e+05 1.265500000000000000e+04
7.400000000000000000e+05 1.341800000000000000e+04
7.500000000000000000e+05 1.417400000000000000e+04
7.600000000000000000e+05 1.517700000000000000e+04
7.700000000000000000e+05 1.600000000000000000e+04
7.800000000000000000e+05 1.758100000000000000e+04
7.900000000000000000e+05 1.908400000000000000e+04
8.000000000000000000e+05 2.070600000000000000e+04
8.100000000000000000e+05 2.251700000000000000e+04
8.200000000000000000e+05 2.469300000000000000e+04
8.300000000000000000e+05 2.727900000000000000e+04
8.400000000000000000e+05 2.929800000000000000e+04
8.500000000000000000e+05 3.173700000000000000e+04
8.600000000000000000e+05 3.503000000000000000e+04
8.700000000000000000e+05 3.788400000000000000e+04
8.800000000000000000e+05 4.140400000000000000e+04
8.900000000000000000e+05 4.482200000000000000e+04
9.000000000000000000e+05 4.808200000000000000e+04
9.100000000000000000e+05 5.157000000000000000e+04
9.200000000000000000e+05 5.508500000000000000e+04
9.300000000000000000e+05 5.816900000000000000e+04
9.400000000000000000e+05 6.216400000000000000e+04
9.500000000000000000e+05 6.579400000000000000e+04
9.600000000000000000e+05 6.950600000000000000e+04
9.700000000000000000e+05 7.271400000000000000e+04
9.800000000000000000e+05 7.635300000000000000e+04
9.900000000000000000e+05 7.990800000000000000e+04
1.000000000000000000e+06 8.263900000000000000e+04
1.010000000000000000e+06 8.545400000000000000e+04
1.020000000000000000e+06 8.854300000000000000e+04
1.030000000000000000e+06 9.180900000000000000e+04
1.040000000000000000e+06 9.431700000000000000e+04
1.050000000000000000e+06 9.685900000000000000e+04
1.060000000000000000e+06 9.929500000000000000e+04
1.070000000000000000e+06 1.004540000000000000e+05
1.080000000000000000e+06 1.034490000000000000e+05
1.090000000000000000e+06 1.047560000000000000e+05
1.100000000000000000e+06 1.062830000000000000e+05
1.110000000000000000e+06 1.079740000000000000e+05
1.120000000000000000e+06 1.089820000000000000e+05
1.130000000000000000e+06 1.095850000000000000e+05
1.140000000000000000e+06 1.110090000000000000e+05
1.150000000000000000e+06 1.115540000000000000e+05
1.160000000000000000e+06 1.124420000000000000e+05
1.170000000000000000e+06 1.124290000000000000e+05
1.180000000000000000e+06 1.128980000000000000e+05
1.190000000000000000e+06 1.124540000000000000e+05
1.200000000000000000e+06 1.127630000000000000e+05
1.210000000000000000e+06 1.122870000000000000e+05
1.220000000000000000e+06 1.123850000000000000e+05
1.230000000000000000e+06 1.118600000000000000e+05
1.240000000000000000e+06 1.111010000000000000e+05
1.250000000000000000e+06 1.109260000000000000e+05
1.260000000000000000e+06 1.093290000000000000e+05
1.270000000000000000e+06 1.084840000000000000e+05
1.280000000000000000e+06 1.068830000000000000e+05
1.290000000000000000e+06 1.054460000000000000e+05
1.300000000000000000e+06 1.048410000000000000e+05
1.310000000000000000e+06 1.020280000000000000e+05
1.320000000000000000e+06 1.003740000000000000e+05
1.330000000000000000e+06 9.839900000000000000e+04
1.340000000000000000e+06 9.542900000000000000e+04
1.350000000000000000e+06 9.307500000000000000e+04
1.360000000000000000e+06 9.044300000000000000e+04
1.370000000000000000e+06 8.704200000000000000e+04
1.380000000000000000e+06 8.490500000000000000e+04
1.390000000000000000e+06 8.112200000000000000e+04
1.400000000000000000e+06 7.820900000000000000e+04
1.410000000000000000e+06 7.436200000000000000e+04
1.420000000000000000e+06 7.153200000000000000e+04
1.430000000000000000e+06 6.769800000000000000e+04
1.440000000000000000e+06 6.372800000000000000e+04
1.450000000000000000e+06 6.041900000000000000e+04
1.460000000000000000e+06 5.665400000000000000e+04
1.470000000000000000e+06 5.304200000000000000e+04
1.480000000000000000e+06 4.952100000000000000e+04
1.490000000000000000e+06 4.602600000000000000e+04
1.500000000000000000e+06 4.324400000000000000e+04
1.510000000000000000e+06 4.003500000000000000e+04
1.520000000000000000e+06 3.649600000000000000e+04
1.530000000000000000e+06 3.375200000000000000e+04
1.540000000000000000e+06 3.078800000000000000e+04
1.550000000000000000e+06 2.800400000000000000e+04
1.560000000000000000e+06 2.580800000000000000e+04
1.570000000000000000e+06 2.352300000000000000e+04
1.580000000000000000e+06 2.179700000000000000e+04
1.590000000000000000e+06 1.961700000000000000e+04
1.600000000000000000e+06 1.819800000000000000e+04
1.610000000000000000e+06 1.681300000000000000e+04
1.620000000000000000e+06 1.569300000000000000e+04
1.630000000000000000e+06 1.477200000000000000e+04
1.640000000000000000e+06 1.393700000000000000e+04
1.650000000000000000e+06 1.299800000000000000e+04
1.660000000000000000e+06 1.266900000000000000e+04
1.670000000000000000e+06 1.213400000000000000e+04
1.680000000000000000e+06 1.180500000000000000e+04
1.690000000000000000e+06 1.189800000000000000e+04
1.700000000000000000e+06 1.186300000000000000e+04
1.710000000000000000e+06 1.191300000000000000e+04
1.720000000000000000e+06 1.233400000000000000e+04
1.730000000000000000e+06 1.266700000000000000e+04
1.740000000000000000e+06 1.320100000000000000e+04
1.750000000000000000e+06 1.423800000000000000e+04
1.760000000000000000e+06 1.504800000000000000e+04
1.770000000000000000e+06 1.605600000000000000e+04
1.780000000000000000e+06 1.746600000000000000e+04
1.790000000000000000e+06 1.879100000000000000e+04
1.800000000000000000e+06 2.067300000000000000e+04
1.810000000000000000e+06 2.258600000000000000e+04
1.820000000000000000e+06 2.488300000000000000e+04
1.830000000000000000e+06 2.681200000000000000e+04
1.840000000000000000e+06 2.916600000000000000e+04
1.850000000000000000e+06 3.238400000000000000e+04
1.860000000000000000e+06 3.490400000000000000e+04
1.870000000000000000e+06 3.811900000000000000e+04
1.880000000000000000e+06 4.080900000000000000e+04
1.890000000000000000e+06 4.418000000000000000e+04
1.900000000000000000e+06 4.799100000000000000e+04
1.910000000000000000e+06 5.143400000000000000e+04
1.920000000000000000e+06 5.514800000000000000e+04
1.930000000000000000e+06 5.796300000000000000e+04
1.940000000000000000e+06 6.163500000000000000e+04
1.950000000000000000e+06 6.582500000000000000e+04
1.960000000000000000e+06 6.920600000000000000e+04
1.970000000000000000e+06 7.367200000000000000e+04
1.980000000000000000e+06 7.626600000000000000e+04
1.990000000000000000e+06 7.981300000000000000e+04
