0.000000000000000000e+00 5.309000000000000000e+03
3.330000000000000000e+02 5.501000000000000000e+03
6.660000000000000000e+02 5.735000000000000000e+03
9.990000000000000000e+02 5.893000000000000000e+03
1.332000000000000000e+03 6.048000000000000000e+03
1.665000000000000000e+03 6.277000000000000000e+03
1.998000000000000000e+03 6.454000000000000000e+03
2.331000000000000000e+03 6.394000000000000000e+03
2.664000000000000000e+03 6.596000000000000000e+03
2.997000000000000000e+03 6.613000000000000000e+03
3.330000000000000000e+03 6.777000000000000000e+03
3.663000000000000000e+03 6.963000000000000000e+03
3.996000000000000000e+03 6.863000000000000000e+03
4.329000000000000000e+03 7.167000000000000000e+03
4.662000000000000000e+03 7.141000000000000000e+03
4.995000000000000000e+03 7.033000000000000000e+03
5.328000000000000000e+03 6.971000000000000000e+03
5.661000000000000000e+03 7.132000000000000000e+03
5.994000000000000000e+03 7.292000000000000000e+03
6.327000000000000000e+03 7.295000000000000000e+03
6.660000000000000000e+03 7.194000000000000000e+03
6.993000000000000000e+03 7.206000000000000000e+03
7.326000000000000000e+03 7.265000000000000000e+03
7.659000000000000000e+03 7.238000000000000000e+03
7.992000000000000000e+03 7.217000000000000000e+03
8.325000000000000000e+03 7.095000000000000000e+03
8.658000000000000000e+03 7.072000000000000000e+03
8.991000000000000000e+03 7.066000000000000000e+03
9.324000000000000000e+03 7.046000000000000000e+03
9.657000000000000000e+03 6.851000000000000000e+03
9.990000000000000000e+03 6.920000000000000000e+03
1.032300000000000000e+04 6.733000000000000000e+03
1.065600000000000000e+04 6.720000000000000000e+03
1.098900000000000000e+04 6.576000000000000000e+03
1.132200000000000000e+04 6.539000000000000000e+03
1.165500000000000000e+04 6.444000000000000000e+03
1.198800000000000000e+04 6.185000000000000000e+03
1.232100000000000000e+04 6.036000000000000000e+03
1.265400000000000000e+04 5.949000000000000000e+03
1.298700000000000000e+04 5.805000000000000000e+03
1.332000000000000000e+04 5.559000000000000000e+03
1.365300000000000000e+04 5.344000000000000000e+03
1.398600000000000000e+04 5.258000000000000000e+03
1.431900000000000000e+04 4.920000000000000000e+03
1.465200000000000000e+04 4.731000000000000000e+03
1.498500000000000000e+04 4.403000000000000000e+03
1.531800000000000000e+04 4.377000000000000000e+03
1.565100000000000000e+04 4.191000000000000000e+03
1.598400000000000000e+04 3.862000000000000000e+03
1.631700000000000000e+04 3.641000000000000000e+03
1.665000000000000000e+04 3.407000000000000000e+03
1.698300000000000000e+04 3.287000000000000000e+03
1.731600000000000000e+04 3.069000000000000000e+03
1.764900000000000000e+04 2.854000000000000000e+03
1.798200000000000000e+04 2.603000000000000000e+03
1.831500000000000000e+04 2.452000000000000000e+03
1.864800000000000000e+04 2.210000000000000000e+03
1.898100000000000000e+04 1.947000000000000000e+03
1.931400000000000000e+04 1.929000000000000000e+03
1.964700000000000000e+04 1.766000000000000000e+03
1.998000000000000000e+04 1.635000000000000000e+03
2.031300000000000000e+04 1.475000000000000000e+03
2.064600000000000000e+04 1.317000000000000000e+03
2.097900000000000000e+04 1.285000000000000000e+03
2.131200000000000000e+04 1.187000000000000000e+03
2.164500000000000000e+04 1.106000000000000000e+03
2.197800000000000000e+04 1.035000000000000000e+03
2.231100000000000000e+04 9.970000000000000000e+02
2.264400000000000000e+04 9.750000000000000000e+02
2.297700000000000000e+04 9.170000000000000000e+02
2.331000000000000000e+04 9.850000000000000000e+02
2.364300000000000000e+04 8.990000000000000000e+02
2.397600000000000000e+04 8.460000000000000000e+02
2.430900000000000000e+04 8.700000000000000000e+02
2.464200000000000000e+04 9.490000000000000000e+02
2.497500000000000000e+04 9.340000000000000000e+02
2.530800000000000000e+04 1.022000000000000000e+03
2.564100000000000000e+04 1.011000000000000000e+03
2.597400000000000000e+04 1.073000000000000000e+03
2.630700000000000000e+04 1.155000000000000000e+03
2.664000000000000000e+04 1.328000000000000000e+03
2.697300000000000000e+04 1.354000000000000000e+03
2.730600000000000000e+04 1.515000000000000000e+03
2.763900000000000000e+04 1.667000000000000000e+03
2.797200000000000000e+04 1.712000000000000000e+03
2.830500000000000000e+04 1.947000000000000000e+03
2.863800000000000000e+04 2.178000000000000000e+03
2.897100000000000000e+04 2.268000000000000000e+03
2.930400000000000000e+04 2.488000000000000000e+03
2.963700000000000000e+04 2.755000000000000000e+03
2.997000000000000000e+04 2.954000000000000000e+03
3.030300000000000000e+04 3.314000000000000000e+03
3.063600000000000000e+04 3.501000000000000000e+03
3.096900000000000000e+04 3.750000000000000000e+03
3.130200000000000000e+04 4.055000000000000000e+03
3.163500000000000000e+04 4.223000000000000000e+03
3.196800000000000000e+04 4.423000000000000000e+03
3.230100000000000000e+04 4.738000000000000000e+03
3.263400000000000000e+04 4.930000000000000000e+03
3.296700000000000000e+04 5.185000000000000000e+03
3.330000000000000000e+04 5.237000000000000000e+03
3.363300000000000000e+04 5.303000000000000000e+03
3.396600000000000000e+04 5.772000000000000000e+03
3.429900000000000000e+04 5.868000000000000000e+03
3.463200000000000000e+04 6.193000000000000000e+03
3.496500000000000000e+04 6.218000000000000000e+03
3.529800000000000000e+04 6.391000000000000000e+03
3.563100000000000000e+04 6.615000000000000000e+03
3.596400000000000000e+04 6.542000000000000000e+03
3.629700000000000000e+04 6.831000000000000000e+03
3.663000000000000000e+04 6.717000000000000000e+03
3.696300000000000000e+04 6.957000000000000000e+03
3.729600000000000000e+04 7.029000000000000000e+03
3.762900000000000000e+04 7.159000000000000000e+03
3.796200000000000000e+04 6.995000000000000000e+03
3.829500000000000000e+04 7.266000000000000000e+03
3.862800000000000000e+04 7.198000000000000000e+03
3.896100000000000000e+04 7.169000000000000000e+03
3.929400000000000000e+04 7.185000000000000000e+03
3.962700000000000000e+04 7.244000000000000000e+03
3.996000000000000000e+04 7.143000000000000000e+03
4.029300000000000000e+04 7.389000000000000000e+03
4.062600000000000000e+04 7.210000000000000000e+03
4.095900000000000000e+04 7.194000000000000000e+03
4.129200000000000000e+04 7.098000000000000000e+03
4.162500000000000000e+04 7.190000000000000000e+03
4.195800000000000000e+04 7.042000000000000000e+03
4.229100000000000000e+04 7.073000000000000000e+03
4.262400000000000000e+04 7.053000000000000000e+03
4.295700000000000000e+04 7.036000000000000000e+03
4.329000000000000000e+04 6.819000000000000000e+03
4.362300000000000000e+04 6.802000000000000000e+03
4.395600000000000000e+04 6.716000000000000000e+03
4.428900000000000000e+04 6.784000000000000000e+03
4.462200000000000000e+04 6.248000000000000000e+03
4.495500000000000000e+04 6.406000000000000000e+03
4.528800000000000000e+04 6.189000000000000000e+03
4.562100000000000000e+04 6.070000000000000000e+03
4.595400000000000000e+04 5.738000000000000000e+03
4.628700000000000000e+04 5.829000000000000000e+03
4.662000000000000000e+04 5.721000000000000000e+03
4.695300000000000000e+04 5.412000000000000000e+03
4.728600000000000000e+04 5.239000000000000000e+03
4.761900000000000000e+04 5.077000000000000000e+03
4.795200000000000000e+04 4.723000000000000000e+03
4.828500000000000000e+04 4.694000000000000000e+03
4.861800000000000000e+04 4.433000000000000000e+03
4.895100000000000000e+04 4.157000000000000000e+03
4.928400000000000000e+04 3.825000000000000000e+03
4.961700000000000000e+04 3.665000000000000000e+03
4.995000000000000000e+04 3.514000000000000000e+03
5.028300000000000000e+04 3.210000000000000000e+03
5.061600000000000000e+04 3.086000000000000000e+03
5.094900000000000000e+04 2.865000000000000000e+03
5.128200000000000000e+04 2.631000000000000000e+03
5.161500000000000000e+04 2.393000000000000000e+03
5.194800000000000000e+04 2.209000000000000000e+03
5.228100000000000000e+04 2.081000000000000000e+03
5.261400000000000000e+04 1.908000000000000000e+03
5.294700000000000000e+04 1.728000000000000000e+03
5.328000000000000000e+04 1.601000000000000000e+03
5.361300000000000000e+04 1.412000000000000000e+03
5.394600000000000000e+04 1.386000000000000000e+03
5.427900000000000000e+04 1.279000000000000000e+03
5.461200000000000000e+04 1.133000000000000000e+03
5.494500000000000000e+04 1.161000000000000000e+03
5.527800000000000000e+04 1.078000000000000000e+03
5.561100000000000000e+04 9.870000000000000000e+02
5.594400000000000000e+04 8.810000000000000000e+02
5.627700000000000000e+04 8.960000000000000000e+02
5.661000000000000000e+04 9.130000000000000000e+02
5.694300000000000000e+04 8.490000000000000000e+02
5.727600000000000000e+04 8.960000000000000000e+02
5.760900000000000000e+04 8.570000000000000000e+02
5.794200000000000000e+04 8.870000000000000000e+02
5.827500000000000000e+04 9.730000000000000000e+02
5.860800000000000000e+04 9.890000000000000000e+02
5.894100000000000000e+04 9.730000000000000000e+02
5.927400000000000000e+04 1.026000000000000000e+03
5.960700000000000000e+04 1.189000000000000000e+03
5.994000000000000000e+04 1.275000000000000000e+03
6.027300000000000000e+04 1.398000000000000000e+03
6.060600000000000000e+04 1.513000000000000000e+03
6.093900000000000000e+04 1.569000000000000000e+03
6.127200000000000000e+04 1.816000000000000000e+03
6.160500000000000000e+04 2.035000000000000000e+03
6.193800000000000000e+04 2.126000000000000000e+03
6.227100000000000000e+04 2.323000000000000000e+03
6.260400000000000000e+04 2.466000000000000000e+03
6.293700000000000000e+04 2.780000000000000000e+03
6.327000000000000000e+04 3.013000000000000000e+03
6.360300000000000000e+04 3.359000000000000000e+03
6.393600000000000000e+04 3.365000000000000000e+03
6.426900000000000000e+04 3.634000000000000000e+03
6.460200000000000000e+04 3.991000000000000000e+03
6.493500000000000000e+04 4.215000000000000000e+03
6.526800000000000000e+04 4.393000000000000000e+03
6.560100000000000000e+04 4.723000000000000000e+03
6.593400000000000000e+04 4.949000000000000000e+03
6.626700000000000000e+04 5.174000000000000000e+03
