0.000000000000000000e+00 3.045000000000000000e+03
3.300000000000000000e+01 3.075000000000000000e+03
6.600000000000000000e+01 3.156000000000000000e+03
9.900000000000000000e+01 3.230000000000000000e+03
1.320000000000000000e+02 3.554000000000000000e+03
1.650000000000000000e+02 3.556000000000000000e+03
1.980000000000000000e+02 3.820000000000000000e+03
2.310000000000000000e+02 3.936000000000000000e+03
2.640000000000000000e+02 3.937000000000000000e+03
2.970000000000000000e+02 4.279000000000000000e+03
3.300000000000000000e+02 4.355000000000000000e+03
3.630000000000000000e+02 4.269000000000000000e+03
3.960000000000000000e+02 4.522000000000000000e+03
4.290000000000000000e+02 4.604000000000000000e+03
4.620000000000000000e+02 4.819000000000000000e+03
4.950000000000000000e+02 4.935000000000000000e+03
5.280000000000000000e+02 4.818000000000000000e+03
5.610000000000000000e+02 5.086000000000000000e+03
5.940000000000000000e+02 5.219000000000000000e+03
6.270000000000000000e+02 5.189000000000000000e+03
6.600000000000000000e+02 5.347000000000000000e+03
6.930000000000000000e+02 5.399000000000000000e+03
7.260000000000000000e+02 5.559000000000000000e+03
7.590000000000000000e+02 5.543000000000000000e+03
7.920000000000000000e+02 5.598000000000000000e+03
8.250000000000000000e+02 5.754000000000000000e+03
8.580000000000000000e+02 5.778000000000000000e+03
8.910000000000000000e+02 5.721000000000000000e+03
9.240000000000000000e+02 5.833000000000000000e+03
9.570000000000000000e+02 5.810000000000000000e+03
9.900000000000000000e+02 5.912000000000000000e+03
1.023000000000000000e+03 6.057000000000000000e+03
1.056000000000000000e+03 5.911000000000000000e+03
1.089000000000000000e+03 5.813000000000000000e+03
1.122000000000000000e+03 5.701000000000000000e+03
1.155000000000000000e+03 5.827000000000000000e+03
1.188000000000000000e+03 5.835000000000000000e+03
1.221000000000000000e+03 5.774000000000000000e+03
1.254000000000000000e+03 5.834000000000000000e+03
1.287000000000000000e+03 5.563000000000000000e+03
1.320000000000000000e+03 5.618000000000000000e+03
1.353000000000000000e+03 5.479000000000000000e+03
1.386000000000000000e+03 5.385000000000000000e+03
1.419000000000000000e+03 5.530000000000000000e+03
1.452000000000000000e+03 5.203000000000000000e+03
1.485000000000000000e+03 5.131000000000000000e+03
1.518000000000000000e+03 5.090000000000000000e+03
1.551000000000000000e+03 4.916000000000000000e+03
1.584000000000000000e+03 4.858000000000000000e+03
1.617000000000000000e+03 4.736000000000000000e+03
1.650000000000000000e+03 4.669000000000000000e+03
1.683000000000000000e+03 4.616000000000000000e+03
1.716000000000000000e+03 4.356000000000000000e+03
1.749000000000000000e+03 4.329000000000000000e+03
1.782000000000000000e+03 4.138000000000000000e+03
1.815000000000000000e+03 4.031000000000000000e+03
1.848000000000000000e+03 3.775000000000000000e+03
1.881000000000000000e+03 3.628000000000000000e+03
1.914000000000000000e+03 3.548000000000000000e+03
1.947000000000000000e+03 3.490000000000000000e+03
1.980000000000000000e+03 3.372000000000000000e+03
2.013000000000000000e+03 3.273000000000000000e+03
2.046000000000000000e+03 3.127000000000000000e+03
2.079000000000000000e+03 3.009000000000000000e+03
2.112000000000000000e+03 2.910000000000000000e+03
2.145000000000000000e+03 2.767000000000000000e+03
2.178000000000000000e+03 2.612000000000000000e+03
2.211000000000000000e+03 2.592000000000000000e+03
2.244000000000000000e+03 2.442000000000000000e+03
2.277000000000000000e+03 2.327000000000000000e+03
2.310000000000000000e+03 2.298000000000000000e+03
2.343000000000000000e+03 2.261000000000000000e+03
2.376000000000000000e+03 2.140000000000000000e+03
2.409000000000000000e+03 2.066000000000000000e+03
2.442000000000000000e+03 2.034000000000000000e+03
2.475000000000000000e+03 1.975000000000000000e+03
2.508000000000000000e+03 1.918000000000000000e+03
2.541000000000000000e+03 1.926000000000000000e+03
2.574000000000000000e+03 1.964000000000000000e+03
2.607000000000000000e+03 1.815000000000000000e+03
2.640000000000000000e+03 1.753000000000000000e+03
2.673000000000000000e+03 1.736000000000000000e+03
2.706000000000000000e+03 1.739000000000000000e+03
2.739000000000000000e+03 1.813000000000000000e+03
2.772000000000000000e+03 1.758000000000000000e+03
2.805000000000000000e+03 1.789000000000000000e+03
2.838000000000000000e+03 1.730000000000000000e+03
2.871000000000000000e+03 1.821000000000000000e+03
2.904000000000000000e+03 1.839000000000000000e+03
2.937000000000000000e+03 1.823000000000000000e+03
2.970000000000000000e+03 1.939000000000000000e+03
3.003000000000000000e+03 1.902000000000000000e+03
3.036000000000000000e+03 2.039000000000000000e+03
3.069000000000000000e+03 2.146000000000000000e+03
3.102000000000000000e+03 2.175000000000000000e+03
3.135000000000000000e+03 2.266000000000000000e+03
3.168000000000000000e+03 2.385000000000000000e+03
3.201000000000000000e+03 2.486000000000000000e+03
3.234000000000000000e+03 2.638000000000000000e+03
3.267000000000000000e+03 2.742000000000000000e+03
3.300000000000000000e+03 2.803000000000000000e+03
3.333000000000000000e+03 3.007000000000000000e+03
3.366000000000000000e+03 3.077000000000000000e+03
3.399000000000000000e+03 3.273000000000000000e+03
3.432000000000000000e+03 3.391000000000000000e+03
3.465000000000000000e+03 3.452000000000000000e+03
3.498000000000000000e+03 3.581000000000000000e+03
3.531000000000000000e+03 3.752000000000000000e+03
3.564000000000000000e+03 3.889000000000000000e+03
3.597000000000000000e+03 4.062000000000000000e+03
3.630000000000000000e+03 4.237000000000000000e+03
3.663000000000000000e+03 4.357000000000000000e+03
3.696000000000000000e+03 4.448000000000000000e+03
3.729000000000000000e+03 4.512000000000000000e+03
3.762000000000000000e+03 4.737000000000000000e+03
3.795000000000000000e+03 4.919000000000000000e+03
3.828000000000000000e+03 4.794000000000000000e+03
3.861000000000000000e+03 4.978000000000000000e+03
3.894000000000000000e+03 5.179000000000000000e+03
3.927000000000000000e+03 5.302000000000000000e+03
3.960000000000000000e+03 5.171000000000000000e+03
3.993000000000000000e+03 5.448000000000000000e+03
4.026000000000000000e+03 5.469000000000000000e+03
4.059000000000000000e+03 5.561000000000000000e+03
4.092000000000000000e+03 5.539000000000000000e+03
4.125000000000000000e+03 5.775000000000000000e+03
4.158000000000000000e+03 5.564000000000000000e+03
4.191000000000000000e+03 5.772000000000000000e+03
4.224000000000000000e+03 5.772000000000000000e+03
4.257000000000000000e+03 5.859000000000000000e+03
4.290000000000000000e+03 5.830000000000000000e+03
4.323000000000000000e+03 5.943000000000000000e+03
4.356000000000000000e+03 5.901000000000000000e+03
4.389000000000000000e+03 5.671000000000000000e+03
4.422000000000000000e+03 5.780000000000000000e+03
4.455000000000000000e+03 5.777000000000000000e+03
4.488000000000000000e+03 5.827000000000000000e+03
4.521000000000000000e+03 5.902000000000000000e+03
4.554000000000000000e+03 5.858000000000000000e+03
4.587000000000000000e+03 5.753000000000000000e+03
4.620000000000000000e+03 5.637000000000000000e+03
4.653000000000000000e+03 5.711000000000000000e+03
4.686000000000000000e+03 5.522000000000000000e+03
4.719000000000000000e+03 5.615000000000000000e+03
4.752000000000000000e+03 5.339000000000000000e+03
4.785000000000000000e+03 5.217000000000000000e+03
4.818000000000000000e+03 5.119000000000000000e+03
4.851000000000000000e+03 5.028000000000000000e+03
4.884000000000000000e+03 4.959000000000000000e+03
4.917000000000000000e+03 4.959000000000000000e+03
4.950000000000000000e+03 4.765000000000000000e+03
4.983000000000000000e+03 4.742000000000000000e+03
5.016000000000000000e+03 4.605000000000000000e+03
5.049000000000000000e+03 4.419000000000000000e+03
5.082000000000000000e+03 4.251000000000000000e+03
5.115000000000000000e+03 4.069000000000000000e+03
5.148000000000000000e+03 3.929000000000000000e+03
5.181000000000000000e+03 3.944000000000000000e+03
5.214000000000000000e+03 3.706000000000000000e+03
5.247000000000000000e+03 3.569000000000000000e+03
5.280000000000000000e+03 3.434000000000000000e+03
5.313000000000000000e+03 3.386000000000000000e+03
5.346000000000000000e+03 3.300000000000000000e+03
5.379000000000000000e+03 2.986000000000000000e+03
5.412000000000000000e+03 2.988000000000000000e+03
5.445000000000000000e+03 2.833000000000000000e+03
5.478000000000000000e+03 2.794000000000000000e+03
5.511000000000000000e+03 2.693000000000000000e+03
5.544000000000000000e+03 2.661000000000000000e+03
5.577000000000000000e+03 2.561000000000000000e+03
5.610000000000000000e+03 2.556000000000000000e+03
5.643000000000000000e+03 2.326000000000000000e+03
5.676000000000000000e+03 2.326000000000000000e+03
5.709000000000000000e+03 2.159000000000000000e+03
5.742000000000000000e+03 2.145000000000000000e+03
5.775000000000000000e+03 2.016000000000000000e+03
5.808000000000000000e+03 2.022000000000000000e+03
5.841000000000000000e+03 1.877000000000000000e+03
5.874000000000000000e+03 1.875000000000000000e+03
5.907000000000000000e+03 1.918000000000000000e+03
5.940000000000000000e+03 1.825000000000000000e+03
5.973000000000000000e+03 1.745000000000000000e+03
6.006000000000000000e+03 1.723000000000000000e+03
6.039000000000000000e+03 1.760000000000000000e+03
6.072000000000000000e+03 1.718000000000000000e+03
6.105000000000000000e+03 1.770000000000000000e+03
6.138000000000000000e+03 1.815000000000000000e+03
6.171000000000000000e+03 1.884000000000000000e+03
6.204000000000000000e+03 1.739000000000000000e+03
6.237000000000000000e+03 1.892000000000000000e+03
6.270000000000000000e+03 1.884000000000000000e+03
6.303000000000000000e+03 1.875000000000000000e+03
6.336000000000000000e+03 1.935000000000000000e+03
6.369000000000000000e+03 2.085000000000000000e+03
6.402000000000000000e+03 2.202000000000000000e+03
6.435000000000000000e+03 2.273000000000000000e+03
6.468000000000000000e+03 2.245000000000000000e+03
6.501000000000000000e+03 2.371000000000000000e+03
6.534000000000000000e+03 2.603000000000000000e+03
6.567000000000000000e+03 2.585000000000000000e+03
6.600000000000000000e+03 2.822000000000000000e+03
6.633000000000000000e+03 2.841000000000000000e+03
