0.000000000000000000e+00 5.595000000000000000e+03
5.000000000000000000e+03 5.685000000000000000e+03
1.000000000000000000e+04 5.965000000000000000e+03
1.500000000000000000e+04 6.173000000000000000e+03
2.000000000000000000e+04 6.301000000000000000e+03
2.500000000000000000e+04 6.393000000000000000e+03
3.000000000000000000e+04 6.488000000000000000e+03
3.500000000000000000e+04 6.785000000000000000e+03
4.000000000000000000e+04 6.861000000000000000e+03
4.500000000000000000e+04 6.875000000000000000e+03
5.000000000000000000e+04 6.932000000000000000e+03
5.500000000000000000e+04 7.080000000000000000e+03
6.000000000000000000e+04 7.205000000000000000e+03
6.500000000000000000e+04 7.077000000000000000e+03
7.000000000000000000e+04 7.228000000000000000e+03
7.500000000000000000e+04 7.264000000000000000e+03
8.000000000000000000e+04 7.245000000000000000e+03
8.500000000000000000e+04 7.355000000000000000e+03
9.000000000000000000e+04 7.355000000000000000e+03
9.500000000000000000e+04 7.227000000000000000e+03
1.000000000000000000e+05 7.405000000000000000e+03
1.050000000000000000e+05 7.185000000000000000e+03
1.100000000000000000e+05 7.263000000000000000e+03
1.150000000000000000e+05 7.124000000000000000e+03
1.200000000000000000e+05 7.249000000000000000e+03
1.250000000000000000e+05 7.183000000000000000e+03
1.300000000000000000e+05 7.164000000000000000e+03
1.350000000000000000e+05 6.990000000000000000e+03
1.400000000000000000e+05 7.103000000000000000e+03
1.450000000000000000e+05 6.974000000000000000e+03
1.500000000000000000e+05 6.817000000000000000e+03
1.550000000000000000e+05 6.624000000000000000e+03
1.600000000000000000e+05 6.667000000000000000e+03
1.650000000000000000e+05 6.477000000000000000e+03
1.700000000000000000e+05 6.407000000000000000e+03
1.750000000000000000e+05 6.155000000000000000e+03
1.800000000000000000e+05 6.092000000000000000e+03
1.850000000000000000e+05 5.885000000000000000e+03
1.900000000000000000e+05 5.673000000000000000e+03
1.950000000000000000e+05 5.640000000000000000e+03
2.000000000000000000e+05 5.336000000000000000e+03
2.050000000000000000e+05 5.046000000000000000e+03
2.100000000000000000e+05 4.845000000000000000e+03
2.150000000000000000e+05 4.627000000000000000e+03
2.200000000000000000e+05 4.539000000000000000e+03
2.250000000000000000e+05 4.267000000000000000e+03
2.300000000000000000e+05 3.951000000000000000e+03
2.350000000000000000e+05 3.779000000000000000e+03
2.400000000000000000e+05 3.526000000000000000e+03
2.450000000000000000e+05 3.343000000000000000e+03
2.500000000000000000e+05 3.062000000000000000e+03
2.550000000000000000e+05 2.734000000000000000e+03
2.600000000000000000e+05 2.571000000000000000e+03
2.650000000000000000e+05 2.318000000000000000e+03
2.700000000000000000e+05 2.188000000000000000e+03
2.750000000000000000e+05 2.111000000000000000e+03
2.800000000000000000e+05 1.869000000000000000e+03
2.850000000000000000e+05 1.664000000000000000e+03
2.900000000000000000e+05 1.643000000000000000e+03
2.950000000000000000e+05 1.449000000000000000e+03
3.000000000000000000e+05 1.301000000000000000e+03
3.050000000000000000e+05 1.156000000000000000e+03
3.100000000000000000e+05 1.089000000000000000e+03
3.150000000000000000e+05 1.039000000000000000e+03
3.200000000000000000e+05 9.260000000000000000e+02
3.250000000000000000e+05 8.570000000000000000e+02
3.300000000000000000e+05 8.890000000000000000e+02
3.350000000000000000e+05 8.820000000000000000e+02
3.400000000000000000e+05 8.150000000000000000e+02
3.450000000000000000e+05 8.380000000000000000e+02
3.500000000000000000e+05 8.120000000000000000e+02
3.550000000000000000e+05 8.960000000000000000e+02
3.600000000000000000e+05 8.790000000000000000e+02
3.650000000000000000e+05 8.670000000000000000e+02
3.700000000000000000e+05 9.830000000000000000e+02
3.750000000000000000e+05 1.024000000000000000e+03
3.800000000000000000e+05 9.740000000000000000e+02
3.850000000000000000e+05 1.136000000000000000e+03
3.900000000000000000e+05 1.211000000000000000e+03
3.950000000000000000e+05 1.310000000000000000e+03
4.000000000000000000e+05 1.335000000000000000e+03
4.050000000000000000e+05 1.655000000000000000e+03
4.100000000000000000e+05 1.794000000000000000e+03
4.150000000000000000e+05 1.930000000000000000e+03
4.200000000000000000e+05 2.137000000000000000e+03
4.250000000000000000e+05 2.399000000000000000e+03
4.300000000000000000e+05 2.452000000000000000e+03
4.350000000000000000e+05 2.616000000000000000e+03
4.400000000000000000e+05 2.959000000000000000e+03
4.450000000000000000e+05 3.181000000000000000e+03
4.500000000000000000e+05 3.441000000000000000e+03
4.550000000000000000e+05 3.605000000000000000e+03
4.600000000000000000e+05 3.847000000000000000e+03
4.650000000000000000e+05 4.137000000000000000e+03
4.700000000000000000e+05 4.269000000000000000e+03
4.750000000000000000e+05 4.531000000000000000e+03
4.800000000000000000e+05 4.905000000000000000e+03
4.850000000000000000e+05 5.065000000000000000e+03
4.900000000000000000e+05 5.225000000000000000e+03
4.950000000000000000e+05 5.517000000000000000e+03
5.000000000000000000e+05 5.636000000000000000e+03
5.050000000000000000e+05 5.718000000000000000e+03
5.100000000000000000e+05 5.957000000000000000e+03
5.150000000000000000e+05 6.231000000000000000e+03
5.200000000000000000e+05 6.223000000000000000e+03
5.250000000000000000e+05 6.388000000000000000e+03
5.300000000000000000e+05 6.508000000000000000e+03
5.350000000000000000e+05 6.631000000000000000e+03
5.400000000000000000e+05 6.823000000000000000e+03
5.450000000000000000e+05 6.794000000000000000e+03
5.500000000000000000e+05 7.011000000000000000e+03
5.550000000000000000e+05 6.971000000000000000e+03
5.600000000000000000e+05 7.133000000000000000e+03
5.650000000000000000e+05 7.259000000000000000e+03
5.700000000000000000e+05 7.214000000000000000e+03
5.750000000000000000e+05 7.259000000000000000e+03
5.800000000000000000e+05 7.410000000000000000e+03
5.850000000000000000e+05 7.179000000000000000e+03
5.900000000000000000e+05 7.368000000000000000e+03
5.950000000000000000e+05 7.402000000000000000e+03
6.000000000000000000e+05 7.306000000000000000e+03
6.050000000000000000e+05 7.298000000000000000e+03
6.100000000000000000e+05 7.314000000000000000e+03
6.150000000000000000e+05 7.174000000000000000e+03
6.200000000000000000e+05 7.185000000000000000e+03
6.250000000000000000e+05 7.138000000000000000e+03
6.300000000000000000e+05 7.232000000000000000e+03
6.350000000000000000e+05 7.036000000000000000e+03
6.400000000000000000e+05 6.873000000000000000e+03
6.450000000000000000e+05 6.783000000000000000e+03
6.500000000000000000e+05 6.841000000000000000e+03
6.550000000000000000e+05 6.765000000000000000e+03
6.600000000000000000e+05 6.648000000000000000e+03
6.650000000000000000e+05 6.388000000000000000e+03
6.700000000000000000e+05 6.382000000000000000e+03
6.750000000000000000e+05 6.063000000000000000e+03
6.800000000000000000e+05 6.036000000000000000e+03
6.850000000000000000e+05 5.879000000000000000e+03
6.900000000000000000e+05 5.793000000000000000e+03
6.950000000000000000e+05 5.446000000000000000e+03
7.000000000000000000e+05 5.299000000000000000e+03
7.050000000000000000e+05 5.244000000000000000e+03
7.100000000000000000e+05 4.859000000000000000e+03
7.150000000000000000e+05 4.537000000000000000e+03
7.200000000000000000e+05 4.511000000000000000e+03
7.250000000000000000e+05 4.346000000000000000e+03
7.300000000000000000e+05 3.993000000000000000e+03
7.350000000000000000e+05 3.725000000000000000e+03
7.400000000000000000e+05 3.536000000000000000e+03
7.450000000000000000e+05 3.347000000000000000e+03
7.500000000000000000e+05 3.172000000000000000e+03
7.550000000000000000e+05 2.806000000000000000e+03
7.600000000000000000e+05 2.552000000000000000e+03
7.650000000000000000e+05 2.334000000000000000e+03
7.700000000000000000e+05 2.157000000000000000e+03
7.750000000000000000e+05 2.017000000000000000e+03
7.800000000000000000e+05 1.833000000000000000e+03
7.850000000000000000e+05 1.769000000000000000e+03
7.900000000000000000e+05 1.545000000000000000e+03
7.950000000000000000e+05 1.421000000000000000e+03
8.000000000000000000e+05 1.282000000000000000e+03
8.050000000000000000e+05 1.235000000000000000e+03
8.100000000000000000e+05 1.060000000000000000e+03
8.150000000000000000e+05 1.024000000000000000e+03
8.200000000000000000e+05 9.730000000000000000e+02
8.250000000000000000e+05 9.570000000000000000e+02
8.300000000000000000e+05 9.460000000000000000e+02
8.350000000000000000e+05 8.820000000000000000e+02
8.400000000000000000e+05 8.310000000000000000e+02
8.450000000000000000e+05 7.910000000000000000e+02
8.500000000000000000e+05 7.550000000000000000e+02
8.550000000000000000e+05 8.580000000000000000e+02
8.600000000000000000e+05 8.500000000000000000e+02
8.650000000000000000e+05 8.910000000000000000e+02
8.700000000000000000e+05 9.580000000000000000e+02
8.750000000000000000e+05 1.024000000000000000e+03
8.800000000000000000e+05 1.114000000000000000e+03
8.850000000000000000e+05 1.168000000000000000e+03
8.900000000000000000e+05 1.192000000000000000e+03
8.950000000000000000e+05 1.357000000000000000e+03
9.000000000000000000e+05 1.468000000000000000e+03
9.050000000000000000e+05 1.563000000000000000e+03
9.100000000000000000e+05 1.696000000000000000e+03
9.150000000000000000e+05 1.807000000000000000e+03
9.200000000000000000e+05 2.124000000000000000e+03
9.250000000000000000e+05 2.182000000000000000e+03
9.300000000000000000e+05 2.358000000000000000e+03
9.350000000000000000e+05 2.706000000000000000e+03
9.400000000000000000e+05 2.884000000000000000e+03
9.450000000000000000e+05 3.085000000000000000e+03
9.500000000000000000e+05 3.434000000000000000e+03
9.550000000000000000e+05 3.647000000000000000e+03
9.600000000000000000e+05 3.738000000000000000e+03
9.650000000000000000e+05 4.070000000000000000e+03
9.700000000000000000e+05 4.340000000000000000e+03
9.750000000000000000e+05 4.690000000000000000e+03
9.800000000000000000e+05 5.052000000000000000e+03
9.850000000000000000e+05 5.079000000000000000e+03
9.900000000000000000e+05 5.203000000000000000e+03
9.950000000000000000e+05 5.330000000000000000e+03
