0.000000000000000000e+00 6.117000000000000000e+03
5.000000000000000000e+02 6.301000000000000000e+03
1.000000000000000000e+03 6.364000000000000000e+03
1.500000000000000000e+03 6.647000000000000000e+03
2.000000000000000000e+03 6.830000000000000000e+03
2.500000000000000000e+03 6.988000000000000000e+03
3.000000000000000000e+03 7.267000000000000000e+03
3.500000000000000000e+03 7.527000000000000000e+03
4.000000000000000000e+03 7.646000000000000000e+03
4.500000000000000000e+03 7.508000000000000000e+03
5.000000000000000000e+03 7.735000000000000000e+03
5.500000000000000000e+03 7.696000000000000000e+03
6.000000000000000000e+03 7.944000000000000000e+03
6.500000000000000000e+03 7.958000000000000000e+03
7.000000000000000000e+03 7.945000000000000000e+03
7.500000000000000000e+03 8.100000000000000000e+03
8.000000000000000000e+03 8.096000000000000000e+03
8.500000000000000000e+03 8.072000000000000000e+03
9.000000000000000000e+03 8.009000000000000000e+03
9.500000000000000000e+03 8.143000000000000000e+03
1.000000000000000000e+04 8.081000000000000000e+03
1.050000000000000000e+04 8.165000000000000000e+03
1.100000000000000000e+04 7.891000000000000000e+03
1.150000000000000000e+04 8.206000000000000000e+03
1.200000000000000000e+04 8.051000000000000000e+03
1.250000000000000000e+04 8.019000000000000000e+03
1.300000000000000000e+04 7.976000000000000000e+03
1.350000000000000000e+04 7.965000000000000000e+03
1.400000000000000000e+04 7.924000000000000000e+03
1.450000000000000000e+04 7.720000000000000000e+03
1.500000000000000000e+04 7.853000000000000000e+03
1.550000000000000000e+04 7.438000000000000000e+03
1.600000000000000000e+04 7.529000000000000000e+03
1.650000000000000000e+04 7.361000000000000000e+03
1.700000000000000000e+04 7.179000000000000000e+03
1.750000000000000000e+04 7.093000000000000000e+03
1.800000000000000000e+04 6.906000000000000000e+03
1.850000000000000000e+04 6.744000000000000000e+03
1.900000000000000000e+04 6.680000000000000000e+03
1.950000000000000000e+04 6.332000000000000000e+03
2.000000000000000000e+04 6.043000000000000000e+03
2.050000000000000000e+04 5.930000000000000000e+03
2.100000000000000000e+04 5.799000000000000000e+03
2.150000000000000000e+04 5.453000000000000000e+03
2.200000000000000000e+04 5.258000000000000000e+03
2.250000000000000000e+04 4.963000000000000000e+03
2.300000000000000000e+04 4.808000000000000000e+03
2.350000000000000000e+04 4.535000000000000000e+03
2.400000000000000000e+04 4.188000000000000000e+03
2.450000000000000000e+04 3.982000000000000000e+03
2.500000000000000000e+04 3.756000000000000000e+03
2.550000000000000000e+04 3.470000000000000000e+03
2.600000000000000000e+04 3.274000000000000000e+03
2.650000000000000000e+04 3.116000000000000000e+03
2.700000000000000000e+04 2.774000000000000000e+03
2.750000000000000000e+04 2.548000000000000000e+03
2.800000000000000000e+04 2.405000000000000000e+03
2.850000000000000000e+04 2.154000000000000000e+03
2.900000000000000000e+04 2.020000000000000000e+03
2.950000000000000000e+04 1.853000000000000000e+03
3.000000000000000000e+04 1.688000000000000000e+03
3.050000000000000000e+04 1.582000000000000000e+03
3.100000000000000000e+04 1.405000000000000000e+03
3.150000000000000000e+04 1.370000000000000000e+03
3.200000000000000000e+04 1.291000000000000000e+03
3.250000000000000000e+04 1.144000000000000000e+03
3.300000000000000000e+04 1.152000000000000000e+03
3.350000000000000000e+04 1.071000000000000000e+03
3.400000000000000000e+04 1.021000000000000000e+03
3.450000000000000000e+04 9.890000000000000000e+02
3.500000000000000000e+04 1.023000000000000000e+03
3.550000000000000000e+04 1.007000000000000000e+03
3.600000000000000000e+04 9.830000000000000000e+02
3.650000000000000000e+04 1.031000000000000000e+03
3.700000000000000000e+04 1.035000000000000000e+03
3.750000000000000000e+04 1.104000000000000000e+03
3.800000000000000000e+04 1.120000000000000000e+03
3.850000000000000000e+04 1.193000000000000000e+03
3.900000000000000000e+04 1.260000000000000000e+03
3.950000000000000000e+04 1.396000000000000000e+03
4.000000000000000000e+04 1.450000000000000000e+03
4.050000000000000000e+04 1.621000000000000000e+03
4.100000000000000000e+04 1.776000000000000000e+03
4.150000000000000000e+04 1.973000000000000000e+03
4.200000000000000000e+04 2.136000000000000000e+03
4.250000000000000000e+04 2.467000000000000000e+03
4.300000000000000000e+04 2.530000000000000000e+03
4.350000000000000000e+04 2.868000000000000000e+03
4.400000000000000000e+04 3.038000000000000000e+03
4.450000000000000000e+04 3.366000000000000000e+03
4.500000000000000000e+04 3.485000000000000000e+03
4.550000000000000000e+04 3.899000000000000000e+03
4.600000000000000000e+04 4.180000000000000000e+03
4.650000000000000000e+04 4.457000000000000000e+03
4.700000000000000000e+04 4.727000000000000000e+03
4.750000000000000000e+04 4.879000000000000000e+03
4.800000000000000000e+04 5.161000000000000000e+03
4.850000000000000000e+04 5.280000000000000000e+03
4.900000000000000000e+04 5.767000000000000000e+03
4.950000000000000000e+04 5.902000000000000000e+03
5.000000000000000000e+04 6.296000000000000000e+03
5.050000000000000000e+04 6.457000000000000000e+03
5.100000000000000000e+04 6.620000000000000000e+03
5.150000000000000000e+04 6.839000000000000000e+03
5.200000000000000000e+04 6.980000000000000000e+03
5.250000000000000000e+04 7.059000000000000000e+03
5.300000000000000000e+04 7.219000000000000000e+03
5.350000000000000000e+04 7.406000000000000000e+03
5.400000000000000000e+04 7.640000000000000000e+03
5.450000000000000000e+04 7.563000000000000000e+03
5.500000000000000000e+04 7.620000000000000000e+03
5.550000000000000000e+04 7.703000000000000000e+03
5.600000000000000000e+04 7.739000000000000000e+03
5.650000000000000000e+04 7.938000000000000000e+03
5.700000000000000000e+04 7.940000000000000000e+03
5.750000000000000000e+04 7.916000000000000000e+03
5.800000000000000000e+04 8.008000000000000000e+03
5.850000000000000000e+04 8.014000000000000000e+03
5.900000000000000000e+04 8.059000000000000000e+03
5.950000000000000000e+04 8.264000000000000000e+03
6.000000000000000000e+04 8.172000000000000000e+03
6.050000000000000000e+04 8.018000000000000000e+03
6.100000000000000000e+04 8.178000000000000000e+03
6.150000000000000000e+04 8.081000000000000000e+03
6.200000000000000000e+04 8.104000000000000000e+03
6.250000000000000000e+04 8.106000000000000000e+03
6.300000000000000000e+04 7.985000000000000000e+03
6.350000000000000000e+04 7.965000000000000000e+03
6.400000000000000000e+04 7.830000000000000000e+03
6.450000000000000000e+04 7.876000000000000000e+03
6.500000000000000000e+04 7.535000000000000000e+03
6.550000000000000000e+04 7.617000000000000000e+03
6.600000000000000000e+04 7.576000000000000000e+03
6.650000000000000000e+04 7.484000000000000000e+03
6.700000000000000000e+04 7.260000000000000000e+03
6.750000000000000000e+04 7.110000000000000000e+03
6.800000000000000000e+04 6.924000000000000000e+03
6.850000000000000000e+04 6.876000000000000000e+03
6.900000000000000000e+04 6.593000000000000000e+03
6.950000000000000000e+04 6.430000000000000000e+03
7.000000000000000000e+04 6.024000000000000000e+03
7.050000000000000000e+04 5.842000000000000000e+03
7.100000000000000000e+04 5.760000000000000000e+03
7.150000000000000000e+04 5.434000000000000000e+03
7.200000000000000000e+04 5.237000000000000000e+03
7.250000000000000000e+04 4.968000000000000000e+03
7.300000000000000000e+04 4.794000000000000000e+03
7.350000000000000000e+04 4.466000000000000000e+03
7.400000000000000000e+04 4.255000000000000000e+03
7.450000000000000000e+04 4.033000000000000000e+03
7.500000000000000000e+04 3.711000000000000000e+03
7.550000000000000000e+04 3.476000000000000000e+03
7.600000000000000000e+04 3.269000000000000000e+03
7.650000000000000000e+04 2.935000000000000000e+03
7.700000000000000000e+04 2.791000000000000000e+03
7.750000000000000000e+04 2.518000000000000000e+03
7.800000000000000000e+04 2.416000000000000000e+03
7.850000000000000000e+04 2.192000000000000000e+03
7.900000000000000000e+04 1.960000000000000000e+03
7.950000000000000000e+04 1.923000000000000000e+03
8.000000000000000000e+04 1.747000000000000000e+03
8.050000000000000000e+04 1.495000000000000000e+03
8.100000000000000000e+04 1.444000000000000000e+03
8.150000000000000000e+04 1.291000000000000000e+03
8.200000000000000000e+04 1.192000000000000000e+03
8.250000000000000000e+04 1.122000000000000000e+03
8.300000000000000000e+04 1.108000000000000000e+03
8.350000000000000000e+04 1.055000000000000000e+03
8.400000000000000000e+04 1.042000000000000000e+03
8.450000000000000000e+04 9.540000000000000000e+02
8.500000000000000000e+04 9.750000000000000000e+02
8.550000000000000000e+04 9.370000000000000000e+02
8.600000000000000000e+04 9.890000000000000000e+02
8.650000000000000000e+04 1.002000000000000000e+03
8.700000000000000000e+04 1.019000000000000000e+03
8.750000000000000000e+04 1.134000000000000000e+03
8.800000000000000000e+04 1.092000000000000000e+03
8.850000000000000000e+04 1.198000000000000000e+03
8.900000000000000000e+04 1.303000000000000000e+03
8.950000000000000000e+04 1.379000000000000000e+03
9.000000000000000000e+04 1.491000000000000000e+03
9.050000000000000000e+04 1.646000000000000000e+03
9.100000000000000000e+04 1.766000000000000000e+03
9.150000000000000000e+04 1.941000000000000000e+03
9.200000000000000000e+04 2.135000000000000000e+03
9.250000000000000000e+04 2.353000000000000000e+03
9.300000000000000000e+04 2.603000000000000000e+03
9.350000000000000000e+04 2.764000000000000000e+03
9.400000000000000000e+04 2.951000000000000000e+03
9.450000000000000000e+04 3.289000000000000000e+03
9.500000000000000000e+04 3.674000000000000000e+03
9.550000000000000000e+04 3.882000000000000000e+03
9.600000000000000000e+04 4.140000000000000000e+03
9.650000000000000000e+04 4.421000000000000000e+03
9.700000000000000000e+04 4.740000000000000000e+03
9.750000000000000000e+04 4.882000000000000000e+03
9.800000000000000000e+04 5.203000000000000000e+03
9.850000000000000000e+04 5.407000000000000000e+03
9.900000000000000000e+04 5.735000000000000000e+03
9.950000000000000000e+04 5.893000000000000000e+03
