0.000000000000000000e+00 4.316000000000000000e+03
1.000000000000000000e+02 4.294000000000000000e+03
2.000000000000000000e+02 4.506000000000000000e+03
3.000000000000000000e+02 4.771000000000000000e+03
4.000000000000000000e+02 4.965000000000000000e+03
5.000000000000000000e+02 5.093000000000000000e+03
6.000000000000000000e+02 5.307000000000000000e+03
7.000000000000000000e+02 5.529000000000000000e+03
8.000000000000000000e+02 5.652000000000000000e+03
9.000000000000000000e+02 5.847000000000000000e+03
1.000000000000000000e+03 5.872000000000000000e+03
1.100000000000000000e+03 6.019000000000000000e+03
1.200000000000000000e+03 5.949000000000000000e+03
1.300000000000000000e+03 6.264000000000000000e+03
1.400000000000000000e+03 6.279000000000000000e+03
1.500000000000000000e+03 6.295000000000000000e+03
1.600000000000000000e+03 6.464000000000000000e+03
1.700000000000000000e+03 6.493000000000000000e+03
1.800000000000000000e+03 6.478000000000000000e+03
1.900000000000000000e+03 6.463000000000000000e+03
2.000000000000000000e+03 6.634000000000000000e+03
2.100000000000000000e+03 6.812000000000000000e+03
2.200000000000000000e+03 6.782000000000000000e+03
2.300000000000000000e+03 6.663000000000000000e+03
2.400000000000000000e+03 6.669000000000000000e+03
2.500000000000000000e+03 6.761000000000000000e+03
2.600000000000000000e+03 6.723000000000000000e+03
2.700000000000000000e+03 6.593000000000000000e+03
2.800000000000000000e+03 6.633000000000000000e+03
2.900000000000000000e+03 6.944000000000000000e+03
3.000000000000000000e+03 6.719000000000000000e+03
3.100000000000000000e+03 6.704000000000000000e+03
3.200000000000000000e+03 6.336000000000000000e+03
3.300000000000000000e+03 6.328000000000000000e+03
3.400000000000000000e+03 6.383000000000000000e+03
3.500000000000000000e+03 6.291000000000000000e+03
3.600000000000000000e+03 6.257000000000000000e+03
3.700000000000000000e+03 6.029000000000000000e+03
3.800000000000000000e+03 5.761000000000000000e+03
3.900000000000000000e+03 5.709000000000000000e+03
4.000000000000000000e+03 5.537000000000000000e+03
4.100000000000000000e+03 5.590000000000000000e+03
4.200000000000000000e+03 5.321000000000000000e+03
4.300000000000000000e+03 5.195000000000000000e+03
4.400000000000000000e+03 4.899000000000000000e+03
4.500000000000000000e+03 4.925000000000000000e+03
4.600000000000000000e+03 4.748000000000000000e+03
4.700000000000000000e+03 4.415000000000000000e+03
4.800000000000000000e+03 4.356000000000000000e+03
4.900000000000000000e+03 4.164000000000000000e+03
5.000000000000000000e+03 3.969000000000000000e+03
5.100000000000000000e+03 3.686000000000000000e+03
5.200000000000000000e+03 3.476000000000000000e+03
5.300000000000000000e+03 3.333000000000000000e+03
5.400000000000000000e+03 3.054000000000000000e+03
5.500000000000000000e+03 2.985000000000000000e+03
5.600000000000000000e+03 2.829000000000000000e+03
5.700000000000000000e+03 2.604000000000000000e+03
5.800000000000000000e+03 2.538000000000000000e+03
5.900000000000000000e+03 2.395000000000000000e+03
6.000000000000000000e+03 2.201000000000000000e+03
6.100000000000000000e+03 2.026000000000000000e+03
6.200000000000000000e+03 1.914000000000000000e+03
6.300000000000000000e+03 1.802000000000000000e+03
6.400000000000000000e+03 1.717000000000000000e+03
6.500000000000000000e+03 1.560000000000000000e+03
6.600000000000000000e+03 1.460000000000000000e+03
6.700000000000000000e+03 1.474000000000000000e+03
6.800000000000000000e+03 1.338000000000000000e+03
6.900000000000000000e+03 1.323000000000000000e+03
7.000000000000000000e+03 1.198000000000000000e+03
7.100000000000000000e+03 1.196000000000000000e+03
7.200000000000000000e+03 1.090000000000000000e+03
7.300000000000000000e+03 1.087000000000000000e+03
7.400000000000000000e+03 1.122000000000000000e+03
7.500000000000000000e+03 1.128000000000000000e+03
7.600000000000000000e+03 1.073000000000000000e+03
7.700000000000000000e+03 1.025000000000000000e+03
7.800000000000000000e+03 1.066000000000000000e+03
7.900000000000000000e+03 1.084000000000000000e+03
8.000000000000000000e+03 1.101000000000000000e+03
8.100000000000000000e+03 1.250000000000000000e+03
8.200000000000000000e+03 1.192000000000000000e+03
8.300000000000000000e+03 1.261000000000000000e+03
8.400000000000000000e+03 1.318000000000000000e+03
8.500000000000000000e+03 1.450000000000000000e+03
8.600000000000000000e+03 1.585000000000000000e+03
8.700000000000000000e+03 1.716000000000000000e+03
8.800000000000000000e+03 1.790000000000000000e+03
8.900000000000000000e+03 1.998000000000000000e+03
9.000000000000000000e+03 2.154000000000000000e+03
9.100000000000000000e+03 2.299000000000000000e+03
9.200000000000000000e+03 2.437000000000000000e+03
9.300000000000000000e+03 2.624000000000000000e+03
9.400000000000000000e+03 2.980000000000000000e+03
9.500000000000000000e+03 3.197000000000000000e+03
9.600000000000000000e+03 3.314000000000000000e+03
9.700000000000000000e+03 3.499000000000000000e+03
9.800000000000000000e+03 3.638000000000000000e+03
9.900000000000000000e+03 3.956000000000000000e+03
1.000000000000000000e+04 4.049000000000000000e+03
1.010000000000000000e+04 4.329000000000000000e+03
1.020000000000000000e+04 4.480000000000000000e+03
1.030000000000000000e+04 4.767000000000000000e+03
1.040000000000000000e+04 4.938000000000000000e+03
1.050000000000000000e+04 5.122000000000000000e+03
1.060000000000000000e+04 5.404000000000000000e+03
1.070000000000000000e+04 5.410000000000000000e+03
1.080000000000000000e+04 5.742000000000000000e+03
1.090000000000000000e+04 5.803000000000000000e+03
1.100000000000000000e+04 5.975000000000000000e+03
1.110000000000000000e+04 6.055000000000000000e+03
1.120000000000000000e+04 6.160000000000000000e+03
1.130000000000000000e+04 6.149000000000000000e+03
1.140000000000000000e+04 6.473000000000000000e+03
1.150000000000000000e+04 6.525000000000000000e+03
1.160000000000000000e+04 6.561000000000000000e+03
1.170000000000000000e+04 6.516000000000000000e+03
1.180000000000000000e+04 6.485000000000000000e+03
1.190000000000000000e+04 6.505000000000000000e+03
1.200000000000000000e+04 6.755000000000000000e+03
1.210000000000000000e+04 6.701000000000000000e+03
1.220000000000000000e+04 6.753000000000000000e+03
1.230000000000000000e+04 6.818000000000000000e+03
1.240000000000000000e+04 6.917000000000000000e+03
1.250000000000000000e+04 6.528000000000000000e+03
1.260000000000000000e+04 6.662000000000000000e+03
1.270000000000000000e+04 6.639000000000000000e+03
1.280000000000000000e+04 6.527000000000000000e+03
1.290000000000000000e+04 6.508000000000000000e+03
1.300000000000000000e+04 6.538000000000000000e+03
1.310000000000000000e+04 6.529000000000000000e+03
1.320000000000000000e+04 6.523000000000000000e+03
1.330000000000000000e+04 6.249000000000000000e+03
1.340000000000000000e+04 6.246000000000000000e+03
1.350000000000000000e+04 6.177000000000000000e+03
1.360000000000000000e+04 6.174000000000000000e+03
1.370000000000000000e+04 6.034000000000000000e+03
1.380000000000000000e+04 5.899000000000000000e+03
1.390000000000000000e+04 5.699000000000000000e+03
1.400000000000000000e+04 5.606000000000000000e+03
1.410000000000000000e+04 5.496000000000000000e+03
1.420000000000000000e+04 5.264000000000000000e+03
1.430000000000000000e+04 5.306000000000000000e+03
1.440000000000000000e+04 4.947000000000000000e+03
1.450000000000000000e+04 4.743000000000000000e+03
1.460000000000000000e+04 4.660000000000000000e+03
1.470000000000000000e+04 4.577000000000000000e+03
1.480000000000000000e+04 4.382000000000000000e+03
1.490000000000000000e+04 4.003000000000000000e+03
1.500000000000000000e+04 4.050000000000000000e+03
1.510000000000000000e+04 3.741000000000000000e+03
1.520000000000000000e+04 3.447000000000000000e+03
1.530000000000000000e+04 3.262000000000000000e+03
1.540000000000000000e+04 3.087000000000000000e+03
1.550000000000000000e+04 3.004000000000000000e+03
1.560000000000000000e+04 2.829000000000000000e+03
1.570000000000000000e+04 2.548000000000000000e+03
1.580000000000000000e+04 2.589000000000000000e+03
1.590000000000000000e+04 2.360000000000000000e+03
1.600000000000000000e+04 2.113000000000000000e+03
1.610000000000000000e+04 2.012000000000000000e+03
1.620000000000000000e+04 1.949000000000000000e+03
1.630000000000000000e+04 1.751000000000000000e+03
1.640000000000000000e+04 1.637000000000000000e+03
1.650000000000000000e+04 1.696000000000000000e+03
1.660000000000000000e+04 1.507000000000000000e+03
1.670000000000000000e+04 1.368000000000000000e+03
1.680000000000000000e+04 1.287000000000000000e+03
1.690000000000000000e+04 1.245000000000000000e+03
1.700000000000000000e+04 1.246000000000000000e+03
1.710000000000000000e+04 1.193000000000000000e+03
1.720000000000000000e+04 1.142000000000000000e+03
1.730000000000000000e+04 1.127000000000000000e+03
1.740000000000000000e+04 1.101000000000000000e+03
1.750000000000000000e+04 1.079000000000000000e+03
1.760000000000000000e+04 1.071000000000000000e+03
1.770000000000000000e+04 1.074000000000000000e+03
1.780000000000000000e+04 1.079000000000000000e+03
1.790000000000000000e+04 1.128000000000000000e+03
1.800000000000000000e+04 1.194000000000000000e+03
1.810000000000000000e+04 1.186000000000000000e+03
1.820000000000000000e+04 1.252000000000000000e+03
1.830000000000000000e+04 1.313000000000000000e+03
1.840000000000000000e+04 1.386000000000000000e+03
1.850000000000000000e+04 1.461000000000000000e+03
1.860000000000000000e+04 1.533000000000000000e+03
1.870000000000000000e+04 1.687000000000000000e+03
1.880000000000000000e+04 1.823000000000000000e+03
1.890000000000000000e+04 1.939000000000000000e+03
1.900000000000000000e+04 2.116000000000000000e+03
1.910000000000000000e+04 2.284000000000000000e+03
1.920000000000000000e+04 2.471000000000000000e+03
1.930000000000000000e+04 2.704000000000000000e+03
1.940000000000000000e+04 2.811000000000000000e+03
1.950000000000000000e+04 3.106000000000000000e+03
1.960000000000000000e+04 3.286000000000000000e+03
1.970000000000000000e+04 3.520000000000000000e+03
1.980000000000000000e+04 3.683000000000000000e+03
1.990000000000000000e+04 3.977000000000000000e+03
