0.000000000000000000e+00 5.202000000000000000e+03
2.000000000000000000e+01 5.410000000000000000e+03
4.000000000000000000e+01 5.481000000000000000e+03
6.000000000000000000e+01 5.785000000000000000e+03
8.000000000000000000e+01 5.728000000000000000e+03
1.000000000000000000e+02 5.694000000000000000e+03
1.200000000000000000e+02 5.971000000000000000e+03
1.400000000000000000e+02 6.071000000000000000e+03
1.600000000000000000e+02 6.032000000000000000e+03
1.800000000000000000e+02 6.245000000000000000e+03
2.000000000000000000e+02 6.237000000000000000e+03
2.200000000000000000e+02 6.431000000000000000e+03
2.400000000000000000e+02 6.304000000000000000e+03
2.600000000000000000e+02 6.302000000000000000e+03
2.800000000000000000e+02 6.461000000000000000e+03
3.000000000000000000e+02 6.689000000000000000e+03
3.200000000000000000e+02 6.546000000000000000e+03
3.400000000000000000e+02 6.580000000000000000e+03
3.600000000000000000e+02 6.587000000000000000e+03
3.800000000000000000e+02 6.720000000000000000e+03
4.000000000000000000e+02 6.595000000000000000e+03
4.200000000000000000e+02 6.718000000000000000e+03
4.400000000000000000e+02 6.582000000000000000e+03
4.600000000000000000e+02 6.606000000000000000e+03
4.800000000000000000e+02 6.606000000000000000e+03
5.000000000000000000e+02 6.686000000000000000e+03
5.200000000000000000e+02 6.658000000000000000e+03
5.400000000000000000e+02 6.622000000000000000e+03
5.600000000000000000e+02 6.713000000000000000e+03
5.800000000000000000e+02 6.367000000000000000e+03
6.000000000000000000e+02 6.598000000000000000e+03
6.200000000000000000e+02 6.595000000000000000e+03
6.400000000000000000e+02 6.471000000000000000e+03
6.600000000000000000e+02 6.341000000000000000e+03
6.800000000000000000e+02 6.409000000000000000e+03
7.000000000000000000e+02 6.446000000000000000e+03
7.200000000000000000e+02 6.187000000000000000e+03
7.400000000000000000e+02 6.213000000000000000e+03
7.600000000000000000e+02 6.060000000000000000e+03
7.800000000000000000e+02 5.882000000000000000e+03
8.000000000000000000e+02 6.020000000000000000e+03
8.200000000000000000e+02 5.811000000000000000e+03
8.400000000000000000e+02 5.858000000000000000e+03
8.600000000000000000e+02 5.548000000000000000e+03
8.800000000000000000e+02 5.424000000000000000e+03
9.000000000000000000e+02 5.360000000000000000e+03
9.200000000000000000e+02 5.338000000000000000e+03
9.400000000000000000e+02 5.168000000000000000e+03
9.600000000000000000e+02 4.862000000000000000e+03
9.800000000000000000e+02 4.842000000000000000e+03
1.000000000000000000e+03 4.747000000000000000e+03
1.020000000000000000e+03 4.562000000000000000e+03
1.040000000000000000e+03 4.507000000000000000e+03
1.060000000000000000e+03 4.330000000000000000e+03
1.080000000000000000e+03 4.111000000000000000e+03
1.100000000000000000e+03 4.010000000000000000e+03
1.120000000000000000e+03 3.810000000000000000e+03
1.140000000000000000e+03 3.691000000000000000e+03
1.160000000000000000e+03 3.560000000000000000e+03
1.180000000000000000e+03 3.433000000000000000e+03
1.200000000000000000e+03 3.331000000000000000e+03
1.220000000000000000e+03 3.132000000000000000e+03
1.240000000000000000e+03 3.050000000000000000e+03
1.260000000000000000e+03 2.914000000000000000e+03
1.280000000000000000e+03 2.856000000000000000e+03
1.300000000000000000e+03 2.873000000000000000e+03
1.320000000000000000e+03 2.552000000000000000e+03
1.340000000000000000e+03 2.462000000000000000e+03
1.360000000000000000e+03 2.398000000000000000e+03
1.380000000000000000e+03 2.351000000000000000e+03
1.400000000000000000e+03 2.324000000000000000e+03
1.420000000000000000e+03 2.275000000000000000e+03
1.440000000000000000e+03 2.235000000000000000e+03
1.460000000000000000e+03 2.143000000000000000e+03
1.480000000000000000e+03 2.170000000000000000e+03
1.500000000000000000e+03 2.189000000000000000e+03
1.520000000000000000e+03 2.111000000000000000e+03
1.540000000000000000e+03 2.111000000000000000e+03
1.560000000000000000e+03 2.195000000000000000e+03
1.580000000000000000e+03 2.279000000000000000e+03
1.600000000000000000e+03 2.425000000000000000e+03
1.620000000000000000e+03 2.339000000000000000e+03
1.640000000000000000e+03 2.412000000000000000e+03
1.660000000000000000e+03 2.610000000000000000e+03
1.680000000000000000e+03 2.737000000000000000e+03
1.700000000000000000e+03 3.038000000000000000e+03
1.720000000000000000e+03 3.150000000000000000e+03
1.740000000000000000e+03 3.206000000000000000e+03
1.760000000000000000e+03 3.464000000000000000e+03
1.780000000000000000e+03 3.483000000000000000e+03
1.800000000000000000e+03 3.556000000000000000e+03
1.820000000000000000e+03 3.843000000000000000e+03
1.840000000000000000e+03 4.075000000000000000e+03
1.860000000000000000e+03 4.396000000000000000e+03
1.880000000000000000e+03 4.286000000000000000e+03
1.900000000000000000e+03 4.597000000000000000e+03
1.920000000000000000e+03 4.719000000000000000e+03
1.940000000000000000e+03 4.866000000000000000e+03
1.960000000000000000e+03 4.994000000000000000e+03
1.980000000000000000e+03 5.177000000000000000e+03
2.000000000000000000e+03 5.248000000000000000e+03
2.020000000000000000e+03 5.298000000000000000e+03
2.040000000000000000e+03 5.589000000000000000e+03
2.060000000000000000e+03 5.668000000000000000e+03
2.080000000000000000e+03 5.748000000000000000e+03
2.100000000000000000e+03 5.814000000000000000e+03
2.120000000000000000e+03 5.963000000000000000e+03
2.140000000000000000e+03 6.023000000000000000e+03
2.160000000000000000e+03 5.991000000000000000e+03
2.180000000000000000e+03 6.203000000000000000e+03
2.200000000000000000e+03 6.238000000000000000e+03
2.220000000000000000e+03 6.413000000000000000e+03
2.240000000000000000e+03 6.467000000000000000e+03
2.260000000000000000e+03 6.576000000000000000e+03
2.280000000000000000e+03 6.494000000000000000e+03
2.300000000000000000e+03 6.443000000000000000e+03
2.320000000000000000e+03 6.460000000000000000e+03
2.340000000000000000e+03 6.450000000000000000e+03
2.360000000000000000e+03 6.670000000000000000e+03
2.380000000000000000e+03 6.620000000000000000e+03
2.400000000000000000e+03 6.592000000000000000e+03
2.420000000000000000e+03 6.690000000000000000e+03
2.440000000000000000e+03 6.578000000000000000e+03
2.460000000000000000e+03 6.666000000000000000e+03
2.480000000000000000e+03 6.585000000000000000e+03
2.500000000000000000e+03 6.609000000000000000e+03
2.520000000000000000e+03 6.566000000000000000e+03
2.540000000000000000e+03 6.764000000000000000e+03
2.560000000000000000e+03 6.714000000000000000e+03
2.580000000000000000e+03 6.628000000000000000e+03
2.600000000000000000e+03 6.547000000000000000e+03
2.620000000000000000e+03 6.400000000000000000e+03
2.640000000000000000e+03 6.464000000000000000e+03
2.660000000000000000e+03 6.397000000000000000e+03
2.680000000000000000e+03 6.354000000000000000e+03
2.700000000000000000e+03 6.227000000000000000e+03
2.720000000000000000e+03 6.182000000000000000e+03
2.740000000000000000e+03 6.254000000000000000e+03
2.760000000000000000e+03 6.114000000000000000e+03
2.780000000000000000e+03 6.073000000000000000e+03
2.800000000000000000e+03 5.972000000000000000e+03
2.820000000000000000e+03 5.837000000000000000e+03
2.840000000000000000e+03 5.712000000000000000e+03
2.860000000000000000e+03 5.641000000000000000e+03
2.880000000000000000e+03 5.654000000000000000e+03
2.900000000000000000e+03 5.470000000000000000e+03
2.920000000000000000e+03 5.247000000000000000e+03
2.940000000000000000e+03 5.213000000000000000e+03
2.960000000000000000e+03 5.002000000000000000e+03
2.980000000000000000e+03 4.803000000000000000e+03
3.000000000000000000e+03 4.681000000000000000e+03
3.020000000000000000e+03 4.664000000000000000e+03
3.040000000000000000e+03 4.286000000000000000e+03
3.060000000000000000e+03 4.374000000000000000e+03
3.080000000000000000e+03 4.013000000000000000e+03
3.100000000000000000e+03 3.926000000000000000e+03
3.120000000000000000e+03 3.896000000000000000e+03
3.140000000000000000e+03 3.676000000000000000e+03
3.160000000000000000e+03 3.574000000000000000e+03
3.180000000000000000e+03 3.361000000000000000e+03
3.200000000000000000e+03 3.230000000000000000e+03
3.220000000000000000e+03 3.190000000000000000e+03
3.240000000000000000e+03 2.946000000000000000e+03
3.260000000000000000e+03 2.881000000000000000e+03
3.280000000000000000e+03 2.746000000000000000e+03
3.300000000000000000e+03 2.681000000000000000e+03
3.320000000000000000e+03 2.599000000000000000e+03
3.340000000000000000e+03 2.453000000000000000e+03
3.360000000000000000e+03 2.460000000000000000e+03
3.380000000000000000e+03 2.324000000000000000e+03
3.400000000000000000e+03 2.296000000000000000e+03
3.420000000000000000e+03 2.178000000000000000e+03
3.440000000000000000e+03 2.121000000000000000e+03
3.460000000000000000e+03 2.127000000000000000e+03
3.480000000000000000e+03 2.159000000000000000e+03
3.500000000000000000e+03 2.168000000000000000e+03
3.520000000000000000e+03 2.200000000000000000e+03
3.540000000000000000e+03 2.240000000000000000e+03
3.560000000000000000e+03 2.265000000000000000e+03
3.580000000000000000e+03 2.300000000000000000e+03
3.600000000000000000e+03 2.382000000000000000e+03
3.620000000000000000e+03 2.359000000000000000e+03
3.640000000000000000e+03 2.474000000000000000e+03
3.660000000000000000e+03 2.546000000000000000e+03
3.680000000000000000e+03 2.714000000000000000e+03
3.700000000000000000e+03 2.838000000000000000e+03
3.720000000000000000e+03 3.038000000000000000e+03
3.740000000000000000e+03 3.340000000000000000e+03
3.760000000000000000e+03 3.356000000000000000e+03
3.780000000000000000e+03 3.451000000000000000e+03
3.800000000000000000e+03 3.648000000000000000e+03
3.820000000000000000e+03 3.871000000000000000e+03
3.840000000000000000e+03 4.057000000000000000e+03
3.860000000000000000e+03 4.233000000000000000e+03
3.880000000000000000e+03 4.387000000000000000e+03
3.900000000000000000e+03 4.661000000000000000e+03
3.920000000000000000e+03 4.692000000000000000e+03
3.940000000000000000e+03 4.859000000000000000e+03
3.960000000000000000e+03 5.069000000000000000e+03
3.980000000000000000e+03 5.272000000000000000e+03
