0.000000000000000000e+00 8.208000000000000000e+03
5.000000000000000000e+03 8.452000000000000000e+03
1.000000000000000000e+04 8.361000000000000000e+03
1.500000000000000000e+04 8.578000000000000000e+03
2.000000000000000000e+04 8.803000000000000000e+03
2.500000000000000000e+04 8.795000000000000000e+03
3.000000000000000000e+04 8.819000000000000000e+03
3.500000000000000000e+04 8.908000000000000000e+03
4.000000000000000000e+04 9.063000000000000000e+03
4.500000000000000000e+04 9.305000000000000000e+03
5.000000000000000000e+04 9.089000000000000000e+03
5.500000000000000000e+04 9.274000000000000000e+03
6.000000000000000000e+04 9.420000000000000000e+03
6.500000000000000000e+04 9.413000000000000000e+03
7.000000000000000000e+04 9.575000000000000000e+03
7.500000000000000000e+04 9.462000000000000000e+03
8.000000000000000000e+04 9.351000000000000000e+03
8.500000000000000000e+04 9.386000000000000000e+03
9.000000000000000000e+04 9.602000000000000000e+03
9.500000000000000000e+04 9.540000000000000000e+03
1.000000000000000000e+05 9.418000000000000000e+03
1.050000000000000000e+05 9.391000000000000000e+03
1.100000000000000000e+05 9.191000000000000000e+03
1.150000000000000000e+05 9.456000000000000000e+03
1.200000000000000000e+05 9.332000000000000000e+03
1.250000000000000000e+05 9.310000000000000000e+03
1.300000000000000000e+05 9.234000000000000000e+03
1.350000000000000000e+05 9.220000000000000000e+03
1.400000000000000000e+05 9.130000000000000000e+03
1.450000000000000000e+05 9.162000000000000000e+03
1.500000000000000000e+05 9.033000000000000000e+03
1.550000000000000000e+05 9.067000000000000000e+03
1.600000000000000000e+05 8.930000000000000000e+03
1.650000000000000000e+05 8.677000000000000000e+03
1.700000000000000000e+05 8.782000000000000000e+03
1.750000000000000000e+05 8.615000000000000000e+03
1.800000000000000000e+05 8.621000000000000000e+03
1.850000000000000000e+05 8.319000000000000000e+03
1.900000000000000000e+05 8.348000000000000000e+03
1.950000000000000000e+05 8.110000000000000000e+03
2.000000000000000000e+05 7.846000000000000000e+03
2.050000000000000000e+05 7.726000000000000000e+03
2.100000000000000000e+05 7.665000000000000000e+03
2.150000000000000000e+05 7.404000000000000000e+03
2.200000000000000000e+05 7.208000000000000000e+03
2.250000000000000000e+05 7.024000000000000000e+03
2.300000000000000000e+05 6.817000000000000000e+03
2.350000000000000000e+05 6.393000000000000000e+03
2.400000000000000000e+05 6.397000000000000000e+03
2.450000000000000000e+05 6.158000000000000000e+03
2.500000000000000000e+05 5.889000000000000000e+03
2.550000000000000000e+05 5.623000000000000000e+03
2.600000000000000000e+05 5.381000000000000000e+03
2.650000000000000000e+05 5.116000000000000000e+03
2.700000000000000000e+05 4.942000000000000000e+03
2.750000000000000000e+05 4.609000000000000000e+03
2.800000000000000000e+05 4.437000000000000000e+03
2.850000000000000000e+05 4.192000000000000000e+03
2.900000000000000000e+05 3.989000000000000000e+03
2.950000000000000000e+05 3.854000000000000000e+03
3.000000000000000000e+05 3.625000000000000000e+03
3.050000000000000000e+05 3.406000000000000000e+03
3.100000000000000000e+05 3.241000000000000000e+03
3.150000000000000000e+05 3.265000000000000000e+03
3.200000000000000000e+05 2.961000000000000000e+03
3.250000000000000000e+05 2.933000000000000000e+03
3.300000000000000000e+05 2.876000000000000000e+03
3.350000000000000000e+05 2.773000000000000000e+03
3.400000000000000000e+05 2.770000000000000000e+03
3.450000000000000000e+05 2.732000000000000000e+03
3.500000000000000000e+05 2.724000000000000000e+03
3.550000000000000000e+05 2.800000000000000000e+03
3.600000000000000000e+05 2.792000000000000000e+03
3.650000000000000000e+05 2.844000000000000000e+03
3.700000000000000000e+05 2.946000000000000000e+03
3.750000000000000000e+05 3.062000000000000000e+03
3.800000000000000000e+05 3.199000000000000000e+03
3.850000000000000000e+05 3.467000000000000000e+03
3.900000000000000000e+05 3.513000000000000000e+03
3.950000000000000000e+05 3.684000000000000000e+03
4.000000000000000000e+05 4.069000000000000000e+03
4.050000000000000000e+05 4.167000000000000000e+03
4.100000000000000000e+05 4.430000000000000000e+03
4.150000000000000000e+05 4.525000000000000000e+03
4.200000000000000000e+05 4.813000000000000000e+03
4.250000000000000000e+05 5.187000000000000000e+03
4.300000000000000000e+05 5.220000000000000000e+03
4.350000000000000000e+05 5.566000000000000000e+03
4.400000000000000000e+05 5.852000000000000000e+03
4.450000000000000000e+05 6.102000000000000000e+03
4.500000000000000000e+05 6.359000000000000000e+03
4.550000000000000000e+05 6.627000000000000000e+03
4.600000000000000000e+05 6.727000000000000000e+03
4.650000000000000000e+05 6.986000000000000000e+03
4.700000000000000000e+05 7.098000000000000000e+03
4.750000000000000000e+05 7.275000000000000000e+03
4.800000000000000000e+05 7.635000000000000000e+03
4.850000000000000000e+05 7.674000000000000000e+03
4.900000000000000000e+05 7.965000000000000000e+03
4.950000000000000000e+05 8.137000000000000000e+03
5.000000000000000000e+05 8.070000000000000000e+03
5.050000000000000000e+05 8.433000000000000000e+03
5.100000000000000000e+05 8.278000000000000000e+03
5.150000000000000000e+05 8.558000000000000000e+03
5.200000000000000000e+05 8.894000000000000000e+03
5.250000000000000000e+05 8.911000000000000000e+03
5.300000000000000000e+05 8.790000000000000000e+03
5.350000000000000000e+05 9.210000000000000000e+03
5.400000000000000000e+05 9.096000000000000000e+03
5.450000000000000000e+05 9.031000000000000000e+03
5.500000000000000000e+05 9.013000000000000000e+03
5.550000000000000000e+05 9.052000000000000000e+03
5.600000000000000000e+05 9.240000000000000000e+03
5.650000000000000000e+05 9.364000000000000000e+03
5.700000000000000000e+05 9.346000000000000000e+03
5.750000000000000000e+05 9.477000000000000000e+03
5.800000000000000000e+05 9.293000000000000000e+03
5.850000000000000000e+05 9.555000000000000000e+03
5.900000000000000000e+05 9.261000000000000000e+03
5.950000000000000000e+05 9.603000000000000000e+03
6.000000000000000000e+05 9.511000000000000000e+03
6.050000000000000000e+05 9.556000000000000000e+03
6.100000000000000000e+05 9.257000000000000000e+03
6.150000000000000000e+05 9.462000000000000000e+03
6.200000000000000000e+05 9.554000000000000000e+03
6.250000000000000000e+05 9.173000000000000000e+03
6.300000000000000000e+05 9.379000000000000000e+03
6.350000000000000000e+05 9.285000000000000000e+03
6.400000000000000000e+05 9.188000000000000000e+03
6.450000000000000000e+05 8.993000000000000000e+03
6.500000000000000000e+05 9.196000000000000000e+03
6.550000000000000000e+05 9.190000000000000000e+03
6.600000000000000000e+05 9.029000000000000000e+03
6.650000000000000000e+05 8.878000000000000000e+03
6.700000000000000000e+05 8.536000000000000000e+03
6.750000000000000000e+05 8.534000000000000000e+03
6.800000000000000000e+05 8.376000000000000000e+03
6.850000000000000000e+05 8.408000000000000000e+03
6.900000000000000000e+05 8.160000000000000000e+03
6.950000000000000000e+05 8.324000000000000000e+03
7.000000000000000000e+05 7.949000000000000000e+03
7.050000000000000000e+05 7.743000000000000000e+03
7.100000000000000000e+05 7.554000000000000000e+03
7.150000000000000000e+05 7.442000000000000000e+03
7.200000000000000000e+05 7.242000000000000000e+03
7.250000000000000000e+05 7.243000000000000000e+03
7.300000000000000000e+05 6.742000000000000000e+03
7.350000000000000000e+05 6.508000000000000000e+03
7.400000000000000000e+05 6.401000000000000000e+03
7.450000000000000000e+05 6.096000000000000000e+03
7.500000000000000000e+05 5.866000000000000000e+03
7.550000000000000000e+05 5.696000000000000000e+03
7.600000000000000000e+05 5.299000000000000000e+03
7.650000000000000000e+05 5.037000000000000000e+03
7.700000000000000000e+05 4.879000000000000000e+03
7.750000000000000000e+05 4.625000000000000000e+03
7.800000000000000000e+05 4.477000000000000000e+03
7.850000000000000000e+05 4.279000000000000000e+03
7.900000000000000000e+05 3.940000000000000000e+03
7.950000000000000000e+05 3.701000000000000000e+03
8.000000000000000000e+05 3.572000000000000000e+03
8.050000000000000000e+05 3.466000000000000000e+03
8.100000000000000000e+05 3.286000000000000000e+03
8.150000000000000000e+05 3.123000000000000000e+03
8.200000000000000000e+05 3.056000000000000000e+03
8.250000000000000000e+05 2.848000000000000000e+03
8.300000000000000000e+05 2.775000000000000000e+03
8.350000000000000000e+05 2.818000000000000000e+03
8.400000000000000000e+05 2.669000000000000000e+03
8.450000000000000000e+05 2.710000000000000000e+03
8.500000000000000000e+05 2.778000000000000000e+03
8.550000000000000000e+05 2.814000000000000000e+03
8.600000000000000000e+05 2.794000000000000000e+03
8.650000000000000000e+05 2.888000000000000000e+03
8.700000000000000000e+05 2.959000000000000000e+03
8.750000000000000000e+05 3.098000000000000000e+03
8.800000000000000000e+05 3.344000000000000000e+03
8.850000000000000000e+05 3.309000000000000000e+03
8.900000000000000000e+05 3.642000000000000000e+03
8.950000000000000000e+05 3.720000000000000000e+03
9.000000000000000000e+05 3.896000000000000000e+03
9.050000000000000000e+05 4.076000000000000000e+03
9.100000000000000000e+05 4.355000000000000000e+03
9.150000000000000000e+05 4.669000000000000000e+03
9.200000000000000000e+05 4.903000000000000000e+03
9.250000000000000000e+05 5.218000000000000000e+03
9.300000000000000000e+05 5.331000000000000000e+03
9.350000000000000000e+05 5.453000000000000000e+03
9.400000000000000000e+05 5.820000000000000000e+03
9.450000000000000000e+05 5.997000000000000000e+03
9.500000000000000000e+05 6.087000000000000000e+03
9.550000000000000000e+05 6.426000000000000000e+03
9.600000000000000000e+05 6.646000000000000000e+03
9.650000000000000000e+05 7.041000000000000000e+03
9.700000000000000000e+05 6.989000000000000000e+03
9.750000000000000000e+05 7.172000000000000000e+03
9.800000000000000000e+05 7.699000000000000000e+03
9.850000000000000000e+05 7.651000000000000000e+03
9.900000000000000000e+05 8.026000000000000000e+03
9.950000000000000000e+05 8.153000000000000000e+03
