0.000000000000000000e+00 5.903000000000000000e+03
2.000000000000000000e+02 6.176000000000000000e+03
4.000000000000000000e+02 6.184000000000000000e+03
6.000000000000000000e+02 6.288000000000000000e+03
8.000000000000000000e+02 6.401000000000000000e+03
1.000000000000000000e+03 6.608000000000000000e+03
1.200000000000000000e+03 6.559000000000000000e+03
1.400000000000000000e+03 6.547000000000000000e+03
1.600000000000000000e+03 6.687000000000000000e+03
1.800000000000000000e+03 6.579000000000000000e+03
2.000000000000000000e+03 6.584000000000000000e+03
2.200000000000000000e+03 6.841000000000000000e+03
2.400000000000000000e+03 6.683000000000000000e+03
2.600000000000000000e+03 6.696000000000000000e+03
2.800000000000000000e+03 6.723000000000000000e+03
3.000000000000000000e+03 6.786000000000000000e+03
3.200000000000000000e+03 6.900000000000000000e+03
3.400000000000000000e+03 6.771000000000000000e+03
3.600000000000000000e+03 6.850000000000000000e+03
3.800000000000000000e+03 6.840000000000000000e+03
4.000000000000000000e+03 6.892000000000000000e+03
4.200000000000000000e+03 6.878000000000000000e+03
4.400000000000000000e+03 6.811000000000000000e+03
4.600000000000000000e+03 6.978000000000000000e+03
4.800000000000000000e+03 6.789000000000000000e+03
5.000000000000000000e+03 6.813000000000000000e+03
5.200000000000000000e+03 6.961000000000000000e+03
5.400000000000000000e+03 6.671000000000000000e+03
5.600000000000000000e+03 6.649000000000000000e+03
5.800000000000000000e+03 6.790000000000000000e+03
6.000000000000000000e+03 6.704000000000000000e+03
6.200000000000000000e+03 6.811000000000000000e+03
6.400000000000000000e+03 6.524000000000000000e+03
6.600000000000000000e+03 6.582000000000000000e+03
6.800000000000000000e+03 6.436000000000000000e+03
7.000000000000000000e+03 6.267000000000000000e+03
7.200000000000000000e+03 6.130000000000000000e+03
7.400000000000000000e+03 6.177000000000000000e+03
7.600000000000000000e+03 6.156000000000000000e+03
7.800000000000000000e+03 5.928000000000000000e+03
8.000000000000000000e+03 5.927000000000000000e+03
8.200000000000000000e+03 5.964000000000000000e+03
8.400000000000000000e+03 5.661000000000000000e+03
8.600000000000000000e+03 5.447000000000000000e+03
8.800000000000000000e+03 5.146000000000000000e+03
9.000000000000000000e+03 5.215000000000000000e+03
9.200000000000000000e+03 5.025000000000000000e+03
9.400000000000000000e+03 4.904000000000000000e+03
9.600000000000000000e+03 4.815000000000000000e+03
9.800000000000000000e+03 4.662000000000000000e+03
1.000000000000000000e+04 4.302000000000000000e+03
1.020000000000000000e+04 4.223000000000000000e+03
1.040000000000000000e+04 3.968000000000000000e+03
1.060000000000000000e+04 3.844000000000000000e+03
1.080000000000000000e+04 3.702000000000000000e+03
1.100000000000000000e+04 3.555000000000000000e+03
1.120000000000000000e+04 3.336000000000000000e+03
1.140000000000000000e+04 3.336000000000000000e+03
1.160000000000000000e+04 3.139000000000000000e+03
1.180000000000000000e+04 2.936000000000000000e+03
1.200000000000000000e+04 2.838000000000000000e+03
1.220000000000000000e+04 2.656000000000000000e+03
1.240000000000000000e+04 2.497000000000000000e+03
1.260000000000000000e+04 2.463000000000000000e+03
1.280000000000000000e+04 2.361000000000000000e+03
1.300000000000000000e+04 2.254000000000000000e+03
1.320000000000000000e+04 2.098000000000000000e+03
1.340000000000000000e+04 2.154000000000000000e+03
1.360000000000000000e+04 2.002000000000000000e+03
1.380000000000000000e+04 1.986000000000000000e+03
1.400000000000000000e+04 2.036000000000000000e+03
1.420000000000000000e+04 2.013000000000000000e+03
1.440000000000000000e+04 2.136000000000000000e+03
1.460000000000000000e+04 2.171000000000000000e+03
1.480000000000000000e+04 2.149000000000000000e+03
1.500000000000000000e+04 2.336000000000000000e+03
1.520000000000000000e+04 2.396000000000000000e+03
1.540000000000000000e+04 2.450000000000000000e+03
1.560000000000000000e+04 2.618000000000000000e+03
1.580000000000000000e+04 2.652000000000000000e+03
1.600000000000000000e+04 2.865000000000000000e+03
1.620000000000000000e+04 3.040000000000000000e+03
1.640000000000000000e+04 3.161000000000000000e+03
1.660000000000000000e+04 3.372000000000000000e+03
1.680000000000000000e+04 3.588000000000000000e+03
1.700000000000000000e+04 3.684000000000000000e+03
1.720000000000000000e+04 3.902000000000000000e+03
1.740000000000000000e+04 3.935000000000000000e+03
1.760000000000000000e+04 4.355000000000000000e+03
1.780000000000000000e+04 4.358000000000000000e+03
1.800000000000000000e+04 4.672000000000000000e+03
1.820000000000000000e+04 4.769000000000000000e+03
1.840000000000000000e+04 4.878000000000000000e+03
1.860000000000000000e+04 5.191000000000000000e+03
1.880000000000000000e+04 5.293000000000000000e+03
1.900000000000000000e+04 5.383000000000000000e+03
1.920000000000000000e+04 5.484000000000000000e+03
1.940000000000000000e+04 5.530000000000000000e+03
1.960000000000000000e+04 5.812000000000000000e+03
1.980000000000000000e+04 5.834000000000000000e+03
2.000000000000000000e+04 5.918000000000000000e+03
2.020000000000000000e+04 6.113000000000000000e+03
2.040000000000000000e+04 6.190000000000000000e+03
2.060000000000000000e+04 6.285000000000000000e+03
2.080000000000000000e+04 6.330000000000000000e+03
2.100000000000000000e+04 6.516000000000000000e+03
2.120000000000000000e+04 6.532000000000000000e+03
2.140000000000000000e+04 6.582000000000000000e+03
2.160000000000000000e+04 6.704000000000000000e+03
2.180000000000000000e+04 6.757000000000000000e+03
2.200000000000000000e+04 6.668000000000000000e+03
2.220000000000000000e+04 6.648000000000000000e+03
2.240000000000000000e+04 6.683000000000000000e+03
2.260000000000000000e+04 6.894000000000000000e+03
2.280000000000000000e+04 6.731000000000000000e+03
2.300000000000000000e+04 6.857000000000000000e+03
2.320000000000000000e+04 6.742000000000000000e+03
2.340000000000000000e+04 6.904000000000000000e+03
2.360000000000000000e+04 6.852000000000000000e+03
2.380000000000000000e+04 6.852000000000000000e+03
2.400000000000000000e+04 6.979000000000000000e+03
2.420000000000000000e+04 6.706000000000000000e+03
2.440000000000000000e+04 6.866000000000000000e+03
2.460000000000000000e+04 6.910000000000000000e+03
2.480000000000000000e+04 6.921000000000000000e+03
2.500000000000000000e+04 6.889000000000000000e+03
2.520000000000000000e+04 6.713000000000000000e+03
2.540000000000000000e+04 6.781000000000000000e+03
2.560000000000000000e+04 6.777000000000000000e+03
2.580000000000000000e+04 6.620000000000000000e+03
2.600000000000000000e+04 6.699000000000000000e+03
2.620000000000000000e+04 6.855000000000000000e+03
2.640000000000000000e+04 6.421000000000000000e+03
2.660000000000000000e+04 6.560000000000000000e+03
2.680000000000000000e+04 6.446000000000000000e+03
2.700000000000000000e+04 6.464000000000000000e+03
2.720000000000000000e+04 6.234000000000000000e+03
2.740000000000000000e+04 6.154000000000000000e+03
2.760000000000000000e+04 6.129000000000000000e+03
2.780000000000000000e+04 5.910000000000000000e+03
2.800000000000000000e+04 5.914000000000000000e+03
2.820000000000000000e+04 5.790000000000000000e+03
2.840000000000000000e+04 5.692000000000000000e+03
2.860000000000000000e+04 5.586000000000000000e+03
2.880000000000000000e+04 5.471000000000000000e+03
2.900000000000000000e+04 5.208000000000000000e+03
2.920000000000000000e+04 5.050000000000000000e+03
2.940000000000000000e+04 4.888000000000000000e+03
2.960000000000000000e+04 4.634000000000000000e+03
2.980000000000000000e+04 4.549000000000000000e+03
3.000000000000000000e+04 4.387000000000000000e+03
3.020000000000000000e+04 4.231000000000000000e+03
3.040000000000000000e+04 3.979000000000000000e+03
3.060000000000000000e+04 3.869000000000000000e+03
3.080000000000000000e+04 3.855000000000000000e+03
3.100000000000000000e+04 3.591000000000000000e+03
3.120000000000000000e+04 3.468000000000000000e+03
3.140000000000000000e+04 3.279000000000000000e+03
3.160000000000000000e+04 3.067000000000000000e+03
3.180000000000000000e+04 2.951000000000000000e+03
3.200000000000000000e+04 2.753000000000000000e+03
3.220000000000000000e+04 2.635000000000000000e+03
3.240000000000000000e+04 2.532000000000000000e+03
3.260000000000000000e+04 2.387000000000000000e+03
3.280000000000000000e+04 2.353000000000000000e+03
3.300000000000000000e+04 2.222000000000000000e+03
3.320000000000000000e+04 2.128000000000000000e+03
3.340000000000000000e+04 2.151000000000000000e+03
3.360000000000000000e+04 2.115000000000000000e+03
3.380000000000000000e+04 2.054000000000000000e+03
3.400000000000000000e+04 2.021000000000000000e+03
3.420000000000000000e+04 2.008000000000000000e+03
3.440000000000000000e+04 2.090000000000000000e+03
3.460000000000000000e+04 2.174000000000000000e+03
3.480000000000000000e+04 2.304000000000000000e+03
3.500000000000000000e+04 2.291000000000000000e+03
3.520000000000000000e+04 2.343000000000000000e+03
3.540000000000000000e+04 2.456000000000000000e+03
3.560000000000000000e+04 2.570000000000000000e+03
3.580000000000000000e+04 2.758000000000000000e+03
3.600000000000000000e+04 2.866000000000000000e+03
3.620000000000000000e+04 2.992000000000000000e+03
3.640000000000000000e+04 3.113000000000000000e+03
3.660000000000000000e+04 3.342000000000000000e+03
3.680000000000000000e+04 3.494000000000000000e+03
3.700000000000000000e+04 3.780000000000000000e+03
3.720000000000000000e+04 3.856000000000000000e+03
3.740000000000000000e+04 4.091000000000000000e+03
3.760000000000000000e+04 4.155000000000000000e+03
3.780000000000000000e+04 4.334000000000000000e+03
3.800000000000000000e+04 4.544000000000000000e+03
3.820000000000000000e+04 4.744000000000000000e+03
3.840000000000000000e+04 5.021000000000000000e+03
3.860000000000000000e+04 5.009000000000000000e+03
3.880000000000000000e+04 5.311000000000000000e+03
3.900000000000000000e+04 5.396000000000000000e+03
3.920000000000000000e+04 5.591000000000000000e+03
3.940000000000000000e+04 5.800000000000000000e+03
3.960000000000000000e+04 5.712000000000000000e+03
3.980000000000000000e+04 5.883000000000000000e+03
