0.000000000000000000e+00 7.535000000000000000e+03
2.000000000000000000e+03 7.611000000000000000e+03
4.000000000000000000e+03 7.921000000000000000e+03
6.000000000000000000e+03 7.845000000000000000e+03
8.000000000000000000e+03 8.006000000000000000e+03
1.000000000000000000e+04 8.041000000000000000e+03
1.200000000000000000e+04 8.157000000000000000e+03
1.400000000000000000e+04 8.175000000000000000e+03
1.600000000000000000e+04 8.338000000000000000e+03
1.800000000000000000e+04 8.516000000000000000e+03
2.000000000000000000e+04 8.313000000000000000e+03
2.200000000000000000e+04 8.476000000000000000e+03
2.400000000000000000e+04 8.370000000000000000e+03
2.600000000000000000e+04 8.471000000000000000e+03
2.800000000000000000e+04 8.492000000000000000e+03
3.000000000000000000e+04 8.477000000000000000e+03
3.200000000000000000e+04 8.559000000000000000e+03
3.400000000000000000e+04 8.733000000000000000e+03
3.600000000000000000e+04 8.434000000000000000e+03
3.800000000000000000e+04 8.660000000000000000e+03
4.000000000000000000e+04 8.492000000000000000e+03
4.200000000000000000e+04 8.632000000000000000e+03
4.400000000000000000e+04 8.512000000000000000e+03
4.600000000000000000e+04 8.570000000000000000e+03
4.800000000000000000e+04 8.641000000000000000e+03
5.000000000000000000e+04 8.484000000000000000e+03
5.200000000000000000e+04 8.459000000000000000e+03
5.400000000000000000e+04 8.652000000000000000e+03
5.600000000000000000e+04 8.512000000000000000e+03
5.800000000000000000e+04 8.356000000000000000e+03
6.000000000000000000e+04 8.216000000000000000e+03
6.200000000000000000e+04 8.157000000000000000e+03
6.400000000000000000e+04 8.294000000000000000e+03
6.600000000000000000e+04 8.195000000000000000e+03
6.800000000000000000e+04 7.916000000000000000e+03
7.000000000000000000e+04 7.807000000000000000e+03
7.200000000000000000e+04 7.615000000000000000e+03
7.400000000000000000e+04 7.817000000000000000e+03
7.600000000000000000e+04 7.468000000000000000e+03
7.800000000000000000e+04 7.563000000000000000e+03
8.000000000000000000e+04 7.386000000000000000e+03
8.200000000000000000e+04 7.115000000000000000e+03
8.400000000000000000e+04 7.090000000000000000e+03
8.600000000000000000e+04 6.717000000000000000e+03
8.800000000000000000e+04 6.651000000000000000e+03
9.000000000000000000e+04 6.470000000000000000e+03
9.200000000000000000e+04 6.314000000000000000e+03
9.400000000000000000e+04 6.173000000000000000e+03
9.600000000000000000e+04 5.793000000000000000e+03
9.800000000000000000e+04 5.690000000000000000e+03
1.000000000000000000e+05 5.356000000000000000e+03
1.020000000000000000e+05 5.167000000000000000e+03
1.040000000000000000e+05 5.040000000000000000e+03
1.060000000000000000e+05 4.900000000000000000e+03
1.080000000000000000e+05 4.509000000000000000e+03
1.100000000000000000e+05 4.269000000000000000e+03
1.120000000000000000e+05 4.126000000000000000e+03
1.140000000000000000e+05 3.981000000000000000e+03
1.160000000000000000e+05 3.715000000000000000e+03
1.180000000000000000e+05 3.504000000000000000e+03
1.200000000000000000e+05 3.274000000000000000e+03
1.220000000000000000e+05 3.166000000000000000e+03
1.240000000000000000e+05 3.041000000000000000e+03
1.260000000000000000e+05 3.000000000000000000e+03
1.280000000000000000e+05 2.915000000000000000e+03
1.300000000000000000e+05 2.837000000000000000e+03
1.320000000000000000e+05 2.690000000000000000e+03
1.340000000000000000e+05 2.581000000000000000e+03
1.360000000000000000e+05 2.567000000000000000e+03
1.380000000000000000e+05 2.604000000000000000e+03
1.400000000000000000e+05 2.531000000000000000e+03
1.420000000000000000e+05 2.590000000000000000e+03
1.440000000000000000e+05 2.816000000000000000e+03
1.460000000000000000e+05 2.759000000000000000e+03
1.480000000000000000e+05 2.817000000000000000e+03
1.500000000000000000e+05 2.901000000000000000e+03
1.520000000000000000e+05 3.158000000000000000e+03
1.540000000000000000e+05 3.155000000000000000e+03
1.560000000000000000e+05 3.356000000000000000e+03
1.580000000000000000e+05 3.460000000000000000e+03
1.600000000000000000e+05 3.583000000000000000e+03
1.620000000000000000e+05 3.811000000000000000e+03
1.640000000000000000e+05 4.044000000000000000e+03
1.660000000000000000e+05 4.334000000000000000e+03
1.680000000000000000e+05 4.419000000000000000e+03
1.700000000000000000e+05 4.772000000000000000e+03
1.720000000000000000e+05 4.914000000000000000e+03
1.740000000000000000e+05 5.220000000000000000e+03
1.760000000000000000e+05 5.367000000000000000e+03
1.780000000000000000e+05 5.583000000000000000e+03
1.800000000000000000e+05 5.782000000000000000e+03
1.820000000000000000e+05 5.993000000000000000e+03
1.840000000000000000e+05 6.319000000000000000e+03
1.860000000000000000e+05 6.400000000000000000e+03
1.880000000000000000e+05 6.626000000000000000e+03
1.900000000000000000e+05 6.760000000000000000e+03
1.920000000000000000e+05 6.863000000000000000e+03
1.940000000000000000e+05 7.053000000000000000e+03
1.960000000000000000e+05 7.222000000000000000e+03
1.980000000000000000e+05 7.544000000000000000e+03
2.000000000000000000e+05 7.503000000000000000e+03
2.020000000000000000e+05 7.518000000000000000e+03
2.040000000000000000e+05 7.710000000000000000e+03
2.060000000000000000e+05 7.803000000000000000e+03
2.080000000000000000e+05 7.952000000000000000e+03
2.100000000000000000e+05 7.951000000000000000e+03
2.120000000000000000e+05 8.215000000000000000e+03
2.140000000000000000e+05 8.238000000000000000e+03
2.160000000000000000e+05 8.410000000000000000e+03
2.180000000000000000e+05 8.479000000000000000e+03
2.200000000000000000e+05 8.370000000000000000e+03
2.220000000000000000e+05 8.325000000000000000e+03
2.240000000000000000e+05 8.349000000000000000e+03
2.260000000000000000e+05 8.369000000000000000e+03
2.280000000000000000e+05 8.507000000000000000e+03
2.300000000000000000e+05 8.606000000000000000e+03
2.320000000000000000e+05 8.520000000000000000e+03
2.340000000000000000e+05 8.788000000000000000e+03
2.360000000000000000e+05 8.551000000000000000e+03
2.380000000000000000e+05 8.637000000000000000e+03
2.400000000000000000e+05 8.673000000000000000e+03
2.420000000000000000e+05 8.689000000000000000e+03
2.440000000000000000e+05 8.648000000000000000e+03
2.460000000000000000e+05 8.570000000000000000e+03
2.480000000000000000e+05 8.603000000000000000e+03
2.500000000000000000e+05 8.459000000000000000e+03
2.520000000000000000e+05 8.416000000000000000e+03
2.540000000000000000e+05 8.600000000000000000e+03
2.560000000000000000e+05 8.533000000000000000e+03
2.580000000000000000e+05 8.422000000000000000e+03
2.600000000000000000e+05 8.179000000000000000e+03
2.620000000000000000e+05 8.278000000000000000e+03
2.640000000000000000e+05 8.215000000000000000e+03
2.660000000000000000e+05 8.175000000000000000e+03
2.680000000000000000e+05 7.858000000000000000e+03
2.700000000000000000e+05 7.914000000000000000e+03
2.720000000000000000e+05 7.836000000000000000e+03
2.740000000000000000e+05 7.601000000000000000e+03
2.760000000000000000e+05 7.676000000000000000e+03
2.780000000000000000e+05 7.511000000000000000e+03
2.800000000000000000e+05 7.372000000000000000e+03
2.820000000000000000e+05 7.176000000000000000e+03
2.840000000000000000e+05 6.962000000000000000e+03
2.860000000000000000e+05 6.846000000000000000e+03
2.880000000000000000e+05 6.796000000000000000e+03
2.900000000000000000e+05 6.445000000000000000e+03
2.920000000000000000e+05 6.351000000000000000e+03
2.940000000000000000e+05 6.132000000000000000e+03
2.960000000000000000e+05 5.920000000000000000e+03
2.980000000000000000e+05 5.569000000000000000e+03
3.000000000000000000e+05 5.533000000000000000e+03
3.020000000000000000e+05 5.237000000000000000e+03
3.040000000000000000e+05 4.988000000000000000e+03
3.060000000000000000e+05 4.818000000000000000e+03
3.080000000000000000e+05 4.503000000000000000e+03
3.100000000000000000e+05 4.406000000000000000e+03
3.120000000000000000e+05 4.058000000000000000e+03
3.140000000000000000e+05 3.996000000000000000e+03
3.160000000000000000e+05 3.752000000000000000e+03
3.180000000000000000e+05 3.559000000000000000e+03
3.200000000000000000e+05 3.280000000000000000e+03
3.220000000000000000e+05 3.195000000000000000e+03
3.240000000000000000e+05 3.112000000000000000e+03
3.260000000000000000e+05 2.906000000000000000e+03
3.280000000000000000e+05 2.869000000000000000e+03
3.300000000000000000e+05 2.631000000000000000e+03
3.320000000000000000e+05 2.673000000000000000e+03
3.340000000000000000e+05 2.686000000000000000e+03
3.360000000000000000e+05 2.568000000000000000e+03
3.380000000000000000e+05 2.568000000000000000e+03
3.400000000000000000e+05 2.573000000000000000e+03
3.420000000000000000e+05 2.542000000000000000e+03
3.440000000000000000e+05 2.581000000000000000e+03
3.460000000000000000e+05 2.670000000000000000e+03
3.480000000000000000e+05 2.826000000000000000e+03
3.500000000000000000e+05 2.943000000000000000e+03
3.520000000000000000e+05 3.000000000000000000e+03
3.540000000000000000e+05 3.302000000000000000e+03
3.560000000000000000e+05 3.273000000000000000e+03
3.580000000000000000e+05 3.485000000000000000e+03
3.600000000000000000e+05 3.673000000000000000e+03
3.620000000000000000e+05 3.840000000000000000e+03
3.640000000000000000e+05 3.988000000000000000e+03
3.660000000000000000e+05 4.222000000000000000e+03
3.680000000000000000e+05 4.552000000000000000e+03
3.700000000000000000e+05 4.852000000000000000e+03
3.720000000000000000e+05 4.981000000000000000e+03
3.740000000000000000e+05 5.095000000000000000e+03
3.760000000000000000e+05 5.432000000000000000e+03
3.780000000000000000e+05 5.690000000000000000e+03
3.800000000000000000e+05 5.851000000000000000e+03
3.820000000000000000e+05 6.136000000000000000e+03
3.840000000000000000e+05 6.046000000000000000e+03
3.860000000000000000e+05 6.441000000000000000e+03
3.880000000000000000e+05 6.673000000000000000e+03
3.900000000000000000e+05 6.937000000000000000e+03
3.920000000000000000e+05 7.037000000000000000e+03
3.940000000000000000e+05 7.144000000000000000e+03
3.960000000000000000e+05 7.250000000000000000e+03
3.980000000000000000e+05 7.390000000000000000e+03
