0.000000000000000000e+00 5.990000000000000000e+03
3.300000000000000000e+01 6.511000000000000000e+03
6.600000000000000000e+01 6.389000000000000000e+03
9.900000000000000000e+01 6.474000000000000000e+03
1.320000000000000000e+02 6.601000000000000000e+03
1.650000000000000000e+02 6.615000000000000000e+03
1.980000000000000000e+02 6.869000000000000000e+03
2.310000000000000000e+02 6.823000000000000000e+03
2.640000000000000000e+02 6.970000000000000000e+03
2.970000000000000000e+02 7.191000000000000000e+03
3.300000000000000000e+02 7.170000000000000000e+03
3.630000000000000000e+02 7.098000000000000000e+03
3.960000000000000000e+02 7.155000000000000000e+03
4.290000000000000000e+02 7.181000000000000000e+03
4.620000000000000000e+02 7.226000000000000000e+03
4.950000000000000000e+02 7.347000000000000000e+03
5.280000000000000000e+02 7.261000000000000000e+03
5.610000000000000000e+02 7.067000000000000000e+03
5.940000000000000000e+02 7.245000000000000000e+03
6.270000000000000000e+02 7.099000000000000000e+03
6.600000000000000000e+02 7.358000000000000000e+03
6.930000000000000000e+02 7.211000000000000000e+03
7.260000000000000000e+02 7.329000000000000000e+03
7.590000000000000000e+02 7.305000000000000000e+03
7.920000000000000000e+02 7.129000000000000000e+03
8.250000000000000000e+02 7.033000000000000000e+03
8.580000000000000000e+02 7.115000000000000000e+03
8.910000000000000000e+02 7.249000000000000000e+03
9.240000000000000000e+02 7.020000000000000000e+03
9.570000000000000000e+02 7.194000000000000000e+03
9.900000000000000000e+02 7.238000000000000000e+03
1.023000000000000000e+03 7.054000000000000000e+03
1.056000000000000000e+03 6.993000000000000000e+03
1.089000000000000000e+03 7.052000000000000000e+03
1.122000000000000000e+03 6.707000000000000000e+03
1.155000000000000000e+03 6.735000000000000000e+03
1.188000000000000000e+03 6.726000000000000000e+03
1.221000000000000000e+03 6.542000000000000000e+03
1.254000000000000000e+03 6.595000000000000000e+03
1.287000000000000000e+03 6.473000000000000000e+03
1.320000000000000000e+03 6.382000000000000000e+03
1.353000000000000000e+03 6.421000000000000000e+03
1.386000000000000000e+03 6.175000000000000000e+03
1.419000000000000000e+03 6.103000000000000000e+03
1.452000000000000000e+03 5.967000000000000000e+03
1.485000000000000000e+03 5.829000000000000000e+03
1.518000000000000000e+03 5.721000000000000000e+03
1.551000000000000000e+03 5.521000000000000000e+03
1.584000000000000000e+03 5.449000000000000000e+03
1.617000000000000000e+03 5.270000000000000000e+03
1.650000000000000000e+03 5.033000000000000000e+03
1.683000000000000000e+03 4.847000000000000000e+03
1.716000000000000000e+03 4.755000000000000000e+03
1.749000000000000000e+03 4.577000000000000000e+03
1.782000000000000000e+03 4.415000000000000000e+03
1.815000000000000000e+03 4.215000000000000000e+03
1.848000000000000000e+03 4.067000000000000000e+03
1.881000000000000000e+03 4.024000000000000000e+03
1.914000000000000000e+03 3.804000000000000000e+03
1.947000000000000000e+03 3.575000000000000000e+03
1.980000000000000000e+03 3.500000000000000000e+03
2.013000000000000000e+03 3.327000000000000000e+03
2.046000000000000000e+03 3.261000000000000000e+03
2.079000000000000000e+03 3.007000000000000000e+03
2.112000000000000000e+03 2.929000000000000000e+03
2.145000000000000000e+03 2.871000000000000000e+03
2.178000000000000000e+03 2.662000000000000000e+03
2.211000000000000000e+03 2.674000000000000000e+03
2.244000000000000000e+03 2.640000000000000000e+03
2.277000000000000000e+03 2.534000000000000000e+03
2.310000000000000000e+03 2.507000000000000000e+03
2.343000000000000000e+03 2.445000000000000000e+03
2.376000000000000000e+03 2.359000000000000000e+03
2.409000000000000000e+03 2.474000000000000000e+03
2.442000000000000000e+03 2.432000000000000000e+03
2.475000000000000000e+03 2.425000000000000000e+03
2.508000000000000000e+03 2.442000000000000000e+03
2.541000000000000000e+03 2.503000000000000000e+03
2.574000000000000000e+03 2.531000000000000000e+03
2.607000000000000000e+03 2.619000000000000000e+03
2.640000000000000000e+03 2.733000000000000000e+03
2.673000000000000000e+03 3.032000000000000000e+03
2.706000000000000000e+03 2.901000000000000000e+03
2.739000000000000000e+03 3.119000000000000000e+03
2.772000000000000000e+03 3.312000000000000000e+03
2.805000000000000000e+03 3.440000000000000000e+03
2.838000000000000000e+03 3.595000000000000000e+03
2.871000000000000000e+03 3.946000000000000000e+03
2.904000000000000000e+03 3.987000000000000000e+03
2.937000000000000000e+03 4.342000000000000000e+03
2.970000000000000000e+03 4.466000000000000000e+03
3.003000000000000000e+03 4.700000000000000000e+03
3.036000000000000000e+03 4.741000000000000000e+03
3.069000000000000000e+03 5.025000000000000000e+03
3.102000000000000000e+03 5.138000000000000000e+03
3.135000000000000000e+03 5.471000000000000000e+03
3.168000000000000000e+03 5.601000000000000000e+03
3.201000000000000000e+03 5.741000000000000000e+03
3.234000000000000000e+03 5.920000000000000000e+03
3.267000000000000000e+03 5.877000000000000000e+03
3.300000000000000000e+03 6.248000000000000000e+03
3.333000000000000000e+03 6.151000000000000000e+03
3.366000000000000000e+03 6.434000000000000000e+03
3.399000000000000000e+03 6.490000000000000000e+03
3.432000000000000000e+03 6.566000000000000000e+03
3.465000000000000000e+03 6.686000000000000000e+03
3.498000000000000000e+03 6.658000000000000000e+03
3.531000000000000000e+03 6.861000000000000000e+03
3.564000000000000000e+03 6.934000000000000000e+03
3.597000000000000000e+03 6.932000000000000000e+03
3.630000000000000000e+03 7.081000000000000000e+03
3.663000000000000000e+03 7.044000000000000000e+03
3.696000000000000000e+03 7.336000000000000000e+03
3.729000000000000000e+03 7.073000000000000000e+03
3.762000000000000000e+03 7.131000000000000000e+03
3.795000000000000000e+03 7.392000000000000000e+03
3.828000000000000000e+03 7.326000000000000000e+03
3.861000000000000000e+03 7.320000000000000000e+03
3.894000000000000000e+03 7.256000000000000000e+03
3.927000000000000000e+03 7.200000000000000000e+03
3.960000000000000000e+03 7.166000000000000000e+03
3.993000000000000000e+03 7.399000000000000000e+03
4.026000000000000000e+03 7.251000000000000000e+03
4.059000000000000000e+03 7.337000000000000000e+03
4.092000000000000000e+03 7.362000000000000000e+03
4.125000000000000000e+03 7.263000000000000000e+03
4.158000000000000000e+03 7.293000000000000000e+03
4.191000000000000000e+03 7.187000000000000000e+03
4.224000000000000000e+03 7.173000000000000000e+03
4.257000000000000000e+03 7.128000000000000000e+03
4.290000000000000000e+03 7.043000000000000000e+03
4.323000000000000000e+03 7.203000000000000000e+03
4.356000000000000000e+03 7.096000000000000000e+03
4.389000000000000000e+03 7.009000000000000000e+03
4.422000000000000000e+03 6.997000000000000000e+03
4.455000000000000000e+03 7.065000000000000000e+03
4.488000000000000000e+03 6.881000000000000000e+03
4.521000000000000000e+03 6.772000000000000000e+03
4.554000000000000000e+03 6.605000000000000000e+03
4.587000000000000000e+03 6.572000000000000000e+03
4.620000000000000000e+03 6.559000000000000000e+03
4.653000000000000000e+03 6.447000000000000000e+03
4.686000000000000000e+03 6.433000000000000000e+03
4.719000000000000000e+03 6.054000000000000000e+03
4.752000000000000000e+03 6.084000000000000000e+03
4.785000000000000000e+03 5.931000000000000000e+03
4.818000000000000000e+03 5.839000000000000000e+03
4.851000000000000000e+03 5.716000000000000000e+03
4.884000000000000000e+03 5.473000000000000000e+03
4.917000000000000000e+03 5.450000000000000000e+03
4.950000000000000000e+03 5.106000000000000000e+03
4.983000000000000000e+03 5.228000000000000000e+03
5.016000000000000000e+03 4.868000000000000000e+03
5.049000000000000000e+03 4.782000000000000000e+03
5.082000000000000000e+03 4.412000000000000000e+03
5.115000000000000000e+03 4.406000000000000000e+03
5.148000000000000000e+03 4.236000000000000000e+03
5.181000000000000000e+03 4.169000000000000000e+03
5.214000000000000000e+03 3.929000000000000000e+03
5.247000000000000000e+03 3.694000000000000000e+03
5.280000000000000000e+03 3.609000000000000000e+03
5.313000000000000000e+03 3.507000000000000000e+03
5.346000000000000000e+03 3.267000000000000000e+03
5.379000000000000000e+03 3.215000000000000000e+03
5.412000000000000000e+03 3.036000000000000000e+03
5.445000000000000000e+03 2.974000000000000000e+03
5.478000000000000000e+03 2.791000000000000000e+03
5.511000000000000000e+03 2.730000000000000000e+03
5.544000000000000000e+03 2.735000000000000000e+03
5.577000000000000000e+03 2.675000000000000000e+03
5.610000000000000000e+03 2.543000000000000000e+03
5.643000000000000000e+03 2.442000000000000000e+03
5.676000000000000000e+03 2.422000000000000000e+03
5.709000000000000000e+03 2.406000000000000000e+03
5.742000000000000000e+03 2.358000000000000000e+03
5.775000000000000000e+03 2.398000000000000000e+03
5.808000000000000000e+03 2.423000000000000000e+03
5.841000000000000000e+03 2.390000000000000000e+03
5.874000000000000000e+03 2.433000000000000000e+03
5.907000000000000000e+03 2.618000000000000000e+03
5.940000000000000000e+03 2.613000000000000000e+03
5.973000000000000000e+03 2.723000000000000000e+03
6.006000000000000000e+03 2.860000000000000000e+03
6.039000000000000000e+03 2.876000000000000000e+03
6.072000000000000000e+03 3.022000000000000000e+03
6.105000000000000000e+03 3.339000000000000000e+03
6.138000000000000000e+03 3.467000000000000000e+03
6.171000000000000000e+03 3.790000000000000000e+03
6.204000000000000000e+03 3.849000000000000000e+03
6.237000000000000000e+03 3.993000000000000000e+03
6.270000000000000000e+03 4.247000000000000000e+03
6.303000000000000000e+03 4.331000000000000000e+03
6.336000000000000000e+03 4.640000000000000000e+03
6.369000000000000000e+03 4.890000000000000000e+03
6.402000000000000000e+03 5.220000000000000000e+03
6.435000000000000000e+03 5.117000000000000000e+03
6.468000000000000000e+03 5.325000000000000000e+03
6.501000000000000000e+03 5.532000000000000000e+03
6.534000000000000000e+03 5.752000000000000000e+03
6.567000000000000000e+03 5.853000000000000000e+03
6.600000000000000000e+03 6.034000000000000000e+03
6.633000000000000000e+03 6.237000000000000000e+03
