0.000000000000000000e+00 2.723300000000000000e+04
5.000000000000000000e+03 2.838000000000000000e+04
1.000000000000000000e+04 2.935400000000000000e+04
1.500000000000000000e+04 3.022300000000000000e+04
2.000000000000000000e+04 3.096600000000000000e+04
2.500000000000000000e+04 3.212100000000000000e+04
3.000000000000000000e+04 3.302300000000000000e+04
3.500000000000000000e+04 3.343300000000000000e+04
4.000000000000000000e+04 3.414800000000000000e+04
4.500000000000000000e+04 3.473700000000000000e+04
5.000000000000000000e+04 3.507300000000000000e+04
5.500000000000000000e+04 3.623700000000000000e+04
6.000000000000000000e+04 3.634400000000000000e+04
6.500000000000000000e+04 3.643900000000000000e+04
7.000000000000000000e+04 3.685700000000000000e+04
7.500000000000000000e+04 3.724000000000000000e+04
8.000000000000000000e+04 3.727700000000000000e+04
8.500000000000000000e+04 3.721000000000000000e+04
9.000000000000000000e+04 3.758400000000000000e+04
9.500000000000000000e+04 3.744000000000000000e+04
1.000000000000000000e+05 3.714100000000000000e+04
1.050000000000000000e+05 3.741000000000000000e+04
1.100000000000000000e+05 3.750100000000000000e+04
1.150000000000000000e+05 3.748700000000000000e+04
1.200000000000000000e+05 3.673200000000000000e+04
1.250000000000000000e+05 3.643800000000000000e+04
1.300000000000000000e+05 3.620000000000000000e+04
1.350000000000000000e+05 3.586100000000000000e+04
1.400000000000000000e+05 3.553700000000000000e+04
1.450000000000000000e+05 3.506500000000000000e+04
1.500000000000000000e+05 3.467700000000000000e+04
1.550000000000000000e+05 3.398300000000000000e+04
1.600000000000000000e+05 3.306800000000000000e+04
1.650000000000000000e+05 3.269000000000000000e+04
1.700000000000000000e+05 3.162500000000000000e+04
1.750000000000000000e+05 3.077200000000000000e+04
1.800000000000000000e+05 2.983500000000000000e+04
1.850000000000000000e+05 2.873800000000000000e+04
1.900000000000000000e+05 2.748200000000000000e+04
1.950000000000000000e+05 2.691700000000000000e+04
2.000000000000000000e+05 2.587400000000000000e+04
2.050000000000000000e+05 2.449200000000000000e+04
2.100000000000000000e+05 2.350200000000000000e+04
2.150000000000000000e+05 2.222700000000000000e+04
2.200000000000000000e+05 2.083100000000000000e+04
2.250000000000000000e+05 1.980700000000000000e+04
2.300000000000000000e+05 1.876300000000000000e+04
2.350000000000000000e+05 1.736800000000000000e+04
2.400000000000000000e+05 1.631100000000000000e+04
2.450000000000000000e+05 1.527800000000000000e+04
2.500000000000000000e+05 1.417000000000000000e+04
2.550000000000000000e+05 1.303300000000000000e+04
2.600000000000000000e+05 1.229800000000000000e+04
2.650000000000000000e+05 1.124000000000000000e+04
2.700000000000000000e+05 1.011000000000000000e+04
2.750000000000000000e+05 9.297000000000000000e+03
2.800000000000000000e+05 8.622000000000000000e+03
2.850000000000000000e+05 7.737000000000000000e+03
2.900000000000000000e+05 7.050000000000000000e+03
2.950000000000000000e+05 6.527000000000000000e+03
3.000000000000000000e+05 6.111000000000000000e+03
3.050000000000000000e+05 5.614000000000000000e+03
3.100000000000000000e+05 5.211000000000000000e+03
3.150000000000000000e+05 4.783000000000000000e+03
3.200000000000000000e+05 4.577000000000000000e+03
3.250000000000000000e+05 4.479000000000000000e+03
3.300000000000000000e+05 4.117000000000000000e+03
3.350000000000000000e+05 4.108000000000000000e+03
3.400000000000000000e+05 4.028000000000000000e+03
3.450000000000000000e+05 4.007000000000000000e+03
3.500000000000000000e+05 3.973000000000000000e+03
3.550000000000000000e+05 4.015000000000000000e+03
3.600000000000000000e+05 4.131000000000000000e+03
3.650000000000000000e+05 4.238000000000000000e+03
3.700000000000000000e+05 4.466000000000000000e+03
3.750000000000000000e+05 4.743000000000000000e+03
3.800000000000000000e+05 4.947000000000000000e+03
3.850000000000000000e+05 5.484000000000000000e+03
3.900000000000000000e+05 5.810000000000000000e+03
3.950000000000000000e+05 6.342000000000000000e+03
4.000000000000000000e+05 6.850000000000000000e+03
4.050000000000000000e+05 7.507000000000000000e+03
4.100000000000000000e+05 8.186000000000000000e+03
4.150000000000000000e+05 8.923000000000000000e+03
4.200000000000000000e+05 9.920000000000000000e+03
4.250000000000000000e+05 1.049500000000000000e+04
4.300000000000000000e+05 1.168200000000000000e+04
4.350000000000000000e+05 1.272400000000000000e+04
4.400000000000000000e+05 1.374100000000000000e+04
4.450000000000000000e+05 1.457400000000000000e+04
4.500000000000000000e+05 1.573700000000000000e+04
4.550000000000000000e+05 1.700600000000000000e+04
4.600000000000000000e+05 1.799700000000000000e+04
4.650000000000000000e+05 1.919400000000000000e+04
4.700000000000000000e+05 2.041200000000000000e+04
4.750000000000000000e+05 2.165000000000000000e+04
4.800000000000000000e+05 2.262000000000000000e+04
4.850000000000000000e+05 2.400100000000000000e+04
4.900000000000000000e+05 2.537300000000000000e+04
4.950000000000000000e+05 2.623800000000000000e+04
5.000000000000000000e+05 2.735400000000000000e+04
5.050000000000000000e+05 2.822800000000000000e+04
5.100000000000000000e+05 2.974200000000000000e+04
5.150000000000000000e+05 3.044900000000000000e+04
5.200000000000000000e+05 3.096300000000000000e+04
5.250000000000000000e+05 3.198200000000000000e+04
5.300000000000000000e+05 3.287800000000000000e+04
5.350000000000000000e+05 3.342000000000000000e+04
5.400000000000000000e+05 3.414200000000000000e+04
5.450000000000000000e+05 3.514900000000000000e+04
5.500000000000000000e+05 3.522600000000000000e+04
5.550000000000000000e+05 3.559700000000000000e+04
5.600000000000000000e+05 3.622700000000000000e+04
5.650000000000000000e+05 3.640800000000000000e+04
5.700000000000000000e+05 3.702500000000000000e+04
5.750000000000000000e+05 3.733200000000000000e+04
5.800000000000000000e+05 3.740500000000000000e+04
5.850000000000000000e+05 3.754400000000000000e+04
5.900000000000000000e+05 3.735000000000000000e+04
5.950000000000000000e+05 3.734100000000000000e+04
6.000000000000000000e+05 3.729400000000000000e+04
6.050000000000000000e+05 3.734100000000000000e+04
6.100000000000000000e+05 3.721900000000000000e+04
6.150000000000000000e+05 3.748500000000000000e+04
6.200000000000000000e+05 3.700900000000000000e+04
6.250000000000000000e+05 3.645800000000000000e+04
6.300000000000000000e+05 3.621700000000000000e+04
6.350000000000000000e+05 3.612200000000000000e+04
6.400000000000000000e+05 3.563600000000000000e+04
6.450000000000000000e+05 3.463800000000000000e+04
6.500000000000000000e+05 3.430200000000000000e+04
6.550000000000000000e+05 3.404300000000000000e+04
6.600000000000000000e+05 3.314100000000000000e+04
6.650000000000000000e+05 3.262400000000000000e+04
6.700000000000000000e+05 3.153500000000000000e+04
6.750000000000000000e+05 3.046900000000000000e+04
6.800000000000000000e+05 2.990500000000000000e+04
6.850000000000000000e+05 2.912900000000000000e+04
6.900000000000000000e+05 2.769200000000000000e+04
6.950000000000000000e+05 2.690900000000000000e+04
7.000000000000000000e+05 2.558200000000000000e+04
7.050000000000000000e+05 2.454700000000000000e+04
7.100000000000000000e+05 2.327200000000000000e+04
7.150000000000000000e+05 2.239900000000000000e+04
7.200000000000000000e+05 2.089900000000000000e+04
7.250000000000000000e+05 2.008700000000000000e+04
7.300000000000000000e+05 1.850000000000000000e+04
7.350000000000000000e+05 1.748100000000000000e+04
7.400000000000000000e+05 1.634000000000000000e+04
7.450000000000000000e+05 1.490500000000000000e+04
7.500000000000000000e+05 1.403900000000000000e+04
7.550000000000000000e+05 1.289600000000000000e+04
7.600000000000000000e+05 1.200600000000000000e+04
7.650000000000000000e+05 1.097100000000000000e+04
7.700000000000000000e+05 1.007400000000000000e+04
7.750000000000000000e+05 9.311000000000000000e+03
7.800000000000000000e+05 8.535000000000000000e+03
7.850000000000000000e+05 7.713000000000000000e+03
7.900000000000000000e+05 7.037000000000000000e+03
7.950000000000000000e+05 6.525000000000000000e+03
8.000000000000000000e+05 6.129000000000000000e+03
8.050000000000000000e+05 5.678000000000000000e+03
8.100000000000000000e+05 5.172000000000000000e+03
8.150000000000000000e+05 4.777000000000000000e+03
8.200000000000000000e+05 4.580000000000000000e+03
8.250000000000000000e+05 4.363000000000000000e+03
8.300000000000000000e+05 4.269000000000000000e+03
8.350000000000000000e+05 3.980000000000000000e+03
8.400000000000000000e+05 3.960000000000000000e+03
8.450000000000000000e+05 3.916000000000000000e+03
8.500000000000000000e+05 3.979000000000000000e+03
8.550000000000000000e+05 3.998000000000000000e+03
8.600000000000000000e+05 4.017000000000000000e+03
8.650000000000000000e+05 4.249000000000000000e+03
8.700000000000000000e+05 4.461000000000000000e+03
8.750000000000000000e+05 4.620000000000000000e+03
8.800000000000000000e+05 5.165000000000000000e+03
8.850000000000000000e+05 5.270000000000000000e+03
8.900000000000000000e+05 5.943000000000000000e+03
8.950000000000000000e+05 6.268000000000000000e+03
9.000000000000000000e+05 6.813000000000000000e+03
9.050000000000000000e+05 7.443000000000000000e+03
9.100000000000000000e+05 8.297000000000000000e+03
9.150000000000000000e+05 8.760000000000000000e+03
9.200000000000000000e+05 9.632000000000000000e+03
9.250000000000000000e+05 1.055500000000000000e+04
9.300000000000000000e+05 1.156300000000000000e+04
9.350000000000000000e+05 1.256000000000000000e+04
9.400000000000000000e+05 1.378000000000000000e+04
9.450000000000000000e+05 1.488200000000000000e+04
9.500000000000000000e+05 1.544600000000000000e+04
9.550000000000000000e+05 1.688100000000000000e+04
9.600000000000000000e+05 1.802200000000000000e+04
9.650000000000000000e+05 1.927200000000000000e+04
9.700000000000000000e+05 2.066800000000000000e+04
9.750000000000000000e+05 2.185900000000000000e+04
9.800000000000000000e+05 2.297100000000000000e+04
9.850000000000000000e+05 2.423000000000000000e+04
9.900000000000000000e+05 2.487100000000000000e+04
9.950000000000000000e+05 2.625000000000000000e+04
