0.000000000000000000e+00 4.638800000000000000e+04
1.000000000000000000e+04 4.967800000000000000e+04
2.000000000000000000e+04 5.154900000000000000e+04
3.000000000000000000e+04 5.305200000000000000e+04
4.000000000000000000e+04 5.448700000000000000e+04
5.000000000000000000e+04 5.595700000000000000e+04
6.000000000000000000e+04 5.790700000000000000e+04
7.000000000000000000e+04 5.836800000000000000e+04
8.000000000000000000e+04 5.951900000000000000e+04
9.000000000000000000e+04 6.063000000000000000e+04
1.000000000000000000e+05 6.143500000000000000e+04
1.100000000000000000e+05 6.238400000000000000e+04
1.200000000000000000e+05 6.315500000000000000e+04
1.300000000000000000e+05 6.366400000000000000e+04
1.400000000000000000e+05 6.385400000000000000e+04
1.500000000000000000e+05 6.442600000000000000e+04
1.600000000000000000e+05 6.521500000000000000e+04
1.700000000000000000e+05 6.589100000000000000e+04
1.800000000000000000e+05 6.563800000000000000e+04
1.900000000000000000e+05 6.483900000000000000e+04
2.000000000000000000e+05 6.568600000000000000e+04
2.100000000000000000e+05 6.531200000000000000e+04
2.200000000000000000e+05 6.533600000000000000e+04
2.300000000000000000e+05 6.463100000000000000e+04
2.400000000000000000e+05 6.436700000000000000e+04
2.500000000000000000e+05 6.346100000000000000e+04
2.600000000000000000e+05 6.367900000000000000e+04
2.700000000000000000e+05 6.270400000000000000e+04
2.800000000000000000e+05 6.209700000000000000e+04
2.900000000000000000e+05 6.099900000000000000e+04
3.000000000000000000e+05 6.038200000000000000e+04
3.100000000000000000e+05 5.893300000000000000e+04
3.200000000000000000e+05 5.760900000000000000e+04
3.300000000000000000e+05 5.645000000000000000e+04
3.400000000000000000e+05 5.486200000000000000e+04
3.500000000000000000e+05 5.368600000000000000e+04
3.600000000000000000e+05 5.199100000000000000e+04
3.700000000000000000e+05 5.008700000000000000e+04
3.800000000000000000e+05 4.820100000000000000e+04
3.900000000000000000e+05 4.678300000000000000e+04
4.000000000000000000e+05 4.473900000000000000e+04
4.100000000000000000e+05 4.291300000000000000e+04
4.200000000000000000e+05 4.036800000000000000e+04
4.300000000000000000e+05 3.820900000000000000e+04
4.400000000000000000e+05 3.633400000000000000e+04
4.500000000000000000e+05 3.474600000000000000e+04
4.600000000000000000e+05 3.235200000000000000e+04
4.700000000000000000e+05 3.022400000000000000e+04
4.800000000000000000e+05 2.835100000000000000e+04
4.900000000000000000e+05 2.604600000000000000e+04
5.000000000000000000e+05 2.423400000000000000e+04
5.100000000000000000e+05 2.239200000000000000e+04
5.200000000000000000e+05 2.092600000000000000e+04
5.300000000000000000e+05 1.890600000000000000e+04
5.400000000000000000e+05 1.741700000000000000e+04
5.500000000000000000e+05 1.598500000000000000e+04
5.600000000000000000e+05 1.456400000000000000e+04
5.700000000000000000e+05 1.349800000000000000e+04
5.800000000000000000e+05 1.228400000000000000e+04
5.900000000000000000e+05 1.107400000000000000e+04
6.000000000000000000e+05 1.033500000000000000e+04
6.100000000000000000e+05 9.629000000000000000e+03
6.200000000000000000e+05 8.782000000000000000e+03
6.300000000000000000e+05 8.575000000000000000e+03
6.400000000000000000e+05 7.831000000000000000e+03
6.500000000000000000e+05 7.331000000000000000e+03
6.600000000000000000e+05 7.027000000000000000e+03
6.700000000000000000e+05 7.005000000000000000e+03
6.800000000000000000e+05 6.726000000000000000e+03
6.900000000000000000e+05 6.623000000000000000e+03
7.000000000000000000e+05 6.708000000000000000e+03
7.100000000000000000e+05 6.823000000000000000e+03
7.200000000000000000e+05 7.027000000000000000e+03
7.300000000000000000e+05 7.227000000000000000e+03
7.400000000000000000e+05 7.712000000000000000e+03
7.500000000000000000e+05 8.040000000000000000e+03
7.600000000000000000e+05 8.655000000000000000e+03
7.700000000000000000e+05 9.187000000000000000e+03
7.800000000000000000e+05 1.003300000000000000e+04
7.900000000000000000e+05 1.084400000000000000e+04
8.000000000000000000e+05 1.183000000000000000e+04
8.100000000000000000e+05 1.284600000000000000e+04
8.200000000000000000e+05 1.400300000000000000e+04
8.300000000000000000e+05 1.506300000000000000e+04
8.400000000000000000e+05 1.667600000000000000e+04
8.500000000000000000e+05 1.823500000000000000e+04
8.600000000000000000e+05 1.952600000000000000e+04
8.700000000000000000e+05 2.161800000000000000e+04
8.800000000000000000e+05 2.321400000000000000e+04
8.900000000000000000e+05 2.505400000000000000e+04
9.000000000000000000e+05 2.712800000000000000e+04
9.100000000000000000e+05 2.896900000000000000e+04
9.200000000000000000e+05 3.124400000000000000e+04
9.300000000000000000e+05 3.311100000000000000e+04
9.400000000000000000e+05 3.551600000000000000e+04
9.500000000000000000e+05 3.743400000000000000e+04
9.600000000000000000e+05 3.975400000000000000e+04
9.700000000000000000e+05 4.146900000000000000e+04
9.800000000000000000e+05 4.374900000000000000e+04
9.900000000000000000e+05 4.563900000000000000e+04
1.000000000000000000e+06 4.734500000000000000e+04
1.010000000000000000e+06 4.912700000000000000e+04
1.020000000000000000e+06 5.063400000000000000e+04
1.030000000000000000e+06 5.280400000000000000e+04
1.040000000000000000e+06 5.427900000000000000e+04
1.050000000000000000e+06 5.549900000000000000e+04
1.060000000000000000e+06 5.720600000000000000e+04
1.070000000000000000e+06 5.839000000000000000e+04
1.080000000000000000e+06 5.916500000000000000e+04
1.090000000000000000e+06 6.027400000000000000e+04
1.100000000000000000e+06 6.190300000000000000e+04
1.110000000000000000e+06 6.224400000000000000e+04
1.120000000000000000e+06 6.320200000000000000e+04
1.130000000000000000e+06 6.340400000000000000e+04
1.140000000000000000e+06 6.441200000000000000e+04
1.150000000000000000e+06 6.500900000000000000e+04
1.160000000000000000e+06 6.478100000000000000e+04
1.170000000000000000e+06 6.516200000000000000e+04
1.180000000000000000e+06 6.496700000000000000e+04
1.190000000000000000e+06 6.594900000000000000e+04
1.200000000000000000e+06 6.571300000000000000e+04
1.210000000000000000e+06 6.509400000000000000e+04
1.220000000000000000e+06 6.518800000000000000e+04
1.230000000000000000e+06 6.458700000000000000e+04
1.240000000000000000e+06 6.424200000000000000e+04
1.250000000000000000e+06 6.401300000000000000e+04
1.260000000000000000e+06 6.333100000000000000e+04
1.270000000000000000e+06 6.284000000000000000e+04
1.280000000000000000e+06 6.220200000000000000e+04
1.290000000000000000e+06 6.078800000000000000e+04
1.300000000000000000e+06 6.017800000000000000e+04
1.310000000000000000e+06 5.889800000000000000e+04
1.320000000000000000e+06 5.721400000000000000e+04
1.330000000000000000e+06 5.634100000000000000e+04
1.340000000000000000e+06 5.512600000000000000e+04
1.350000000000000000e+06 5.325400000000000000e+04
1.360000000000000000e+06 5.162900000000000000e+04
1.370000000000000000e+06 5.031700000000000000e+04
1.380000000000000000e+06 4.844200000000000000e+04
1.390000000000000000e+06 4.703500000000000000e+04
1.400000000000000000e+06 4.431300000000000000e+04
1.410000000000000000e+06 4.247300000000000000e+04
1.420000000000000000e+06 4.070000000000000000e+04
1.430000000000000000e+06 3.871500000000000000e+04
1.440000000000000000e+06 3.625300000000000000e+04
1.450000000000000000e+06 3.416200000000000000e+04
1.460000000000000000e+06 3.260500000000000000e+04
1.470000000000000000e+06 3.057400000000000000e+04
1.480000000000000000e+06 2.815800000000000000e+04
1.490000000000000000e+06 2.652200000000000000e+04
1.500000000000000000e+06 2.445400000000000000e+04
1.510000000000000000e+06 2.257100000000000000e+04
1.520000000000000000e+06 2.060700000000000000e+04
1.530000000000000000e+06 1.911000000000000000e+04
1.540000000000000000e+06 1.716000000000000000e+04
1.550000000000000000e+06 1.581900000000000000e+04
1.560000000000000000e+06 1.497900000000000000e+04
1.570000000000000000e+06 1.341500000000000000e+04
1.580000000000000000e+06 1.242000000000000000e+04
1.590000000000000000e+06 1.131000000000000000e+04
1.600000000000000000e+06 1.050100000000000000e+04
1.610000000000000000e+06 9.513000000000000000e+03
1.620000000000000000e+06 8.887000000000000000e+03
1.630000000000000000e+06 8.370000000000000000e+03
1.640000000000000000e+06 7.843000000000000000e+03
1.650000000000000000e+06 7.330000000000000000e+03
1.660000000000000000e+06 7.240000000000000000e+03
1.670000000000000000e+06 6.981000000000000000e+03
1.680000000000000000e+06 6.674000000000000000e+03
1.690000000000000000e+06 6.722000000000000000e+03
1.700000000000000000e+06 6.683000000000000000e+03
1.710000000000000000e+06 6.862000000000000000e+03
1.720000000000000000e+06 6.992000000000000000e+03
1.730000000000000000e+06 7.252000000000000000e+03
1.740000000000000000e+06 7.672000000000000000e+03
1.750000000000000000e+06 8.012000000000000000e+03
1.760000000000000000e+06 8.583000000000000000e+03
1.770000000000000000e+06 9.150000000000000000e+03
1.780000000000000000e+06 9.954000000000000000e+03
1.790000000000000000e+06 1.077600000000000000e+04
1.800000000000000000e+06 1.175900000000000000e+04
1.810000000000000000e+06 1.284600000000000000e+04
1.820000000000000000e+06 1.415100000000000000e+04
1.830000000000000000e+06 1.524300000000000000e+04
1.840000000000000000e+06 1.658500000000000000e+04
1.850000000000000000e+06 1.822400000000000000e+04
1.860000000000000000e+06 1.984700000000000000e+04
1.870000000000000000e+06 2.166800000000000000e+04
1.880000000000000000e+06 2.307100000000000000e+04
1.890000000000000000e+06 2.501100000000000000e+04
1.900000000000000000e+06 2.686200000000000000e+04
1.910000000000000000e+06 2.906500000000000000e+04
1.920000000000000000e+06 3.133000000000000000e+04
1.930000000000000000e+06 3.293500000000000000e+04
1.940000000000000000e+06 3.533200000000000000e+04
1.950000000000000000e+06 3.754100000000000000e+04
1.960000000000000000e+06 3.954200000000000000e+04
1.970000000000000000e+06 4.137400000000000000e+04
1.980000000000000000e+06 4.372600000000000000e+04
1.990000000000000000e+06 4.503800000000000000e+04
