0.000000000000000000e+00 3.985400000000000000e+04
5.000000000000000000e+01 4.229100000000000000e+04
1.000000000000000000e+02 4.315300000000000000e+04
1.500000000000000000e+02 4.418600000000000000e+04
2.000000000000000000e+02 4.604300000000000000e+04
2.500000000000000000e+02 4.657800000000000000e+04
3.000000000000000000e+02 4.718100000000000000e+04
3.500000000000000000e+02 4.828600000000000000e+04
4.000000000000000000e+02 4.957000000000000000e+04
4.500000000000000000e+02 5.032000000000000000e+04
5.000000000000000000e+02 5.116900000000000000e+04
5.500000000000000000e+02 5.189900000000000000e+04
6.000000000000000000e+02 5.246900000000000000e+04
6.500000000000000000e+02 5.269500000000000000e+04
7.000000000000000000e+02 5.276200000000000000e+04
7.500000000000000000e+02 5.358900000000000000e+04
8.000000000000000000e+02 5.382000000000000000e+04
8.500000000000000000e+02 5.385500000000000000e+04
9.000000000000000000e+02 5.399000000000000000e+04
9.500000000000000000e+02 5.377500000000000000e+04
1.000000000000000000e+03 5.363700000000000000e+04
1.050000000000000000e+03 5.388600000000000000e+04
1.100000000000000000e+03 5.356700000000000000e+04
1.150000000000000000e+03 5.370100000000000000e+04
1.200000000000000000e+03 5.355000000000000000e+04
1.250000000000000000e+03 5.293400000000000000e+04
1.300000000000000000e+03 5.252900000000000000e+04
1.350000000000000000e+03 5.193700000000000000e+04
1.400000000000000000e+03 5.122000000000000000e+04
1.450000000000000000e+03 5.063900000000000000e+04
1.500000000000000000e+03 4.943400000000000000e+04
1.550000000000000000e+03 4.918700000000000000e+04
1.600000000000000000e+03 4.798000000000000000e+04
1.650000000000000000e+03 4.709100000000000000e+04
1.700000000000000000e+03 4.589300000000000000e+04
1.750000000000000000e+03 4.475400000000000000e+04
1.800000000000000000e+03 4.322900000000000000e+04
1.850000000000000000e+03 4.191200000000000000e+04
1.900000000000000000e+03 4.075500000000000000e+04
1.950000000000000000e+03 3.929200000000000000e+04
2.000000000000000000e+03 3.778100000000000000e+04
2.050000000000000000e+03 3.613500000000000000e+04
2.100000000000000000e+03 3.453800000000000000e+04
2.150000000000000000e+03 3.261600000000000000e+04
2.200000000000000000e+03 3.081700000000000000e+04
2.250000000000000000e+03 2.928400000000000000e+04
2.300000000000000000e+03 2.764200000000000000e+04
2.350000000000000000e+03 2.587900000000000000e+04
2.400000000000000000e+03 2.426800000000000000e+04
2.450000000000000000e+03 2.234600000000000000e+04
2.500000000000000000e+03 2.078900000000000000e+04
2.550000000000000000e+03 1.928100000000000000e+04
2.600000000000000000e+03 1.790100000000000000e+04
2.650000000000000000e+03 1.636600000000000000e+04
2.700000000000000000e+03 1.503600000000000000e+04
2.750000000000000000e+03 1.382900000000000000e+04
2.800000000000000000e+03 1.284600000000000000e+04
2.850000000000000000e+03 1.154100000000000000e+04
2.900000000000000000e+03 1.077100000000000000e+04
2.950000000000000000e+03 9.885000000000000000e+03
3.000000000000000000e+03 9.150000000000000000e+03
3.050000000000000000e+03 8.305000000000000000e+03
3.100000000000000000e+03 7.807000000000000000e+03
3.150000000000000000e+03 7.192000000000000000e+03
3.200000000000000000e+03 7.002000000000000000e+03
3.250000000000000000e+03 6.394000000000000000e+03
3.300000000000000000e+03 6.191000000000000000e+03
3.350000000000000000e+03 6.060000000000000000e+03
3.400000000000000000e+03 5.877000000000000000e+03
3.450000000000000000e+03 5.862000000000000000e+03
3.500000000000000000e+03 5.899000000000000000e+03
3.550000000000000000e+03 5.969000000000000000e+03
3.600000000000000000e+03 6.061000000000000000e+03
3.650000000000000000e+03 6.358000000000000000e+03
3.700000000000000000e+03 6.733000000000000000e+03
3.750000000000000000e+03 7.111000000000000000e+03
3.800000000000000000e+03 7.624000000000000000e+03
3.850000000000000000e+03 8.261000000000000000e+03
3.900000000000000000e+03 8.788000000000000000e+03
3.950000000000000000e+03 9.596000000000000000e+03
4.000000000000000000e+03 1.039200000000000000e+04
4.050000000000000000e+03 1.116200000000000000e+04
4.100000000000000000e+03 1.230700000000000000e+04
4.150000000000000000e+03 1.358500000000000000e+04
4.200000000000000000e+03 1.461100000000000000e+04
4.250000000000000000e+03 1.599500000000000000e+04
4.300000000000000000e+03 1.743200000000000000e+04
4.350000000000000000e+03 1.873500000000000000e+04
4.400000000000000000e+03 1.986900000000000000e+04
4.450000000000000000e+03 2.172300000000000000e+04
4.500000000000000000e+03 2.368600000000000000e+04
4.550000000000000000e+03 2.535800000000000000e+04
4.600000000000000000e+03 2.692600000000000000e+04
4.650000000000000000e+03 2.892000000000000000e+04
4.700000000000000000e+03 3.030500000000000000e+04
4.750000000000000000e+03 3.235600000000000000e+04
4.800000000000000000e+03 3.397200000000000000e+04
4.850000000000000000e+03 3.550200000000000000e+04
4.900000000000000000e+03 3.658000000000000000e+04
4.950000000000000000e+03 3.884300000000000000e+04
5.000000000000000000e+03 4.036200000000000000e+04
5.050000000000000000e+03 4.123200000000000000e+04
5.100000000000000000e+03 4.297100000000000000e+04
5.150000000000000000e+03 4.454400000000000000e+04
5.200000000000000000e+03 4.559300000000000000e+04
5.250000000000000000e+03 4.675500000000000000e+04
5.300000000000000000e+03 4.790900000000000000e+04
5.350000000000000000e+03 4.840000000000000000e+04
5.400000000000000000e+03 4.960000000000000000e+04
5.450000000000000000e+03 5.032300000000000000e+04
5.500000000000000000e+03 5.101600000000000000e+04
5.550000000000000000e+03 5.140600000000000000e+04
5.600000000000000000e+03 5.182500000000000000e+04
5.650000000000000000e+03 5.257900000000000000e+04
5.700000000000000000e+03 5.295300000000000000e+04
5.750000000000000000e+03 5.345700000000000000e+04
5.800000000000000000e+03 5.406600000000000000e+04
5.850000000000000000e+03 5.410200000000000000e+04
5.900000000000000000e+03 5.394800000000000000e+04
5.950000000000000000e+03 5.413900000000000000e+04
6.000000000000000000e+03 5.397800000000000000e+04
6.050000000000000000e+03 5.382700000000000000e+04
6.100000000000000000e+03 5.366000000000000000e+04
6.150000000000000000e+03 5.310400000000000000e+04
6.200000000000000000e+03 5.342500000000000000e+04
6.250000000000000000e+03 5.265400000000000000e+04
6.300000000000000000e+03 5.257400000000000000e+04
6.350000000000000000e+03 5.175500000000000000e+04
6.400000000000000000e+03 5.155700000000000000e+04
6.450000000000000000e+03 5.067700000000000000e+04
6.500000000000000000e+03 4.929500000000000000e+04
6.550000000000000000e+03 4.879300000000000000e+04
6.600000000000000000e+03 4.821600000000000000e+04
6.650000000000000000e+03 4.683200000000000000e+04
6.700000000000000000e+03 4.613200000000000000e+04
6.750000000000000000e+03 4.427200000000000000e+04
6.800000000000000000e+03 4.331300000000000000e+04
6.850000000000000000e+03 4.213000000000000000e+04
6.900000000000000000e+03 4.070800000000000000e+04
6.950000000000000000e+03 3.917100000000000000e+04
7.000000000000000000e+03 3.771800000000000000e+04
7.050000000000000000e+03 3.595200000000000000e+04
7.100000000000000000e+03 3.447400000000000000e+04
7.150000000000000000e+03 3.289000000000000000e+04
7.200000000000000000e+03 3.084500000000000000e+04
7.250000000000000000e+03 2.912200000000000000e+04
7.300000000000000000e+03 2.776100000000000000e+04
7.350000000000000000e+03 2.547200000000000000e+04
7.400000000000000000e+03 2.408000000000000000e+04
7.450000000000000000e+03 2.237200000000000000e+04
7.500000000000000000e+03 2.077600000000000000e+04
7.550000000000000000e+03 1.913800000000000000e+04
7.600000000000000000e+03 1.796100000000000000e+04
7.650000000000000000e+03 1.642700000000000000e+04
7.700000000000000000e+03 1.509300000000000000e+04
7.750000000000000000e+03 1.390000000000000000e+04
7.800000000000000000e+03 1.264400000000000000e+04
7.850000000000000000e+03 1.162900000000000000e+04
7.900000000000000000e+03 1.055400000000000000e+04
7.950000000000000000e+03 9.938000000000000000e+03
8.000000000000000000e+03 9.167000000000000000e+03
8.050000000000000000e+03 8.299000000000000000e+03
8.100000000000000000e+03 7.837000000000000000e+03
8.150000000000000000e+03 7.190000000000000000e+03
8.200000000000000000e+03 6.842000000000000000e+03
8.250000000000000000e+03 6.701000000000000000e+03
8.300000000000000000e+03 6.216000000000000000e+03
8.350000000000000000e+03 6.187000000000000000e+03
8.400000000000000000e+03 6.003000000000000000e+03
8.450000000000000000e+03 5.932000000000000000e+03
8.500000000000000000e+03 5.894000000000000000e+03
8.550000000000000000e+03 6.021000000000000000e+03
8.600000000000000000e+03 6.291000000000000000e+03
8.650000000000000000e+03 6.340000000000000000e+03
8.700000000000000000e+03 6.794000000000000000e+03
8.750000000000000000e+03 7.277000000000000000e+03
8.800000000000000000e+03 7.693000000000000000e+03
8.850000000000000000e+03 8.321000000000000000e+03
8.900000000000000000e+03 8.963000000000000000e+03
8.950000000000000000e+03 9.557000000000000000e+03
9.000000000000000000e+03 1.039200000000000000e+04
9.050000000000000000e+03 1.131400000000000000e+04
9.100000000000000000e+03 1.225600000000000000e+04
9.150000000000000000e+03 1.345700000000000000e+04
9.200000000000000000e+03 1.469000000000000000e+04
9.250000000000000000e+03 1.589400000000000000e+04
9.300000000000000000e+03 1.735200000000000000e+04
9.350000000000000000e+03 1.881100000000000000e+04
9.400000000000000000e+03 2.018400000000000000e+04
9.450000000000000000e+03 2.170000000000000000e+04
9.500000000000000000e+03 2.353100000000000000e+04
9.550000000000000000e+03 2.514500000000000000e+04
9.600000000000000000e+03 2.720700000000000000e+04
9.650000000000000000e+03 2.837200000000000000e+04
9.700000000000000000e+03 3.061900000000000000e+04
9.750000000000000000e+03 3.227800000000000000e+04
9.800000000000000000e+03 3.324400000000000000e+04
9.850000000000000000e+03 3.571100000000000000e+04
9.900000000000000000e+03 3.697000000000000000e+04
9.950000000000000000e+03 3.853700000000000000e+04
