0.000000000000000000e+00 4.054900000000000000e+04
3.300000000000000000e+01 4.236300000000000000e+04
6.600000000000000000e+01 4.405200000000000000e+04
9.900000000000000000e+01 4.531800000000000000e+04
1.320000000000000000e+02 4.627900000000000000e+04
1.650000000000000000e+02 4.798200000000000000e+04
1.980000000000000000e+02 4.822000000000000000e+04
2.310000000000000000e+02 4.959900000000000000e+04
2.640000000000000000e+02 5.036800000000000000e+04
2.970000000000000000e+02 5.127600000000000000e+04
3.300000000000000000e+02 5.226400000000000000e+04
3.630000000000000000e+02 5.284100000000000000e+04
3.960000000000000000e+02 5.350100000000000000e+04
4.290000000000000000e+02 5.355600000000000000e+04
4.620000000000000000e+02 5.389900000000000000e+04
4.950000000000000000e+02 5.368300000000000000e+04
5.280000000000000000e+02 5.448600000000000000e+04
5.610000000000000000e+02 5.481200000000000000e+04
5.940000000000000000e+02 5.458000000000000000e+04
6.270000000000000000e+02 5.506300000000000000e+04
6.600000000000000000e+02 5.551800000000000000e+04
6.930000000000000000e+02 5.519400000000000000e+04
7.260000000000000000e+02 5.476500000000000000e+04
7.590000000000000000e+02 5.434000000000000000e+04
7.920000000000000000e+02 5.446100000000000000e+04
8.250000000000000000e+02 5.352800000000000000e+04
8.580000000000000000e+02 5.319700000000000000e+04
8.910000000000000000e+02 5.287000000000000000e+04
9.240000000000000000e+02 5.229200000000000000e+04
9.570000000000000000e+02 5.143300000000000000e+04
9.900000000000000000e+02 5.109400000000000000e+04
1.023000000000000000e+03 5.009300000000000000e+04
1.056000000000000000e+03 4.895900000000000000e+04
1.089000000000000000e+03 4.809600000000000000e+04
1.122000000000000000e+03 4.721100000000000000e+04
1.155000000000000000e+03 4.582600000000000000e+04
1.188000000000000000e+03 4.424100000000000000e+04
1.221000000000000000e+03 4.312300000000000000e+04
1.254000000000000000e+03 4.181800000000000000e+04
1.287000000000000000e+03 4.035000000000000000e+04
1.320000000000000000e+03 3.895500000000000000e+04
1.353000000000000000e+03 3.762800000000000000e+04
1.386000000000000000e+03 3.601500000000000000e+04
1.419000000000000000e+03 3.419400000000000000e+04
1.452000000000000000e+03 3.230000000000000000e+04
1.485000000000000000e+03 3.021600000000000000e+04
1.518000000000000000e+03 2.893300000000000000e+04
1.551000000000000000e+03 2.703600000000000000e+04
1.584000000000000000e+03 2.551600000000000000e+04
1.617000000000000000e+03 2.334000000000000000e+04
1.650000000000000000e+03 2.215400000000000000e+04
1.683000000000000000e+03 2.031100000000000000e+04
1.716000000000000000e+03 1.876700000000000000e+04
1.749000000000000000e+03 1.735800000000000000e+04
1.782000000000000000e+03 1.591500000000000000e+04
1.815000000000000000e+03 1.486400000000000000e+04
1.848000000000000000e+03 1.370500000000000000e+04
1.881000000000000000e+03 1.228100000000000000e+04
1.914000000000000000e+03 1.145800000000000000e+04
1.947000000000000000e+03 1.040300000000000000e+04
1.980000000000000000e+03 9.644000000000000000e+03
2.013000000000000000e+03 8.904000000000000000e+03
2.046000000000000000e+03 8.359000000000000000e+03
2.079000000000000000e+03 7.609000000000000000e+03
2.112000000000000000e+03 7.315000000000000000e+03
2.145000000000000000e+03 6.891000000000000000e+03
2.178000000000000000e+03 6.660000000000000000e+03
2.211000000000000000e+03 6.168000000000000000e+03
2.244000000000000000e+03 6.129000000000000000e+03
2.277000000000000000e+03 6.086000000000000000e+03
2.310000000000000000e+03 6.133000000000000000e+03
2.343000000000000000e+03 6.175000000000000000e+03
2.376000000000000000e+03 6.169000000000000000e+03
2.409000000000000000e+03 6.356000000000000000e+03
2.442000000000000000e+03 6.719000000000000000e+03
2.475000000000000000e+03 6.916000000000000000e+03
2.508000000000000000e+03 7.399000000000000000e+03
2.541000000000000000e+03 7.975000000000000000e+03
2.574000000000000000e+03 8.565000000000000000e+03
2.607000000000000000e+03 8.932000000000000000e+03
2.640000000000000000e+03 9.973000000000000000e+03
2.673000000000000000e+03 1.064200000000000000e+04
2.706000000000000000e+03 1.167600000000000000e+04
2.739000000000000000e+03 1.293900000000000000e+04
2.772000000000000000e+03 1.390900000000000000e+04
2.805000000000000000e+03 1.507300000000000000e+04
2.838000000000000000e+03 1.646500000000000000e+04
2.871000000000000000e+03 1.800400000000000000e+04
2.904000000000000000e+03 1.902800000000000000e+04
2.937000000000000000e+03 2.113600000000000000e+04
2.970000000000000000e+03 2.263900000000000000e+04
3.003000000000000000e+03 2.437700000000000000e+04
3.036000000000000000e+03 2.585200000000000000e+04
3.069000000000000000e+03 2.743100000000000000e+04
3.102000000000000000e+03 2.945000000000000000e+04
3.135000000000000000e+03 3.109600000000000000e+04
3.168000000000000000e+03 3.276100000000000000e+04
3.201000000000000000e+03 3.477600000000000000e+04
3.234000000000000000e+03 3.631400000000000000e+04
3.267000000000000000e+03 3.754900000000000000e+04
3.300000000000000000e+03 3.966400000000000000e+04
3.333000000000000000e+03 4.094200000000000000e+04
3.366000000000000000e+03 4.242200000000000000e+04
3.399000000000000000e+03 4.397400000000000000e+04
3.432000000000000000e+03 4.543100000000000000e+04
3.465000000000000000e+03 4.617600000000000000e+04
3.498000000000000000e+03 4.763200000000000000e+04
3.531000000000000000e+03 4.861500000000000000e+04
3.564000000000000000e+03 4.960600000000000000e+04
3.597000000000000000e+03 5.062200000000000000e+04
3.630000000000000000e+03 5.116300000000000000e+04
3.663000000000000000e+03 5.208900000000000000e+04
3.696000000000000000e+03 5.301100000000000000e+04
3.729000000000000000e+03 5.346800000000000000e+04
3.762000000000000000e+03 5.356900000000000000e+04
3.795000000000000000e+03 5.429500000000000000e+04
3.828000000000000000e+03 5.450300000000000000e+04
3.861000000000000000e+03 5.465800000000000000e+04
3.894000000000000000e+03 5.451900000000000000e+04
3.927000000000000000e+03 5.427900000000000000e+04
3.960000000000000000e+03 5.484500000000000000e+04
3.993000000000000000e+03 5.511400000000000000e+04
4.026000000000000000e+03 5.528400000000000000e+04
4.059000000000000000e+03 5.451500000000000000e+04
4.092000000000000000e+03 5.455500000000000000e+04
4.125000000000000000e+03 5.398300000000000000e+04
4.158000000000000000e+03 5.401300000000000000e+04
4.191000000000000000e+03 5.366100000000000000e+04
4.224000000000000000e+03 5.277300000000000000e+04
4.257000000000000000e+03 5.248800000000000000e+04
4.290000000000000000e+03 5.141700000000000000e+04
4.323000000000000000e+03 5.075400000000000000e+04
4.356000000000000000e+03 4.996900000000000000e+04
4.389000000000000000e+03 4.899000000000000000e+04
4.422000000000000000e+03 4.818400000000000000e+04
4.455000000000000000e+03 4.706600000000000000e+04
4.488000000000000000e+03 4.607500000000000000e+04
4.521000000000000000e+03 4.494000000000000000e+04
4.554000000000000000e+03 4.348200000000000000e+04
4.587000000000000000e+03 4.173300000000000000e+04
4.620000000000000000e+03 4.037900000000000000e+04
4.653000000000000000e+03 3.873200000000000000e+04
4.686000000000000000e+03 3.709600000000000000e+04
4.719000000000000000e+03 3.558100000000000000e+04
4.752000000000000000e+03 3.411000000000000000e+04
4.785000000000000000e+03 3.245100000000000000e+04
4.818000000000000000e+03 3.056900000000000000e+04
4.851000000000000000e+03 2.883700000000000000e+04
4.884000000000000000e+03 2.680500000000000000e+04
4.917000000000000000e+03 2.537900000000000000e+04
4.950000000000000000e+03 2.397000000000000000e+04
4.983000000000000000e+03 2.169000000000000000e+04
5.016000000000000000e+03 2.029300000000000000e+04
5.049000000000000000e+03 1.898100000000000000e+04
5.082000000000000000e+03 1.755600000000000000e+04
5.115000000000000000e+03 1.613000000000000000e+04
5.148000000000000000e+03 1.487500000000000000e+04
5.181000000000000000e+03 1.363300000000000000e+04
5.214000000000000000e+03 1.234300000000000000e+04
5.247000000000000000e+03 1.138600000000000000e+04
5.280000000000000000e+03 1.049900000000000000e+04
5.313000000000000000e+03 9.623000000000000000e+03
5.346000000000000000e+03 8.941000000000000000e+03
5.379000000000000000e+03 8.294000000000000000e+03
5.412000000000000000e+03 7.820000000000000000e+03
5.445000000000000000e+03 7.357000000000000000e+03
5.478000000000000000e+03 6.832000000000000000e+03
5.511000000000000000e+03 6.524000000000000000e+03
5.544000000000000000e+03 6.411000000000000000e+03
5.577000000000000000e+03 6.330000000000000000e+03
5.610000000000000000e+03 6.043000000000000000e+03
5.643000000000000000e+03 6.132000000000000000e+03
5.676000000000000000e+03 6.008000000000000000e+03
5.709000000000000000e+03 6.274000000000000000e+03
5.742000000000000000e+03 6.271000000000000000e+03
5.775000000000000000e+03 6.636000000000000000e+03
5.808000000000000000e+03 7.059000000000000000e+03
5.841000000000000000e+03 7.504000000000000000e+03
5.874000000000000000e+03 7.945000000000000000e+03
5.907000000000000000e+03 8.474000000000000000e+03
5.940000000000000000e+03 9.048000000000000000e+03
5.973000000000000000e+03 9.817000000000000000e+03
6.006000000000000000e+03 1.072800000000000000e+04
6.039000000000000000e+03 1.166500000000000000e+04
6.072000000000000000e+03 1.265400000000000000e+04
6.105000000000000000e+03 1.392500000000000000e+04
6.138000000000000000e+03 1.522700000000000000e+04
6.171000000000000000e+03 1.641800000000000000e+04
6.204000000000000000e+03 1.775900000000000000e+04
6.237000000000000000e+03 1.949000000000000000e+04
6.270000000000000000e+03 2.091700000000000000e+04
6.303000000000000000e+03 2.274200000000000000e+04
6.336000000000000000e+03 2.425300000000000000e+04
6.369000000000000000e+03 2.579800000000000000e+04
6.402000000000000000e+03 2.731200000000000000e+04
6.435000000000000000e+03 2.942700000000000000e+04
6.468000000000000000e+03 3.109400000000000000e+04
6.501000000000000000e+03 3.288300000000000000e+04
6.534000000000000000e+03 3.467800000000000000e+04
6.567000000000000000e+03 3.626300000000000000e+04
6.600000000000000000e+03 3.794400000000000000e+04
6.633000000000000000e+03 3.967000000000000000e+04
