0.000000000000000000e+00 4.015600000000000000e+04
1.000000000000000000e+02 4.185200000000000000e+04
2.000000000000000000e+02 4.322000000000000000e+04
3.000000000000000000e+02 4.392000000000000000e+04
4.000000000000000000e+02 4.559700000000000000e+04
5.000000000000000000e+02 4.676900000000000000e+04
6.000000000000000000e+02 4.800100000000000000e+04
7.000000000000000000e+02 4.847700000000000000e+04
8.000000000000000000e+02 4.962400000000000000e+04
9.000000000000000000e+02 5.040300000000000000e+04
1.000000000000000000e+03 5.062800000000000000e+04
1.100000000000000000e+03 5.133900000000000000e+04
1.200000000000000000e+03 5.181300000000000000e+04
1.300000000000000000e+03 5.287300000000000000e+04
1.400000000000000000e+03 5.303000000000000000e+04
1.500000000000000000e+03 5.341100000000000000e+04
1.600000000000000000e+03 5.340500000000000000e+04
1.700000000000000000e+03 5.369900000000000000e+04
1.800000000000000000e+03 5.391100000000000000e+04
1.900000000000000000e+03 5.443400000000000000e+04
2.000000000000000000e+03 5.407800000000000000e+04
2.100000000000000000e+03 5.373000000000000000e+04
2.200000000000000000e+03 5.347100000000000000e+04
2.300000000000000000e+03 5.327200000000000000e+04
2.400000000000000000e+03 5.343700000000000000e+04
2.500000000000000000e+03 5.314900000000000000e+04
2.600000000000000000e+03 5.263200000000000000e+04
2.700000000000000000e+03 5.199900000000000000e+04
2.800000000000000000e+03 5.078800000000000000e+04
2.900000000000000000e+03 5.045900000000000000e+04
3.000000000000000000e+03 4.971900000000000000e+04
3.100000000000000000e+03 4.877100000000000000e+04
3.200000000000000000e+03 4.816900000000000000e+04
3.300000000000000000e+03 4.730900000000000000e+04
3.400000000000000000e+03 4.564000000000000000e+04
3.500000000000000000e+03 4.462900000000000000e+04
3.600000000000000000e+03 4.367800000000000000e+04
3.700000000000000000e+03 4.175600000000000000e+04
3.800000000000000000e+03 4.046600000000000000e+04
3.900000000000000000e+03 3.886100000000000000e+04
4.000000000000000000e+03 3.685300000000000000e+04
4.100000000000000000e+03 3.597400000000000000e+04
4.200000000000000000e+03 3.436500000000000000e+04
4.300000000000000000e+03 3.267600000000000000e+04
4.400000000000000000e+03 3.078600000000000000e+04
4.500000000000000000e+03 2.902200000000000000e+04
4.600000000000000000e+03 2.746800000000000000e+04
4.700000000000000000e+03 2.582400000000000000e+04
4.800000000000000000e+03 2.399000000000000000e+04
4.900000000000000000e+03 2.250800000000000000e+04
5.000000000000000000e+03 2.073600000000000000e+04
5.100000000000000000e+03 1.919900000000000000e+04
5.200000000000000000e+03 1.770200000000000000e+04
5.300000000000000000e+03 1.636100000000000000e+04
5.400000000000000000e+03 1.496300000000000000e+04
5.500000000000000000e+03 1.387500000000000000e+04
5.600000000000000000e+03 1.267800000000000000e+04
5.700000000000000000e+03 1.156700000000000000e+04
5.800000000000000000e+03 1.061600000000000000e+04
5.900000000000000000e+03 9.890000000000000000e+03
6.000000000000000000e+03 9.129000000000000000e+03
6.100000000000000000e+03 8.491000000000000000e+03
6.200000000000000000e+03 7.786000000000000000e+03
6.300000000000000000e+03 7.214000000000000000e+03
6.400000000000000000e+03 7.024000000000000000e+03
6.500000000000000000e+03 6.359000000000000000e+03
6.600000000000000000e+03 6.361000000000000000e+03
6.700000000000000000e+03 6.157000000000000000e+03
6.800000000000000000e+03 5.868000000000000000e+03
6.900000000000000000e+03 5.870000000000000000e+03
7.000000000000000000e+03 6.085000000000000000e+03
7.100000000000000000e+03 5.936000000000000000e+03
7.200000000000000000e+03 6.223000000000000000e+03
7.300000000000000000e+03 6.336000000000000000e+03
7.400000000000000000e+03 6.888000000000000000e+03
7.500000000000000000e+03 7.077000000000000000e+03
7.600000000000000000e+03 7.732000000000000000e+03
7.700000000000000000e+03 8.068000000000000000e+03
7.800000000000000000e+03 8.969000000000000000e+03
7.900000000000000000e+03 9.481000000000000000e+03
8.000000000000000000e+03 1.035300000000000000e+04
8.100000000000000000e+03 1.137200000000000000e+04
8.200000000000000000e+03 1.227400000000000000e+04
8.300000000000000000e+03 1.338500000000000000e+04
8.400000000000000000e+03 1.480700000000000000e+04
8.500000000000000000e+03 1.597100000000000000e+04
8.600000000000000000e+03 1.730600000000000000e+04
8.700000000000000000e+03 1.883400000000000000e+04
8.800000000000000000e+03 2.032400000000000000e+04
8.900000000000000000e+03 2.209900000000000000e+04
9.000000000000000000e+03 2.359600000000000000e+04
9.100000000000000000e+03 2.518300000000000000e+04
9.200000000000000000e+03 2.702600000000000000e+04
9.300000000000000000e+03 2.867900000000000000e+04
9.400000000000000000e+03 3.058000000000000000e+04
9.500000000000000000e+03 3.195100000000000000e+04
9.600000000000000000e+03 3.361900000000000000e+04
9.700000000000000000e+03 3.546200000000000000e+04
9.800000000000000000e+03 3.692900000000000000e+04
9.900000000000000000e+03 3.863100000000000000e+04
1.000000000000000000e+04 4.022200000000000000e+04
1.010000000000000000e+04 4.164900000000000000e+04
1.020000000000000000e+04 4.326200000000000000e+04
1.030000000000000000e+04 4.375800000000000000e+04
1.040000000000000000e+04 4.578800000000000000e+04
1.050000000000000000e+04 4.670700000000000000e+04
1.060000000000000000e+04 4.767900000000000000e+04
1.070000000000000000e+04 4.905200000000000000e+04
1.080000000000000000e+04 4.954800000000000000e+04
1.090000000000000000e+04 4.998300000000000000e+04
1.100000000000000000e+04 5.121300000000000000e+04
1.110000000000000000e+04 5.197500000000000000e+04
1.120000000000000000e+04 5.247900000000000000e+04
1.130000000000000000e+04 5.263100000000000000e+04
1.140000000000000000e+04 5.311400000000000000e+04
1.150000000000000000e+04 5.389200000000000000e+04
1.160000000000000000e+04 5.383400000000000000e+04
1.170000000000000000e+04 5.332500000000000000e+04
1.180000000000000000e+04 5.410800000000000000e+04
1.190000000000000000e+04 5.399400000000000000e+04
1.200000000000000000e+04 5.448000000000000000e+04
1.210000000000000000e+04 5.396900000000000000e+04
1.220000000000000000e+04 5.387400000000000000e+04
1.230000000000000000e+04 5.325200000000000000e+04
1.240000000000000000e+04 5.316600000000000000e+04
1.250000000000000000e+04 5.286900000000000000e+04
1.260000000000000000e+04 5.242200000000000000e+04
1.270000000000000000e+04 5.208700000000000000e+04
1.280000000000000000e+04 5.088000000000000000e+04
1.290000000000000000e+04 5.062700000000000000e+04
1.300000000000000000e+04 4.958400000000000000e+04
1.310000000000000000e+04 4.867400000000000000e+04
1.320000000000000000e+04 4.801900000000000000e+04
1.330000000000000000e+04 4.708300000000000000e+04
1.340000000000000000e+04 4.590800000000000000e+04
1.350000000000000000e+04 4.459800000000000000e+04
1.360000000000000000e+04 4.331800000000000000e+04
1.370000000000000000e+04 4.175000000000000000e+04
1.380000000000000000e+04 4.079300000000000000e+04
1.390000000000000000e+04 3.926200000000000000e+04
1.400000000000000000e+04 3.771400000000000000e+04
1.410000000000000000e+04 3.615500000000000000e+04
1.420000000000000000e+04 3.443300000000000000e+04
1.430000000000000000e+04 3.253300000000000000e+04
1.440000000000000000e+04 3.104800000000000000e+04
1.450000000000000000e+04 2.920600000000000000e+04
1.460000000000000000e+04 2.747700000000000000e+04
1.470000000000000000e+04 2.572300000000000000e+04
1.480000000000000000e+04 2.416000000000000000e+04
1.490000000000000000e+04 2.256700000000000000e+04
1.500000000000000000e+04 2.060700000000000000e+04
1.510000000000000000e+04 1.916500000000000000e+04
1.520000000000000000e+04 1.775500000000000000e+04
1.530000000000000000e+04 1.642500000000000000e+04
1.540000000000000000e+04 1.501100000000000000e+04
1.550000000000000000e+04 1.358300000000000000e+04
1.560000000000000000e+04 1.285100000000000000e+04
1.570000000000000000e+04 1.169400000000000000e+04
1.580000000000000000e+04 1.073900000000000000e+04
1.590000000000000000e+04 9.873000000000000000e+03
1.600000000000000000e+04 9.154000000000000000e+03
1.610000000000000000e+04 8.349000000000000000e+03
1.620000000000000000e+04 7.752000000000000000e+03
1.630000000000000000e+04 7.253000000000000000e+03
1.640000000000000000e+04 6.763000000000000000e+03
1.650000000000000000e+04 6.557000000000000000e+03
1.660000000000000000e+04 6.406000000000000000e+03
1.670000000000000000e+04 6.105000000000000000e+03
1.680000000000000000e+04 5.948000000000000000e+03
1.690000000000000000e+04 5.816000000000000000e+03
1.700000000000000000e+04 5.950000000000000000e+03
1.710000000000000000e+04 5.983000000000000000e+03
1.720000000000000000e+04 6.232000000000000000e+03
1.730000000000000000e+04 6.434000000000000000e+03
1.740000000000000000e+04 6.563000000000000000e+03
1.750000000000000000e+04 7.147000000000000000e+03
1.760000000000000000e+04 7.721000000000000000e+03
1.770000000000000000e+04 8.154000000000000000e+03
1.780000000000000000e+04 8.940000000000000000e+03
1.790000000000000000e+04 9.562000000000000000e+03
1.800000000000000000e+04 1.045600000000000000e+04
1.810000000000000000e+04 1.127500000000000000e+04
1.820000000000000000e+04 1.240300000000000000e+04
1.830000000000000000e+04 1.337000000000000000e+04
1.840000000000000000e+04 1.477000000000000000e+04
1.850000000000000000e+04 1.599100000000000000e+04
1.860000000000000000e+04 1.715300000000000000e+04
1.870000000000000000e+04 1.899900000000000000e+04
1.880000000000000000e+04 2.022800000000000000e+04
1.890000000000000000e+04 2.199300000000000000e+04
1.900000000000000000e+04 2.335500000000000000e+04
1.910000000000000000e+04 2.531600000000000000e+04
1.920000000000000000e+04 2.680600000000000000e+04
1.930000000000000000e+04 2.873900000000000000e+04
1.940000000000000000e+04 3.088200000000000000e+04
1.950000000000000000e+04 3.230300000000000000e+04
1.960000000000000000e+04 3.374000000000000000e+04
1.970000000000000000e+04 3.557500000000000000e+04
1.980000000000000000e+04 3.732900000000000000e+04
1.990000000000000000e+04 3.857100000000000000e+04
