0.000000000000000000e+00 3.817100000000000000e+04
1.000000000000000000e+03 3.934700000000000000e+04
2.000000000000000000e+03 4.090200000000000000e+04
3.000000000000000000e+03 4.236200000000000000e+04
4.000000000000000000e+03 4.309400000000000000e+04
5.000000000000000000e+03 4.405300000000000000e+04
6.000000000000000000e+03 4.547500000000000000e+04
7.000000000000000000e+03 4.604500000000000000e+04
8.000000000000000000e+03 4.685800000000000000e+04
9.000000000000000000e+03 4.782100000000000000e+04
1.000000000000000000e+04 4.878100000000000000e+04
1.100000000000000000e+04 4.931500000000000000e+04
1.200000000000000000e+04 4.986600000000000000e+04
1.300000000000000000e+04 5.041400000000000000e+04
1.400000000000000000e+04 5.052200000000000000e+04
1.500000000000000000e+04 5.116300000000000000e+04
1.600000000000000000e+04 5.168700000000000000e+04
1.700000000000000000e+04 5.123300000000000000e+04
1.800000000000000000e+04 5.192400000000000000e+04
1.900000000000000000e+04 5.119000000000000000e+04
2.000000000000000000e+04 5.145900000000000000e+04
2.100000000000000000e+04 5.123600000000000000e+04
2.200000000000000000e+04 5.140400000000000000e+04
2.300000000000000000e+04 5.153200000000000000e+04
2.400000000000000000e+04 5.119500000000000000e+04
2.500000000000000000e+04 5.059700000000000000e+04
2.600000000000000000e+04 4.991300000000000000e+04
2.700000000000000000e+04 4.968200000000000000e+04
2.800000000000000000e+04 4.876400000000000000e+04
2.900000000000000000e+04 4.836100000000000000e+04
3.000000000000000000e+04 4.754200000000000000e+04
3.100000000000000000e+04 4.659200000000000000e+04
3.200000000000000000e+04 4.603500000000000000e+04
3.300000000000000000e+04 4.463700000000000000e+04
3.400000000000000000e+04 4.381800000000000000e+04
3.500000000000000000e+04 4.263200000000000000e+04
3.600000000000000000e+04 4.120200000000000000e+04
3.700000000000000000e+04 4.036500000000000000e+04
3.800000000000000000e+04 3.908000000000000000e+04
3.900000000000000000e+04 3.743600000000000000e+04
4.000000000000000000e+04 3.560900000000000000e+04
4.100000000000000000e+04 3.439600000000000000e+04
4.200000000000000000e+04 3.267500000000000000e+04
4.300000000000000000e+04 3.092500000000000000e+04
4.400000000000000000e+04 2.985700000000000000e+04
4.500000000000000000e+04 2.797200000000000000e+04
4.600000000000000000e+04 2.619900000000000000e+04
4.700000000000000000e+04 2.479300000000000000e+04
4.800000000000000000e+04 2.308100000000000000e+04
4.900000000000000000e+04 2.162700000000000000e+04
5.000000000000000000e+04 1.999300000000000000e+04
5.100000000000000000e+04 1.835300000000000000e+04
5.200000000000000000e+04 1.705900000000000000e+04
5.300000000000000000e+04 1.567500000000000000e+04
5.400000000000000000e+04 1.433600000000000000e+04
5.500000000000000000e+04 1.336100000000000000e+04
5.600000000000000000e+04 1.212200000000000000e+04
5.700000000000000000e+04 1.110200000000000000e+04
5.800000000000000000e+04 1.024600000000000000e+04
5.900000000000000000e+04 9.486000000000000000e+03
6.000000000000000000e+04 8.863000000000000000e+03
6.100000000000000000e+04 8.072000000000000000e+03
6.200000000000000000e+04 7.440000000000000000e+03
6.300000000000000000e+04 6.942000000000000000e+03
6.400000000000000000e+04 6.636000000000000000e+03
6.500000000000000000e+04 6.039000000000000000e+03
6.600000000000000000e+04 6.071000000000000000e+03
6.700000000000000000e+04 5.921000000000000000e+03
6.800000000000000000e+04 5.739000000000000000e+03
6.900000000000000000e+04 5.741000000000000000e+03
7.000000000000000000e+04 5.525000000000000000e+03
7.100000000000000000e+04 5.763000000000000000e+03
7.200000000000000000e+04 5.806000000000000000e+03
7.300000000000000000e+04 5.949000000000000000e+03
7.400000000000000000e+04 6.352000000000000000e+03
7.500000000000000000e+04 6.743000000000000000e+03
7.600000000000000000e+04 7.285000000000000000e+03
7.700000000000000000e+04 7.810000000000000000e+03
7.800000000000000000e+04 8.471000000000000000e+03
7.900000000000000000e+04 9.119000000000000000e+03
8.000000000000000000e+04 9.900000000000000000e+03
8.100000000000000000e+04 1.084400000000000000e+04
8.200000000000000000e+04 1.165100000000000000e+04
8.300000000000000000e+04 1.246900000000000000e+04
8.400000000000000000e+04 1.398200000000000000e+04
8.500000000000000000e+04 1.514000000000000000e+04
8.600000000000000000e+04 1.665200000000000000e+04
8.700000000000000000e+04 1.785800000000000000e+04
8.800000000000000000e+04 1.911800000000000000e+04
8.900000000000000000e+04 2.080600000000000000e+04
9.000000000000000000e+04 2.252600000000000000e+04
9.100000000000000000e+04 2.420800000000000000e+04
9.200000000000000000e+04 2.546800000000000000e+04
9.300000000000000000e+04 2.737800000000000000e+04
9.400000000000000000e+04 2.868100000000000000e+04
9.500000000000000000e+04 3.045600000000000000e+04
9.600000000000000000e+04 3.197000000000000000e+04
9.700000000000000000e+04 3.370900000000000000e+04
9.800000000000000000e+04 3.535700000000000000e+04
9.900000000000000000e+04 3.692400000000000000e+04
1.000000000000000000e+05 3.841500000000000000e+04
1.010000000000000000e+05 3.943400000000000000e+04
1.020000000000000000e+05 4.095200000000000000e+04
1.030000000000000000e+05 4.184300000000000000e+04
1.040000000000000000e+05 4.300200000000000000e+04
1.050000000000000000e+05 4.404100000000000000e+04
1.060000000000000000e+05 4.534600000000000000e+04
1.070000000000000000e+05 4.607200000000000000e+04
1.080000000000000000e+05 4.733200000000000000e+04
1.090000000000000000e+05 4.790700000000000000e+04
1.100000000000000000e+05 4.890200000000000000e+04
1.110000000000000000e+05 4.940700000000000000e+04
1.120000000000000000e+05 4.923800000000000000e+04
1.130000000000000000e+05 5.031500000000000000e+04
1.140000000000000000e+05 5.054100000000000000e+04
1.150000000000000000e+05 5.114300000000000000e+04
1.160000000000000000e+05 5.120700000000000000e+04
1.170000000000000000e+05 5.140100000000000000e+04
1.180000000000000000e+05 5.161700000000000000e+04
1.190000000000000000e+05 5.136700000000000000e+04
1.200000000000000000e+05 5.127800000000000000e+04
1.210000000000000000e+05 5.157300000000000000e+04
1.220000000000000000e+05 5.109900000000000000e+04
1.230000000000000000e+05 5.092800000000000000e+04
1.240000000000000000e+05 5.064200000000000000e+04
1.250000000000000000e+05 5.046200000000000000e+04
1.260000000000000000e+05 5.008700000000000000e+04
1.270000000000000000e+05 4.984000000000000000e+04
1.280000000000000000e+05 4.889300000000000000e+04
1.290000000000000000e+05 4.837100000000000000e+04
1.300000000000000000e+05 4.759100000000000000e+04
1.310000000000000000e+05 4.672700000000000000e+04
1.320000000000000000e+05 4.598000000000000000e+04
1.330000000000000000e+05 4.471600000000000000e+04
1.340000000000000000e+05 4.393800000000000000e+04
1.350000000000000000e+05 4.240000000000000000e+04
1.360000000000000000e+05 4.130000000000000000e+04
1.370000000000000000e+05 4.036900000000000000e+04
1.380000000000000000e+05 3.906500000000000000e+04
1.390000000000000000e+05 3.749900000000000000e+04
1.400000000000000000e+05 3.595300000000000000e+04
1.410000000000000000e+05 3.423100000000000000e+04
1.420000000000000000e+05 3.268200000000000000e+04
1.430000000000000000e+05 3.133100000000000000e+04
1.440000000000000000e+05 2.980600000000000000e+04
1.450000000000000000e+05 2.811600000000000000e+04
1.460000000000000000e+05 2.629100000000000000e+04
1.470000000000000000e+05 2.456200000000000000e+04
1.480000000000000000e+05 2.341300000000000000e+04
1.490000000000000000e+05 2.149700000000000000e+04
1.500000000000000000e+05 1.988400000000000000e+04
1.510000000000000000e+05 1.851300000000000000e+04
1.520000000000000000e+05 1.725200000000000000e+04
1.530000000000000000e+05 1.574300000000000000e+04
1.540000000000000000e+05 1.446600000000000000e+04
1.550000000000000000e+05 1.309100000000000000e+04
1.560000000000000000e+05 1.196100000000000000e+04
1.570000000000000000e+05 1.119400000000000000e+04
1.580000000000000000e+05 1.011100000000000000e+04
1.590000000000000000e+05 9.298000000000000000e+03
1.600000000000000000e+05 8.743000000000000000e+03
1.610000000000000000e+05 8.173000000000000000e+03
1.620000000000000000e+05 7.602000000000000000e+03
1.630000000000000000e+05 6.894000000000000000e+03
1.640000000000000000e+05 6.655000000000000000e+03
1.650000000000000000e+05 6.286000000000000000e+03
1.660000000000000000e+05 6.206000000000000000e+03
1.670000000000000000e+05 5.840000000000000000e+03
1.680000000000000000e+05 5.784000000000000000e+03
1.690000000000000000e+05 5.758000000000000000e+03
1.700000000000000000e+05 5.602000000000000000e+03
1.710000000000000000e+05 5.696000000000000000e+03
1.720000000000000000e+05 6.063000000000000000e+03
1.730000000000000000e+05 6.089000000000000000e+03
1.740000000000000000e+05 6.496000000000000000e+03
1.750000000000000000e+05 6.829000000000000000e+03
1.760000000000000000e+05 7.117000000000000000e+03
1.770000000000000000e+05 7.671000000000000000e+03
1.780000000000000000e+05 8.448000000000000000e+03
1.790000000000000000e+05 9.150000000000000000e+03
1.800000000000000000e+05 9.952000000000000000e+03
1.810000000000000000e+05 1.052500000000000000e+04
1.820000000000000000e+05 1.158500000000000000e+04
1.830000000000000000e+05 1.249300000000000000e+04
1.840000000000000000e+05 1.401400000000000000e+04
1.850000000000000000e+05 1.506300000000000000e+04
1.860000000000000000e+05 1.660300000000000000e+04
1.870000000000000000e+05 1.785500000000000000e+04
1.880000000000000000e+05 1.939700000000000000e+04
1.890000000000000000e+05 2.104300000000000000e+04
1.900000000000000000e+05 2.253800000000000000e+04
1.910000000000000000e+05 2.417200000000000000e+04
1.920000000000000000e+05 2.549100000000000000e+04
1.930000000000000000e+05 2.746000000000000000e+04
1.940000000000000000e+05 2.925700000000000000e+04
1.950000000000000000e+05 3.065100000000000000e+04
1.960000000000000000e+05 3.227400000000000000e+04
1.970000000000000000e+05 3.346500000000000000e+04
1.980000000000000000e+05 3.512700000000000000e+04
1.990000000000000000e+05 3.680800000000000000e+04
