0.000000000000000000e+00 3.984300000000000000e+04
2.500000000000000000e+02 4.175600000000000000e+04
5.000000000000000000e+02 4.300800000000000000e+04
7.500000000000000000e+02 4.380500000000000000e+04
1.000000000000000000e+03 4.530100000000000000e+04
1.250000000000000000e+03 4.666500000000000000e+04
1.500000000000000000e+03 4.703800000000000000e+04
1.750000000000000000e+03 4.802700000000000000e+04
2.000000000000000000e+03 4.909800000000000000e+04
2.250000000000000000e+03 5.020600000000000000e+04
2.500000000000000000e+03 5.036500000000000000e+04
2.750000000000000000e+03 5.135000000000000000e+04
3.000000000000000000e+03 5.204900000000000000e+04
3.250000000000000000e+03 5.245300000000000000e+04
3.500000000000000000e+03 5.322200000000000000e+04
3.750000000000000000e+03 5.299800000000000000e+04
4.000000000000000000e+03 5.343300000000000000e+04
4.250000000000000000e+03 5.364000000000000000e+04
4.500000000000000000e+03 5.367900000000000000e+04
4.750000000000000000e+03 5.349600000000000000e+04
5.000000000000000000e+03 5.370600000000000000e+04
5.250000000000000000e+03 5.323700000000000000e+04
5.500000000000000000e+03 5.337800000000000000e+04
5.750000000000000000e+03 5.312500000000000000e+04
6.000000000000000000e+03 5.304900000000000000e+04
6.250000000000000000e+03 5.273100000000000000e+04
6.500000000000000000e+03 5.214200000000000000e+04
6.750000000000000000e+03 5.120500000000000000e+04
7.000000000000000000e+03 5.066000000000000000e+04
7.250000000000000000e+03 5.019200000000000000e+04
7.500000000000000000e+03 4.951300000000000000e+04
7.750000000000000000e+03 4.854400000000000000e+04
8.000000000000000000e+03 4.781100000000000000e+04
8.250000000000000000e+03 4.665400000000000000e+04
8.500000000000000000e+03 4.546000000000000000e+04
8.750000000000000000e+03 4.446900000000000000e+04
9.000000000000000000e+03 4.323300000000000000e+04
9.250000000000000000e+03 4.192200000000000000e+04
9.500000000000000000e+03 4.037200000000000000e+04
9.750000000000000000e+03 3.855700000000000000e+04
1.000000000000000000e+04 3.724400000000000000e+04
1.025000000000000000e+04 3.562600000000000000e+04
1.050000000000000000e+04 3.399200000000000000e+04
1.075000000000000000e+04 3.203000000000000000e+04
1.100000000000000000e+04 3.083000000000000000e+04
1.125000000000000000e+04 2.902100000000000000e+04
1.150000000000000000e+04 2.722100000000000000e+04
1.175000000000000000e+04 2.574800000000000000e+04
1.200000000000000000e+04 2.402200000000000000e+04
1.225000000000000000e+04 2.240200000000000000e+04
1.250000000000000000e+04 2.061300000000000000e+04
1.275000000000000000e+04 1.897900000000000000e+04
1.300000000000000000e+04 1.777200000000000000e+04
1.325000000000000000e+04 1.623400000000000000e+04
1.350000000000000000e+04 1.496600000000000000e+04
1.375000000000000000e+04 1.384500000000000000e+04
1.400000000000000000e+04 1.256400000000000000e+04
1.425000000000000000e+04 1.132700000000000000e+04
1.450000000000000000e+04 1.049800000000000000e+04
1.475000000000000000e+04 9.605000000000000000e+03
1.500000000000000000e+04 8.877000000000000000e+03
1.525000000000000000e+04 8.381000000000000000e+03
1.550000000000000000e+04 7.746000000000000000e+03
1.575000000000000000e+04 7.278000000000000000e+03
1.600000000000000000e+04 6.841000000000000000e+03
1.625000000000000000e+04 6.412000000000000000e+03
1.650000000000000000e+04 6.180000000000000000e+03
1.675000000000000000e+04 6.181000000000000000e+03
1.700000000000000000e+04 6.015000000000000000e+03
1.725000000000000000e+04 5.920000000000000000e+03
1.750000000000000000e+04 5.947000000000000000e+03
1.775000000000000000e+04 6.025000000000000000e+03
1.800000000000000000e+04 6.098000000000000000e+03
1.825000000000000000e+04 6.229000000000000000e+03
1.850000000000000000e+04 6.570000000000000000e+03
1.875000000000000000e+04 7.057000000000000000e+03
1.900000000000000000e+04 7.493000000000000000e+03
1.925000000000000000e+04 8.150000000000000000e+03
1.950000000000000000e+04 8.732000000000000000e+03
1.975000000000000000e+04 9.433000000000000000e+03
2.000000000000000000e+04 1.034900000000000000e+04
2.025000000000000000e+04 1.096000000000000000e+04
2.050000000000000000e+04 1.214700000000000000e+04
2.075000000000000000e+04 1.334100000000000000e+04
2.100000000000000000e+04 1.438800000000000000e+04
2.125000000000000000e+04 1.588200000000000000e+04
2.150000000000000000e+04 1.710000000000000000e+04
2.175000000000000000e+04 1.860300000000000000e+04
2.200000000000000000e+04 2.022500000000000000e+04
2.225000000000000000e+04 2.165800000000000000e+04
2.250000000000000000e+04 2.347500000000000000e+04
2.275000000000000000e+04 2.527500000000000000e+04
2.300000000000000000e+04 2.670800000000000000e+04
2.325000000000000000e+04 2.861700000000000000e+04
2.350000000000000000e+04 2.987200000000000000e+04
2.375000000000000000e+04 3.203800000000000000e+04
2.400000000000000000e+04 3.383100000000000000e+04
2.425000000000000000e+04 3.571800000000000000e+04
2.450000000000000000e+04 3.706700000000000000e+04
2.475000000000000000e+04 3.874500000000000000e+04
2.500000000000000000e+04 4.014100000000000000e+04
2.525000000000000000e+04 4.146900000000000000e+04
2.550000000000000000e+04 4.313800000000000000e+04
2.575000000000000000e+04 4.434600000000000000e+04
2.600000000000000000e+04 4.515300000000000000e+04
2.625000000000000000e+04 4.580400000000000000e+04
2.650000000000000000e+04 4.780700000000000000e+04
2.675000000000000000e+04 4.777000000000000000e+04
2.700000000000000000e+04 4.917900000000000000e+04
2.725000000000000000e+04 4.972300000000000000e+04
2.750000000000000000e+04 5.076600000000000000e+04
2.775000000000000000e+04 5.156400000000000000e+04
2.800000000000000000e+04 5.166000000000000000e+04
2.825000000000000000e+04 5.225200000000000000e+04
2.850000000000000000e+04 5.343600000000000000e+04
2.875000000000000000e+04 5.350600000000000000e+04
2.900000000000000000e+04 5.348500000000000000e+04
2.925000000000000000e+04 5.318600000000000000e+04
2.950000000000000000e+04 5.324900000000000000e+04
2.975000000000000000e+04 5.370400000000000000e+04
3.000000000000000000e+04 5.360500000000000000e+04
3.025000000000000000e+04 5.308000000000000000e+04
3.050000000000000000e+04 5.322900000000000000e+04
3.075000000000000000e+04 5.338400000000000000e+04
3.100000000000000000e+04 5.297000000000000000e+04
3.125000000000000000e+04 5.264800000000000000e+04
3.150000000000000000e+04 5.241700000000000000e+04
3.175000000000000000e+04 5.205800000000000000e+04
3.200000000000000000e+04 5.123200000000000000e+04
3.225000000000000000e+04 5.020400000000000000e+04
3.250000000000000000e+04 4.953300000000000000e+04
3.275000000000000000e+04 4.825800000000000000e+04
3.300000000000000000e+04 4.809700000000000000e+04
3.325000000000000000e+04 4.670600000000000000e+04
3.350000000000000000e+04 4.545600000000000000e+04
3.375000000000000000e+04 4.436300000000000000e+04
3.400000000000000000e+04 4.306000000000000000e+04
3.425000000000000000e+04 4.220900000000000000e+04
3.450000000000000000e+04 4.034200000000000000e+04
3.475000000000000000e+04 3.895100000000000000e+04
3.500000000000000000e+04 3.787900000000000000e+04
3.525000000000000000e+04 3.596300000000000000e+04
3.550000000000000000e+04 3.405200000000000000e+04
3.575000000000000000e+04 3.195600000000000000e+04
3.600000000000000000e+04 3.073300000000000000e+04
3.625000000000000000e+04 2.905300000000000000e+04
3.650000000000000000e+04 2.739400000000000000e+04
3.675000000000000000e+04 2.565100000000000000e+04
3.700000000000000000e+04 2.384100000000000000e+04
3.725000000000000000e+04 2.237100000000000000e+04
3.750000000000000000e+04 2.053300000000000000e+04
3.775000000000000000e+04 1.907800000000000000e+04
3.800000000000000000e+04 1.781600000000000000e+04
3.825000000000000000e+04 1.641400000000000000e+04
3.850000000000000000e+04 1.482100000000000000e+04
3.875000000000000000e+04 1.376100000000000000e+04
3.900000000000000000e+04 1.276700000000000000e+04
3.925000000000000000e+04 1.153100000000000000e+04
3.950000000000000000e+04 1.062500000000000000e+04
3.975000000000000000e+04 9.866000000000000000e+03
4.000000000000000000e+04 8.899000000000000000e+03
4.025000000000000000e+04 8.242000000000000000e+03
4.050000000000000000e+04 7.712000000000000000e+03
4.075000000000000000e+04 7.208000000000000000e+03
4.100000000000000000e+04 6.884000000000000000e+03
4.125000000000000000e+04 6.636000000000000000e+03
4.150000000000000000e+04 6.175000000000000000e+03
4.175000000000000000e+04 6.010000000000000000e+03
4.200000000000000000e+04 5.954000000000000000e+03
4.225000000000000000e+04 5.802000000000000000e+03
4.250000000000000000e+04 5.899000000000000000e+03
4.275000000000000000e+04 6.052000000000000000e+03
4.300000000000000000e+04 6.209000000000000000e+03
4.325000000000000000e+04 6.560000000000000000e+03
4.350000000000000000e+04 6.727000000000000000e+03
4.375000000000000000e+04 7.047000000000000000e+03
4.400000000000000000e+04 7.547000000000000000e+03
4.425000000000000000e+04 7.929000000000000000e+03
4.450000000000000000e+04 8.790000000000000000e+03
4.475000000000000000e+04 9.468000000000000000e+03
4.500000000000000000e+04 1.030400000000000000e+04
4.525000000000000000e+04 1.124100000000000000e+04
4.550000000000000000e+04 1.241700000000000000e+04
4.575000000000000000e+04 1.329200000000000000e+04
4.600000000000000000e+04 1.452700000000000000e+04
4.625000000000000000e+04 1.569800000000000000e+04
4.650000000000000000e+04 1.702200000000000000e+04
4.675000000000000000e+04 1.861500000000000000e+04
4.700000000000000000e+04 2.012000000000000000e+04
4.725000000000000000e+04 2.154300000000000000e+04
4.750000000000000000e+04 2.342900000000000000e+04
4.775000000000000000e+04 2.498700000000000000e+04
4.800000000000000000e+04 2.690100000000000000e+04
4.825000000000000000e+04 2.892000000000000000e+04
4.850000000000000000e+04 3.052000000000000000e+04
4.875000000000000000e+04 3.185100000000000000e+04
4.900000000000000000e+04 3.372900000000000000e+04
4.925000000000000000e+04 3.552200000000000000e+04
4.950000000000000000e+04 3.686000000000000000e+04
4.975000000000000000e+04 3.851100000000000000e+04
