0.000000000000000000e+00 4.530800000000000000e+04
1.667000000000000000e+03 4.683300000000000000e+04
3.334000000000000000e+03 4.852500000000000000e+04
5.001000000000000000e+03 5.004900000000000000e+04
6.668000000000000000e+03 5.151500000000000000e+04
8.335000000000000000e+03 5.331100000000000000e+04
1.000200000000000000e+04 5.419900000000000000e+04
1.166900000000000000e+04 5.543300000000000000e+04
1.333600000000000000e+04 5.635200000000000000e+04
1.500300000000000000e+04 5.740700000000000000e+04
1.667000000000000000e+04 5.781900000000000000e+04
1.833700000000000000e+04 5.864700000000000000e+04
2.000400000000000000e+04 5.946000000000000000e+04
2.167100000000000000e+04 5.990100000000000000e+04
2.333800000000000000e+04 6.060800000000000000e+04
2.500500000000000000e+04 6.088700000000000000e+04
2.667200000000000000e+04 6.139900000000000000e+04
2.833900000000000000e+04 6.166600000000000000e+04
3.000600000000000000e+04 6.150300000000000000e+04
3.167300000000000000e+04 6.188000000000000000e+04
3.334000000000000000e+04 6.178700000000000000e+04
3.500700000000000000e+04 6.132400000000000000e+04
3.667400000000000000e+04 6.137300000000000000e+04
3.834100000000000000e+04 6.109800000000000000e+04
4.000800000000000000e+04 6.079000000000000000e+04
4.167500000000000000e+04 6.027800000000000000e+04
4.334200000000000000e+04 6.007300000000000000e+04
4.500900000000000000e+04 5.929900000000000000e+04
4.667600000000000000e+04 5.860700000000000000e+04
4.834300000000000000e+04 5.745800000000000000e+04
5.001000000000000000e+04 5.697300000000000000e+04
5.167700000000000000e+04 5.591300000000000000e+04
5.334400000000000000e+04 5.436000000000000000e+04
5.501100000000000000e+04 5.351300000000000000e+04
5.667800000000000000e+04 5.205200000000000000e+04
5.834500000000000000e+04 5.138700000000000000e+04
6.001200000000000000e+04 4.972000000000000000e+04
6.167900000000000000e+04 4.809700000000000000e+04
6.334600000000000000e+04 4.641000000000000000e+04
6.501300000000000000e+04 4.516200000000000000e+04
6.668000000000000000e+04 4.278200000000000000e+04
6.834700000000000000e+04 4.055400000000000000e+04
7.001400000000000000e+04 3.910900000000000000e+04
7.168100000000000000e+04 3.716600000000000000e+04
7.334800000000000000e+04 3.520100000000000000e+04
7.501500000000000000e+04 3.323100000000000000e+04
7.668200000000000000e+04 3.147400000000000000e+04
7.834900000000000000e+04 2.963700000000000000e+04
8.001600000000000000e+04 2.732800000000000000e+04
8.168300000000000000e+04 2.577200000000000000e+04
8.335000000000000000e+04 2.378000000000000000e+04
8.501700000000000000e+04 2.217200000000000000e+04
8.668400000000000000e+04 2.013300000000000000e+04
8.835100000000000000e+04 1.864800000000000000e+04
9.001800000000000000e+04 1.711000000000000000e+04
9.168500000000000000e+04 1.577800000000000000e+04
9.335200000000000000e+04 1.446300000000000000e+04
9.501900000000000000e+04 1.329900000000000000e+04
9.668600000000000000e+04 1.231100000000000000e+04
9.835300000000000000e+04 1.128800000000000000e+04
1.000200000000000000e+05 1.030100000000000000e+04
1.016870000000000000e+05 9.292000000000000000e+03
1.033540000000000000e+05 9.034000000000000000e+03
1.050210000000000000e+05 8.227000000000000000e+03
1.066880000000000000e+05 7.994000000000000000e+03
1.083550000000000000e+05 7.312000000000000000e+03
1.100220000000000000e+05 7.169000000000000000e+03
1.116890000000000000e+05 7.126000000000000000e+03
1.133560000000000000e+05 6.798000000000000000e+03
1.150230000000000000e+05 6.952000000000000000e+03
1.166900000000000000e+05 6.780000000000000000e+03
1.183570000000000000e+05 6.837000000000000000e+03
1.200240000000000000e+05 6.887000000000000000e+03
1.216910000000000000e+05 7.396000000000000000e+03
1.233580000000000000e+05 7.685000000000000000e+03
1.250250000000000000e+05 8.095000000000000000e+03
1.266920000000000000e+05 8.710000000000000000e+03
1.283590000000000000e+05 9.378000000000000000e+03
1.300260000000000000e+05 1.008900000000000000e+04
1.316930000000000000e+05 1.079300000000000000e+04
1.333600000000000000e+05 1.162300000000000000e+04
1.350270000000000000e+05 1.283000000000000000e+04
1.366940000000000000e+05 1.411300000000000000e+04
1.383610000000000000e+05 1.519100000000000000e+04
1.400280000000000000e+05 1.664200000000000000e+04
1.416950000000000000e+05 1.814900000000000000e+04
1.433620000000000000e+05 1.989900000000000000e+04
1.450290000000000000e+05 2.146300000000000000e+04
1.466960000000000000e+05 2.330500000000000000e+04
1.483630000000000000e+05 2.474900000000000000e+04
1.500300000000000000e+05 2.691300000000000000e+04
1.516970000000000000e+05 2.808900000000000000e+04
1.533640000000000000e+05 3.025800000000000000e+04
1.550310000000000000e+05 3.268200000000000000e+04
1.566980000000000000e+05 3.427800000000000000e+04
1.583650000000000000e+05 3.662000000000000000e+04
1.600320000000000000e+05 3.832400000000000000e+04
1.616990000000000000e+05 4.048000000000000000e+04
1.633660000000000000e+05 4.163500000000000000e+04
1.650330000000000000e+05 4.399600000000000000e+04
1.667000000000000000e+05 4.565200000000000000e+04
1.683670000000000000e+05 4.702500000000000000e+04
1.700340000000000000e+05 4.882000000000000000e+04
1.717010000000000000e+05 5.020600000000000000e+04
1.733680000000000000e+05 5.153300000000000000e+04
1.750350000000000000e+05 5.352300000000000000e+04
1.767020000000000000e+05 5.452000000000000000e+04
1.783690000000000000e+05 5.569300000000000000e+04
1.800360000000000000e+05 5.685500000000000000e+04
1.817030000000000000e+05 5.740500000000000000e+04
1.833700000000000000e+05 5.820500000000000000e+04
1.850370000000000000e+05 5.870500000000000000e+04
1.867040000000000000e+05 5.957800000000000000e+04
1.883710000000000000e+05 6.029900000000000000e+04
1.900380000000000000e+05 6.112500000000000000e+04
1.917050000000000000e+05 6.132400000000000000e+04
1.933720000000000000e+05 6.141200000000000000e+04
1.950390000000000000e+05 6.163000000000000000e+04
1.967060000000000000e+05 6.211600000000000000e+04
1.983730000000000000e+05 6.156900000000000000e+04
2.000400000000000000e+05 6.111700000000000000e+04
2.017070000000000000e+05 6.141300000000000000e+04
2.033740000000000000e+05 6.151800000000000000e+04
2.050410000000000000e+05 6.136500000000000000e+04
2.067080000000000000e+05 6.118400000000000000e+04
2.083750000000000000e+05 6.032300000000000000e+04
2.100420000000000000e+05 5.998100000000000000e+04
2.117090000000000000e+05 5.910100000000000000e+04
2.133760000000000000e+05 5.887200000000000000e+04
2.150430000000000000e+05 5.760000000000000000e+04
2.167100000000000000e+05 5.679900000000000000e+04
2.183770000000000000e+05 5.614000000000000000e+04
2.200440000000000000e+05 5.456400000000000000e+04
2.217110000000000000e+05 5.358900000000000000e+04
2.233780000000000000e+05 5.268800000000000000e+04
2.250450000000000000e+05 5.101000000000000000e+04
2.267120000000000000e+05 4.940700000000000000e+04
2.283790000000000000e+05 4.824800000000000000e+04
2.300460000000000000e+05 4.634700000000000000e+04
2.317130000000000000e+05 4.470400000000000000e+04
2.333800000000000000e+05 4.276600000000000000e+04
2.350470000000000000e+05 4.109200000000000000e+04
2.367140000000000000e+05 3.865900000000000000e+04
2.383810000000000000e+05 3.717700000000000000e+04
2.400480000000000000e+05 3.513400000000000000e+04
2.417150000000000000e+05 3.342700000000000000e+04
2.433820000000000000e+05 3.146100000000000000e+04
2.450490000000000000e+05 2.962600000000000000e+04
2.467160000000000000e+05 2.764600000000000000e+04
2.483830000000000000e+05 2.579300000000000000e+04
2.500500000000000000e+05 2.371000000000000000e+04
2.517170000000000000e+05 2.189800000000000000e+04
2.533840000000000000e+05 1.993100000000000000e+04
2.550510000000000000e+05 1.902800000000000000e+04
2.567180000000000000e+05 1.757400000000000000e+04
2.583850000000000000e+05 1.565500000000000000e+04
2.600520000000000000e+05 1.449900000000000000e+04
2.617190000000000000e+05 1.312400000000000000e+04
2.633860000000000000e+05 1.229700000000000000e+04
2.650530000000000000e+05 1.113900000000000000e+04
2.667200000000000000e+05 1.032200000000000000e+04
2.683870000000000000e+05 9.408000000000000000e+03
2.700540000000000000e+05 8.789000000000000000e+03
2.717210000000000000e+05 8.440000000000000000e+03
2.733880000000000000e+05 7.820000000000000000e+03
2.750550000000000000e+05 7.319000000000000000e+03
2.767220000000000000e+05 7.241000000000000000e+03
2.783890000000000000e+05 7.010000000000000000e+03
2.800560000000000000e+05 6.816000000000000000e+03
2.817230000000000000e+05 6.745000000000000000e+03
2.833900000000000000e+05 6.776000000000000000e+03
2.850570000000000000e+05 6.963000000000000000e+03
2.867240000000000000e+05 7.071000000000000000e+03
2.883910000000000000e+05 7.376000000000000000e+03
2.900580000000000000e+05 7.736000000000000000e+03
2.917250000000000000e+05 8.405000000000000000e+03
2.933920000000000000e+05 8.511000000000000000e+03
2.950590000000000000e+05 9.218000000000000000e+03
2.967260000000000000e+05 9.777000000000000000e+03
2.983930000000000000e+05 1.092100000000000000e+04
3.000600000000000000e+05 1.154100000000000000e+04
3.017270000000000000e+05 1.264000000000000000e+04
3.033940000000000000e+05 1.372100000000000000e+04
3.050610000000000000e+05 1.517100000000000000e+04
3.067280000000000000e+05 1.649000000000000000e+04
3.083950000000000000e+05 1.831000000000000000e+04
3.100620000000000000e+05 1.943400000000000000e+04
3.117290000000000000e+05 2.133700000000000000e+04
3.133960000000000000e+05 2.308200000000000000e+04
3.150630000000000000e+05 2.506600000000000000e+04
3.167300000000000000e+05 2.678200000000000000e+04
3.183970000000000000e+05 2.874500000000000000e+04
3.200640000000000000e+05 3.031000000000000000e+04
3.217310000000000000e+05 3.196600000000000000e+04
3.233980000000000000e+05 3.466000000000000000e+04
3.250650000000000000e+05 3.635900000000000000e+04
3.267320000000000000e+05 3.833700000000000000e+04
3.283990000000000000e+05 3.992100000000000000e+04
3.300660000000000000e+05 4.252800000000000000e+04
3.317330000000000000e+05 4.357300000000000000e+04
