0.000000000000000000e+00 4.283800000000000000e+04
1.700000000000000000e+01 4.495400000000000000e+04
3.400000000000000000e+01 4.641500000000000000e+04
5.100000000000000000e+01 4.789600000000000000e+04
6.800000000000000000e+01 4.936100000000000000e+04
8.500000000000000000e+01 4.998600000000000000e+04
1.020000000000000000e+02 5.145100000000000000e+04
1.190000000000000000e+02 5.239100000000000000e+04
1.360000000000000000e+02 5.385400000000000000e+04
1.530000000000000000e+02 5.456800000000000000e+04
1.700000000000000000e+02 5.508100000000000000e+04
1.870000000000000000e+02 5.540900000000000000e+04
2.040000000000000000e+02 5.628700000000000000e+04
2.210000000000000000e+02 5.716100000000000000e+04
2.380000000000000000e+02 5.717700000000000000e+04
2.550000000000000000e+02 5.767900000000000000e+04
2.720000000000000000e+02 5.762900000000000000e+04
2.890000000000000000e+02 5.818900000000000000e+04
3.060000000000000000e+02 5.841900000000000000e+04
3.230000000000000000e+02 5.823200000000000000e+04
3.400000000000000000e+02 5.831000000000000000e+04
3.570000000000000000e+02 5.795500000000000000e+04
3.740000000000000000e+02 5.743100000000000000e+04
3.910000000000000000e+02 5.766800000000000000e+04
4.080000000000000000e+02 5.699400000000000000e+04
4.250000000000000000e+02 5.612300000000000000e+04
4.420000000000000000e+02 5.585400000000000000e+04
4.590000000000000000e+02 5.565400000000000000e+04
4.760000000000000000e+02 5.487100000000000000e+04
4.930000000000000000e+02 5.407500000000000000e+04
5.100000000000000000e+02 5.314400000000000000e+04
5.270000000000000000e+02 5.206700000000000000e+04
5.440000000000000000e+02 5.117000000000000000e+04
5.610000000000000000e+02 4.942300000000000000e+04
5.780000000000000000e+02 4.860100000000000000e+04
5.950000000000000000e+02 4.719500000000000000e+04
6.120000000000000000e+02 4.585700000000000000e+04
6.290000000000000000e+02 4.421000000000000000e+04
6.460000000000000000e+02 4.202300000000000000e+04
6.630000000000000000e+02 4.104000000000000000e+04
6.800000000000000000e+02 3.906900000000000000e+04
6.970000000000000000e+02 3.671300000000000000e+04
7.140000000000000000e+02 3.494900000000000000e+04
7.310000000000000000e+02 3.303200000000000000e+04
7.480000000000000000e+02 3.169500000000000000e+04
7.650000000000000000e+02 2.972500000000000000e+04
7.820000000000000000e+02 2.797400000000000000e+04
7.990000000000000000e+02 2.601800000000000000e+04
8.160000000000000000e+02 2.429500000000000000e+04
8.330000000000000000e+02 2.234500000000000000e+04
8.500000000000000000e+02 2.027800000000000000e+04
8.670000000000000000e+02 1.902800000000000000e+04
8.840000000000000000e+02 1.750700000000000000e+04
9.010000000000000000e+02 1.618200000000000000e+04
9.180000000000000000e+02 1.485600000000000000e+04
9.350000000000000000e+02 1.356500000000000000e+04
9.520000000000000000e+02 1.243200000000000000e+04
9.690000000000000000e+02 1.131300000000000000e+04
9.860000000000000000e+02 1.066400000000000000e+04
1.003000000000000000e+03 9.442000000000000000e+03
1.020000000000000000e+03 9.030000000000000000e+03
1.037000000000000000e+03 8.288000000000000000e+03
1.054000000000000000e+03 7.688000000000000000e+03
1.071000000000000000e+03 7.238000000000000000e+03
1.088000000000000000e+03 6.988000000000000000e+03
1.105000000000000000e+03 6.709000000000000000e+03
1.122000000000000000e+03 6.519000000000000000e+03
1.139000000000000000e+03 6.395000000000000000e+03
1.156000000000000000e+03 6.431000000000000000e+03
1.173000000000000000e+03 6.495000000000000000e+03
1.190000000000000000e+03 6.607000000000000000e+03
1.207000000000000000e+03 6.701000000000000000e+03
1.224000000000000000e+03 7.136000000000000000e+03
1.241000000000000000e+03 7.383000000000000000e+03
1.258000000000000000e+03 7.725000000000000000e+03
1.275000000000000000e+03 8.553000000000000000e+03
1.292000000000000000e+03 9.007000000000000000e+03
1.309000000000000000e+03 9.791000000000000000e+03
1.326000000000000000e+03 1.072800000000000000e+04
1.343000000000000000e+03 1.161200000000000000e+04
1.360000000000000000e+03 1.292300000000000000e+04
1.377000000000000000e+03 1.405700000000000000e+04
1.394000000000000000e+03 1.521700000000000000e+04
1.411000000000000000e+03 1.688800000000000000e+04
1.428000000000000000e+03 1.808900000000000000e+04
1.445000000000000000e+03 1.953100000000000000e+04
1.462000000000000000e+03 2.160600000000000000e+04
1.479000000000000000e+03 2.343600000000000000e+04
1.496000000000000000e+03 2.525600000000000000e+04
1.513000000000000000e+03 2.688700000000000000e+04
1.530000000000000000e+03 2.900900000000000000e+04
1.547000000000000000e+03 3.053400000000000000e+04
1.564000000000000000e+03 3.265300000000000000e+04
1.581000000000000000e+03 3.450400000000000000e+04
1.598000000000000000e+03 3.639200000000000000e+04
1.615000000000000000e+03 3.845200000000000000e+04
1.632000000000000000e+03 3.999500000000000000e+04
1.649000000000000000e+03 4.177900000000000000e+04
1.666000000000000000e+03 4.328200000000000000e+04
1.683000000000000000e+03 4.462000000000000000e+04
1.700000000000000000e+03 4.677400000000000000e+04
1.717000000000000000e+03 4.788200000000000000e+04
1.734000000000000000e+03 4.943900000000000000e+04
1.751000000000000000e+03 5.031800000000000000e+04
1.768000000000000000e+03 5.131700000000000000e+04
1.785000000000000000e+03 5.255700000000000000e+04
1.802000000000000000e+03 5.360500000000000000e+04
1.819000000000000000e+03 5.476500000000000000e+04
1.836000000000000000e+03 5.506900000000000000e+04
1.853000000000000000e+03 5.551200000000000000e+04
1.870000000000000000e+03 5.641600000000000000e+04
1.887000000000000000e+03 5.721800000000000000e+04
1.904000000000000000e+03 5.723000000000000000e+04
1.921000000000000000e+03 5.789800000000000000e+04
1.938000000000000000e+03 5.804600000000000000e+04
1.955000000000000000e+03 5.772900000000000000e+04
1.972000000000000000e+03 5.804200000000000000e+04
1.989000000000000000e+03 5.817200000000000000e+04
2.006000000000000000e+03 5.846100000000000000e+04
2.023000000000000000e+03 5.809500000000000000e+04
2.040000000000000000e+03 5.756600000000000000e+04
2.057000000000000000e+03 5.748300000000000000e+04
2.074000000000000000e+03 5.697000000000000000e+04
2.091000000000000000e+03 5.614200000000000000e+04
2.108000000000000000e+03 5.591500000000000000e+04
2.125000000000000000e+03 5.527100000000000000e+04
2.142000000000000000e+03 5.451600000000000000e+04
2.159000000000000000e+03 5.412300000000000000e+04
2.176000000000000000e+03 5.270000000000000000e+04
2.193000000000000000e+03 5.215800000000000000e+04
2.210000000000000000e+03 5.117800000000000000e+04
2.227000000000000000e+03 4.969900000000000000e+04
2.244000000000000000e+03 4.852000000000000000e+04
2.261000000000000000e+03 4.706600000000000000e+04
2.278000000000000000e+03 4.575900000000000000e+04
2.295000000000000000e+03 4.402700000000000000e+04
2.312000000000000000e+03 4.260700000000000000e+04
2.329000000000000000e+03 4.075300000000000000e+04
2.346000000000000000e+03 3.907600000000000000e+04
2.363000000000000000e+03 3.728000000000000000e+04
2.380000000000000000e+03 3.540600000000000000e+04
2.397000000000000000e+03 3.358600000000000000e+04
2.414000000000000000e+03 3.162100000000000000e+04
2.431000000000000000e+03 2.954300000000000000e+04
2.448000000000000000e+03 2.781600000000000000e+04
2.465000000000000000e+03 2.602300000000000000e+04
2.482000000000000000e+03 2.410500000000000000e+04
2.499000000000000000e+03 2.241100000000000000e+04
2.516000000000000000e+03 2.050100000000000000e+04
2.533000000000000000e+03 1.902700000000000000e+04
2.550000000000000000e+03 1.771600000000000000e+04
2.567000000000000000e+03 1.616700000000000000e+04
2.584000000000000000e+03 1.473600000000000000e+04
2.601000000000000000e+03 1.358800000000000000e+04
2.618000000000000000e+03 1.220600000000000000e+04
2.635000000000000000e+03 1.136500000000000000e+04
2.652000000000000000e+03 1.039800000000000000e+04
2.669000000000000000e+03 9.626000000000000000e+03
2.686000000000000000e+03 9.049000000000000000e+03
2.703000000000000000e+03 8.275000000000000000e+03
2.720000000000000000e+03 7.706000000000000000e+03
2.737000000000000000e+03 7.187000000000000000e+03
2.754000000000000000e+03 6.867000000000000000e+03
2.771000000000000000e+03 6.749000000000000000e+03
2.788000000000000000e+03 6.509000000000000000e+03
2.805000000000000000e+03 6.314000000000000000e+03
2.822000000000000000e+03 6.417000000000000000e+03
2.839000000000000000e+03 6.397000000000000000e+03
2.856000000000000000e+03 6.497000000000000000e+03
2.873000000000000000e+03 6.834000000000000000e+03
2.890000000000000000e+03 7.271000000000000000e+03
2.907000000000000000e+03 7.497000000000000000e+03
2.924000000000000000e+03 7.862000000000000000e+03
2.941000000000000000e+03 8.564000000000000000e+03
2.958000000000000000e+03 9.252000000000000000e+03
2.975000000000000000e+03 1.016500000000000000e+04
2.992000000000000000e+03 1.085900000000000000e+04
3.009000000000000000e+03 1.188400000000000000e+04
3.026000000000000000e+03 1.285600000000000000e+04
3.043000000000000000e+03 1.398800000000000000e+04
3.060000000000000000e+03 1.532300000000000000e+04
3.077000000000000000e+03 1.660500000000000000e+04
3.094000000000000000e+03 1.806800000000000000e+04
3.111000000000000000e+03 1.991300000000000000e+04
3.128000000000000000e+03 2.161700000000000000e+04
3.145000000000000000e+03 2.308600000000000000e+04
3.162000000000000000e+03 2.513900000000000000e+04
3.179000000000000000e+03 2.715600000000000000e+04
3.196000000000000000e+03 2.881300000000000000e+04
3.213000000000000000e+03 3.040000000000000000e+04
3.230000000000000000e+03 3.242600000000000000e+04
3.247000000000000000e+03 3.438900000000000000e+04
3.264000000000000000e+03 3.604400000000000000e+04
3.281000000000000000e+03 3.810800000000000000e+04
3.298000000000000000e+03 3.988700000000000000e+04
3.315000000000000000e+03 4.164400000000000000e+04
