0.000000000000000000e+00 6.154000000000000000e+03
5.000000000000000000e+01 6.398000000000000000e+03
1.000000000000000000e+02 6.733000000000000000e+03
1.500000000000000000e+02 6.739000000000000000e+03
2.000000000000000000e+02 6.654000000000000000e+03
2.500000000000000000e+02 6.905000000000000000e+03
3.000000000000000000e+02 6.928000000000000000e+03
3.500000000000000000e+02 7.160000000000000000e+03
4.000000000000000000e+02 6.957000000000000000e+03
4.500000000000000000e+02 7.158000000000000000e+03
5.000000000000000000e+02 7.359000000000000000e+03
5.500000000000000000e+02 7.185000000000000000e+03
6.000000000000000000e+02 7.223000000000000000e+03
6.500000000000000000e+02 7.333000000000000000e+03
7.000000000000000000e+02 7.341000000000000000e+03
7.500000000000000000e+02 7.426000000000000000e+03
8.000000000000000000e+02 7.472000000000000000e+03
8.500000000000000000e+02 7.623000000000000000e+03
9.000000000000000000e+02 7.409000000000000000e+03
9.500000000000000000e+02 7.481000000000000000e+03
1.000000000000000000e+03 7.434000000000000000e+03
1.050000000000000000e+03 7.390000000000000000e+03
1.100000000000000000e+03 7.403000000000000000e+03
1.150000000000000000e+03 7.351000000000000000e+03
1.200000000000000000e+03 7.400000000000000000e+03
1.250000000000000000e+03 7.314000000000000000e+03
1.300000000000000000e+03 7.407000000000000000e+03
1.350000000000000000e+03 7.275000000000000000e+03
1.400000000000000000e+03 7.289000000000000000e+03
1.450000000000000000e+03 7.213000000000000000e+03
1.500000000000000000e+03 7.187000000000000000e+03
1.550000000000000000e+03 7.133000000000000000e+03
1.600000000000000000e+03 6.980000000000000000e+03
1.650000000000000000e+03 6.871000000000000000e+03
1.700000000000000000e+03 6.965000000000000000e+03
1.750000000000000000e+03 6.902000000000000000e+03
1.800000000000000000e+03 6.705000000000000000e+03
1.850000000000000000e+03 6.561000000000000000e+03
1.900000000000000000e+03 6.556000000000000000e+03
1.950000000000000000e+03 6.491000000000000000e+03
2.000000000000000000e+03 6.359000000000000000e+03
2.050000000000000000e+03 6.238000000000000000e+03
2.100000000000000000e+03 6.089000000000000000e+03
2.150000000000000000e+03 5.969000000000000000e+03
2.200000000000000000e+03 5.641000000000000000e+03
2.250000000000000000e+03 5.531000000000000000e+03
2.300000000000000000e+03 5.508000000000000000e+03
2.350000000000000000e+03 5.369000000000000000e+03
2.400000000000000000e+03 5.192000000000000000e+03
2.450000000000000000e+03 4.941000000000000000e+03
2.500000000000000000e+03 4.857000000000000000e+03
2.550000000000000000e+03 4.704000000000000000e+03
2.600000000000000000e+03 4.420000000000000000e+03
2.650000000000000000e+03 4.290000000000000000e+03
2.700000000000000000e+03 4.046000000000000000e+03
2.750000000000000000e+03 3.954000000000000000e+03
2.800000000000000000e+03 3.795000000000000000e+03
2.850000000000000000e+03 3.681000000000000000e+03
2.900000000000000000e+03 3.502000000000000000e+03
2.950000000000000000e+03 3.282000000000000000e+03
3.000000000000000000e+03 3.183000000000000000e+03
3.050000000000000000e+03 2.950000000000000000e+03
3.100000000000000000e+03 2.830000000000000000e+03
3.150000000000000000e+03 2.746000000000000000e+03
3.200000000000000000e+03 2.608000000000000000e+03
3.250000000000000000e+03 2.643000000000000000e+03
3.300000000000000000e+03 2.457000000000000000e+03
3.350000000000000000e+03 2.337000000000000000e+03
3.400000000000000000e+03 2.205000000000000000e+03
3.450000000000000000e+03 2.322000000000000000e+03
3.500000000000000000e+03 2.260000000000000000e+03
3.550000000000000000e+03 2.210000000000000000e+03
3.600000000000000000e+03 2.144000000000000000e+03
3.650000000000000000e+03 2.274000000000000000e+03
3.700000000000000000e+03 2.278000000000000000e+03
3.750000000000000000e+03 2.226000000000000000e+03
3.800000000000000000e+03 2.324000000000000000e+03
3.850000000000000000e+03 2.436000000000000000e+03
3.900000000000000000e+03 2.494000000000000000e+03
3.950000000000000000e+03 2.586000000000000000e+03
4.000000000000000000e+03 2.776000000000000000e+03
4.050000000000000000e+03 2.903000000000000000e+03
4.100000000000000000e+03 3.147000000000000000e+03
4.150000000000000000e+03 3.242000000000000000e+03
4.200000000000000000e+03 3.469000000000000000e+03
4.250000000000000000e+03 3.614000000000000000e+03
4.300000000000000000e+03 3.816000000000000000e+03
4.350000000000000000e+03 3.981000000000000000e+03
4.400000000000000000e+03 4.295000000000000000e+03
4.450000000000000000e+03 4.476000000000000000e+03
4.500000000000000000e+03 4.638000000000000000e+03
4.550000000000000000e+03 4.862000000000000000e+03
4.600000000000000000e+03 5.011000000000000000e+03
4.650000000000000000e+03 5.269000000000000000e+03
4.700000000000000000e+03 5.436000000000000000e+03
4.750000000000000000e+03 5.619000000000000000e+03
4.800000000000000000e+03 5.832000000000000000e+03
4.850000000000000000e+03 6.109000000000000000e+03
4.900000000000000000e+03 5.996000000000000000e+03
4.950000000000000000e+03 6.252000000000000000e+03
5.000000000000000000e+03 6.366000000000000000e+03
5.050000000000000000e+03 6.421000000000000000e+03
5.100000000000000000e+03 6.591000000000000000e+03
5.150000000000000000e+03 6.737000000000000000e+03
5.200000000000000000e+03 6.744000000000000000e+03
5.250000000000000000e+03 7.047000000000000000e+03
5.300000000000000000e+03 6.961000000000000000e+03
5.350000000000000000e+03 7.038000000000000000e+03
5.400000000000000000e+03 6.944000000000000000e+03
5.450000000000000000e+03 7.197000000000000000e+03
5.500000000000000000e+03 7.024000000000000000e+03
5.550000000000000000e+03 7.267000000000000000e+03
5.600000000000000000e+03 7.324000000000000000e+03
5.650000000000000000e+03 7.306000000000000000e+03
5.700000000000000000e+03 7.305000000000000000e+03
5.750000000000000000e+03 7.331000000000000000e+03
5.800000000000000000e+03 7.500000000000000000e+03
5.850000000000000000e+03 7.416000000000000000e+03
5.900000000000000000e+03 7.403000000000000000e+03
5.950000000000000000e+03 7.340000000000000000e+03
6.000000000000000000e+03 7.551000000000000000e+03
6.050000000000000000e+03 7.436000000000000000e+03
6.100000000000000000e+03 7.523000000000000000e+03
6.150000000000000000e+03 7.211000000000000000e+03
6.200000000000000000e+03 7.419000000000000000e+03
6.250000000000000000e+03 7.436000000000000000e+03
6.300000000000000000e+03 7.237000000000000000e+03
6.350000000000000000e+03 7.473000000000000000e+03
6.400000000000000000e+03 7.214000000000000000e+03
6.450000000000000000e+03 7.122000000000000000e+03
6.500000000000000000e+03 7.032000000000000000e+03
6.550000000000000000e+03 7.029000000000000000e+03
6.600000000000000000e+03 6.946000000000000000e+03
6.650000000000000000e+03 6.938000000000000000e+03
6.700000000000000000e+03 6.845000000000000000e+03
6.750000000000000000e+03 6.747000000000000000e+03
6.800000000000000000e+03 6.710000000000000000e+03
6.850000000000000000e+03 6.583000000000000000e+03
6.900000000000000000e+03 6.583000000000000000e+03
6.950000000000000000e+03 6.434000000000000000e+03
7.000000000000000000e+03 6.306000000000000000e+03
7.050000000000000000e+03 6.245000000000000000e+03
7.100000000000000000e+03 6.188000000000000000e+03
7.150000000000000000e+03 5.966000000000000000e+03
7.200000000000000000e+03 5.993000000000000000e+03
7.250000000000000000e+03 5.798000000000000000e+03
7.300000000000000000e+03 5.344000000000000000e+03
7.350000000000000000e+03 5.411000000000000000e+03
7.400000000000000000e+03 5.190000000000000000e+03
7.450000000000000000e+03 5.039000000000000000e+03
7.500000000000000000e+03 4.739000000000000000e+03
7.550000000000000000e+03 4.730000000000000000e+03
7.600000000000000000e+03 4.507000000000000000e+03
7.650000000000000000e+03 4.376000000000000000e+03
7.700000000000000000e+03 4.332000000000000000e+03
7.750000000000000000e+03 4.025000000000000000e+03
7.800000000000000000e+03 3.834000000000000000e+03
7.850000000000000000e+03 3.674000000000000000e+03
7.900000000000000000e+03 3.335000000000000000e+03
7.950000000000000000e+03 3.268000000000000000e+03
8.000000000000000000e+03 3.137000000000000000e+03
8.050000000000000000e+03 3.150000000000000000e+03
8.100000000000000000e+03 2.872000000000000000e+03
8.150000000000000000e+03 2.724000000000000000e+03
8.200000000000000000e+03 2.597000000000000000e+03
8.250000000000000000e+03 2.515000000000000000e+03
8.300000000000000000e+03 2.401000000000000000e+03
8.350000000000000000e+03 2.421000000000000000e+03
8.400000000000000000e+03 2.270000000000000000e+03
8.450000000000000000e+03 2.248000000000000000e+03
8.500000000000000000e+03 2.196000000000000000e+03
8.550000000000000000e+03 2.207000000000000000e+03
8.600000000000000000e+03 2.207000000000000000e+03
8.650000000000000000e+03 2.202000000000000000e+03
8.700000000000000000e+03 2.254000000000000000e+03
8.750000000000000000e+03 2.197000000000000000e+03
8.800000000000000000e+03 2.355000000000000000e+03
8.850000000000000000e+03 2.412000000000000000e+03
8.900000000000000000e+03 2.489000000000000000e+03
8.950000000000000000e+03 2.655000000000000000e+03
9.000000000000000000e+03 2.782000000000000000e+03
9.050000000000000000e+03 2.880000000000000000e+03
9.100000000000000000e+03 3.032000000000000000e+03
9.150000000000000000e+03 3.231000000000000000e+03
9.200000000000000000e+03 3.386000000000000000e+03
9.250000000000000000e+03 3.576000000000000000e+03
9.300000000000000000e+03 3.775000000000000000e+03
9.350000000000000000e+03 3.995000000000000000e+03
9.400000000000000000e+03 4.203000000000000000e+03
9.450000000000000000e+03 4.375000000000000000e+03
9.500000000000000000e+03 4.728000000000000000e+03
9.550000000000000000e+03 4.860000000000000000e+03
9.600000000000000000e+03 4.988000000000000000e+03
9.650000000000000000e+03 5.287000000000000000e+03
9.700000000000000000e+03 5.454000000000000000e+03
9.750000000000000000e+03 5.648000000000000000e+03
9.800000000000000000e+03 5.731000000000000000e+03
9.850000000000000000e+03 6.002000000000000000e+03
9.900000000000000000e+03 5.975000000000000000e+03
9.950000000000000000e+03 6.249000000000000000e+03
