0.000000000000000000e+00 6.937000000000000000e+03
3.330000000000000000e+02 6.993000000000000000e+03
6.660000000000000000e+02 7.249000000000000000e+03
9.990000000000000000e+02 7.117000000000000000e+03
1.332000000000000000e+03 7.149000000000000000e+03
1.665000000000000000e+03 7.366000000000000000e+03
1.998000000000000000e+03 7.595000000000000000e+03
2.331000000000000000e+03 7.325000000000000000e+03
2.664000000000000000e+03 7.342000000000000000e+03
2.997000000000000000e+03 7.523000000000000000e+03
3.330000000000000000e+03 7.706000000000000000e+03
3.663000000000000000e+03 7.806000000000000000e+03
3.996000000000000000e+03 7.927000000000000000e+03
4.329000000000000000e+03 7.910000000000000000e+03
4.662000000000000000e+03 7.937000000000000000e+03
4.995000000000000000e+03 7.873000000000000000e+03
5.328000000000000000e+03 7.786000000000000000e+03
5.661000000000000000e+03 7.872000000000000000e+03
5.994000000000000000e+03 8.108000000000000000e+03
6.327000000000000000e+03 7.984000000000000000e+03
6.660000000000000000e+03 7.878000000000000000e+03
6.993000000000000000e+03 7.877000000000000000e+03
7.326000000000000000e+03 7.825000000000000000e+03
7.659000000000000000e+03 7.806000000000000000e+03
7.992000000000000000e+03 7.801000000000000000e+03
8.325000000000000000e+03 7.948000000000000000e+03
8.658000000000000000e+03 7.843000000000000000e+03
8.991000000000000000e+03 7.935000000000000000e+03
9.324000000000000000e+03 7.833000000000000000e+03
9.657000000000000000e+03 7.715000000000000000e+03
9.990000000000000000e+03 7.524000000000000000e+03
1.032300000000000000e+04 7.516000000000000000e+03
1.065600000000000000e+04 7.491000000000000000e+03
1.098900000000000000e+04 7.369000000000000000e+03
1.132200000000000000e+04 7.281000000000000000e+03
1.165500000000000000e+04 7.270000000000000000e+03
1.198800000000000000e+04 7.323000000000000000e+03
1.232100000000000000e+04 6.971000000000000000e+03
1.265400000000000000e+04 6.994000000000000000e+03
1.298700000000000000e+04 6.745000000000000000e+03
1.332000000000000000e+04 6.752000000000000000e+03
1.365300000000000000e+04 6.609000000000000000e+03
1.398600000000000000e+04 6.359000000000000000e+03
1.431900000000000000e+04 6.281000000000000000e+03
1.465200000000000000e+04 5.987000000000000000e+03
1.498500000000000000e+04 5.995000000000000000e+03
1.531800000000000000e+04 5.731000000000000000e+03
1.565100000000000000e+04 5.673000000000000000e+03
1.598400000000000000e+04 5.322000000000000000e+03
1.631700000000000000e+04 5.184000000000000000e+03
1.665000000000000000e+04 5.083000000000000000e+03
1.698300000000000000e+04 4.918000000000000000e+03
1.731600000000000000e+04 4.666000000000000000e+03
1.764900000000000000e+04 4.515000000000000000e+03
1.798200000000000000e+04 4.211000000000000000e+03
1.831500000000000000e+04 4.104000000000000000e+03
1.864800000000000000e+04 3.826000000000000000e+03
1.898100000000000000e+04 3.807000000000000000e+03
1.931400000000000000e+04 3.526000000000000000e+03
1.964700000000000000e+04 3.368000000000000000e+03
1.998000000000000000e+04 3.151000000000000000e+03
2.031300000000000000e+04 2.983000000000000000e+03
2.064600000000000000e+04 2.878000000000000000e+03
2.097900000000000000e+04 2.718000000000000000e+03
2.131200000000000000e+04 2.708000000000000000e+03
2.164500000000000000e+04 2.681000000000000000e+03
2.197800000000000000e+04 2.635000000000000000e+03
2.231100000000000000e+04 2.454000000000000000e+03
2.264400000000000000e+04 2.409000000000000000e+03
2.297700000000000000e+04 2.502000000000000000e+03
2.331000000000000000e+04 2.330000000000000000e+03
2.364300000000000000e+04 2.434000000000000000e+03
2.397600000000000000e+04 2.514000000000000000e+03
2.430900000000000000e+04 2.485000000000000000e+03
2.464200000000000000e+04 2.579000000000000000e+03
2.497500000000000000e+04 2.722000000000000000e+03
2.530800000000000000e+04 2.756000000000000000e+03
2.564100000000000000e+04 2.879000000000000000e+03
2.597400000000000000e+04 3.087000000000000000e+03
2.630700000000000000e+04 3.182000000000000000e+03
2.664000000000000000e+04 3.473000000000000000e+03
2.697300000000000000e+04 3.601000000000000000e+03
2.730600000000000000e+04 3.754000000000000000e+03
2.763900000000000000e+04 3.950000000000000000e+03
2.797200000000000000e+04 4.109000000000000000e+03
2.830500000000000000e+04 4.260000000000000000e+03
2.863800000000000000e+04 4.433000000000000000e+03
2.897100000000000000e+04 4.686000000000000000e+03
2.930400000000000000e+04 4.825000000000000000e+03
2.963700000000000000e+04 5.197000000000000000e+03
2.997000000000000000e+04 5.280000000000000000e+03
3.030300000000000000e+04 5.534000000000000000e+03
3.063600000000000000e+04 5.541000000000000000e+03
3.096900000000000000e+04 5.814000000000000000e+03
3.130200000000000000e+04 6.065000000000000000e+03
3.163500000000000000e+04 6.259000000000000000e+03
3.196800000000000000e+04 6.507000000000000000e+03
3.230100000000000000e+04 6.563000000000000000e+03
3.263400000000000000e+04 6.734000000000000000e+03
3.296700000000000000e+04 6.796000000000000000e+03
3.330000000000000000e+04 6.877000000000000000e+03
3.363300000000000000e+04 6.929000000000000000e+03
3.396600000000000000e+04 7.132000000000000000e+03
3.429900000000000000e+04 7.223000000000000000e+03
3.463200000000000000e+04 7.178000000000000000e+03
3.496500000000000000e+04 7.437000000000000000e+03
3.529800000000000000e+04 7.459000000000000000e+03
3.563100000000000000e+04 7.507000000000000000e+03
3.596400000000000000e+04 7.695000000000000000e+03
3.629700000000000000e+04 7.504000000000000000e+03
3.663000000000000000e+04 7.441000000000000000e+03
3.696300000000000000e+04 7.816000000000000000e+03
3.729600000000000000e+04 7.949000000000000000e+03
3.762900000000000000e+04 7.970000000000000000e+03
3.796200000000000000e+04 7.981000000000000000e+03
3.829500000000000000e+04 7.758000000000000000e+03
3.862800000000000000e+04 7.695000000000000000e+03
3.896100000000000000e+04 7.900000000000000000e+03
3.929400000000000000e+04 7.911000000000000000e+03
3.962700000000000000e+04 8.026000000000000000e+03
3.996000000000000000e+04 7.946000000000000000e+03
4.029300000000000000e+04 7.926000000000000000e+03
4.062600000000000000e+04 7.906000000000000000e+03
4.095900000000000000e+04 7.935000000000000000e+03
4.129200000000000000e+04 7.690000000000000000e+03
4.162500000000000000e+04 7.660000000000000000e+03
4.195800000000000000e+04 7.813000000000000000e+03
4.229100000000000000e+04 7.827000000000000000e+03
4.262400000000000000e+04 7.765000000000000000e+03
4.295700000000000000e+04 7.683000000000000000e+03
4.329000000000000000e+04 7.646000000000000000e+03
4.362300000000000000e+04 7.578000000000000000e+03
4.395600000000000000e+04 7.532000000000000000e+03
4.428900000000000000e+04 7.556000000000000000e+03
4.462200000000000000e+04 7.518000000000000000e+03
4.495500000000000000e+04 7.315000000000000000e+03
4.528800000000000000e+04 7.197000000000000000e+03
4.562100000000000000e+04 7.013000000000000000e+03
4.595400000000000000e+04 7.012000000000000000e+03
4.628700000000000000e+04 6.933000000000000000e+03
4.662000000000000000e+04 6.818000000000000000e+03
4.695300000000000000e+04 6.544000000000000000e+03
4.728600000000000000e+04 6.536000000000000000e+03
4.761900000000000000e+04 6.420000000000000000e+03
4.795200000000000000e+04 6.137000000000000000e+03
4.828500000000000000e+04 5.821000000000000000e+03
4.861800000000000000e+04 5.624000000000000000e+03
4.895100000000000000e+04 5.672000000000000000e+03
4.928400000000000000e+04 5.401000000000000000e+03
4.961700000000000000e+04 5.319000000000000000e+03
4.995000000000000000e+04 5.121000000000000000e+03
5.028300000000000000e+04 5.026000000000000000e+03
5.061600000000000000e+04 4.791000000000000000e+03
5.094900000000000000e+04 4.341000000000000000e+03
5.128200000000000000e+04 4.184000000000000000e+03
5.161500000000000000e+04 4.048000000000000000e+03
5.194800000000000000e+04 3.894000000000000000e+03
5.228100000000000000e+04 3.576000000000000000e+03
5.261400000000000000e+04 3.529000000000000000e+03
5.294700000000000000e+04 3.505000000000000000e+03
5.328000000000000000e+04 3.264000000000000000e+03
5.361300000000000000e+04 3.101000000000000000e+03
5.394600000000000000e+04 2.815000000000000000e+03
5.427900000000000000e+04 2.751000000000000000e+03
5.461200000000000000e+04 2.705000000000000000e+03
5.494500000000000000e+04 2.617000000000000000e+03
5.527800000000000000e+04 2.525000000000000000e+03
5.561100000000000000e+04 2.508000000000000000e+03
5.594400000000000000e+04 2.413000000000000000e+03
5.627700000000000000e+04 2.409000000000000000e+03
5.661000000000000000e+04 2.436000000000000000e+03
5.694300000000000000e+04 2.414000000000000000e+03
5.727600000000000000e+04 2.457000000000000000e+03
5.760900000000000000e+04 2.507000000000000000e+03
5.794200000000000000e+04 2.539000000000000000e+03
5.827500000000000000e+04 2.637000000000000000e+03
5.860800000000000000e+04 2.685000000000000000e+03
5.894100000000000000e+04 2.877000000000000000e+03
5.927400000000000000e+04 3.076000000000000000e+03
5.960700000000000000e+04 3.171000000000000000e+03
5.994000000000000000e+04 3.349000000000000000e+03
6.027300000000000000e+04 3.650000000000000000e+03
6.060600000000000000e+04 3.785000000000000000e+03
6.093900000000000000e+04 4.053000000000000000e+03
6.127200000000000000e+04 3.955000000000000000e+03
6.160500000000000000e+04 4.245000000000000000e+03
6.193800000000000000e+04 4.540000000000000000e+03
6.227100000000000000e+04 4.746000000000000000e+03
6.260400000000000000e+04 4.869000000000000000e+03
6.293700000000000000e+04 5.062000000000000000e+03
6.327000000000000000e+04 5.205000000000000000e+03
6.360300000000000000e+04 5.426000000000000000e+03
6.393600000000000000e+04 5.673000000000000000e+03
6.426900000000000000e+04 5.849000000000000000e+03
6.460200000000000000e+04 6.020000000000000000e+03
6.493500000000000000e+04 6.054000000000000000e+03
6.526800000000000000e+04 6.370000000000000000e+03
6.560100000000000000e+04 6.657000000000000000e+03
6.593400000000000000e+04 6.714000000000000000e+03
6.626700000000000000e+04 6.862000000000000000e+03
