0.000000000000000000e+00 5.417000000000000000e+03
1.700000000000000000e+01 5.664000000000000000e+03
3.400000000000000000e+01 5.970000000000000000e+03
5.100000000000000000e+01 5.956000000000000000e+03
6.800000000000000000e+01 6.169000000000000000e+03
8.500000000000000000e+01 6.209000000000000000e+03
1.020000000000000000e+02 6.469000000000000000e+03
1.190000000000000000e+02 6.493000000000000000e+03
1.360000000000000000e+02 6.511000000000000000e+03
1.530000000000000000e+02 6.553000000000000000e+03
1.700000000000000000e+02 6.730000000000000000e+03
1.870000000000000000e+02 6.676000000000000000e+03
2.040000000000000000e+02 6.764000000000000000e+03
2.210000000000000000e+02 6.924000000000000000e+03
2.380000000000000000e+02 7.026000000000000000e+03
2.550000000000000000e+02 7.015000000000000000e+03
2.720000000000000000e+02 6.976000000000000000e+03
2.890000000000000000e+02 6.929000000000000000e+03
3.060000000000000000e+02 7.061000000000000000e+03
3.230000000000000000e+02 7.116000000000000000e+03
3.400000000000000000e+02 7.082000000000000000e+03
3.570000000000000000e+02 7.151000000000000000e+03
3.740000000000000000e+02 7.034000000000000000e+03
3.910000000000000000e+02 7.088000000000000000e+03
4.080000000000000000e+02 7.004000000000000000e+03
4.250000000000000000e+02 7.079000000000000000e+03
4.420000000000000000e+02 7.029000000000000000e+03
4.590000000000000000e+02 7.046000000000000000e+03
4.760000000000000000e+02 6.953000000000000000e+03
4.930000000000000000e+02 6.979000000000000000e+03
5.100000000000000000e+02 6.830000000000000000e+03
5.270000000000000000e+02 6.980000000000000000e+03
5.440000000000000000e+02 6.989000000000000000e+03
5.610000000000000000e+02 6.822000000000000000e+03
5.780000000000000000e+02 6.661000000000000000e+03
5.950000000000000000e+02 6.798000000000000000e+03
6.120000000000000000e+02 6.531000000000000000e+03
6.290000000000000000e+02 6.452000000000000000e+03
6.460000000000000000e+02 6.457000000000000000e+03
6.630000000000000000e+02 6.277000000000000000e+03
6.800000000000000000e+02 6.162000000000000000e+03
6.970000000000000000e+02 5.953000000000000000e+03
7.140000000000000000e+02 6.091000000000000000e+03
7.310000000000000000e+02 5.810000000000000000e+03
7.480000000000000000e+02 5.768000000000000000e+03
7.650000000000000000e+02 5.699000000000000000e+03
7.820000000000000000e+02 5.517000000000000000e+03
7.990000000000000000e+02 5.297000000000000000e+03
8.160000000000000000e+02 5.289000000000000000e+03
8.330000000000000000e+02 5.079000000000000000e+03
8.500000000000000000e+02 4.870000000000000000e+03
8.670000000000000000e+02 4.751000000000000000e+03
8.840000000000000000e+02 4.596000000000000000e+03
9.010000000000000000e+02 4.442000000000000000e+03
9.180000000000000000e+02 4.432000000000000000e+03
9.350000000000000000e+02 4.131000000000000000e+03
9.520000000000000000e+02 3.940000000000000000e+03
9.690000000000000000e+02 3.896000000000000000e+03
9.860000000000000000e+02 3.618000000000000000e+03
1.003000000000000000e+03 3.478000000000000000e+03
1.020000000000000000e+03 3.423000000000000000e+03
1.037000000000000000e+03 3.250000000000000000e+03
1.054000000000000000e+03 3.186000000000000000e+03
1.071000000000000000e+03 3.099000000000000000e+03
1.088000000000000000e+03 2.940000000000000000e+03
1.105000000000000000e+03 2.810000000000000000e+03
1.122000000000000000e+03 2.727000000000000000e+03
1.139000000000000000e+03 2.550000000000000000e+03
1.156000000000000000e+03 2.584000000000000000e+03
1.173000000000000000e+03 2.434000000000000000e+03
1.190000000000000000e+03 2.459000000000000000e+03
1.207000000000000000e+03 2.405000000000000000e+03
1.224000000000000000e+03 2.418000000000000000e+03
1.241000000000000000e+03 2.337000000000000000e+03
1.258000000000000000e+03 2.195000000000000000e+03
1.275000000000000000e+03 2.263000000000000000e+03
1.292000000000000000e+03 2.333000000000000000e+03
1.309000000000000000e+03 2.287000000000000000e+03
1.326000000000000000e+03 2.429000000000000000e+03
1.343000000000000000e+03 2.377000000000000000e+03
1.360000000000000000e+03 2.496000000000000000e+03
1.377000000000000000e+03 2.575000000000000000e+03
1.394000000000000000e+03 2.684000000000000000e+03
1.411000000000000000e+03 2.756000000000000000e+03
1.428000000000000000e+03 3.033000000000000000e+03
1.445000000000000000e+03 3.103000000000000000e+03
1.462000000000000000e+03 3.337000000000000000e+03
1.479000000000000000e+03 3.350000000000000000e+03
1.496000000000000000e+03 3.643000000000000000e+03
1.513000000000000000e+03 3.789000000000000000e+03
1.530000000000000000e+03 4.074000000000000000e+03
1.547000000000000000e+03 4.206000000000000000e+03
1.564000000000000000e+03 4.576000000000000000e+03
1.581000000000000000e+03 4.489000000000000000e+03
1.598000000000000000e+03 4.776000000000000000e+03
1.615000000000000000e+03 5.163000000000000000e+03
1.632000000000000000e+03 5.255000000000000000e+03
1.649000000000000000e+03 5.465000000000000000e+03
1.666000000000000000e+03 5.482000000000000000e+03
1.683000000000000000e+03 5.533000000000000000e+03
1.700000000000000000e+03 5.912000000000000000e+03
1.717000000000000000e+03 5.971000000000000000e+03
1.734000000000000000e+03 6.056000000000000000e+03
1.751000000000000000e+03 6.203000000000000000e+03
1.768000000000000000e+03 6.287000000000000000e+03
1.785000000000000000e+03 6.603000000000000000e+03
1.802000000000000000e+03 6.607000000000000000e+03
1.819000000000000000e+03 6.601000000000000000e+03
1.836000000000000000e+03 6.642000000000000000e+03
1.853000000000000000e+03 6.802000000000000000e+03
1.870000000000000000e+03 6.689000000000000000e+03
1.887000000000000000e+03 6.872000000000000000e+03
1.904000000000000000e+03 7.086000000000000000e+03
1.921000000000000000e+03 7.014000000000000000e+03
1.938000000000000000e+03 6.983000000000000000e+03
1.955000000000000000e+03 6.832000000000000000e+03
1.972000000000000000e+03 7.011000000000000000e+03
1.989000000000000000e+03 7.095000000000000000e+03
2.006000000000000000e+03 7.160000000000000000e+03
2.023000000000000000e+03 7.161000000000000000e+03
2.040000000000000000e+03 7.376000000000000000e+03
2.057000000000000000e+03 7.242000000000000000e+03
2.074000000000000000e+03 7.056000000000000000e+03
2.091000000000000000e+03 7.066000000000000000e+03
2.108000000000000000e+03 6.971000000000000000e+03
2.125000000000000000e+03 7.331000000000000000e+03
2.142000000000000000e+03 7.044000000000000000e+03
2.159000000000000000e+03 7.079000000000000000e+03
2.176000000000000000e+03 7.115000000000000000e+03
2.193000000000000000e+03 6.970000000000000000e+03
2.210000000000000000e+03 6.886000000000000000e+03
2.227000000000000000e+03 6.776000000000000000e+03
2.244000000000000000e+03 6.861000000000000000e+03
2.261000000000000000e+03 6.780000000000000000e+03
2.278000000000000000e+03 6.694000000000000000e+03
2.295000000000000000e+03 6.655000000000000000e+03
2.312000000000000000e+03 6.542000000000000000e+03
2.329000000000000000e+03 6.544000000000000000e+03
2.346000000000000000e+03 6.252000000000000000e+03
2.363000000000000000e+03 6.150000000000000000e+03
2.380000000000000000e+03 6.042000000000000000e+03
2.397000000000000000e+03 5.969000000000000000e+03
2.414000000000000000e+03 5.889000000000000000e+03
2.431000000000000000e+03 5.483000000000000000e+03
2.448000000000000000e+03 5.514000000000000000e+03
2.465000000000000000e+03 5.307000000000000000e+03
2.482000000000000000e+03 5.212000000000000000e+03
2.499000000000000000e+03 5.076000000000000000e+03
2.516000000000000000e+03 5.007000000000000000e+03
2.533000000000000000e+03 4.788000000000000000e+03
2.550000000000000000e+03 4.612000000000000000e+03
2.567000000000000000e+03 4.327000000000000000e+03
2.584000000000000000e+03 4.313000000000000000e+03
2.601000000000000000e+03 4.203000000000000000e+03
2.618000000000000000e+03 3.910000000000000000e+03
2.635000000000000000e+03 3.986000000000000000e+03
2.652000000000000000e+03 3.753000000000000000e+03
2.669000000000000000e+03 3.597000000000000000e+03
2.686000000000000000e+03 3.376000000000000000e+03
2.703000000000000000e+03 3.279000000000000000e+03
2.720000000000000000e+03 3.138000000000000000e+03
2.737000000000000000e+03 2.992000000000000000e+03
2.754000000000000000e+03 2.863000000000000000e+03
2.771000000000000000e+03 2.825000000000000000e+03
2.788000000000000000e+03 2.809000000000000000e+03
2.805000000000000000e+03 2.615000000000000000e+03
2.822000000000000000e+03 2.607000000000000000e+03
2.839000000000000000e+03 2.539000000000000000e+03
2.856000000000000000e+03 2.455000000000000000e+03
2.873000000000000000e+03 2.482000000000000000e+03
2.890000000000000000e+03 2.417000000000000000e+03
2.907000000000000000e+03 2.280000000000000000e+03
2.924000000000000000e+03 2.299000000000000000e+03
2.941000000000000000e+03 2.303000000000000000e+03
2.958000000000000000e+03 2.317000000000000000e+03
2.975000000000000000e+03 2.365000000000000000e+03
2.992000000000000000e+03 2.378000000000000000e+03
3.009000000000000000e+03 2.503000000000000000e+03
3.026000000000000000e+03 2.628000000000000000e+03
3.043000000000000000e+03 2.742000000000000000e+03
3.060000000000000000e+03 2.808000000000000000e+03
3.077000000000000000e+03 2.902000000000000000e+03
3.094000000000000000e+03 3.023000000000000000e+03
3.111000000000000000e+03 3.153000000000000000e+03
3.128000000000000000e+03 3.350000000000000000e+03
3.145000000000000000e+03 3.449000000000000000e+03
3.162000000000000000e+03 3.742000000000000000e+03
3.179000000000000000e+03 3.926000000000000000e+03
3.196000000000000000e+03 4.117000000000000000e+03
3.213000000000000000e+03 4.129000000000000000e+03
3.230000000000000000e+03 4.345000000000000000e+03
3.247000000000000000e+03 4.659000000000000000e+03
3.264000000000000000e+03 4.924000000000000000e+03
3.281000000000000000e+03 4.935000000000000000e+03
3.298000000000000000e+03 5.110000000000000000e+03
3.315000000000000000e+03 5.369000000000000000e+03
