0.000000000000000000e+00 6.198000000000000000e+03
1.000000000000000000e+02 6.542000000000000000e+03
2.000000000000000000e+02 6.468000000000000000e+03
3.000000000000000000e+02 6.590000000000000000e+03
4.000000000000000000e+02 6.592000000000000000e+03
5.000000000000000000e+02 6.894000000000000000e+03
6.000000000000000000e+02 6.901000000000000000e+03
7.000000000000000000e+02 7.187000000000000000e+03
8.000000000000000000e+02 7.014000000000000000e+03
9.000000000000000000e+02 7.267000000000000000e+03
1.000000000000000000e+03 7.210000000000000000e+03
1.100000000000000000e+03 6.962000000000000000e+03
1.200000000000000000e+03 7.163000000000000000e+03
1.300000000000000000e+03 7.301000000000000000e+03
1.400000000000000000e+03 7.205000000000000000e+03
1.500000000000000000e+03 7.099000000000000000e+03
1.600000000000000000e+03 7.256000000000000000e+03
1.700000000000000000e+03 7.284000000000000000e+03
1.800000000000000000e+03 7.196000000000000000e+03
1.900000000000000000e+03 7.331000000000000000e+03
2.000000000000000000e+03 7.296000000000000000e+03
2.100000000000000000e+03 7.476000000000000000e+03
2.200000000000000000e+03 7.210000000000000000e+03
2.300000000000000000e+03 7.220000000000000000e+03
2.400000000000000000e+03 7.200000000000000000e+03
2.500000000000000000e+03 7.215000000000000000e+03
2.600000000000000000e+03 7.330000000000000000e+03
2.700000000000000000e+03 7.344000000000000000e+03
2.800000000000000000e+03 7.106000000000000000e+03
2.900000000000000000e+03 7.140000000000000000e+03
3.000000000000000000e+03 7.132000000000000000e+03
3.100000000000000000e+03 7.094000000000000000e+03
3.200000000000000000e+03 6.886000000000000000e+03
3.300000000000000000e+03 6.694000000000000000e+03
3.400000000000000000e+03 6.765000000000000000e+03
3.500000000000000000e+03 6.676000000000000000e+03
3.600000000000000000e+03 6.661000000000000000e+03
3.700000000000000000e+03 6.628000000000000000e+03
3.800000000000000000e+03 6.444000000000000000e+03
3.900000000000000000e+03 6.291000000000000000e+03
4.000000000000000000e+03 6.244000000000000000e+03
4.100000000000000000e+03 6.023000000000000000e+03
4.200000000000000000e+03 5.931000000000000000e+03
4.300000000000000000e+03 5.774000000000000000e+03
4.400000000000000000e+03 5.686000000000000000e+03
4.500000000000000000e+03 5.561000000000000000e+03
4.600000000000000000e+03 5.262000000000000000e+03
4.700000000000000000e+03 5.126000000000000000e+03
4.800000000000000000e+03 5.006000000000000000e+03
4.900000000000000000e+03 4.811000000000000000e+03
5.000000000000000000e+03 4.650000000000000000e+03
5.100000000000000000e+03 4.598000000000000000e+03
5.200000000000000000e+03 4.302000000000000000e+03
5.300000000000000000e+03 4.131000000000000000e+03
5.400000000000000000e+03 3.993000000000000000e+03
5.500000000000000000e+03 3.611000000000000000e+03
5.600000000000000000e+03 3.480000000000000000e+03
5.700000000000000000e+03 3.345000000000000000e+03
5.800000000000000000e+03 3.287000000000000000e+03
5.900000000000000000e+03 3.128000000000000000e+03
6.000000000000000000e+03 2.917000000000000000e+03
6.100000000000000000e+03 2.876000000000000000e+03
6.200000000000000000e+03 2.705000000000000000e+03
6.300000000000000000e+03 2.516000000000000000e+03
6.400000000000000000e+03 2.586000000000000000e+03
6.500000000000000000e+03 2.480000000000000000e+03
6.600000000000000000e+03 2.352000000000000000e+03
6.700000000000000000e+03 2.288000000000000000e+03
6.800000000000000000e+03 2.196000000000000000e+03
6.900000000000000000e+03 2.139000000000000000e+03
7.000000000000000000e+03 2.148000000000000000e+03
7.100000000000000000e+03 2.123000000000000000e+03
7.200000000000000000e+03 2.112000000000000000e+03
7.300000000000000000e+03 2.216000000000000000e+03
7.400000000000000000e+03 2.179000000000000000e+03
7.500000000000000000e+03 2.256000000000000000e+03
7.600000000000000000e+03 2.460000000000000000e+03
7.700000000000000000e+03 2.478000000000000000e+03
7.800000000000000000e+03 2.610000000000000000e+03
7.900000000000000000e+03 2.756000000000000000e+03
8.000000000000000000e+03 2.891000000000000000e+03
8.100000000000000000e+03 3.047000000000000000e+03
8.200000000000000000e+03 3.316000000000000000e+03
8.300000000000000000e+03 3.409000000000000000e+03
8.400000000000000000e+03 3.627000000000000000e+03
8.500000000000000000e+03 3.781000000000000000e+03
8.600000000000000000e+03 3.996000000000000000e+03
8.700000000000000000e+03 4.106000000000000000e+03
8.800000000000000000e+03 4.488000000000000000e+03
8.900000000000000000e+03 4.602000000000000000e+03
9.000000000000000000e+03 4.734000000000000000e+03
9.100000000000000000e+03 4.989000000000000000e+03
9.200000000000000000e+03 5.130000000000000000e+03
9.300000000000000000e+03 5.154000000000000000e+03
9.400000000000000000e+03 5.440000000000000000e+03
9.500000000000000000e+03 5.459000000000000000e+03
9.600000000000000000e+03 5.692000000000000000e+03
9.700000000000000000e+03 5.920000000000000000e+03
9.800000000000000000e+03 5.947000000000000000e+03
9.900000000000000000e+03 6.165000000000000000e+03
1.000000000000000000e+04 6.356000000000000000e+03
1.010000000000000000e+04 6.351000000000000000e+03
1.020000000000000000e+04 6.678000000000000000e+03
1.030000000000000000e+04 6.455000000000000000e+03
1.040000000000000000e+04 6.843000000000000000e+03
1.050000000000000000e+04 6.974000000000000000e+03
1.060000000000000000e+04 6.907000000000000000e+03
1.070000000000000000e+04 7.051000000000000000e+03
1.080000000000000000e+04 6.869000000000000000e+03
1.090000000000000000e+04 7.016000000000000000e+03
1.100000000000000000e+04 7.183000000000000000e+03
1.110000000000000000e+04 7.204000000000000000e+03
1.120000000000000000e+04 7.272000000000000000e+03
1.130000000000000000e+04 7.264000000000000000e+03
1.140000000000000000e+04 7.165000000000000000e+03
1.150000000000000000e+04 7.288000000000000000e+03
1.160000000000000000e+04 7.119000000000000000e+03
1.170000000000000000e+04 7.241000000000000000e+03
1.180000000000000000e+04 7.332000000000000000e+03
1.190000000000000000e+04 7.242000000000000000e+03
1.200000000000000000e+04 7.379000000000000000e+03
1.210000000000000000e+04 7.423000000000000000e+03
1.220000000000000000e+04 7.183000000000000000e+03
1.230000000000000000e+04 7.503000000000000000e+03
1.240000000000000000e+04 7.353000000000000000e+03
1.250000000000000000e+04 7.396000000000000000e+03
1.260000000000000000e+04 7.231000000000000000e+03
1.270000000000000000e+04 7.194000000000000000e+03
1.280000000000000000e+04 7.083000000000000000e+03
1.290000000000000000e+04 7.173000000000000000e+03
1.300000000000000000e+04 7.068000000000000000e+03
1.310000000000000000e+04 6.943000000000000000e+03
1.320000000000000000e+04 6.920000000000000000e+03
1.330000000000000000e+04 6.840000000000000000e+03
1.340000000000000000e+04 6.818000000000000000e+03
1.350000000000000000e+04 6.647000000000000000e+03
1.360000000000000000e+04 6.524000000000000000e+03
1.370000000000000000e+04 6.372000000000000000e+03
1.380000000000000000e+04 6.333000000000000000e+03
1.390000000000000000e+04 6.440000000000000000e+03
1.400000000000000000e+04 6.166000000000000000e+03
1.410000000000000000e+04 6.202000000000000000e+03
1.420000000000000000e+04 6.075000000000000000e+03
1.430000000000000000e+04 5.711000000000000000e+03
1.440000000000000000e+04 5.677000000000000000e+03
1.450000000000000000e+04 5.586000000000000000e+03
1.460000000000000000e+04 5.290000000000000000e+03
1.470000000000000000e+04 5.182000000000000000e+03
1.480000000000000000e+04 5.110000000000000000e+03
1.490000000000000000e+04 4.829000000000000000e+03
1.500000000000000000e+04 4.763000000000000000e+03
1.510000000000000000e+04 4.519000000000000000e+03
1.520000000000000000e+04 4.280000000000000000e+03
1.530000000000000000e+04 4.149000000000000000e+03
1.540000000000000000e+04 4.012000000000000000e+03
1.550000000000000000e+04 3.708000000000000000e+03
1.560000000000000000e+04 3.406000000000000000e+03
1.570000000000000000e+04 3.290000000000000000e+03
1.580000000000000000e+04 3.242000000000000000e+03
1.590000000000000000e+04 3.124000000000000000e+03
1.600000000000000000e+04 3.005000000000000000e+03
1.610000000000000000e+04 2.906000000000000000e+03
1.620000000000000000e+04 2.705000000000000000e+03
1.630000000000000000e+04 2.563000000000000000e+03
1.640000000000000000e+04 2.468000000000000000e+03
1.650000000000000000e+04 2.372000000000000000e+03
1.660000000000000000e+04 2.385000000000000000e+03
1.670000000000000000e+04 2.308000000000000000e+03
1.680000000000000000e+04 2.226000000000000000e+03
1.690000000000000000e+04 2.180000000000000000e+03
1.700000000000000000e+04 2.120000000000000000e+03
1.710000000000000000e+04 2.177000000000000000e+03
1.720000000000000000e+04 2.099000000000000000e+03
1.730000000000000000e+04 2.223000000000000000e+03
1.740000000000000000e+04 2.162000000000000000e+03
1.750000000000000000e+04 2.257000000000000000e+03
1.760000000000000000e+04 2.404000000000000000e+03
1.770000000000000000e+04 2.534000000000000000e+03
1.780000000000000000e+04 2.570000000000000000e+03
1.790000000000000000e+04 2.789000000000000000e+03
1.800000000000000000e+04 2.925000000000000000e+03
1.810000000000000000e+04 3.009000000000000000e+03
1.820000000000000000e+04 3.174000000000000000e+03
1.830000000000000000e+04 3.371000000000000000e+03
1.840000000000000000e+04 3.669000000000000000e+03
1.850000000000000000e+04 3.829000000000000000e+03
1.860000000000000000e+04 3.985000000000000000e+03
1.870000000000000000e+04 4.289000000000000000e+03
1.880000000000000000e+04 4.509000000000000000e+03
1.890000000000000000e+04 4.627000000000000000e+03
1.900000000000000000e+04 4.722000000000000000e+03
1.910000000000000000e+04 5.026000000000000000e+03
1.920000000000000000e+04 4.969000000000000000e+03
1.930000000000000000e+04 5.327000000000000000e+03
1.940000000000000000e+04 5.422000000000000000e+03
1.950000000000000000e+04 5.624000000000000000e+03
1.960000000000000000e+04 5.690000000000000000e+03
1.970000000000000000e+04 5.999000000000000000e+03
1.980000000000000000e+04 6.080000000000000000e+03
1.990000000000000000e+04 6.302000000000000000e+03
