0.000000000000000000e+00 6.249000000000000000e+03
1.000000000000000000e+02 6.360000000000000000e+03
2.000000000000000000e+02 6.625000000000000000e+03
3.000000000000000000e+02 6.783000000000000000e+03
4.000000000000000000e+02 6.766000000000000000e+03
5.000000000000000000e+02 6.963000000000000000e+03
6.000000000000000000e+02 6.767000000000000000e+03
7.000000000000000000e+02 7.037000000000000000e+03
8.000000000000000000e+02 7.159000000000000000e+03
9.000000000000000000e+02 7.212000000000000000e+03
1.000000000000000000e+03 7.136000000000000000e+03
1.100000000000000000e+03 7.197000000000000000e+03
1.200000000000000000e+03 7.090000000000000000e+03
1.300000000000000000e+03 7.147000000000000000e+03
1.400000000000000000e+03 7.304000000000000000e+03
1.500000000000000000e+03 7.211000000000000000e+03
1.600000000000000000e+03 7.259000000000000000e+03
1.700000000000000000e+03 7.391000000000000000e+03
1.800000000000000000e+03 7.384000000000000000e+03
1.900000000000000000e+03 7.402000000000000000e+03
2.000000000000000000e+03 7.332000000000000000e+03
2.100000000000000000e+03 7.445000000000000000e+03
2.200000000000000000e+03 7.331000000000000000e+03
2.300000000000000000e+03 7.370000000000000000e+03
2.400000000000000000e+03 7.288000000000000000e+03
2.500000000000000000e+03 7.316000000000000000e+03
2.600000000000000000e+03 7.299000000000000000e+03
2.700000000000000000e+03 7.164000000000000000e+03
2.800000000000000000e+03 7.133000000000000000e+03
2.900000000000000000e+03 7.113000000000000000e+03
3.000000000000000000e+03 7.075000000000000000e+03
3.100000000000000000e+03 6.976000000000000000e+03
3.200000000000000000e+03 6.713000000000000000e+03
3.300000000000000000e+03 6.890000000000000000e+03
3.400000000000000000e+03 6.792000000000000000e+03
3.500000000000000000e+03 6.692000000000000000e+03
3.600000000000000000e+03 6.572000000000000000e+03
3.700000000000000000e+03 6.581000000000000000e+03
3.800000000000000000e+03 6.356000000000000000e+03
3.900000000000000000e+03 6.325000000000000000e+03
4.000000000000000000e+03 6.327000000000000000e+03
4.100000000000000000e+03 6.277000000000000000e+03
4.200000000000000000e+03 6.156000000000000000e+03
4.300000000000000000e+03 5.981000000000000000e+03
4.400000000000000000e+03 5.794000000000000000e+03
4.500000000000000000e+03 5.570000000000000000e+03
4.600000000000000000e+03 5.351000000000000000e+03
4.700000000000000000e+03 5.312000000000000000e+03
4.800000000000000000e+03 5.010000000000000000e+03
4.900000000000000000e+03 4.944000000000000000e+03
5.000000000000000000e+03 4.562000000000000000e+03
5.100000000000000000e+03 4.378000000000000000e+03
5.200000000000000000e+03 4.310000000000000000e+03
5.300000000000000000e+03 3.960000000000000000e+03
5.400000000000000000e+03 3.868000000000000000e+03
5.500000000000000000e+03 3.671000000000000000e+03
5.600000000000000000e+03 3.486000000000000000e+03
5.700000000000000000e+03 3.381000000000000000e+03
5.800000000000000000e+03 3.120000000000000000e+03
5.900000000000000000e+03 3.102000000000000000e+03
6.000000000000000000e+03 2.919000000000000000e+03
6.100000000000000000e+03 2.781000000000000000e+03
6.200000000000000000e+03 2.692000000000000000e+03
6.300000000000000000e+03 2.561000000000000000e+03
6.400000000000000000e+03 2.452000000000000000e+03
6.500000000000000000e+03 2.371000000000000000e+03
6.600000000000000000e+03 2.406000000000000000e+03
6.700000000000000000e+03 2.270000000000000000e+03
6.800000000000000000e+03 2.176000000000000000e+03
6.900000000000000000e+03 2.091000000000000000e+03
7.000000000000000000e+03 2.132000000000000000e+03
7.100000000000000000e+03 2.064000000000000000e+03
7.200000000000000000e+03 2.081000000000000000e+03
7.300000000000000000e+03 2.096000000000000000e+03
7.400000000000000000e+03 2.208000000000000000e+03
7.500000000000000000e+03 2.242000000000000000e+03
7.600000000000000000e+03 2.343000000000000000e+03
7.700000000000000000e+03 2.468000000000000000e+03
7.800000000000000000e+03 2.691000000000000000e+03
7.900000000000000000e+03 2.779000000000000000e+03
8.000000000000000000e+03 2.856000000000000000e+03
8.100000000000000000e+03 3.005000000000000000e+03
8.200000000000000000e+03 3.319000000000000000e+03
8.300000000000000000e+03 3.275000000000000000e+03
8.400000000000000000e+03 3.668000000000000000e+03
8.500000000000000000e+03 3.814000000000000000e+03
8.600000000000000000e+03 3.948000000000000000e+03
8.700000000000000000e+03 4.134000000000000000e+03
8.800000000000000000e+03 4.388000000000000000e+03
8.900000000000000000e+03 4.495000000000000000e+03
9.000000000000000000e+03 4.804000000000000000e+03
9.100000000000000000e+03 4.974000000000000000e+03
9.200000000000000000e+03 4.988000000000000000e+03
9.300000000000000000e+03 5.362000000000000000e+03
9.400000000000000000e+03 5.351000000000000000e+03
9.500000000000000000e+03 5.404000000000000000e+03
9.600000000000000000e+03 5.640000000000000000e+03
9.700000000000000000e+03 5.995000000000000000e+03
9.800000000000000000e+03 5.992000000000000000e+03
9.900000000000000000e+03 6.094000000000000000e+03
1.000000000000000000e+04 6.346000000000000000e+03
1.010000000000000000e+04 6.626000000000000000e+03
1.020000000000000000e+04 6.555000000000000000e+03
1.030000000000000000e+04 6.738000000000000000e+03
1.040000000000000000e+04 6.906000000000000000e+03
1.050000000000000000e+04 6.986000000000000000e+03
1.060000000000000000e+04 6.948000000000000000e+03
1.070000000000000000e+04 7.125000000000000000e+03
1.080000000000000000e+04 7.101000000000000000e+03
1.090000000000000000e+04 7.101000000000000000e+03
1.100000000000000000e+04 7.272000000000000000e+03
1.110000000000000000e+04 7.259000000000000000e+03
1.120000000000000000e+04 7.156000000000000000e+03
1.130000000000000000e+04 7.284000000000000000e+03
1.140000000000000000e+04 7.103000000000000000e+03
1.150000000000000000e+04 7.291000000000000000e+03
1.160000000000000000e+04 7.294000000000000000e+03
1.170000000000000000e+04 7.223000000000000000e+03
1.180000000000000000e+04 7.319000000000000000e+03
1.190000000000000000e+04 7.338000000000000000e+03
1.200000000000000000e+04 7.224000000000000000e+03
1.210000000000000000e+04 7.391000000000000000e+03
1.220000000000000000e+04 7.466000000000000000e+03
1.230000000000000000e+04 7.334000000000000000e+03
1.240000000000000000e+04 7.207000000000000000e+03
1.250000000000000000e+04 7.408000000000000000e+03
1.260000000000000000e+04 7.298000000000000000e+03
1.270000000000000000e+04 7.186000000000000000e+03
1.280000000000000000e+04 7.185000000000000000e+03
1.290000000000000000e+04 7.037000000000000000e+03
1.300000000000000000e+04 7.004000000000000000e+03
1.310000000000000000e+04 6.774000000000000000e+03
1.320000000000000000e+04 6.990000000000000000e+03
1.330000000000000000e+04 6.723000000000000000e+03
1.340000000000000000e+04 6.768000000000000000e+03
1.350000000000000000e+04 6.744000000000000000e+03
1.360000000000000000e+04 6.537000000000000000e+03
1.370000000000000000e+04 6.461000000000000000e+03
1.380000000000000000e+04 6.666000000000000000e+03
1.390000000000000000e+04 6.213000000000000000e+03
1.400000000000000000e+04 6.308000000000000000e+03
1.410000000000000000e+04 6.094000000000000000e+03
1.420000000000000000e+04 6.102000000000000000e+03
1.430000000000000000e+04 5.894000000000000000e+03
1.440000000000000000e+04 5.673000000000000000e+03
1.450000000000000000e+04 5.615000000000000000e+03
1.460000000000000000e+04 5.452000000000000000e+03
1.470000000000000000e+04 5.089000000000000000e+03
1.480000000000000000e+04 5.056000000000000000e+03
1.490000000000000000e+04 4.933000000000000000e+03
1.500000000000000000e+04 4.634000000000000000e+03
1.510000000000000000e+04 4.558000000000000000e+03
1.520000000000000000e+04 4.293000000000000000e+03
1.530000000000000000e+04 4.043000000000000000e+03
1.540000000000000000e+04 3.962000000000000000e+03
1.550000000000000000e+04 3.572000000000000000e+03
1.560000000000000000e+04 3.498000000000000000e+03
1.570000000000000000e+04 3.315000000000000000e+03
1.580000000000000000e+04 3.224000000000000000e+03
1.590000000000000000e+04 2.979000000000000000e+03
1.600000000000000000e+04 2.888000000000000000e+03
1.610000000000000000e+04 2.840000000000000000e+03
1.620000000000000000e+04 2.620000000000000000e+03
1.630000000000000000e+04 2.550000000000000000e+03
1.640000000000000000e+04 2.463000000000000000e+03
1.650000000000000000e+04 2.339000000000000000e+03
1.660000000000000000e+04 2.315000000000000000e+03
1.670000000000000000e+04 2.187000000000000000e+03
1.680000000000000000e+04 2.236000000000000000e+03
1.690000000000000000e+04 2.159000000000000000e+03
1.700000000000000000e+04 2.094000000000000000e+03
1.710000000000000000e+04 2.088000000000000000e+03
1.720000000000000000e+04 2.189000000000000000e+03
1.730000000000000000e+04 2.100000000000000000e+03
1.740000000000000000e+04 2.187000000000000000e+03
1.750000000000000000e+04 2.326000000000000000e+03
1.760000000000000000e+04 2.219000000000000000e+03
1.770000000000000000e+04 2.508000000000000000e+03
1.780000000000000000e+04 2.624000000000000000e+03
1.790000000000000000e+04 2.681000000000000000e+03
1.800000000000000000e+04 2.861000000000000000e+03
1.810000000000000000e+04 3.061000000000000000e+03
1.820000000000000000e+04 3.257000000000000000e+03
1.830000000000000000e+04 3.494000000000000000e+03
1.840000000000000000e+04 3.524000000000000000e+03
1.850000000000000000e+04 3.872000000000000000e+03
1.860000000000000000e+04 4.023000000000000000e+03
1.870000000000000000e+04 4.108000000000000000e+03
1.880000000000000000e+04 4.230000000000000000e+03
1.890000000000000000e+04 4.677000000000000000e+03
1.900000000000000000e+04 4.834000000000000000e+03
1.910000000000000000e+04 5.007000000000000000e+03
1.920000000000000000e+04 5.043000000000000000e+03
1.930000000000000000e+04 5.301000000000000000e+03
1.940000000000000000e+04 5.388000000000000000e+03
1.950000000000000000e+04 5.568000000000000000e+03
1.960000000000000000e+04 5.543000000000000000e+03
1.970000000000000000e+04 5.790000000000000000e+03
1.980000000000000000e+04 6.066000000000000000e+03
1.990000000000000000e+04 5.986000000000000000e+03
