0.000000000000000000e+00 1.042600000000000000e+04
1.667000000000000000e+03 1.069400000000000000e+04
3.334000000000000000e+03 1.083800000000000000e+04
5.001000000000000000e+03 1.079200000000000000e+04
6.668000000000000000e+03 1.095100000000000000e+04
8.335000000000000000e+03 1.112400000000000000e+04
1.000200000000000000e+04 1.126900000000000000e+04
1.166900000000000000e+04 1.130000000000000000e+04
1.333600000000000000e+04 1.143100000000000000e+04
1.500300000000000000e+04 1.170500000000000000e+04
1.667000000000000000e+04 1.172800000000000000e+04
1.833700000000000000e+04 1.192900000000000000e+04
2.000400000000000000e+04 1.162100000000000000e+04
2.167100000000000000e+04 1.178100000000000000e+04
2.333800000000000000e+04 1.201500000000000000e+04
2.500500000000000000e+04 1.199200000000000000e+04
2.667200000000000000e+04 1.222100000000000000e+04
2.833900000000000000e+04 1.164500000000000000e+04
3.000600000000000000e+04 1.198800000000000000e+04
3.167300000000000000e+04 1.190200000000000000e+04
3.334000000000000000e+04 1.188500000000000000e+04
3.500700000000000000e+04 1.176900000000000000e+04
3.667400000000000000e+04 1.190300000000000000e+04
3.834100000000000000e+04 1.191700000000000000e+04
4.000800000000000000e+04 1.180300000000000000e+04
4.167500000000000000e+04 1.203800000000000000e+04
4.334200000000000000e+04 1.178100000000000000e+04
4.500900000000000000e+04 1.188500000000000000e+04
4.667600000000000000e+04 1.156000000000000000e+04
4.834300000000000000e+04 1.167500000000000000e+04
5.001000000000000000e+04 1.176200000000000000e+04
5.167700000000000000e+04 1.150700000000000000e+04
5.334400000000000000e+04 1.143000000000000000e+04
5.501100000000000000e+04 1.113000000000000000e+04
5.667800000000000000e+04 1.118600000000000000e+04
5.834500000000000000e+04 1.107100000000000000e+04
6.001200000000000000e+04 1.072800000000000000e+04
6.167900000000000000e+04 1.064100000000000000e+04
6.334600000000000000e+04 1.056600000000000000e+04
6.501300000000000000e+04 1.054200000000000000e+04
6.668000000000000000e+04 1.019600000000000000e+04
6.834700000000000000e+04 1.000000000000000000e+04
7.001400000000000000e+04 9.646000000000000000e+03
7.168100000000000000e+04 9.321000000000000000e+03
7.334800000000000000e+04 9.226000000000000000e+03
7.501500000000000000e+04 9.086000000000000000e+03
7.668200000000000000e+04 8.909000000000000000e+03
7.834900000000000000e+04 8.282000000000000000e+03
8.001600000000000000e+04 8.276000000000000000e+03
8.168300000000000000e+04 7.925000000000000000e+03
8.335000000000000000e+04 7.617000000000000000e+03
8.501700000000000000e+04 7.134000000000000000e+03
8.668400000000000000e+04 6.995000000000000000e+03
8.835100000000000000e+04 6.620000000000000000e+03
9.001800000000000000e+04 6.260000000000000000e+03
9.168500000000000000e+04 6.056000000000000000e+03
9.335200000000000000e+04 5.966000000000000000e+03
9.501900000000000000e+04 5.407000000000000000e+03
9.668600000000000000e+04 5.252000000000000000e+03
9.835300000000000000e+04 5.073000000000000000e+03
1.000200000000000000e+05 4.903000000000000000e+03
1.016870000000000000e+05 4.504000000000000000e+03
1.033540000000000000e+05 4.414000000000000000e+03
1.050210000000000000e+05 4.091000000000000000e+03
1.066880000000000000e+05 4.143000000000000000e+03
1.083550000000000000e+05 4.051000000000000000e+03
1.100220000000000000e+05 3.838000000000000000e+03
1.116890000000000000e+05 3.711000000000000000e+03
1.133560000000000000e+05 3.618000000000000000e+03
1.150230000000000000e+05 3.844000000000000000e+03
1.166900000000000000e+05 3.851000000000000000e+03
1.183570000000000000e+05 3.690000000000000000e+03
1.200240000000000000e+05 3.662000000000000000e+03
1.216910000000000000e+05 3.919000000000000000e+03
1.233580000000000000e+05 4.055000000000000000e+03
1.250250000000000000e+05 4.116000000000000000e+03
1.266920000000000000e+05 4.341000000000000000e+03
1.283590000000000000e+05 4.445000000000000000e+03
1.300260000000000000e+05 4.555000000000000000e+03
1.316930000000000000e+05 5.047000000000000000e+03
1.333600000000000000e+05 5.432000000000000000e+03
1.350270000000000000e+05 5.268000000000000000e+03
1.366940000000000000e+05 5.733000000000000000e+03
1.383610000000000000e+05 6.095000000000000000e+03
1.400280000000000000e+05 6.383000000000000000e+03
1.416950000000000000e+05 6.730000000000000000e+03
1.433620000000000000e+05 6.921000000000000000e+03
1.450290000000000000e+05 7.170000000000000000e+03
1.466960000000000000e+05 7.496000000000000000e+03
1.483630000000000000e+05 7.897000000000000000e+03
1.500300000000000000e+05 8.156000000000000000e+03
1.516970000000000000e+05 8.335000000000000000e+03
1.533640000000000000e+05 8.448000000000000000e+03
1.550310000000000000e+05 8.852000000000000000e+03
1.566980000000000000e+05 9.253000000000000000e+03
1.583650000000000000e+05 9.281000000000000000e+03
1.600320000000000000e+05 9.731000000000000000e+03
1.616990000000000000e+05 9.689000000000000000e+03
1.633660000000000000e+05 9.959000000000000000e+03
1.650330000000000000e+05 1.028800000000000000e+04
1.667000000000000000e+05 1.057700000000000000e+04
1.683670000000000000e+05 1.051700000000000000e+04
1.700340000000000000e+05 1.061700000000000000e+04
1.717010000000000000e+05 1.094800000000000000e+04
1.733680000000000000e+05 1.118200000000000000e+04
1.750350000000000000e+05 1.122500000000000000e+04
1.767020000000000000e+05 1.107700000000000000e+04
1.783690000000000000e+05 1.125700000000000000e+04
1.800360000000000000e+05 1.152100000000000000e+04
1.817030000000000000e+05 1.163200000000000000e+04
1.833700000000000000e+05 1.179800000000000000e+04
1.850370000000000000e+05 1.183500000000000000e+04
1.867040000000000000e+05 1.174200000000000000e+04
1.883710000000000000e+05 1.159700000000000000e+04
1.900380000000000000e+05 1.199500000000000000e+04
1.917050000000000000e+05 1.210400000000000000e+04
1.933720000000000000e+05 1.196000000000000000e+04
1.950390000000000000e+05 1.163200000000000000e+04
1.967060000000000000e+05 1.188600000000000000e+04
1.983730000000000000e+05 1.224600000000000000e+04
2.000400000000000000e+05 1.206800000000000000e+04
2.017070000000000000e+05 1.212400000000000000e+04
2.033740000000000000e+05 1.206200000000000000e+04
2.050410000000000000e+05 1.182300000000000000e+04
2.067080000000000000e+05 1.173800000000000000e+04
2.083750000000000000e+05 1.190900000000000000e+04
2.100420000000000000e+05 1.186500000000000000e+04
2.117090000000000000e+05 1.139000000000000000e+04
2.133760000000000000e+05 1.147100000000000000e+04
2.150430000000000000e+05 1.182900000000000000e+04
2.167100000000000000e+05 1.155000000000000000e+04
2.183770000000000000e+05 1.149000000000000000e+04
2.200440000000000000e+05 1.129900000000000000e+04
2.217110000000000000e+05 1.123700000000000000e+04
2.233780000000000000e+05 1.130700000000000000e+04
2.250450000000000000e+05 1.111300000000000000e+04
2.267120000000000000e+05 1.112000000000000000e+04
2.283790000000000000e+05 1.068200000000000000e+04
2.300460000000000000e+05 1.046400000000000000e+04
2.317130000000000000e+05 1.037900000000000000e+04
2.333800000000000000e+05 1.013200000000000000e+04
2.350470000000000000e+05 9.958000000000000000e+03
2.367140000000000000e+05 9.777000000000000000e+03
2.383810000000000000e+05 9.401000000000000000e+03
2.400480000000000000e+05 9.333000000000000000e+03
2.417150000000000000e+05 9.086000000000000000e+03
2.433820000000000000e+05 8.903000000000000000e+03
2.450490000000000000e+05 8.529000000000000000e+03
2.467160000000000000e+05 8.083000000000000000e+03
2.483830000000000000e+05 8.002000000000000000e+03
2.500500000000000000e+05 7.711000000000000000e+03
2.517170000000000000e+05 7.304000000000000000e+03
2.533840000000000000e+05 7.075000000000000000e+03
2.550510000000000000e+05 6.634000000000000000e+03
2.567180000000000000e+05 6.594000000000000000e+03
2.583850000000000000e+05 6.116000000000000000e+03
2.600520000000000000e+05 5.831000000000000000e+03
2.617190000000000000e+05 5.396000000000000000e+03
2.633860000000000000e+05 5.224000000000000000e+03
2.650530000000000000e+05 4.964000000000000000e+03
2.667200000000000000e+05 4.885000000000000000e+03
2.683870000000000000e+05 4.642000000000000000e+03
2.700540000000000000e+05 4.294000000000000000e+03
2.717210000000000000e+05 4.090000000000000000e+03
2.733880000000000000e+05 4.009000000000000000e+03
2.750550000000000000e+05 3.869000000000000000e+03
2.767220000000000000e+05 3.709000000000000000e+03
2.783890000000000000e+05 3.634000000000000000e+03
2.800560000000000000e+05 3.581000000000000000e+03
2.817230000000000000e+05 3.720000000000000000e+03
2.833900000000000000e+05 3.665000000000000000e+03
2.850570000000000000e+05 3.785000000000000000e+03
2.867240000000000000e+05 3.685000000000000000e+03
2.883910000000000000e+05 3.766000000000000000e+03
2.900580000000000000e+05 4.108000000000000000e+03
2.917250000000000000e+05 4.176000000000000000e+03
2.933920000000000000e+05 4.364000000000000000e+03
2.950590000000000000e+05 4.391000000000000000e+03
2.967260000000000000e+05 4.547000000000000000e+03
2.983930000000000000e+05 4.999000000000000000e+03
3.000600000000000000e+05 5.207000000000000000e+03
3.017270000000000000e+05 5.342000000000000000e+03
3.033940000000000000e+05 5.687000000000000000e+03
3.050610000000000000e+05 5.711000000000000000e+03
3.067280000000000000e+05 6.334000000000000000e+03
3.083950000000000000e+05 6.772000000000000000e+03
3.100620000000000000e+05 6.915000000000000000e+03
3.117290000000000000e+05 7.083000000000000000e+03
3.133960000000000000e+05 7.370000000000000000e+03
3.150630000000000000e+05 7.979000000000000000e+03
3.167300000000000000e+05 8.224000000000000000e+03
3.183970000000000000e+05 8.350000000000000000e+03
3.200640000000000000e+05 8.699000000000000000e+03
3.217310000000000000e+05 8.956000000000000000e+03
3.233980000000000000e+05 9.193000000000000000e+03
3.250650000000000000e+05 9.437000000000000000e+03
3.267320000000000000e+05 9.504000000000000000e+03
3.283990000000000000e+05 9.750000000000000000e+03
3.300660000000000000e+05 1.010200000000000000e+04
3.317330000000000000e+05 1.024700000000000000e+04
