0.000000000000000000e+00 6.290000000000000000e+03
1.670000000000000000e+02 6.236000000000000000e+03
3.340000000000000000e+02 6.447000000000000000e+03
5.010000000000000000e+02 6.545000000000000000e+03
6.680000000000000000e+02 6.629000000000000000e+03
8.350000000000000000e+02 6.739000000000000000e+03
1.002000000000000000e+03 6.842000000000000000e+03
1.169000000000000000e+03 6.882000000000000000e+03
1.336000000000000000e+03 6.983000000000000000e+03
1.503000000000000000e+03 7.039000000000000000e+03
1.670000000000000000e+03 6.979000000000000000e+03
1.837000000000000000e+03 7.047000000000000000e+03
2.004000000000000000e+03 7.078000000000000000e+03
2.171000000000000000e+03 7.018000000000000000e+03
2.338000000000000000e+03 7.147000000000000000e+03
2.505000000000000000e+03 7.167000000000000000e+03
2.672000000000000000e+03 7.005000000000000000e+03
2.839000000000000000e+03 7.100000000000000000e+03
3.006000000000000000e+03 7.116000000000000000e+03
3.173000000000000000e+03 7.153000000000000000e+03
3.340000000000000000e+03 7.159000000000000000e+03
3.507000000000000000e+03 7.189000000000000000e+03
3.674000000000000000e+03 7.228000000000000000e+03
3.841000000000000000e+03 7.122000000000000000e+03
4.008000000000000000e+03 7.260000000000000000e+03
4.175000000000000000e+03 7.343000000000000000e+03
4.342000000000000000e+03 7.257000000000000000e+03
4.509000000000000000e+03 7.136000000000000000e+03
4.676000000000000000e+03 7.102000000000000000e+03
4.843000000000000000e+03 7.029000000000000000e+03
5.010000000000000000e+03 6.958000000000000000e+03
5.177000000000000000e+03 6.869000000000000000e+03
5.344000000000000000e+03 6.879000000000000000e+03
5.511000000000000000e+03 6.627000000000000000e+03
5.678000000000000000e+03 6.590000000000000000e+03
5.845000000000000000e+03 6.655000000000000000e+03
6.012000000000000000e+03 6.541000000000000000e+03
6.179000000000000000e+03 6.395000000000000000e+03
6.346000000000000000e+03 6.352000000000000000e+03
6.513000000000000000e+03 6.086000000000000000e+03
6.680000000000000000e+03 6.137000000000000000e+03
6.847000000000000000e+03 5.840000000000000000e+03
7.014000000000000000e+03 5.677000000000000000e+03
7.181000000000000000e+03 5.744000000000000000e+03
7.348000000000000000e+03 5.701000000000000000e+03
7.515000000000000000e+03 5.327000000000000000e+03
7.682000000000000000e+03 5.185000000000000000e+03
7.849000000000000000e+03 5.010000000000000000e+03
8.016000000000000000e+03 4.973000000000000000e+03
8.183000000000000000e+03 4.636000000000000000e+03
8.350000000000000000e+03 4.461000000000000000e+03
8.517000000000000000e+03 4.340000000000000000e+03
8.684000000000000000e+03 4.117000000000000000e+03
8.851000000000000000e+03 4.007000000000000000e+03
9.018000000000000000e+03 3.782000000000000000e+03
9.185000000000000000e+03 3.598000000000000000e+03
9.352000000000000000e+03 3.289000000000000000e+03
9.519000000000000000e+03 3.245000000000000000e+03
9.686000000000000000e+03 3.168000000000000000e+03
9.853000000000000000e+03 2.892000000000000000e+03
1.002000000000000000e+04 2.874000000000000000e+03
1.018700000000000000e+04 2.600000000000000000e+03
1.035400000000000000e+04 2.461000000000000000e+03
1.052100000000000000e+04 2.399000000000000000e+03
1.068800000000000000e+04 2.212000000000000000e+03
1.085500000000000000e+04 2.166000000000000000e+03
1.102200000000000000e+04 2.119000000000000000e+03
1.118900000000000000e+04 2.047000000000000000e+03
1.135600000000000000e+04 2.077000000000000000e+03
1.152300000000000000e+04 2.060000000000000000e+03
1.169000000000000000e+04 2.074000000000000000e+03
1.185700000000000000e+04 2.071000000000000000e+03
1.202400000000000000e+04 2.081000000000000000e+03
1.219100000000000000e+04 2.068000000000000000e+03
1.235800000000000000e+04 2.148000000000000000e+03
1.252500000000000000e+04 2.294000000000000000e+03
1.269200000000000000e+04 2.273000000000000000e+03
1.285900000000000000e+04 2.469000000000000000e+03
1.302600000000000000e+04 2.579000000000000000e+03
1.319300000000000000e+04 2.640000000000000000e+03
1.336000000000000000e+04 2.863000000000000000e+03
1.352700000000000000e+04 2.993000000000000000e+03
1.369400000000000000e+04 3.348000000000000000e+03
1.386100000000000000e+04 3.361000000000000000e+03
1.402800000000000000e+04 3.463000000000000000e+03
1.419500000000000000e+04 3.757000000000000000e+03
1.436200000000000000e+04 3.946000000000000000e+03
1.452900000000000000e+04 4.218000000000000000e+03
1.469600000000000000e+04 4.213000000000000000e+03
1.486300000000000000e+04 4.511000000000000000e+03
1.503000000000000000e+04 4.791000000000000000e+03
1.519700000000000000e+04 4.854000000000000000e+03
1.536400000000000000e+04 5.133000000000000000e+03
1.553100000000000000e+04 5.208000000000000000e+03
1.569800000000000000e+04 5.461000000000000000e+03
1.586500000000000000e+04 5.590000000000000000e+03
1.603200000000000000e+04 5.769000000000000000e+03
1.619900000000000000e+04 5.855000000000000000e+03
1.636600000000000000e+04 6.009000000000000000e+03
1.653300000000000000e+04 6.220000000000000000e+03
1.670000000000000000e+04 6.371000000000000000e+03
1.686700000000000000e+04 6.306000000000000000e+03
1.703400000000000000e+04 6.450000000000000000e+03
1.720100000000000000e+04 6.632000000000000000e+03
1.736800000000000000e+04 6.861000000000000000e+03
1.753500000000000000e+04 6.864000000000000000e+03
1.770200000000000000e+04 6.957000000000000000e+03
1.786900000000000000e+04 6.920000000000000000e+03
1.803600000000000000e+04 7.069000000000000000e+03
1.820300000000000000e+04 7.024000000000000000e+03
1.837000000000000000e+04 6.959000000000000000e+03
1.853700000000000000e+04 7.013000000000000000e+03
1.870400000000000000e+04 7.180000000000000000e+03
1.887100000000000000e+04 7.108000000000000000e+03
1.903800000000000000e+04 7.244000000000000000e+03
1.920500000000000000e+04 7.183000000000000000e+03
1.937200000000000000e+04 7.166000000000000000e+03
1.953900000000000000e+04 7.312000000000000000e+03
1.970600000000000000e+04 7.220000000000000000e+03
1.987300000000000000e+04 7.320000000000000000e+03
2.004000000000000000e+04 7.226000000000000000e+03
2.020700000000000000e+04 7.301000000000000000e+03
2.037400000000000000e+04 7.473000000000000000e+03
2.054100000000000000e+04 7.117000000000000000e+03
2.070800000000000000e+04 7.109000000000000000e+03
2.087500000000000000e+04 7.345000000000000000e+03
2.104200000000000000e+04 7.330000000000000000e+03
2.120900000000000000e+04 7.258000000000000000e+03
2.137600000000000000e+04 7.097000000000000000e+03
2.154300000000000000e+04 7.084000000000000000e+03
2.171000000000000000e+04 7.073000000000000000e+03
2.187700000000000000e+04 6.883000000000000000e+03
2.204400000000000000e+04 6.708000000000000000e+03
2.221100000000000000e+04 6.616000000000000000e+03
2.237800000000000000e+04 6.602000000000000000e+03
2.254500000000000000e+04 6.487000000000000000e+03
2.271200000000000000e+04 6.552000000000000000e+03
2.287900000000000000e+04 6.434000000000000000e+03
2.304600000000000000e+04 6.129000000000000000e+03
2.321300000000000000e+04 6.163000000000000000e+03
2.338000000000000000e+04 6.059000000000000000e+03
2.354700000000000000e+04 5.891000000000000000e+03
2.371400000000000000e+04 5.808000000000000000e+03
2.388100000000000000e+04 5.533000000000000000e+03
2.404800000000000000e+04 5.442000000000000000e+03
2.421500000000000000e+04 5.367000000000000000e+03
2.438200000000000000e+04 5.301000000000000000e+03
2.454900000000000000e+04 4.937000000000000000e+03
2.471600000000000000e+04 4.877000000000000000e+03
2.488300000000000000e+04 4.669000000000000000e+03
2.505000000000000000e+04 4.444000000000000000e+03
2.521700000000000000e+04 4.281000000000000000e+03
2.538400000000000000e+04 4.032000000000000000e+03
2.555100000000000000e+04 3.893000000000000000e+03
2.571800000000000000e+04 3.752000000000000000e+03
2.588500000000000000e+04 3.583000000000000000e+03
2.605200000000000000e+04 3.337000000000000000e+03
2.621900000000000000e+04 3.244000000000000000e+03
2.638600000000000000e+04 3.120000000000000000e+03
2.655300000000000000e+04 2.907000000000000000e+03
2.672000000000000000e+04 2.770000000000000000e+03
2.688700000000000000e+04 2.707000000000000000e+03
2.705400000000000000e+04 2.428000000000000000e+03
2.722100000000000000e+04 2.357000000000000000e+03
2.738800000000000000e+04 2.366000000000000000e+03
2.755500000000000000e+04 2.142000000000000000e+03
2.772200000000000000e+04 2.157000000000000000e+03
2.788900000000000000e+04 2.052000000000000000e+03
2.805600000000000000e+04 2.087000000000000000e+03
2.822300000000000000e+04 2.108000000000000000e+03
2.839000000000000000e+04 2.055000000000000000e+03
2.855700000000000000e+04 2.038000000000000000e+03
2.872400000000000000e+04 2.045000000000000000e+03
2.889100000000000000e+04 2.127000000000000000e+03
2.905800000000000000e+04 2.078000000000000000e+03
2.922500000000000000e+04 2.221000000000000000e+03
2.939200000000000000e+04 2.282000000000000000e+03
2.955900000000000000e+04 2.447000000000000000e+03
2.972600000000000000e+04 2.541000000000000000e+03
2.989300000000000000e+04 2.689000000000000000e+03
3.006000000000000000e+04 2.824000000000000000e+03
3.022700000000000000e+04 3.112000000000000000e+03
3.039400000000000000e+04 3.192000000000000000e+03
3.056100000000000000e+04 3.487000000000000000e+03
3.072800000000000000e+04 3.661000000000000000e+03
3.089500000000000000e+04 3.903000000000000000e+03
3.106200000000000000e+04 4.084000000000000000e+03
3.122900000000000000e+04 4.152000000000000000e+03
3.139600000000000000e+04 4.273000000000000000e+03
3.156300000000000000e+04 4.603000000000000000e+03
3.173000000000000000e+04 4.766000000000000000e+03
3.189700000000000000e+04 4.875000000000000000e+03
3.206400000000000000e+04 5.133000000000000000e+03
3.223100000000000000e+04 5.302000000000000000e+03
3.239800000000000000e+04 5.464000000000000000e+03
3.256500000000000000e+04 5.650000000000000000e+03
3.273200000000000000e+04 5.741000000000000000e+03
3.289900000000000000e+04 5.988000000000000000e+03
3.306600000000000000e+04 6.105000000000000000e+03
