0.000000000000000000e+00 1.467600000000000000e+04
3.333000000000000000e+03 1.492900000000000000e+04
6.666000000000000000e+03 1.519700000000000000e+04
9.999000000000000000e+03 1.542600000000000000e+04
1.333200000000000000e+04 1.558600000000000000e+04
1.666500000000000000e+04 1.573400000000000000e+04
1.999800000000000000e+04 1.605400000000000000e+04
2.333100000000000000e+04 1.616400000000000000e+04
2.666400000000000000e+04 1.626500000000000000e+04
2.999700000000000000e+04 1.651200000000000000e+04
3.333000000000000000e+04 1.626700000000000000e+04
3.666300000000000000e+04 1.624600000000000000e+04
3.999600000000000000e+04 1.663400000000000000e+04
4.332900000000000000e+04 1.707300000000000000e+04
4.666200000000000000e+04 1.681200000000000000e+04
4.999500000000000000e+04 1.670600000000000000e+04
5.332800000000000000e+04 1.691900000000000000e+04
5.666100000000000000e+04 1.688700000000000000e+04
5.999400000000000000e+04 1.695000000000000000e+04
6.332700000000000000e+04 1.697300000000000000e+04
6.666000000000000000e+04 1.668100000000000000e+04
6.999300000000000000e+04 1.699300000000000000e+04
7.332600000000000000e+04 1.699900000000000000e+04
7.665900000000000000e+04 1.700700000000000000e+04
7.999200000000000000e+04 1.676700000000000000e+04
8.332500000000000000e+04 1.676400000000000000e+04
8.665800000000000000e+04 1.687900000000000000e+04
8.999100000000000000e+04 1.647300000000000000e+04
9.332400000000000000e+04 1.646900000000000000e+04
9.665700000000000000e+04 1.663600000000000000e+04
9.999000000000000000e+04 1.628600000000000000e+04
1.033230000000000000e+05 1.620800000000000000e+04
1.066560000000000000e+05 1.602100000000000000e+04
1.099890000000000000e+05 1.601800000000000000e+04
1.133220000000000000e+05 1.612000000000000000e+04
1.166550000000000000e+05 1.554700000000000000e+04
1.199880000000000000e+05 1.540500000000000000e+04
1.233210000000000000e+05 1.516200000000000000e+04
1.266540000000000000e+05 1.498600000000000000e+04
1.299870000000000000e+05 1.471100000000000000e+04
1.333200000000000000e+05 1.414700000000000000e+04
1.366530000000000000e+05 1.430400000000000000e+04
1.399860000000000000e+05 1.364600000000000000e+04
1.433190000000000000e+05 1.350100000000000000e+04
1.466520000000000000e+05 1.335000000000000000e+04
1.499850000000000000e+05 1.270400000000000000e+04
1.533180000000000000e+05 1.255000000000000000e+04
1.566510000000000000e+05 1.194200000000000000e+04
1.599840000000000000e+05 1.175800000000000000e+04
1.633170000000000000e+05 1.123800000000000000e+04
1.666500000000000000e+05 1.065200000000000000e+04
1.699830000000000000e+05 1.055800000000000000e+04
1.733160000000000000e+05 9.971000000000000000e+03
1.766490000000000000e+05 9.667000000000000000e+03
1.799820000000000000e+05 9.280000000000000000e+03
1.833150000000000000e+05 8.787000000000000000e+03
1.866480000000000000e+05 8.363000000000000000e+03
1.899810000000000000e+05 8.112000000000000000e+03
1.933140000000000000e+05 7.651000000000000000e+03
1.966470000000000000e+05 7.171000000000000000e+03
1.999800000000000000e+05 6.858000000000000000e+03
2.033130000000000000e+05 6.577000000000000000e+03
2.066460000000000000e+05 6.130000000000000000e+03
2.099790000000000000e+05 5.949000000000000000e+03
2.133120000000000000e+05 5.748000000000000000e+03
2.166450000000000000e+05 5.622000000000000000e+03
2.199780000000000000e+05 5.403000000000000000e+03
2.233110000000000000e+05 5.466000000000000000e+03
2.266440000000000000e+05 5.301000000000000000e+03
2.299770000000000000e+05 5.477000000000000000e+03
2.333100000000000000e+05 5.168000000000000000e+03
2.366430000000000000e+05 5.478000000000000000e+03
2.399760000000000000e+05 5.566000000000000000e+03
2.433090000000000000e+05 5.559000000000000000e+03
2.466420000000000000e+05 5.879000000000000000e+03
2.499750000000000000e+05 6.072000000000000000e+03
2.533080000000000000e+05 6.209000000000000000e+03
2.566410000000000000e+05 6.501000000000000000e+03
2.599740000000000000e+05 6.711000000000000000e+03
2.633070000000000000e+05 7.063000000000000000e+03
2.666400000000000000e+05 7.500000000000000000e+03
2.699730000000000000e+05 7.961000000000000000e+03
2.733060000000000000e+05 8.348000000000000000e+03
2.766390000000000000e+05 8.796000000000000000e+03
2.799720000000000000e+05 9.203000000000000000e+03
2.833050000000000000e+05 9.357000000000000000e+03
2.866380000000000000e+05 1.000100000000000000e+04
2.899710000000000000e+05 1.029900000000000000e+04
2.933040000000000000e+05 1.070700000000000000e+04
2.966370000000000000e+05 1.096800000000000000e+04
2.999700000000000000e+05 1.135800000000000000e+04
3.033030000000000000e+05 1.196000000000000000e+04
3.066360000000000000e+05 1.241200000000000000e+04
3.099690000000000000e+05 1.284300000000000000e+04
3.133020000000000000e+05 1.303200000000000000e+04
3.166350000000000000e+05 1.324200000000000000e+04
3.199680000000000000e+05 1.388900000000000000e+04
3.233010000000000000e+05 1.394100000000000000e+04
3.266340000000000000e+05 1.440000000000000000e+04
3.299670000000000000e+05 1.466400000000000000e+04
3.333000000000000000e+05 1.465100000000000000e+04
3.366330000000000000e+05 1.507300000000000000e+04
3.399660000000000000e+05 1.514200000000000000e+04
3.432990000000000000e+05 1.536900000000000000e+04
3.466320000000000000e+05 1.567800000000000000e+04
3.499650000000000000e+05 1.568800000000000000e+04
3.532980000000000000e+05 1.606000000000000000e+04
3.566310000000000000e+05 1.640400000000000000e+04
3.599640000000000000e+05 1.650600000000000000e+04
3.632970000000000000e+05 1.648800000000000000e+04
3.666300000000000000e+05 1.631800000000000000e+04
3.699630000000000000e+05 1.681500000000000000e+04
3.732960000000000000e+05 1.668100000000000000e+04
3.766290000000000000e+05 1.687800000000000000e+04
3.799620000000000000e+05 1.713700000000000000e+04
3.832950000000000000e+05 1.680600000000000000e+04
3.866280000000000000e+05 1.666400000000000000e+04
3.899610000000000000e+05 1.665500000000000000e+04
3.932940000000000000e+05 1.695400000000000000e+04
3.966270000000000000e+05 1.706200000000000000e+04
3.999600000000000000e+05 1.704000000000000000e+04
4.032930000000000000e+05 1.697200000000000000e+04
4.066260000000000000e+05 1.701100000000000000e+04
4.099590000000000000e+05 1.701000000000000000e+04
4.132920000000000000e+05 1.675400000000000000e+04
4.166250000000000000e+05 1.656500000000000000e+04
4.199580000000000000e+05 1.680200000000000000e+04
4.232910000000000000e+05 1.660600000000000000e+04
4.266240000000000000e+05 1.650900000000000000e+04
4.299570000000000000e+05 1.669000000000000000e+04
4.332900000000000000e+05 1.641000000000000000e+04
4.366230000000000000e+05 1.631100000000000000e+04
4.399560000000000000e+05 1.611400000000000000e+04
4.432890000000000000e+05 1.601700000000000000e+04
4.466220000000000000e+05 1.561100000000000000e+04
4.499550000000000000e+05 1.546900000000000000e+04
4.532880000000000000e+05 1.540000000000000000e+04
4.566210000000000000e+05 1.499400000000000000e+04
4.599540000000000000e+05 1.490100000000000000e+04
4.632870000000000000e+05 1.472300000000000000e+04
4.666200000000000000e+05 1.477600000000000000e+04
4.699530000000000000e+05 1.431500000000000000e+04
4.732860000000000000e+05 1.375000000000000000e+04
4.766190000000000000e+05 1.368900000000000000e+04
4.799520000000000000e+05 1.330800000000000000e+04
4.832850000000000000e+05 1.278500000000000000e+04
4.866180000000000000e+05 1.266200000000000000e+04
4.899510000000000000e+05 1.191800000000000000e+04
4.932840000000000000e+05 1.180900000000000000e+04
4.966170000000000000e+05 1.112300000000000000e+04
4.999500000000000000e+05 1.081100000000000000e+04
5.032830000000000000e+05 1.065800000000000000e+04
5.066160000000000000e+05 1.009400000000000000e+04
5.099490000000000000e+05 9.607000000000000000e+03
5.132820000000000000e+05 9.334000000000000000e+03
5.166150000000000000e+05 8.580000000000000000e+03
5.199480000000000000e+05 8.397000000000000000e+03
5.232810000000000000e+05 7.929000000000000000e+03
5.266140000000000000e+05 7.691000000000000000e+03
5.299470000000000000e+05 7.160000000000000000e+03
5.332800000000000000e+05 6.862000000000000000e+03
5.366130000000000000e+05 6.442000000000000000e+03
5.399460000000000000e+05 6.397000000000000000e+03
5.432790000000000000e+05 6.074000000000000000e+03
5.466120000000000000e+05 5.949000000000000000e+03
5.499450000000000000e+05 5.658000000000000000e+03
5.532780000000000000e+05 5.518000000000000000e+03
5.566110000000000000e+05 5.184000000000000000e+03
5.599440000000000000e+05 5.329000000000000000e+03
5.632770000000000000e+05 5.268000000000000000e+03
5.666100000000000000e+05 5.217000000000000000e+03
5.699430000000000000e+05 5.405000000000000000e+03
5.732760000000000000e+05 5.500000000000000000e+03
5.766090000000000000e+05 5.621000000000000000e+03
5.799420000000000000e+05 5.763000000000000000e+03
5.832750000000000000e+05 5.767000000000000000e+03
5.866080000000000000e+05 6.384000000000000000e+03
5.899410000000000000e+05 6.419000000000000000e+03
5.932740000000000000e+05 6.789000000000000000e+03
5.966070000000000000e+05 7.066000000000000000e+03
5.999400000000000000e+05 7.405000000000000000e+03
6.032730000000000000e+05 7.975000000000000000e+03
6.066060000000000000e+05 8.036000000000000000e+03
6.099390000000000000e+05 8.610000000000000000e+03
6.132720000000000000e+05 8.956000000000000000e+03
6.166050000000000000e+05 9.201000000000000000e+03
6.199380000000000000e+05 1.004800000000000000e+04
6.232710000000000000e+05 1.029900000000000000e+04
6.266040000000000000e+05 1.074400000000000000e+04
6.299370000000000000e+05 1.122600000000000000e+04
6.332700000000000000e+05 1.156200000000000000e+04
6.366030000000000000e+05 1.196600000000000000e+04
6.399360000000000000e+05 1.224100000000000000e+04
6.432690000000000000e+05 1.262000000000000000e+04
6.466020000000000000e+05 1.304300000000000000e+04
6.499350000000000000e+05 1.317500000000000000e+04
6.532680000000000000e+05 1.370500000000000000e+04
6.566010000000000000e+05 1.409600000000000000e+04
6.599340000000000000e+05 1.443300000000000000e+04
6.632670000000000000e+05 1.449800000000000000e+04
