0.000000000000000000e+00 8.351000000000000000e+03
1.000000000000000000e+03 8.317000000000000000e+03
2.000000000000000000e+03 8.524000000000000000e+03
3.000000000000000000e+03 8.666000000000000000e+03
4.000000000000000000e+03 8.802000000000000000e+03
5.000000000000000000e+03 8.818000000000000000e+03
6.000000000000000000e+03 8.833000000000000000e+03
7.000000000000000000e+03 9.040000000000000000e+03
8.000000000000000000e+03 9.067000000000000000e+03
9.000000000000000000e+03 9.160000000000000000e+03
1.000000000000000000e+04 9.139000000000000000e+03
1.100000000000000000e+04 9.337000000000000000e+03
1.200000000000000000e+04 9.344000000000000000e+03
1.300000000000000000e+04 9.411000000000000000e+03
1.400000000000000000e+04 9.394000000000000000e+03
1.500000000000000000e+04 9.347000000000000000e+03
1.600000000000000000e+04 9.550000000000000000e+03
1.700000000000000000e+04 9.497000000000000000e+03
1.800000000000000000e+04 9.452000000000000000e+03
1.900000000000000000e+04 9.649000000000000000e+03
2.000000000000000000e+04 9.562000000000000000e+03
2.100000000000000000e+04 9.526000000000000000e+03
2.200000000000000000e+04 9.526000000000000000e+03
2.300000000000000000e+04 9.366000000000000000e+03
2.400000000000000000e+04 9.626000000000000000e+03
2.500000000000000000e+04 9.385000000000000000e+03
2.600000000000000000e+04 9.321000000000000000e+03
2.700000000000000000e+04 9.357000000000000000e+03
2.800000000000000000e+04 9.079000000000000000e+03
2.900000000000000000e+04 9.192000000000000000e+03
3.000000000000000000e+04 8.989000000000000000e+03
3.100000000000000000e+04 9.112000000000000000e+03
3.200000000000000000e+04 9.090000000000000000e+03
3.300000000000000000e+04 8.832000000000000000e+03
3.400000000000000000e+04 8.879000000000000000e+03
3.500000000000000000e+04 8.503000000000000000e+03
3.600000000000000000e+04 8.786000000000000000e+03
3.700000000000000000e+04 8.622000000000000000e+03
3.800000000000000000e+04 8.358000000000000000e+03
3.900000000000000000e+04 8.213000000000000000e+03
4.000000000000000000e+04 8.031000000000000000e+03
4.100000000000000000e+04 7.888000000000000000e+03
4.200000000000000000e+04 7.633000000000000000e+03
4.300000000000000000e+04 7.492000000000000000e+03
4.400000000000000000e+04 7.441000000000000000e+03
4.500000000000000000e+04 7.090000000000000000e+03
4.600000000000000000e+04 6.966000000000000000e+03
4.700000000000000000e+04 6.652000000000000000e+03
4.800000000000000000e+04 6.569000000000000000e+03
4.900000000000000000e+04 6.319000000000000000e+03
5.000000000000000000e+04 6.062000000000000000e+03
5.100000000000000000e+04 5.821000000000000000e+03
5.200000000000000000e+04 5.559000000000000000e+03
5.300000000000000000e+04 5.305000000000000000e+03
5.400000000000000000e+04 5.023000000000000000e+03
5.500000000000000000e+04 4.931000000000000000e+03
5.600000000000000000e+04 4.648000000000000000e+03
5.700000000000000000e+04 4.431000000000000000e+03
5.800000000000000000e+04 4.152000000000000000e+03
5.900000000000000000e+04 3.928000000000000000e+03
6.000000000000000000e+04 3.757000000000000000e+03
6.100000000000000000e+04 3.711000000000000000e+03
6.200000000000000000e+04 3.444000000000000000e+03
6.300000000000000000e+04 3.335000000000000000e+03
6.400000000000000000e+04 3.301000000000000000e+03
6.500000000000000000e+04 3.107000000000000000e+03
6.600000000000000000e+04 2.993000000000000000e+03
6.700000000000000000e+04 2.965000000000000000e+03
6.800000000000000000e+04 2.886000000000000000e+03
6.900000000000000000e+04 2.867000000000000000e+03
7.000000000000000000e+04 3.018000000000000000e+03
7.100000000000000000e+04 2.989000000000000000e+03
7.200000000000000000e+04 3.121000000000000000e+03
7.300000000000000000e+04 3.084000000000000000e+03
7.400000000000000000e+04 3.139000000000000000e+03
7.500000000000000000e+04 3.217000000000000000e+03
7.600000000000000000e+04 3.405000000000000000e+03
7.700000000000000000e+04 3.607000000000000000e+03
7.800000000000000000e+04 3.735000000000000000e+03
7.900000000000000000e+04 3.887000000000000000e+03
8.000000000000000000e+04 4.122000000000000000e+03
8.100000000000000000e+04 4.331000000000000000e+03
8.200000000000000000e+04 4.641000000000000000e+03
8.300000000000000000e+04 4.933000000000000000e+03
8.400000000000000000e+04 4.999000000000000000e+03
8.500000000000000000e+04 5.358000000000000000e+03
8.600000000000000000e+04 5.458000000000000000e+03
8.700000000000000000e+04 5.672000000000000000e+03
8.800000000000000000e+04 5.996000000000000000e+03
8.900000000000000000e+04 6.260000000000000000e+03
9.000000000000000000e+04 6.475000000000000000e+03
9.100000000000000000e+04 6.573000000000000000e+03
9.200000000000000000e+04 6.903000000000000000e+03
9.300000000000000000e+04 6.934000000000000000e+03
9.400000000000000000e+04 7.226000000000000000e+03
9.500000000000000000e+04 7.521000000000000000e+03
9.600000000000000000e+04 7.536000000000000000e+03
9.700000000000000000e+04 7.753000000000000000e+03
9.800000000000000000e+04 7.878000000000000000e+03
9.900000000000000000e+04 8.164000000000000000e+03
1.000000000000000000e+05 8.363000000000000000e+03
1.010000000000000000e+05 8.273000000000000000e+03
1.020000000000000000e+05 8.568000000000000000e+03
1.030000000000000000e+05 8.684000000000000000e+03
1.040000000000000000e+05 8.866000000000000000e+03
1.050000000000000000e+05 8.785000000000000000e+03
1.060000000000000000e+05 9.117000000000000000e+03
1.070000000000000000e+05 9.056000000000000000e+03
1.080000000000000000e+05 9.141000000000000000e+03
1.090000000000000000e+05 9.163000000000000000e+03
1.100000000000000000e+05 9.108000000000000000e+03
1.110000000000000000e+05 9.170000000000000000e+03
1.120000000000000000e+05 9.537000000000000000e+03
1.130000000000000000e+05 9.457000000000000000e+03
1.140000000000000000e+05 9.479000000000000000e+03
1.150000000000000000e+05 9.341000000000000000e+03
1.160000000000000000e+05 9.522000000000000000e+03
1.170000000000000000e+05 9.574000000000000000e+03
1.180000000000000000e+05 9.429000000000000000e+03
1.190000000000000000e+05 9.713000000000000000e+03
1.200000000000000000e+05 9.520000000000000000e+03
1.210000000000000000e+05 9.592000000000000000e+03
1.220000000000000000e+05 9.478000000000000000e+03
1.230000000000000000e+05 9.419000000000000000e+03
1.240000000000000000e+05 9.287000000000000000e+03
1.250000000000000000e+05 9.414000000000000000e+03
1.260000000000000000e+05 9.357000000000000000e+03
1.270000000000000000e+05 9.363000000000000000e+03
1.280000000000000000e+05 9.258000000000000000e+03
1.290000000000000000e+05 9.061000000000000000e+03
1.300000000000000000e+05 9.128000000000000000e+03
1.310000000000000000e+05 8.967000000000000000e+03
1.320000000000000000e+05 9.101000000000000000e+03
1.330000000000000000e+05 8.943000000000000000e+03
1.340000000000000000e+05 8.807000000000000000e+03
1.350000000000000000e+05 8.707000000000000000e+03
1.360000000000000000e+05 8.638000000000000000e+03
1.370000000000000000e+05 8.520000000000000000e+03
1.380000000000000000e+05 8.498000000000000000e+03
1.390000000000000000e+05 8.265000000000000000e+03
1.400000000000000000e+05 7.999000000000000000e+03
1.410000000000000000e+05 7.936000000000000000e+03
1.420000000000000000e+05 7.880000000000000000e+03
1.430000000000000000e+05 7.325000000000000000e+03
1.440000000000000000e+05 7.265000000000000000e+03
1.450000000000000000e+05 7.181000000000000000e+03
1.460000000000000000e+05 7.092000000000000000e+03
1.470000000000000000e+05 6.845000000000000000e+03
1.480000000000000000e+05 6.468000000000000000e+03
1.490000000000000000e+05 6.363000000000000000e+03
1.500000000000000000e+05 6.099000000000000000e+03
1.510000000000000000e+05 5.802000000000000000e+03
1.520000000000000000e+05 5.609000000000000000e+03
1.530000000000000000e+05 5.356000000000000000e+03
1.540000000000000000e+05 5.000000000000000000e+03
1.550000000000000000e+05 4.988000000000000000e+03
1.560000000000000000e+05 4.748000000000000000e+03
1.570000000000000000e+05 4.497000000000000000e+03
1.580000000000000000e+05 4.145000000000000000e+03
1.590000000000000000e+05 3.870000000000000000e+03
1.600000000000000000e+05 3.788000000000000000e+03
1.610000000000000000e+05 3.689000000000000000e+03
1.620000000000000000e+05 3.456000000000000000e+03
1.630000000000000000e+05 3.308000000000000000e+03
1.640000000000000000e+05 3.278000000000000000e+03
1.650000000000000000e+05 3.136000000000000000e+03
1.660000000000000000e+05 3.088000000000000000e+03
1.670000000000000000e+05 3.034000000000000000e+03
1.680000000000000000e+05 2.898000000000000000e+03
1.690000000000000000e+05 2.911000000000000000e+03
1.700000000000000000e+05 3.020000000000000000e+03
1.710000000000000000e+05 3.032000000000000000e+03
1.720000000000000000e+05 2.939000000000000000e+03
1.730000000000000000e+05 2.999000000000000000e+03
1.740000000000000000e+05 3.218000000000000000e+03
1.750000000000000000e+05 3.288000000000000000e+03
1.760000000000000000e+05 3.454000000000000000e+03
1.770000000000000000e+05 3.569000000000000000e+03
1.780000000000000000e+05 3.743000000000000000e+03
1.790000000000000000e+05 3.804000000000000000e+03
1.800000000000000000e+05 4.132000000000000000e+03
1.810000000000000000e+05 4.308000000000000000e+03
1.820000000000000000e+05 4.531000000000000000e+03
1.830000000000000000e+05 4.987000000000000000e+03
1.840000000000000000e+05 5.077000000000000000e+03
1.850000000000000000e+05 5.292000000000000000e+03
1.860000000000000000e+05 5.466000000000000000e+03
1.870000000000000000e+05 5.642000000000000000e+03
1.880000000000000000e+05 5.978000000000000000e+03
1.890000000000000000e+05 6.185000000000000000e+03
1.900000000000000000e+05 6.370000000000000000e+03
1.910000000000000000e+05 6.768000000000000000e+03
1.920000000000000000e+05 6.800000000000000000e+03
1.930000000000000000e+05 7.298000000000000000e+03
1.940000000000000000e+05 7.319000000000000000e+03
1.950000000000000000e+05 7.463000000000000000e+03
1.960000000000000000e+05 7.795000000000000000e+03
1.970000000000000000e+05 7.842000000000000000e+03
1.980000000000000000e+05 7.947000000000000000e+03
1.990000000000000000e+05 7.995000000000000000e+03
