0.000000000000000000e+00 8.511000000000000000e+03
3.330000000000000000e+02 8.314000000000000000e+03
6.660000000000000000e+02 8.740000000000000000e+03
9.990000000000000000e+02 8.786000000000000000e+03
1.332000000000000000e+03 8.789000000000000000e+03
1.665000000000000000e+03 8.863000000000000000e+03
1.998000000000000000e+03 9.104000000000000000e+03
2.331000000000000000e+03 9.197000000000000000e+03
2.664000000000000000e+03 9.033000000000000000e+03
2.997000000000000000e+03 9.258000000000000000e+03
3.330000000000000000e+03 9.346000000000000000e+03
3.663000000000000000e+03 9.362000000000000000e+03
3.996000000000000000e+03 9.389000000000000000e+03
4.329000000000000000e+03 9.511000000000000000e+03
4.662000000000000000e+03 9.424000000000000000e+03
4.995000000000000000e+03 9.448000000000000000e+03
5.328000000000000000e+03 9.376000000000000000e+03
5.661000000000000000e+03 9.452000000000000000e+03
5.994000000000000000e+03 9.578000000000000000e+03
6.327000000000000000e+03 9.303000000000000000e+03
6.660000000000000000e+03 9.815000000000000000e+03
6.993000000000000000e+03 9.610000000000000000e+03
7.326000000000000000e+03 9.544000000000000000e+03
7.659000000000000000e+03 9.472000000000000000e+03
7.992000000000000000e+03 9.408000000000000000e+03
8.325000000000000000e+03 9.581000000000000000e+03
8.658000000000000000e+03 9.536000000000000000e+03
8.991000000000000000e+03 9.485000000000000000e+03
9.324000000000000000e+03 9.384000000000000000e+03
9.657000000000000000e+03 9.219000000000000000e+03
9.990000000000000000e+03 9.195000000000000000e+03
1.032300000000000000e+04 9.186000000000000000e+03
1.065600000000000000e+04 9.108000000000000000e+03
1.098900000000000000e+04 8.968000000000000000e+03
1.132200000000000000e+04 8.971000000000000000e+03
1.165500000000000000e+04 8.814000000000000000e+03
1.198800000000000000e+04 8.737000000000000000e+03
1.232100000000000000e+04 8.287000000000000000e+03
1.265400000000000000e+04 8.491000000000000000e+03
1.298700000000000000e+04 8.059000000000000000e+03
1.332000000000000000e+04 7.976000000000000000e+03
1.365300000000000000e+04 7.988000000000000000e+03
1.398600000000000000e+04 7.815000000000000000e+03
1.431900000000000000e+04 7.706000000000000000e+03
1.465200000000000000e+04 7.382000000000000000e+03
1.498500000000000000e+04 7.206000000000000000e+03
1.531800000000000000e+04 7.057000000000000000e+03
1.565100000000000000e+04 6.748000000000000000e+03
1.598400000000000000e+04 6.472000000000000000e+03
1.631700000000000000e+04 6.506000000000000000e+03
1.665000000000000000e+04 6.189000000000000000e+03
1.698300000000000000e+04 6.191000000000000000e+03
1.731600000000000000e+04 6.028000000000000000e+03
1.764900000000000000e+04 5.541000000000000000e+03
1.798200000000000000e+04 5.338000000000000000e+03
1.831500000000000000e+04 4.993000000000000000e+03
1.864800000000000000e+04 4.934000000000000000e+03
1.898100000000000000e+04 4.716000000000000000e+03
1.931400000000000000e+04 4.456000000000000000e+03
1.964700000000000000e+04 4.219000000000000000e+03
1.998000000000000000e+04 4.207000000000000000e+03
2.031300000000000000e+04 3.789000000000000000e+03
2.064600000000000000e+04 3.607000000000000000e+03
2.097900000000000000e+04 3.389000000000000000e+03
2.131200000000000000e+04 3.258000000000000000e+03
2.164500000000000000e+04 3.294000000000000000e+03
2.197800000000000000e+04 3.006000000000000000e+03
2.231100000000000000e+04 3.010000000000000000e+03
2.264400000000000000e+04 3.026000000000000000e+03
2.297700000000000000e+04 2.940000000000000000e+03
2.331000000000000000e+04 3.056000000000000000e+03
2.364300000000000000e+04 3.060000000000000000e+03
2.397600000000000000e+04 3.070000000000000000e+03
2.430900000000000000e+04 3.264000000000000000e+03
2.464200000000000000e+04 3.164000000000000000e+03
2.497500000000000000e+04 3.492000000000000000e+03
2.530800000000000000e+04 3.536000000000000000e+03
2.564100000000000000e+04 3.586000000000000000e+03
2.597400000000000000e+04 3.749000000000000000e+03
2.630700000000000000e+04 4.119000000000000000e+03
2.664000000000000000e+04 4.275000000000000000e+03
2.697300000000000000e+04 4.449000000000000000e+03
2.730600000000000000e+04 4.653000000000000000e+03
2.763900000000000000e+04 4.914000000000000000e+03
2.797200000000000000e+04 5.002000000000000000e+03
2.830500000000000000e+04 5.325000000000000000e+03
2.863800000000000000e+04 5.415000000000000000e+03
2.897100000000000000e+04 5.753000000000000000e+03
2.930400000000000000e+04 5.871000000000000000e+03
2.963700000000000000e+04 6.419000000000000000e+03
2.997000000000000000e+04 6.470000000000000000e+03
3.030300000000000000e+04 6.721000000000000000e+03
3.063600000000000000e+04 6.919000000000000000e+03
3.096900000000000000e+04 7.127000000000000000e+03
3.130200000000000000e+04 7.199000000000000000e+03
3.163500000000000000e+04 7.531000000000000000e+03
3.196800000000000000e+04 7.876000000000000000e+03
3.230100000000000000e+04 8.000000000000000000e+03
3.263400000000000000e+04 8.091000000000000000e+03
3.296700000000000000e+04 8.250000000000000000e+03
3.330000000000000000e+04 8.395000000000000000e+03
3.363300000000000000e+04 8.482000000000000000e+03
3.396600000000000000e+04 8.791000000000000000e+03
3.429900000000000000e+04 8.770000000000000000e+03
3.463200000000000000e+04 8.890000000000000000e+03
3.496500000000000000e+04 9.024000000000000000e+03
3.529800000000000000e+04 9.168000000000000000e+03
3.563100000000000000e+04 9.199000000000000000e+03
3.596400000000000000e+04 9.196000000000000000e+03
3.629700000000000000e+04 9.312000000000000000e+03
3.663000000000000000e+04 9.039000000000000000e+03
3.696300000000000000e+04 9.551000000000000000e+03
3.729600000000000000e+04 9.670000000000000000e+03
3.762900000000000000e+04 9.489000000000000000e+03
3.796200000000000000e+04 9.470000000000000000e+03
3.829500000000000000e+04 9.391000000000000000e+03
3.862800000000000000e+04 9.389000000000000000e+03
3.896100000000000000e+04 9.467000000000000000e+03
3.929400000000000000e+04 9.380000000000000000e+03
3.962700000000000000e+04 9.728000000000000000e+03
3.996000000000000000e+04 9.608000000000000000e+03
4.029300000000000000e+04 9.524000000000000000e+03
4.062600000000000000e+04 9.410000000000000000e+03
4.095900000000000000e+04 9.477000000000000000e+03
4.129200000000000000e+04 9.594000000000000000e+03
4.162500000000000000e+04 9.619000000000000000e+03
4.195800000000000000e+04 9.597000000000000000e+03
4.229100000000000000e+04 9.435000000000000000e+03
4.262400000000000000e+04 9.533000000000000000e+03
4.295700000000000000e+04 9.205000000000000000e+03
4.329000000000000000e+04 9.239000000000000000e+03
4.362300000000000000e+04 9.216000000000000000e+03
4.395600000000000000e+04 9.072000000000000000e+03
4.428900000000000000e+04 8.961000000000000000e+03
4.462200000000000000e+04 8.925000000000000000e+03
4.495500000000000000e+04 9.063000000000000000e+03
4.528800000000000000e+04 8.698000000000000000e+03
4.562100000000000000e+04 8.651000000000000000e+03
4.595400000000000000e+04 8.352000000000000000e+03
4.628700000000000000e+04 8.153000000000000000e+03
4.662000000000000000e+04 8.305000000000000000e+03
4.695300000000000000e+04 8.162000000000000000e+03
4.728600000000000000e+04 7.736000000000000000e+03
4.761900000000000000e+04 7.778000000000000000e+03
4.795200000000000000e+04 7.561000000000000000e+03
4.828500000000000000e+04 7.212000000000000000e+03
4.861800000000000000e+04 7.046000000000000000e+03
4.895100000000000000e+04 6.973000000000000000e+03
4.928400000000000000e+04 6.607000000000000000e+03
4.961700000000000000e+04 6.369000000000000000e+03
4.995000000000000000e+04 6.335000000000000000e+03
5.028300000000000000e+04 6.096000000000000000e+03
5.061600000000000000e+04 5.838000000000000000e+03
5.094900000000000000e+04 5.435000000000000000e+03
5.128200000000000000e+04 5.206000000000000000e+03
5.161500000000000000e+04 5.083000000000000000e+03
5.194800000000000000e+04 4.900000000000000000e+03
5.228100000000000000e+04 4.589000000000000000e+03
5.261400000000000000e+04 4.404000000000000000e+03
5.294700000000000000e+04 4.314000000000000000e+03
5.328000000000000000e+04 3.997000000000000000e+03
5.361300000000000000e+04 3.823000000000000000e+03
5.394600000000000000e+04 3.477000000000000000e+03
5.427900000000000000e+04 3.431000000000000000e+03
5.461200000000000000e+04 3.339000000000000000e+03
5.494500000000000000e+04 3.194000000000000000e+03
5.527800000000000000e+04 3.161000000000000000e+03
5.561100000000000000e+04 3.131000000000000000e+03
5.594400000000000000e+04 3.034000000000000000e+03
5.627700000000000000e+04 2.994000000000000000e+03
5.661000000000000000e+04 3.024000000000000000e+03
5.694300000000000000e+04 2.999000000000000000e+03
5.727600000000000000e+04 3.150000000000000000e+03
5.760900000000000000e+04 2.994000000000000000e+03
5.794200000000000000e+04 3.245000000000000000e+03
5.827500000000000000e+04 3.438000000000000000e+03
5.860800000000000000e+04 3.502000000000000000e+03
5.894100000000000000e+04 3.712000000000000000e+03
5.927400000000000000e+04 3.893000000000000000e+03
5.960700000000000000e+04 4.079000000000000000e+03
5.994000000000000000e+04 4.314000000000000000e+03
6.027300000000000000e+04 4.324000000000000000e+03
6.060600000000000000e+04 4.726000000000000000e+03
6.093900000000000000e+04 4.876000000000000000e+03
6.127200000000000000e+04 4.935000000000000000e+03
6.160500000000000000e+04 5.440000000000000000e+03
6.193800000000000000e+04 5.424000000000000000e+03
6.227100000000000000e+04 5.652000000000000000e+03
6.260400000000000000e+04 5.961000000000000000e+03
6.293700000000000000e+04 6.197000000000000000e+03
6.327000000000000000e+04 6.313000000000000000e+03
6.360300000000000000e+04 6.533000000000000000e+03
6.393600000000000000e+04 6.672000000000000000e+03
6.426900000000000000e+04 6.915000000000000000e+03
6.460200000000000000e+04 7.329000000000000000e+03
6.493500000000000000e+04 7.527000000000000000e+03
6.526800000000000000e+04 7.807000000000000000e+03
6.560100000000000000e+04 7.998000000000000000e+03
6.593400000000000000e+04 8.217000000000000000e+03
6.626700000000000000e+04 8.209000000000000000e+03
