0.000000000000000000e+00 3.285000000000000000e+03
1.667000000000000000e+03 3.291000000000000000e+03
3.334000000000000000e+03 3.538000000000000000e+03
5.001000000000000000e+03 3.539000000000000000e+03
6.668000000000000000e+03 3.494000000000000000e+03
8.335000000000000000e+03 3.662000000000000000e+03
1.000200000000000000e+04 3.766000000000000000e+03
1.166900000000000000e+04 3.715000000000000000e+03
1.333600000000000000e+04 3.958000000000000000e+03
1.500300000000000000e+04 3.845000000000000000e+03
1.667000000000000000e+04 3.923000000000000000e+03
1.833700000000000000e+04 3.905000000000000000e+03
2.000400000000000000e+04 3.864000000000000000e+03
2.167100000000000000e+04 4.202000000000000000e+03
2.333800000000000000e+04 3.952000000000000000e+03
2.500500000000000000e+04 4.058000000000000000e+03
2.667200000000000000e+04 3.949000000000000000e+03
2.833900000000000000e+04 4.172000000000000000e+03
3.000600000000000000e+04 4.082000000000000000e+03
3.167300000000000000e+04 4.051000000000000000e+03
3.334000000000000000e+04 4.082000000000000000e+03
3.500700000000000000e+04 3.884000000000000000e+03
3.667400000000000000e+04 4.053000000000000000e+03
3.834100000000000000e+04 4.054000000000000000e+03
4.000800000000000000e+04 3.987000000000000000e+03
4.167500000000000000e+04 4.045000000000000000e+03
4.334200000000000000e+04 3.881000000000000000e+03
4.500900000000000000e+04 3.936000000000000000e+03
4.667600000000000000e+04 3.883000000000000000e+03
4.834300000000000000e+04 3.963000000000000000e+03
5.001000000000000000e+04 3.827000000000000000e+03
5.167700000000000000e+04 3.848000000000000000e+03
5.334400000000000000e+04 3.687000000000000000e+03
5.501100000000000000e+04 3.804000000000000000e+03
5.667800000000000000e+04 3.657000000000000000e+03
5.834500000000000000e+04 3.653000000000000000e+03
6.001200000000000000e+04 3.490000000000000000e+03
6.167900000000000000e+04 3.659000000000000000e+03
6.334600000000000000e+04 3.244000000000000000e+03
6.501300000000000000e+04 3.261000000000000000e+03
6.668000000000000000e+04 3.251000000000000000e+03
6.834700000000000000e+04 3.073000000000000000e+03
7.001400000000000000e+04 2.997000000000000000e+03
7.168100000000000000e+04 2.969000000000000000e+03
7.334800000000000000e+04 2.871000000000000000e+03
7.501500000000000000e+04 2.636000000000000000e+03
7.668200000000000000e+04 2.508000000000000000e+03
7.834900000000000000e+04 2.446000000000000000e+03
8.001600000000000000e+04 2.375000000000000000e+03
8.168300000000000000e+04 2.225000000000000000e+03
8.335000000000000000e+04 2.055000000000000000e+03
8.501700000000000000e+04 1.993000000000000000e+03
8.668400000000000000e+04 1.869000000000000000e+03
8.835100000000000000e+04 1.740000000000000000e+03
9.001800000000000000e+04 1.720000000000000000e+03
9.168500000000000000e+04 1.565000000000000000e+03
9.335200000000000000e+04 1.453000000000000000e+03
9.501900000000000000e+04 1.365000000000000000e+03
9.668600000000000000e+04 1.313000000000000000e+03
9.835300000000000000e+04 1.235000000000000000e+03
1.000200000000000000e+05 1.196000000000000000e+03
1.016870000000000000e+05 1.086000000000000000e+03
1.033540000000000000e+05 9.930000000000000000e+02
1.050210000000000000e+05 1.013000000000000000e+03
1.066880000000000000e+05 9.500000000000000000e+02
1.083550000000000000e+05 8.920000000000000000e+02
1.100220000000000000e+05 8.250000000000000000e+02
1.116890000000000000e+05 8.660000000000000000e+02
1.133560000000000000e+05 8.120000000000000000e+02
1.150230000000000000e+05 8.280000000000000000e+02
1.166900000000000000e+05 7.940000000000000000e+02
1.183570000000000000e+05 7.810000000000000000e+02
1.200240000000000000e+05 8.170000000000000000e+02
1.216910000000000000e+05 9.080000000000000000e+02
1.233580000000000000e+05 8.960000000000000000e+02
1.250250000000000000e+05 9.450000000000000000e+02
1.266920000000000000e+05 9.660000000000000000e+02
1.283590000000000000e+05 1.037000000000000000e+03
1.300260000000000000e+05 1.134000000000000000e+03
1.316930000000000000e+05 1.181000000000000000e+03
1.333600000000000000e+05 1.222000000000000000e+03
1.350270000000000000e+05 1.300000000000000000e+03
1.366940000000000000e+05 1.378000000000000000e+03
1.383610000000000000e+05 1.573000000000000000e+03
1.400280000000000000e+05 1.689000000000000000e+03
1.416950000000000000e+05 1.742000000000000000e+03
1.433620000000000000e+05 1.781000000000000000e+03
1.450290000000000000e+05 1.944000000000000000e+03
1.466960000000000000e+05 2.088000000000000000e+03
1.483630000000000000e+05 2.147000000000000000e+03
1.500300000000000000e+05 2.227000000000000000e+03
1.516970000000000000e+05 2.443000000000000000e+03
1.533640000000000000e+05 2.467000000000000000e+03
1.550310000000000000e+05 2.530000000000000000e+03
1.566980000000000000e+05 2.758000000000000000e+03
1.583650000000000000e+05 2.855000000000000000e+03
1.600320000000000000e+05 2.981000000000000000e+03
1.616990000000000000e+05 3.172000000000000000e+03
1.633660000000000000e+05 3.141000000000000000e+03
1.650330000000000000e+05 3.343000000000000000e+03
1.667000000000000000e+05 3.390000000000000000e+03
1.683670000000000000e+05 3.552000000000000000e+03
1.700340000000000000e+05 3.486000000000000000e+03
1.717010000000000000e+05 3.664000000000000000e+03
1.733680000000000000e+05 3.604000000000000000e+03
1.750350000000000000e+05 3.696000000000000000e+03
1.767020000000000000e+05 3.617000000000000000e+03
1.783690000000000000e+05 3.871000000000000000e+03
1.800360000000000000e+05 3.868000000000000000e+03
1.817030000000000000e+05 3.928000000000000000e+03
1.833700000000000000e+05 3.948000000000000000e+03
1.850370000000000000e+05 4.030000000000000000e+03
1.867040000000000000e+05 3.852000000000000000e+03
1.883710000000000000e+05 4.049000000000000000e+03
1.900380000000000000e+05 4.139000000000000000e+03
1.917050000000000000e+05 4.018000000000000000e+03
1.933720000000000000e+05 4.039000000000000000e+03
1.950390000000000000e+05 4.036000000000000000e+03
1.967060000000000000e+05 4.094000000000000000e+03
1.983730000000000000e+05 4.073000000000000000e+03
2.000400000000000000e+05 4.113000000000000000e+03
2.017070000000000000e+05 4.095000000000000000e+03
2.033740000000000000e+05 4.013000000000000000e+03
2.050410000000000000e+05 3.995000000000000000e+03
2.067080000000000000e+05 4.021000000000000000e+03
2.083750000000000000e+05 4.016000000000000000e+03
2.100420000000000000e+05 3.984000000000000000e+03
2.117090000000000000e+05 3.992000000000000000e+03
2.133760000000000000e+05 3.850000000000000000e+03
2.150430000000000000e+05 3.966000000000000000e+03
2.167100000000000000e+05 4.001000000000000000e+03
2.183770000000000000e+05 3.892000000000000000e+03
2.200440000000000000e+05 3.774000000000000000e+03
2.217110000000000000e+05 3.733000000000000000e+03
2.233780000000000000e+05 3.702000000000000000e+03
2.250450000000000000e+05 3.694000000000000000e+03
2.267120000000000000e+05 3.530000000000000000e+03
2.283790000000000000e+05 3.446000000000000000e+03
2.300460000000000000e+05 3.411000000000000000e+03
2.317130000000000000e+05 3.314000000000000000e+03
2.333800000000000000e+05 3.178000000000000000e+03
2.350470000000000000e+05 3.066000000000000000e+03
2.367140000000000000e+05 2.940000000000000000e+03
2.383810000000000000e+05 2.942000000000000000e+03
2.400480000000000000e+05 2.745000000000000000e+03
2.417150000000000000e+05 2.734000000000000000e+03
2.433820000000000000e+05 2.628000000000000000e+03
2.450490000000000000e+05 2.460000000000000000e+03
2.467160000000000000e+05 2.289000000000000000e+03
2.483830000000000000e+05 2.381000000000000000e+03
2.500500000000000000e+05 2.107000000000000000e+03
2.517170000000000000e+05 2.007000000000000000e+03
2.533840000000000000e+05 1.879000000000000000e+03
2.550510000000000000e+05 1.798000000000000000e+03
2.567180000000000000e+05 1.646000000000000000e+03
2.583850000000000000e+05 1.463000000000000000e+03
2.600520000000000000e+05 1.461000000000000000e+03
2.617190000000000000e+05 1.419000000000000000e+03
2.633860000000000000e+05 1.244000000000000000e+03
2.650530000000000000e+05 1.224000000000000000e+03
2.667200000000000000e+05 1.090000000000000000e+03
2.683870000000000000e+05 1.106000000000000000e+03
2.700540000000000000e+05 9.920000000000000000e+02
2.717210000000000000e+05 9.660000000000000000e+02
2.733880000000000000e+05 9.310000000000000000e+02
2.750550000000000000e+05 9.120000000000000000e+02
2.767220000000000000e+05 8.690000000000000000e+02
2.783890000000000000e+05 8.500000000000000000e+02
2.800560000000000000e+05 8.570000000000000000e+02
2.817230000000000000e+05 8.050000000000000000e+02
2.833900000000000000e+05 7.900000000000000000e+02
2.850570000000000000e+05 8.110000000000000000e+02
2.867240000000000000e+05 8.130000000000000000e+02
2.883910000000000000e+05 9.120000000000000000e+02
2.900580000000000000e+05 9.860000000000000000e+02
2.917250000000000000e+05 9.560000000000000000e+02
2.933920000000000000e+05 9.330000000000000000e+02
2.950590000000000000e+05 1.054000000000000000e+03
2.967260000000000000e+05 1.104000000000000000e+03
2.983930000000000000e+05 1.214000000000000000e+03
3.000600000000000000e+05 1.217000000000000000e+03
3.017270000000000000e+05 1.330000000000000000e+03
3.033940000000000000e+05 1.367000000000000000e+03
3.050610000000000000e+05 1.593000000000000000e+03
3.067280000000000000e+05 1.564000000000000000e+03
3.083950000000000000e+05 1.709000000000000000e+03
3.100620000000000000e+05 1.851000000000000000e+03
3.117290000000000000e+05 1.942000000000000000e+03
3.133960000000000000e+05 2.053000000000000000e+03
3.150630000000000000e+05 2.184000000000000000e+03
3.167300000000000000e+05 2.412000000000000000e+03
3.183970000000000000e+05 2.447000000000000000e+03
3.200640000000000000e+05 2.493000000000000000e+03
3.217310000000000000e+05 2.628000000000000000e+03
3.233980000000000000e+05 2.789000000000000000e+03
3.250650000000000000e+05 2.901000000000000000e+03
3.267320000000000000e+05 2.928000000000000000e+03
3.283990000000000000e+05 3.051000000000000000e+03
3.300660000000000000e+05 3.294000000000000000e+03
3.317330000000000000e+05 3.239000000000000000e+03
