0.000000000000000000e+00 3.915000000000000000e+03
1.670000000000000000e+02 4.199000000000000000e+03
3.340000000000000000e+02 4.178000000000000000e+03
5.010000000000000000e+02 4.256000000000000000e+03
6.680000000000000000e+02 4.351000000000000000e+03
8.350000000000000000e+02 4.489000000000000000e+03
1.002000000000000000e+03 4.479000000000000000e+03
1.169000000000000000e+03 4.534000000000000000e+03
1.336000000000000000e+03 4.579000000000000000e+03
1.503000000000000000e+03 4.581000000000000000e+03
1.670000000000000000e+03 4.674000000000000000e+03
1.837000000000000000e+03 4.584000000000000000e+03
2.004000000000000000e+03 4.629000000000000000e+03
2.171000000000000000e+03 4.726000000000000000e+03
2.338000000000000000e+03 4.736000000000000000e+03
2.505000000000000000e+03 4.599000000000000000e+03
2.672000000000000000e+03 4.749000000000000000e+03
2.839000000000000000e+03 4.643000000000000000e+03
3.006000000000000000e+03 4.683000000000000000e+03
3.173000000000000000e+03 4.685000000000000000e+03
3.340000000000000000e+03 4.777000000000000000e+03
3.507000000000000000e+03 4.851000000000000000e+03
3.674000000000000000e+03 4.665000000000000000e+03
3.841000000000000000e+03 4.794000000000000000e+03
4.008000000000000000e+03 4.696000000000000000e+03
4.175000000000000000e+03 4.668000000000000000e+03
4.342000000000000000e+03 4.576000000000000000e+03
4.509000000000000000e+03 4.550000000000000000e+03
4.676000000000000000e+03 4.666000000000000000e+03
4.843000000000000000e+03 4.547000000000000000e+03
5.010000000000000000e+03 4.546000000000000000e+03
5.177000000000000000e+03 4.436000000000000000e+03
5.344000000000000000e+03 4.422000000000000000e+03
5.511000000000000000e+03 4.473000000000000000e+03
5.678000000000000000e+03 4.295000000000000000e+03
5.845000000000000000e+03 4.253000000000000000e+03
6.012000000000000000e+03 4.215000000000000000e+03
6.179000000000000000e+03 4.177000000000000000e+03
6.346000000000000000e+03 4.230000000000000000e+03
6.513000000000000000e+03 3.967000000000000000e+03
6.680000000000000000e+03 3.775000000000000000e+03
6.847000000000000000e+03 3.835000000000000000e+03
7.014000000000000000e+03 3.745000000000000000e+03
7.181000000000000000e+03 3.666000000000000000e+03
7.348000000000000000e+03 3.362000000000000000e+03
7.515000000000000000e+03 3.301000000000000000e+03
7.682000000000000000e+03 3.237000000000000000e+03
7.849000000000000000e+03 3.244000000000000000e+03
8.016000000000000000e+03 2.993000000000000000e+03
8.183000000000000000e+03 2.896000000000000000e+03
8.350000000000000000e+03 2.746000000000000000e+03
8.517000000000000000e+03 2.668000000000000000e+03
8.684000000000000000e+03 2.569000000000000000e+03
8.851000000000000000e+03 2.424000000000000000e+03
9.018000000000000000e+03 2.270000000000000000e+03
9.185000000000000000e+03 2.190000000000000000e+03
9.352000000000000000e+03 2.010000000000000000e+03
9.519000000000000000e+03 1.964000000000000000e+03
9.686000000000000000e+03 1.779000000000000000e+03
9.853000000000000000e+03 1.750000000000000000e+03
1.002000000000000000e+04 1.670000000000000000e+03
1.018700000000000000e+04 1.483000000000000000e+03
1.035400000000000000e+04 1.415000000000000000e+03
1.052100000000000000e+04 1.386000000000000000e+03
1.068800000000000000e+04 1.360000000000000000e+03
1.085500000000000000e+04 1.233000000000000000e+03
1.102200000000000000e+04 1.186000000000000000e+03
1.118900000000000000e+04 1.239000000000000000e+03
1.135600000000000000e+04 1.183000000000000000e+03
1.152300000000000000e+04 1.074000000000000000e+03
1.169000000000000000e+04 1.145000000000000000e+03
1.185700000000000000e+04 1.191000000000000000e+03
1.202400000000000000e+04 1.171000000000000000e+03
1.219100000000000000e+04 1.168000000000000000e+03
1.235800000000000000e+04 1.170000000000000000e+03
1.252500000000000000e+04 1.228000000000000000e+03
1.269200000000000000e+04 1.301000000000000000e+03
1.285900000000000000e+04 1.386000000000000000e+03
1.302600000000000000e+04 1.443000000000000000e+03
1.319300000000000000e+04 1.433000000000000000e+03
1.336000000000000000e+04 1.609000000000000000e+03
1.352700000000000000e+04 1.682000000000000000e+03
1.369400000000000000e+04 1.733000000000000000e+03
1.386100000000000000e+04 1.896000000000000000e+03
1.402800000000000000e+04 2.034000000000000000e+03
1.419500000000000000e+04 2.105000000000000000e+03
1.436200000000000000e+04 2.334000000000000000e+03
1.452900000000000000e+04 2.579000000000000000e+03
1.469600000000000000e+04 2.448000000000000000e+03
1.486300000000000000e+04 2.759000000000000000e+03
1.503000000000000000e+04 2.882000000000000000e+03
1.519700000000000000e+04 3.024000000000000000e+03
1.536400000000000000e+04 3.059000000000000000e+03
1.553100000000000000e+04 3.294000000000000000e+03
1.569800000000000000e+04 3.536000000000000000e+03
1.586500000000000000e+04 3.535000000000000000e+03
1.603200000000000000e+04 3.676000000000000000e+03
1.619900000000000000e+04 3.705000000000000000e+03
1.636600000000000000e+04 3.872000000000000000e+03
1.653300000000000000e+04 3.940000000000000000e+03
1.670000000000000000e+04 4.059000000000000000e+03
1.686700000000000000e+04 4.131000000000000000e+03
1.703400000000000000e+04 4.241000000000000000e+03
1.720100000000000000e+04 4.194000000000000000e+03
1.736800000000000000e+04 4.408000000000000000e+03
1.753500000000000000e+04 4.332000000000000000e+03
1.770200000000000000e+04 4.445000000000000000e+03
1.786900000000000000e+04 4.514000000000000000e+03
1.803600000000000000e+04 4.502000000000000000e+03
1.820300000000000000e+04 4.542000000000000000e+03
1.837000000000000000e+04 4.594000000000000000e+03
1.853700000000000000e+04 4.607000000000000000e+03
1.870400000000000000e+04 4.642000000000000000e+03
1.887100000000000000e+04 4.739000000000000000e+03
1.903800000000000000e+04 4.611000000000000000e+03
1.920500000000000000e+04 4.751000000000000000e+03
1.937200000000000000e+04 4.716000000000000000e+03
1.953900000000000000e+04 4.683000000000000000e+03
1.970600000000000000e+04 4.730000000000000000e+03
1.987300000000000000e+04 4.650000000000000000e+03
2.004000000000000000e+04 4.812000000000000000e+03
2.020700000000000000e+04 4.737000000000000000e+03
2.037400000000000000e+04 4.802000000000000000e+03
2.054100000000000000e+04 4.709000000000000000e+03
2.070800000000000000e+04 4.791000000000000000e+03
2.087500000000000000e+04 4.845000000000000000e+03
2.104200000000000000e+04 4.697000000000000000e+03
2.120900000000000000e+04 4.614000000000000000e+03
2.137600000000000000e+04 4.670000000000000000e+03
2.154300000000000000e+04 4.692000000000000000e+03
2.171000000000000000e+04 4.678000000000000000e+03
2.187700000000000000e+04 4.413000000000000000e+03
2.204400000000000000e+04 4.543000000000000000e+03
2.221100000000000000e+04 4.500000000000000000e+03
2.237800000000000000e+04 4.411000000000000000e+03
2.254500000000000000e+04 4.179000000000000000e+03
2.271200000000000000e+04 4.256000000000000000e+03
2.287900000000000000e+04 4.183000000000000000e+03
2.304600000000000000e+04 4.107000000000000000e+03
2.321300000000000000e+04 4.066000000000000000e+03
2.338000000000000000e+04 3.765000000000000000e+03
2.354700000000000000e+04 3.794000000000000000e+03
2.371400000000000000e+04 3.842000000000000000e+03
2.388100000000000000e+04 3.662000000000000000e+03
2.404800000000000000e+04 3.649000000000000000e+03
2.421500000000000000e+04 3.385000000000000000e+03
2.438200000000000000e+04 3.283000000000000000e+03
2.454900000000000000e+04 3.157000000000000000e+03
2.471600000000000000e+04 2.880000000000000000e+03
2.488300000000000000e+04 2.924000000000000000e+03
2.505000000000000000e+04 2.817000000000000000e+03
2.521700000000000000e+04 2.662000000000000000e+03
2.538400000000000000e+04 2.541000000000000000e+03
2.555100000000000000e+04 2.360000000000000000e+03
2.571800000000000000e+04 2.243000000000000000e+03
2.588500000000000000e+04 2.023000000000000000e+03
2.605200000000000000e+04 1.996000000000000000e+03
2.621900000000000000e+04 1.889000000000000000e+03
2.638600000000000000e+04 1.774000000000000000e+03
2.655300000000000000e+04 1.680000000000000000e+03
2.672000000000000000e+04 1.651000000000000000e+03
2.688700000000000000e+04 1.545000000000000000e+03
2.705400000000000000e+04 1.435000000000000000e+03
2.722100000000000000e+04 1.396000000000000000e+03
2.738800000000000000e+04 1.317000000000000000e+03
2.755500000000000000e+04 1.197000000000000000e+03
2.772200000000000000e+04 1.143000000000000000e+03
2.788900000000000000e+04 1.129000000000000000e+03
2.805600000000000000e+04 1.178000000000000000e+03
2.822300000000000000e+04 1.128000000000000000e+03
2.839000000000000000e+04 1.126000000000000000e+03
2.855700000000000000e+04 1.162000000000000000e+03
2.872400000000000000e+04 1.150000000000000000e+03
2.889100000000000000e+04 1.202000000000000000e+03
2.905800000000000000e+04 1.211000000000000000e+03
2.922500000000000000e+04 1.178000000000000000e+03
2.939200000000000000e+04 1.273000000000000000e+03
2.955900000000000000e+04 1.279000000000000000e+03
2.972600000000000000e+04 1.433000000000000000e+03
2.989300000000000000e+04 1.485000000000000000e+03
3.006000000000000000e+04 1.610000000000000000e+03
3.022700000000000000e+04 1.729000000000000000e+03
3.039400000000000000e+04 1.809000000000000000e+03
3.056100000000000000e+04 1.992000000000000000e+03
3.072800000000000000e+04 2.075000000000000000e+03
3.089500000000000000e+04 2.248000000000000000e+03
3.106200000000000000e+04 2.394000000000000000e+03
3.122900000000000000e+04 2.448000000000000000e+03
3.139600000000000000e+04 2.593000000000000000e+03
3.156300000000000000e+04 2.677000000000000000e+03
3.173000000000000000e+04 2.891000000000000000e+03
3.189700000000000000e+04 3.022000000000000000e+03
3.206400000000000000e+04 3.184000000000000000e+03
3.223100000000000000e+04 3.338000000000000000e+03
3.239800000000000000e+04 3.519000000000000000e+03
3.256500000000000000e+04 3.527000000000000000e+03
3.273200000000000000e+04 3.779000000000000000e+03
3.289900000000000000e+04 3.764000000000000000e+03
3.306600000000000000e+04 3.789000000000000000e+03
