0.000000000000000000e+00 2.977000000000000000e+03
3.330000000000000000e+02 3.092000000000000000e+03
6.660000000000000000e+02 3.129000000000000000e+03
9.990000000000000000e+02 3.232000000000000000e+03
1.332000000000000000e+03 3.326000000000000000e+03
1.665000000000000000e+03 3.362000000000000000e+03
1.998000000000000000e+03 3.286000000000000000e+03
2.331000000000000000e+03 3.372000000000000000e+03
2.664000000000000000e+03 3.395000000000000000e+03
2.997000000000000000e+03 3.268000000000000000e+03
3.330000000000000000e+03 3.308000000000000000e+03
3.663000000000000000e+03 3.522000000000000000e+03
3.996000000000000000e+03 3.630000000000000000e+03
4.329000000000000000e+03 3.631000000000000000e+03
4.662000000000000000e+03 3.627000000000000000e+03
4.995000000000000000e+03 3.535000000000000000e+03
5.328000000000000000e+03 3.472000000000000000e+03
5.661000000000000000e+03 3.501000000000000000e+03
5.994000000000000000e+03 3.469000000000000000e+03
6.327000000000000000e+03 3.543000000000000000e+03
6.660000000000000000e+03 3.569000000000000000e+03
6.993000000000000000e+03 3.541000000000000000e+03
7.326000000000000000e+03 3.444000000000000000e+03
7.659000000000000000e+03 3.571000000000000000e+03
7.992000000000000000e+03 3.414000000000000000e+03
8.325000000000000000e+03 3.513000000000000000e+03
8.658000000000000000e+03 3.589000000000000000e+03
8.991000000000000000e+03 3.510000000000000000e+03
9.324000000000000000e+03 3.594000000000000000e+03
9.657000000000000000e+03 3.534000000000000000e+03
9.990000000000000000e+03 3.493000000000000000e+03
1.032300000000000000e+04 3.500000000000000000e+03
1.065600000000000000e+04 3.309000000000000000e+03
1.098900000000000000e+04 3.303000000000000000e+03
1.132200000000000000e+04 3.365000000000000000e+03
1.165500000000000000e+04 3.329000000000000000e+03
1.198800000000000000e+04 3.196000000000000000e+03
1.232100000000000000e+04 3.223000000000000000e+03
1.265400000000000000e+04 2.875000000000000000e+03
1.298700000000000000e+04 2.801000000000000000e+03
1.332000000000000000e+04 2.859000000000000000e+03
1.365300000000000000e+04 2.795000000000000000e+03
1.398600000000000000e+04 2.589000000000000000e+03
1.431900000000000000e+04 2.576000000000000000e+03
1.465200000000000000e+04 2.505000000000000000e+03
1.498500000000000000e+04 2.365000000000000000e+03
1.531800000000000000e+04 2.294000000000000000e+03
1.565100000000000000e+04 2.228000000000000000e+03
1.598400000000000000e+04 2.039000000000000000e+03
1.631700000000000000e+04 2.086000000000000000e+03
1.665000000000000000e+04 2.070000000000000000e+03
1.698300000000000000e+04 1.928000000000000000e+03
1.731600000000000000e+04 1.837000000000000000e+03
1.764900000000000000e+04 1.803000000000000000e+03
1.798200000000000000e+04 1.601000000000000000e+03
1.831500000000000000e+04 1.467000000000000000e+03
1.864800000000000000e+04 1.423000000000000000e+03
1.898100000000000000e+04 1.381000000000000000e+03
1.931400000000000000e+04 1.260000000000000000e+03
1.964700000000000000e+04 1.183000000000000000e+03
1.998000000000000000e+04 1.088000000000000000e+03
2.031300000000000000e+04 9.640000000000000000e+02
2.064600000000000000e+04 9.910000000000000000e+02
2.097900000000000000e+04 8.570000000000000000e+02
2.131200000000000000e+04 8.620000000000000000e+02
2.164500000000000000e+04 8.170000000000000000e+02
2.197800000000000000e+04 7.750000000000000000e+02
2.231100000000000000e+04 7.410000000000000000e+02
2.264400000000000000e+04 7.550000000000000000e+02
2.297700000000000000e+04 6.930000000000000000e+02
2.331000000000000000e+04 7.060000000000000000e+02
2.364300000000000000e+04 7.450000000000000000e+02
2.397600000000000000e+04 7.070000000000000000e+02
2.430900000000000000e+04 7.230000000000000000e+02
2.464200000000000000e+04 7.920000000000000000e+02
2.497500000000000000e+04 8.710000000000000000e+02
2.530800000000000000e+04 8.840000000000000000e+02
2.564100000000000000e+04 9.060000000000000000e+02
2.597400000000000000e+04 1.034000000000000000e+03
2.630700000000000000e+04 1.134000000000000000e+03
2.664000000000000000e+04 1.148000000000000000e+03
2.697300000000000000e+04 1.199000000000000000e+03
2.730600000000000000e+04 1.313000000000000000e+03
2.763900000000000000e+04 1.358000000000000000e+03
2.797200000000000000e+04 1.491000000000000000e+03
2.830500000000000000e+04 1.539000000000000000e+03
2.863800000000000000e+04 1.676000000000000000e+03
2.897100000000000000e+04 1.695000000000000000e+03
2.930400000000000000e+04 1.766000000000000000e+03
2.963700000000000000e+04 1.880000000000000000e+03
2.997000000000000000e+04 1.996000000000000000e+03
3.030300000000000000e+04 2.028000000000000000e+03
3.063600000000000000e+04 2.146000000000000000e+03
3.096900000000000000e+04 2.175000000000000000e+03
3.130200000000000000e+04 2.426000000000000000e+03
3.163500000000000000e+04 2.536000000000000000e+03
3.196800000000000000e+04 2.660000000000000000e+03
3.230100000000000000e+04 2.715000000000000000e+03
3.263400000000000000e+04 2.765000000000000000e+03
3.296700000000000000e+04 2.964000000000000000e+03
3.330000000000000000e+04 2.903000000000000000e+03
3.363300000000000000e+04 2.985000000000000000e+03
3.396600000000000000e+04 3.094000000000000000e+03
3.429900000000000000e+04 3.302000000000000000e+03
3.463200000000000000e+04 3.292000000000000000e+03
3.496500000000000000e+04 3.295000000000000000e+03
3.529800000000000000e+04 3.321000000000000000e+03
3.563100000000000000e+04 3.346000000000000000e+03
3.596400000000000000e+04 3.243000000000000000e+03
3.629700000000000000e+04 3.383000000000000000e+03
3.663000000000000000e+04 3.439000000000000000e+03
3.696300000000000000e+04 3.441000000000000000e+03
3.729600000000000000e+04 3.410000000000000000e+03
3.762900000000000000e+04 3.548000000000000000e+03
3.796200000000000000e+04 3.493000000000000000e+03
3.829500000000000000e+04 3.524000000000000000e+03
3.862800000000000000e+04 3.433000000000000000e+03
3.896100000000000000e+04 3.497000000000000000e+03
3.929400000000000000e+04 3.460000000000000000e+03
3.962700000000000000e+04 3.544000000000000000e+03
3.996000000000000000e+04 3.645000000000000000e+03
4.029300000000000000e+04 3.628000000000000000e+03
4.062600000000000000e+04 3.513000000000000000e+03
4.095900000000000000e+04 3.543000000000000000e+03
4.129200000000000000e+04 3.599000000000000000e+03
4.162500000000000000e+04 3.634000000000000000e+03
4.195800000000000000e+04 3.528000000000000000e+03
4.229100000000000000e+04 3.631000000000000000e+03
4.262400000000000000e+04 3.434000000000000000e+03
4.295700000000000000e+04 3.538000000000000000e+03
4.329000000000000000e+04 3.349000000000000000e+03
4.362300000000000000e+04 3.280000000000000000e+03
4.395600000000000000e+04 3.326000000000000000e+03
4.428900000000000000e+04 3.424000000000000000e+03
4.462200000000000000e+04 3.284000000000000000e+03
4.495500000000000000e+04 3.241000000000000000e+03
4.528800000000000000e+04 3.267000000000000000e+03
4.562100000000000000e+04 3.074000000000000000e+03
4.595400000000000000e+04 2.983000000000000000e+03
4.628700000000000000e+04 2.819000000000000000e+03
4.662000000000000000e+04 2.782000000000000000e+03
4.695300000000000000e+04 2.733000000000000000e+03
4.728600000000000000e+04 2.711000000000000000e+03
4.761900000000000000e+04 2.552000000000000000e+03
4.795200000000000000e+04 2.525000000000000000e+03
4.828500000000000000e+04 2.356000000000000000e+03
4.861800000000000000e+04 2.308000000000000000e+03
4.895100000000000000e+04 2.271000000000000000e+03
4.928400000000000000e+04 2.086000000000000000e+03
4.961700000000000000e+04 2.077000000000000000e+03
4.995000000000000000e+04 2.039000000000000000e+03
5.028300000000000000e+04 1.948000000000000000e+03
5.061600000000000000e+04 1.780000000000000000e+03
5.094900000000000000e+04 1.701000000000000000e+03
5.128200000000000000e+04 1.565000000000000000e+03
5.161500000000000000e+04 1.499000000000000000e+03
5.194800000000000000e+04 1.396000000000000000e+03
5.228100000000000000e+04 1.336000000000000000e+03
5.261400000000000000e+04 1.218000000000000000e+03
5.294700000000000000e+04 1.207000000000000000e+03
5.328000000000000000e+04 1.088000000000000000e+03
5.361300000000000000e+04 1.055000000000000000e+03
5.394600000000000000e+04 9.050000000000000000e+02
5.427900000000000000e+04 8.640000000000000000e+02
5.461200000000000000e+04 8.460000000000000000e+02
5.494500000000000000e+04 8.190000000000000000e+02
5.527800000000000000e+04 7.860000000000000000e+02
5.561100000000000000e+04 7.350000000000000000e+02
5.594400000000000000e+04 7.100000000000000000e+02
5.627700000000000000e+04 7.390000000000000000e+02
5.661000000000000000e+04 7.350000000000000000e+02
5.694300000000000000e+04 7.020000000000000000e+02
5.727600000000000000e+04 7.210000000000000000e+02
5.760900000000000000e+04 8.000000000000000000e+02
5.794200000000000000e+04 7.650000000000000000e+02
5.827500000000000000e+04 9.110000000000000000e+02
5.860800000000000000e+04 8.660000000000000000e+02
5.894100000000000000e+04 9.380000000000000000e+02
5.927400000000000000e+04 9.540000000000000000e+02
5.960700000000000000e+04 1.078000000000000000e+03
5.994000000000000000e+04 1.116000000000000000e+03
6.027300000000000000e+04 1.219000000000000000e+03
6.060600000000000000e+04 1.243000000000000000e+03
6.093900000000000000e+04 1.392000000000000000e+03
6.127200000000000000e+04 1.456000000000000000e+03
6.160500000000000000e+04 1.483000000000000000e+03
6.193800000000000000e+04 1.597000000000000000e+03
6.227100000000000000e+04 1.752000000000000000e+03
6.260400000000000000e+04 1.780000000000000000e+03
6.293700000000000000e+04 1.873000000000000000e+03
6.327000000000000000e+04 1.981000000000000000e+03
6.360300000000000000e+04 2.057000000000000000e+03
6.393600000000000000e+04 2.133000000000000000e+03
6.426900000000000000e+04 2.261000000000000000e+03
6.460200000000000000e+04 2.324000000000000000e+03
6.493500000000000000e+04 2.443000000000000000e+03
6.526800000000000000e+04 2.587000000000000000e+03
6.560100000000000000e+04 2.715000000000000000e+03
6.593400000000000000e+04 2.826000000000000000e+03
6.626700000000000000e+04 2.761000000000000000e+03
