0.000000000000000000e+00 2.629000000000000000e+03
5.000000000000000000e+03 2.723000000000000000e+03
1.000000000000000000e+04 2.858000000000000000e+03
1.500000000000000000e+04 2.977000000000000000e+03
2.000000000000000000e+04 2.952000000000000000e+03
2.500000000000000000e+04 3.015000000000000000e+03
3.000000000000000000e+04 2.974000000000000000e+03
3.500000000000000000e+04 2.958000000000000000e+03
4.000000000000000000e+04 3.112000000000000000e+03
4.500000000000000000e+04 3.098000000000000000e+03
5.000000000000000000e+04 3.196000000000000000e+03
5.500000000000000000e+04 3.094000000000000000e+03
6.000000000000000000e+04 3.255000000000000000e+03
6.500000000000000000e+04 3.270000000000000000e+03
7.000000000000000000e+04 3.248000000000000000e+03
7.500000000000000000e+04 3.287000000000000000e+03
8.000000000000000000e+04 3.215000000000000000e+03
8.500000000000000000e+04 3.415000000000000000e+03
9.000000000000000000e+04 3.325000000000000000e+03
9.500000000000000000e+04 3.395000000000000000e+03
1.000000000000000000e+05 3.266000000000000000e+03
1.050000000000000000e+05 3.366000000000000000e+03
1.100000000000000000e+05 3.298000000000000000e+03
1.150000000000000000e+05 3.287000000000000000e+03
1.200000000000000000e+05 3.265000000000000000e+03
1.250000000000000000e+05 3.350000000000000000e+03
1.300000000000000000e+05 3.266000000000000000e+03
1.350000000000000000e+05 3.291000000000000000e+03
1.400000000000000000e+05 3.132000000000000000e+03
1.450000000000000000e+05 3.149000000000000000e+03
1.500000000000000000e+05 3.169000000000000000e+03
1.550000000000000000e+05 3.004000000000000000e+03
1.600000000000000000e+05 3.212000000000000000e+03
1.650000000000000000e+05 3.081000000000000000e+03
1.700000000000000000e+05 3.010000000000000000e+03
1.750000000000000000e+05 3.027000000000000000e+03
1.800000000000000000e+05 2.860000000000000000e+03
1.850000000000000000e+05 2.815000000000000000e+03
1.900000000000000000e+05 2.711000000000000000e+03
1.950000000000000000e+05 2.718000000000000000e+03
2.000000000000000000e+05 2.531000000000000000e+03
2.050000000000000000e+05 2.475000000000000000e+03
2.100000000000000000e+05 2.372000000000000000e+03
2.150000000000000000e+05 2.272000000000000000e+03
2.200000000000000000e+05 2.178000000000000000e+03
2.250000000000000000e+05 2.192000000000000000e+03
2.300000000000000000e+05 2.146000000000000000e+03
2.350000000000000000e+05 1.945000000000000000e+03
2.400000000000000000e+05 1.926000000000000000e+03
2.450000000000000000e+05 1.805000000000000000e+03
2.500000000000000000e+05 1.694000000000000000e+03
2.550000000000000000e+05 1.553000000000000000e+03
2.600000000000000000e+05 1.439000000000000000e+03
2.650000000000000000e+05 1.434000000000000000e+03
2.700000000000000000e+05 1.378000000000000000e+03
2.750000000000000000e+05 1.242000000000000000e+03
2.800000000000000000e+05 1.171000000000000000e+03
2.850000000000000000e+05 1.082000000000000000e+03
2.900000000000000000e+05 1.022000000000000000e+03
2.950000000000000000e+05 9.710000000000000000e+02
3.000000000000000000e+05 8.940000000000000000e+02
3.050000000000000000e+05 8.860000000000000000e+02
3.100000000000000000e+05 7.740000000000000000e+02
3.150000000000000000e+05 7.820000000000000000e+02
3.200000000000000000e+05 8.120000000000000000e+02
3.250000000000000000e+05 7.780000000000000000e+02
3.300000000000000000e+05 7.530000000000000000e+02
3.350000000000000000e+05 6.550000000000000000e+02
3.400000000000000000e+05 7.210000000000000000e+02
3.450000000000000000e+05 6.990000000000000000e+02
3.500000000000000000e+05 6.240000000000000000e+02
3.550000000000000000e+05 6.540000000000000000e+02
3.600000000000000000e+05 7.300000000000000000e+02
3.650000000000000000e+05 6.940000000000000000e+02
3.700000000000000000e+05 7.260000000000000000e+02
3.750000000000000000e+05 7.950000000000000000e+02
3.800000000000000000e+05 8.460000000000000000e+02
3.850000000000000000e+05 7.720000000000000000e+02
3.900000000000000000e+05 8.910000000000000000e+02
3.950000000000000000e+05 9.430000000000000000e+02
4.000000000000000000e+05 1.003000000000000000e+03
4.050000000000000000e+05 1.080000000000000000e+03
4.100000000000000000e+05 1.162000000000000000e+03
4.150000000000000000e+05 1.186000000000000000e+03
4.200000000000000000e+05 1.220000000000000000e+03
4.250000000000000000e+05 1.373000000000000000e+03
4.300000000000000000e+05 1.520000000000000000e+03
4.350000000000000000e+05 1.564000000000000000e+03
4.400000000000000000e+05 1.643000000000000000e+03
4.450000000000000000e+05 1.761000000000000000e+03
4.500000000000000000e+05 1.792000000000000000e+03
4.550000000000000000e+05 1.955000000000000000e+03
4.600000000000000000e+05 2.090000000000000000e+03
4.650000000000000000e+05 2.113000000000000000e+03
4.700000000000000000e+05 2.244000000000000000e+03
4.750000000000000000e+05 2.323000000000000000e+03
4.800000000000000000e+05 2.420000000000000000e+03
4.850000000000000000e+05 2.518000000000000000e+03
4.900000000000000000e+05 2.591000000000000000e+03
4.950000000000000000e+05 2.593000000000000000e+03
5.000000000000000000e+05 2.653000000000000000e+03
5.050000000000000000e+05 2.792000000000000000e+03
5.100000000000000000e+05 2.879000000000000000e+03
5.150000000000000000e+05 2.820000000000000000e+03
5.200000000000000000e+05 2.933000000000000000e+03
5.250000000000000000e+05 2.995000000000000000e+03
5.300000000000000000e+05 3.090000000000000000e+03
5.350000000000000000e+05 3.129000000000000000e+03
5.400000000000000000e+05 3.083000000000000000e+03
5.450000000000000000e+05 3.119000000000000000e+03
5.500000000000000000e+05 3.108000000000000000e+03
5.550000000000000000e+05 3.200000000000000000e+03
5.600000000000000000e+05 3.208000000000000000e+03
5.650000000000000000e+05 3.289000000000000000e+03
5.700000000000000000e+05 3.243000000000000000e+03
5.750000000000000000e+05 3.340000000000000000e+03
5.800000000000000000e+05 3.289000000000000000e+03
5.850000000000000000e+05 3.430000000000000000e+03
5.900000000000000000e+05 3.129000000000000000e+03
5.950000000000000000e+05 3.395000000000000000e+03
6.000000000000000000e+05 3.236000000000000000e+03
6.050000000000000000e+05 3.348000000000000000e+03
6.100000000000000000e+05 3.356000000000000000e+03
6.150000000000000000e+05 3.361000000000000000e+03
6.200000000000000000e+05 3.283000000000000000e+03
6.250000000000000000e+05 3.191000000000000000e+03
6.300000000000000000e+05 3.172000000000000000e+03
6.350000000000000000e+05 3.172000000000000000e+03
6.400000000000000000e+05 3.196000000000000000e+03
6.450000000000000000e+05 3.213000000000000000e+03
6.500000000000000000e+05 3.154000000000000000e+03
6.550000000000000000e+05 3.074000000000000000e+03
6.600000000000000000e+05 3.089000000000000000e+03
6.650000000000000000e+05 3.027000000000000000e+03
6.700000000000000000e+05 2.954000000000000000e+03
6.750000000000000000e+05 2.860000000000000000e+03
6.800000000000000000e+05 2.895000000000000000e+03
6.850000000000000000e+05 2.799000000000000000e+03
6.900000000000000000e+05 2.691000000000000000e+03
6.950000000000000000e+05 2.678000000000000000e+03
7.000000000000000000e+05 2.555000000000000000e+03
7.050000000000000000e+05 2.435000000000000000e+03
7.100000000000000000e+05 2.454000000000000000e+03
7.150000000000000000e+05 2.412000000000000000e+03
7.200000000000000000e+05 2.211000000000000000e+03
7.250000000000000000e+05 2.149000000000000000e+03
7.300000000000000000e+05 1.989000000000000000e+03
7.350000000000000000e+05 1.956000000000000000e+03
7.400000000000000000e+05 1.877000000000000000e+03
7.450000000000000000e+05 1.808000000000000000e+03
7.500000000000000000e+05 1.652000000000000000e+03
7.550000000000000000e+05 1.654000000000000000e+03
7.600000000000000000e+05 1.509000000000000000e+03
7.650000000000000000e+05 1.445000000000000000e+03
7.700000000000000000e+05 1.241000000000000000e+03
7.750000000000000000e+05 1.265000000000000000e+03
7.800000000000000000e+05 1.106000000000000000e+03
7.850000000000000000e+05 1.101000000000000000e+03
7.900000000000000000e+05 1.031000000000000000e+03
7.950000000000000000e+05 9.960000000000000000e+02
8.000000000000000000e+05 9.360000000000000000e+02
8.050000000000000000e+05 9.180000000000000000e+02
8.100000000000000000e+05 7.750000000000000000e+02
8.150000000000000000e+05 8.230000000000000000e+02
8.200000000000000000e+05 7.500000000000000000e+02
8.250000000000000000e+05 7.680000000000000000e+02
8.300000000000000000e+05 6.550000000000000000e+02
8.350000000000000000e+05 7.030000000000000000e+02
8.400000000000000000e+05 6.920000000000000000e+02
8.450000000000000000e+05 6.740000000000000000e+02
8.500000000000000000e+05 6.810000000000000000e+02
8.550000000000000000e+05 6.720000000000000000e+02
8.600000000000000000e+05 6.730000000000000000e+02
8.650000000000000000e+05 7.470000000000000000e+02
8.700000000000000000e+05 7.530000000000000000e+02
8.750000000000000000e+05 7.570000000000000000e+02
8.800000000000000000e+05 8.220000000000000000e+02
8.850000000000000000e+05 8.370000000000000000e+02
8.900000000000000000e+05 8.510000000000000000e+02
8.950000000000000000e+05 8.900000000000000000e+02
9.000000000000000000e+05 9.650000000000000000e+02
9.050000000000000000e+05 1.122000000000000000e+03
9.100000000000000000e+05 1.095000000000000000e+03
9.150000000000000000e+05 1.217000000000000000e+03
9.200000000000000000e+05 1.280000000000000000e+03
9.250000000000000000e+05 1.366000000000000000e+03
9.300000000000000000e+05 1.525000000000000000e+03
9.350000000000000000e+05 1.542000000000000000e+03
9.400000000000000000e+05 1.653000000000000000e+03
9.450000000000000000e+05 1.799000000000000000e+03
9.500000000000000000e+05 1.860000000000000000e+03
9.550000000000000000e+05 1.839000000000000000e+03
9.600000000000000000e+05 2.080000000000000000e+03
9.650000000000000000e+05 2.103000000000000000e+03
9.700000000000000000e+05 2.186000000000000000e+03
9.750000000000000000e+05 2.264000000000000000e+03
9.800000000000000000e+05 2.487000000000000000e+03
9.850000000000000000e+05 2.527000000000000000e+03
9.900000000000000000e+05 2.574000000000000000e+03
9.950000000000000000e+05 2.753000000000000000e+03
