0.000000000000000000e+00 3.022000000000000000e+03
1.000000000000000000e+02 3.045000000000000000e+03
2.000000000000000000e+02 3.149000000000000000e+03
3.000000000000000000e+02 3.346000000000000000e+03
4.000000000000000000e+02 3.378000000000000000e+03
5.000000000000000000e+02 3.499000000000000000e+03
6.000000000000000000e+02 3.530000000000000000e+03
7.000000000000000000e+02 3.525000000000000000e+03
8.000000000000000000e+02 3.644000000000000000e+03
9.000000000000000000e+02 3.612000000000000000e+03
1.000000000000000000e+03 3.705000000000000000e+03
1.100000000000000000e+03 3.630000000000000000e+03
1.200000000000000000e+03 3.664000000000000000e+03
1.300000000000000000e+03 3.865000000000000000e+03
1.400000000000000000e+03 3.825000000000000000e+03
1.500000000000000000e+03 3.792000000000000000e+03
1.600000000000000000e+03 3.848000000000000000e+03
1.700000000000000000e+03 3.902000000000000000e+03
1.800000000000000000e+03 3.819000000000000000e+03
1.900000000000000000e+03 3.813000000000000000e+03
2.000000000000000000e+03 3.790000000000000000e+03
2.100000000000000000e+03 3.899000000000000000e+03
2.200000000000000000e+03 3.719000000000000000e+03
2.300000000000000000e+03 3.757000000000000000e+03
2.400000000000000000e+03 3.735000000000000000e+03
2.500000000000000000e+03 3.722000000000000000e+03
2.600000000000000000e+03 3.856000000000000000e+03
2.700000000000000000e+03 3.660000000000000000e+03
2.800000000000000000e+03 3.700000000000000000e+03
2.900000000000000000e+03 3.621000000000000000e+03
3.000000000000000000e+03 3.584000000000000000e+03
3.100000000000000000e+03 3.508000000000000000e+03
3.200000000000000000e+03 3.628000000000000000e+03
3.300000000000000000e+03 3.504000000000000000e+03
3.400000000000000000e+03 3.380000000000000000e+03
3.500000000000000000e+03 3.409000000000000000e+03
3.600000000000000000e+03 3.332000000000000000e+03
3.700000000000000000e+03 3.298000000000000000e+03
3.800000000000000000e+03 3.130000000000000000e+03
3.900000000000000000e+03 3.197000000000000000e+03
4.000000000000000000e+03 3.106000000000000000e+03
4.100000000000000000e+03 3.115000000000000000e+03
4.200000000000000000e+03 2.945000000000000000e+03
4.300000000000000000e+03 2.917000000000000000e+03
4.400000000000000000e+03 2.815000000000000000e+03
4.500000000000000000e+03 2.706000000000000000e+03
4.600000000000000000e+03 2.646000000000000000e+03
4.700000000000000000e+03 2.683000000000000000e+03
4.800000000000000000e+03 2.440000000000000000e+03
4.900000000000000000e+03 2.345000000000000000e+03
5.000000000000000000e+03 2.201000000000000000e+03
5.100000000000000000e+03 2.135000000000000000e+03
5.200000000000000000e+03 2.052000000000000000e+03
5.300000000000000000e+03 1.828000000000000000e+03
5.400000000000000000e+03 1.797000000000000000e+03
5.500000000000000000e+03 1.727000000000000000e+03
5.600000000000000000e+03 1.587000000000000000e+03
5.700000000000000000e+03 1.497000000000000000e+03
5.800000000000000000e+03 1.413000000000000000e+03
5.900000000000000000e+03 1.293000000000000000e+03
6.000000000000000000e+03 1.250000000000000000e+03
6.100000000000000000e+03 1.232000000000000000e+03
6.200000000000000000e+03 1.183000000000000000e+03
6.300000000000000000e+03 1.099000000000000000e+03
6.400000000000000000e+03 9.870000000000000000e+02
6.500000000000000000e+03 1.018000000000000000e+03
6.600000000000000000e+03 9.520000000000000000e+02
6.700000000000000000e+03 9.310000000000000000e+02
6.800000000000000000e+03 9.320000000000000000e+02
6.900000000000000000e+03 8.240000000000000000e+02
7.000000000000000000e+03 8.040000000000000000e+02
7.100000000000000000e+03 8.490000000000000000e+02
7.200000000000000000e+03 8.050000000000000000e+02
7.300000000000000000e+03 8.740000000000000000e+02
7.400000000000000000e+03 8.450000000000000000e+02
7.500000000000000000e+03 8.520000000000000000e+02
7.600000000000000000e+03 8.550000000000000000e+02
7.700000000000000000e+03 9.240000000000000000e+02
7.800000000000000000e+03 9.860000000000000000e+02
7.900000000000000000e+03 1.033000000000000000e+03
8.000000000000000000e+03 1.136000000000000000e+03
8.100000000000000000e+03 1.156000000000000000e+03
8.200000000000000000e+03 1.263000000000000000e+03
8.300000000000000000e+03 1.300000000000000000e+03
8.400000000000000000e+03 1.397000000000000000e+03
8.500000000000000000e+03 1.545000000000000000e+03
8.600000000000000000e+03 1.590000000000000000e+03
8.700000000000000000e+03 1.717000000000000000e+03
8.800000000000000000e+03 1.827000000000000000e+03
8.900000000000000000e+03 1.945000000000000000e+03
9.000000000000000000e+03 2.074000000000000000e+03
9.100000000000000000e+03 2.183000000000000000e+03
9.200000000000000000e+03 2.269000000000000000e+03
9.300000000000000000e+03 2.429000000000000000e+03
9.400000000000000000e+03 2.453000000000000000e+03
9.500000000000000000e+03 2.677000000000000000e+03
9.600000000000000000e+03 2.745000000000000000e+03
9.700000000000000000e+03 2.790000000000000000e+03
9.800000000000000000e+03 2.930000000000000000e+03
9.900000000000000000e+03 3.047000000000000000e+03
1.000000000000000000e+04 3.020000000000000000e+03
1.010000000000000000e+04 3.093000000000000000e+03
1.020000000000000000e+04 3.280000000000000000e+03
1.030000000000000000e+04 3.346000000000000000e+03
1.040000000000000000e+04 3.503000000000000000e+03
1.050000000000000000e+04 3.592000000000000000e+03
1.060000000000000000e+04 3.526000000000000000e+03
1.070000000000000000e+04 3.535000000000000000e+03
1.080000000000000000e+04 3.689000000000000000e+03
1.090000000000000000e+04 3.622000000000000000e+03
1.100000000000000000e+04 3.665000000000000000e+03
1.110000000000000000e+04 3.647000000000000000e+03
1.120000000000000000e+04 3.683000000000000000e+03
1.130000000000000000e+04 3.726000000000000000e+03
1.140000000000000000e+04 3.788000000000000000e+03
1.150000000000000000e+04 3.769000000000000000e+03
1.160000000000000000e+04 3.722000000000000000e+03
1.170000000000000000e+04 3.912000000000000000e+03
1.180000000000000000e+04 3.840000000000000000e+03
1.190000000000000000e+04 3.775000000000000000e+03
1.200000000000000000e+04 3.761000000000000000e+03
1.210000000000000000e+04 3.862000000000000000e+03
1.220000000000000000e+04 3.707000000000000000e+03
1.230000000000000000e+04 3.778000000000000000e+03
1.240000000000000000e+04 3.856000000000000000e+03
1.250000000000000000e+04 3.720000000000000000e+03
1.260000000000000000e+04 3.821000000000000000e+03
1.270000000000000000e+04 3.713000000000000000e+03
1.280000000000000000e+04 3.649000000000000000e+03
1.290000000000000000e+04 3.709000000000000000e+03
1.300000000000000000e+04 3.583000000000000000e+03
1.310000000000000000e+04 3.533000000000000000e+03
1.320000000000000000e+04 3.587000000000000000e+03
1.330000000000000000e+04 3.461000000000000000e+03
1.340000000000000000e+04 3.428000000000000000e+03
1.350000000000000000e+04 3.237000000000000000e+03
1.360000000000000000e+04 3.340000000000000000e+03
1.370000000000000000e+04 3.294000000000000000e+03
1.380000000000000000e+04 3.250000000000000000e+03
1.390000000000000000e+04 3.154000000000000000e+03
1.400000000000000000e+04 3.153000000000000000e+03
1.410000000000000000e+04 3.006000000000000000e+03
1.420000000000000000e+04 3.016000000000000000e+03
1.430000000000000000e+04 2.795000000000000000e+03
1.440000000000000000e+04 2.766000000000000000e+03
1.450000000000000000e+04 2.763000000000000000e+03
1.460000000000000000e+04 2.654000000000000000e+03
1.470000000000000000e+04 2.574000000000000000e+03
1.480000000000000000e+04 2.476000000000000000e+03
1.490000000000000000e+04 2.355000000000000000e+03
1.500000000000000000e+04 2.230000000000000000e+03
1.510000000000000000e+04 2.078000000000000000e+03
1.520000000000000000e+04 2.048000000000000000e+03
1.530000000000000000e+04 1.851000000000000000e+03
1.540000000000000000e+04 1.822000000000000000e+03
1.550000000000000000e+04 1.662000000000000000e+03
1.560000000000000000e+04 1.558000000000000000e+03
1.570000000000000000e+04 1.556000000000000000e+03
1.580000000000000000e+04 1.382000000000000000e+03
1.590000000000000000e+04 1.324000000000000000e+03
1.600000000000000000e+04 1.296000000000000000e+03
1.610000000000000000e+04 1.189000000000000000e+03
1.620000000000000000e+04 1.164000000000000000e+03
1.630000000000000000e+04 1.161000000000000000e+03
1.640000000000000000e+04 1.003000000000000000e+03
1.650000000000000000e+04 1.014000000000000000e+03
1.660000000000000000e+04 9.430000000000000000e+02
1.670000000000000000e+04 9.480000000000000000e+02
1.680000000000000000e+04 9.420000000000000000e+02
1.690000000000000000e+04 8.790000000000000000e+02
1.700000000000000000e+04 8.650000000000000000e+02
1.710000000000000000e+04 8.270000000000000000e+02
1.720000000000000000e+04 8.590000000000000000e+02
1.730000000000000000e+04 8.410000000000000000e+02
1.740000000000000000e+04 9.290000000000000000e+02
1.750000000000000000e+04 8.480000000000000000e+02
1.760000000000000000e+04 9.010000000000000000e+02
1.770000000000000000e+04 9.030000000000000000e+02
1.780000000000000000e+04 1.071000000000000000e+03
1.790000000000000000e+04 1.038000000000000000e+03
1.800000000000000000e+04 1.089000000000000000e+03
1.810000000000000000e+04 1.178000000000000000e+03
1.820000000000000000e+04 1.308000000000000000e+03
1.830000000000000000e+04 1.397000000000000000e+03
1.840000000000000000e+04 1.411000000000000000e+03
1.850000000000000000e+04 1.592000000000000000e+03
1.860000000000000000e+04 1.613000000000000000e+03
1.870000000000000000e+04 1.787000000000000000e+03
1.880000000000000000e+04 1.868000000000000000e+03
1.890000000000000000e+04 1.906000000000000000e+03
1.900000000000000000e+04 2.020000000000000000e+03
1.910000000000000000e+04 2.151000000000000000e+03
1.920000000000000000e+04 2.246000000000000000e+03
1.930000000000000000e+04 2.308000000000000000e+03
1.940000000000000000e+04 2.490000000000000000e+03
1.950000000000000000e+04 2.714000000000000000e+03
1.960000000000000000e+04 2.700000000000000000e+03
1.970000000000000000e+04 2.766000000000000000e+03
1.980000000000000000e+04 2.955000000000000000e+03
1.990000000000000000e+04 2.892000000000000000e+03
