0.000000000000000000e+00 3.061000000000000000e+03
2.500000000000000000e+03 3.111000000000000000e+03
5.000000000000000000e+03 3.166000000000000000e+03
7.500000000000000000e+03 3.341000000000000000e+03
1.000000000000000000e+04 3.342000000000000000e+03
1.250000000000000000e+04 3.342000000000000000e+03
1.500000000000000000e+04 3.368000000000000000e+03
1.750000000000000000e+04 3.547000000000000000e+03
2.000000000000000000e+04 3.683000000000000000e+03
2.250000000000000000e+04 3.622000000000000000e+03
2.500000000000000000e+04 3.633000000000000000e+03
2.750000000000000000e+04 3.664000000000000000e+03
3.000000000000000000e+04 3.781000000000000000e+03
3.250000000000000000e+04 3.644000000000000000e+03
3.500000000000000000e+04 3.699000000000000000e+03
3.750000000000000000e+04 3.787000000000000000e+03
4.000000000000000000e+04 3.906000000000000000e+03
4.250000000000000000e+04 3.786000000000000000e+03
4.500000000000000000e+04 3.823000000000000000e+03
4.750000000000000000e+04 3.767000000000000000e+03
5.000000000000000000e+04 3.758000000000000000e+03
5.250000000000000000e+04 3.768000000000000000e+03
5.500000000000000000e+04 3.739000000000000000e+03
5.750000000000000000e+04 3.829000000000000000e+03
6.000000000000000000e+04 3.728000000000000000e+03
6.250000000000000000e+04 3.811000000000000000e+03
6.500000000000000000e+04 3.638000000000000000e+03
6.750000000000000000e+04 3.657000000000000000e+03
7.000000000000000000e+04 3.691000000000000000e+03
7.250000000000000000e+04 3.568000000000000000e+03
7.500000000000000000e+04 3.515000000000000000e+03
7.750000000000000000e+04 3.387000000000000000e+03
8.000000000000000000e+04 3.574000000000000000e+03
8.250000000000000000e+04 3.475000000000000000e+03
8.500000000000000000e+04 3.415000000000000000e+03
8.750000000000000000e+04 3.345000000000000000e+03
9.000000000000000000e+04 3.297000000000000000e+03
9.250000000000000000e+04 3.166000000000000000e+03
9.500000000000000000e+04 3.025000000000000000e+03
9.750000000000000000e+04 3.091000000000000000e+03
1.000000000000000000e+05 2.962000000000000000e+03
1.025000000000000000e+05 2.895000000000000000e+03
1.050000000000000000e+05 2.780000000000000000e+03
1.075000000000000000e+05 2.672000000000000000e+03
1.100000000000000000e+05 2.663000000000000000e+03
1.125000000000000000e+05 2.503000000000000000e+03
1.150000000000000000e+05 2.375000000000000000e+03
1.175000000000000000e+05 2.248000000000000000e+03
1.200000000000000000e+05 2.234000000000000000e+03
1.225000000000000000e+05 2.093000000000000000e+03
1.250000000000000000e+05 1.948000000000000000e+03
1.275000000000000000e+05 1.815000000000000000e+03
1.300000000000000000e+05 1.748000000000000000e+03
1.325000000000000000e+05 1.688000000000000000e+03
1.350000000000000000e+05 1.525000000000000000e+03
1.375000000000000000e+05 1.397000000000000000e+03
1.400000000000000000e+05 1.307000000000000000e+03
1.425000000000000000e+05 1.302000000000000000e+03
1.450000000000000000e+05 1.160000000000000000e+03
1.475000000000000000e+05 1.115000000000000000e+03
1.500000000000000000e+05 1.003000000000000000e+03
1.525000000000000000e+05 1.026000000000000000e+03
1.550000000000000000e+05 8.700000000000000000e+02
1.575000000000000000e+05 9.300000000000000000e+02
1.600000000000000000e+05 8.650000000000000000e+02
1.625000000000000000e+05 7.400000000000000000e+02
1.650000000000000000e+05 8.020000000000000000e+02
1.675000000000000000e+05 7.900000000000000000e+02
1.700000000000000000e+05 7.510000000000000000e+02
1.725000000000000000e+05 8.160000000000000000e+02
1.750000000000000000e+05 7.480000000000000000e+02
1.775000000000000000e+05 7.120000000000000000e+02
1.800000000000000000e+05 7.640000000000000000e+02
1.825000000000000000e+05 8.440000000000000000e+02
1.850000000000000000e+05 8.250000000000000000e+02
1.875000000000000000e+05 7.770000000000000000e+02
1.900000000000000000e+05 9.040000000000000000e+02
1.925000000000000000e+05 9.290000000000000000e+02
1.950000000000000000e+05 1.006000000000000000e+03
1.975000000000000000e+05 1.096000000000000000e+03
2.000000000000000000e+05 1.197000000000000000e+03
2.025000000000000000e+05 1.245000000000000000e+03
2.050000000000000000e+05 1.246000000000000000e+03
2.075000000000000000e+05 1.355000000000000000e+03
2.100000000000000000e+05 1.444000000000000000e+03
2.125000000000000000e+05 1.526000000000000000e+03
2.150000000000000000e+05 1.669000000000000000e+03
2.175000000000000000e+05 1.803000000000000000e+03
2.200000000000000000e+05 1.905000000000000000e+03
2.225000000000000000e+05 1.932000000000000000e+03
2.250000000000000000e+05 2.165000000000000000e+03
2.275000000000000000e+05 2.203000000000000000e+03
2.300000000000000000e+05 2.348000000000000000e+03
2.325000000000000000e+05 2.353000000000000000e+03
2.350000000000000000e+05 2.529000000000000000e+03
2.375000000000000000e+05 2.580000000000000000e+03
2.400000000000000000e+05 2.761000000000000000e+03
2.425000000000000000e+05 2.880000000000000000e+03
2.450000000000000000e+05 2.893000000000000000e+03
2.475000000000000000e+05 2.909000000000000000e+03
2.500000000000000000e+05 3.093000000000000000e+03
2.525000000000000000e+05 3.238000000000000000e+03
2.550000000000000000e+05 3.132000000000000000e+03
2.575000000000000000e+05 3.221000000000000000e+03
2.600000000000000000e+05 3.339000000000000000e+03
2.625000000000000000e+05 3.433000000000000000e+03
2.650000000000000000e+05 3.386000000000000000e+03
2.675000000000000000e+05 3.512000000000000000e+03
2.700000000000000000e+05 3.476000000000000000e+03
2.725000000000000000e+05 3.673000000000000000e+03
2.750000000000000000e+05 3.564000000000000000e+03
2.775000000000000000e+05 3.692000000000000000e+03
2.800000000000000000e+05 3.600000000000000000e+03
2.825000000000000000e+05 3.706000000000000000e+03
2.850000000000000000e+05 3.653000000000000000e+03
2.875000000000000000e+05 3.713000000000000000e+03
2.900000000000000000e+05 3.660000000000000000e+03
2.925000000000000000e+05 3.783000000000000000e+03
2.950000000000000000e+05 3.697000000000000000e+03
2.975000000000000000e+05 3.765000000000000000e+03
3.000000000000000000e+05 3.820000000000000000e+03
3.025000000000000000e+05 3.748000000000000000e+03
3.050000000000000000e+05 3.754000000000000000e+03
3.075000000000000000e+05 3.825000000000000000e+03
3.100000000000000000e+05 3.783000000000000000e+03
3.125000000000000000e+05 3.654000000000000000e+03
3.150000000000000000e+05 3.713000000000000000e+03
3.175000000000000000e+05 3.732000000000000000e+03
3.200000000000000000e+05 3.584000000000000000e+03
3.225000000000000000e+05 3.647000000000000000e+03
3.250000000000000000e+05 3.524000000000000000e+03
3.275000000000000000e+05 3.589000000000000000e+03
3.300000000000000000e+05 3.453000000000000000e+03
3.325000000000000000e+05 3.499000000000000000e+03
3.350000000000000000e+05 3.533000000000000000e+03
3.375000000000000000e+05 3.191000000000000000e+03
3.400000000000000000e+05 3.211000000000000000e+03
3.425000000000000000e+05 3.273000000000000000e+03
3.450000000000000000e+05 2.993000000000000000e+03
3.475000000000000000e+05 3.134000000000000000e+03
3.500000000000000000e+05 2.955000000000000000e+03
3.525000000000000000e+05 2.712000000000000000e+03
3.550000000000000000e+05 2.754000000000000000e+03
3.575000000000000000e+05 2.663000000000000000e+03
3.600000000000000000e+05 2.548000000000000000e+03
3.625000000000000000e+05 2.451000000000000000e+03
3.650000000000000000e+05 2.389000000000000000e+03
3.675000000000000000e+05 2.262000000000000000e+03
3.700000000000000000e+05 2.069000000000000000e+03
3.725000000000000000e+05 2.033000000000000000e+03
3.750000000000000000e+05 1.984000000000000000e+03
3.775000000000000000e+05 1.832000000000000000e+03
3.800000000000000000e+05 1.663000000000000000e+03
3.825000000000000000e+05 1.639000000000000000e+03
3.850000000000000000e+05 1.557000000000000000e+03
3.875000000000000000e+05 1.397000000000000000e+03
3.900000000000000000e+05 1.355000000000000000e+03
3.925000000000000000e+05 1.265000000000000000e+03
3.950000000000000000e+05 1.165000000000000000e+03
3.975000000000000000e+05 1.081000000000000000e+03
4.000000000000000000e+05 9.720000000000000000e+02
4.025000000000000000e+05 8.970000000000000000e+02
4.050000000000000000e+05 9.290000000000000000e+02
4.075000000000000000e+05 9.320000000000000000e+02
4.100000000000000000e+05 8.520000000000000000e+02
4.125000000000000000e+05 8.260000000000000000e+02
4.150000000000000000e+05 7.830000000000000000e+02
4.175000000000000000e+05 7.490000000000000000e+02
4.200000000000000000e+05 8.000000000000000000e+02
4.225000000000000000e+05 7.520000000000000000e+02
4.250000000000000000e+05 8.000000000000000000e+02
4.275000000000000000e+05 7.610000000000000000e+02
4.300000000000000000e+05 8.030000000000000000e+02
4.325000000000000000e+05 8.140000000000000000e+02
4.350000000000000000e+05 8.190000000000000000e+02
4.375000000000000000e+05 8.750000000000000000e+02
4.400000000000000000e+05 9.090000000000000000e+02
4.425000000000000000e+05 9.560000000000000000e+02
4.450000000000000000e+05 1.055000000000000000e+03
4.475000000000000000e+05 1.096000000000000000e+03
4.500000000000000000e+05 1.129000000000000000e+03
4.525000000000000000e+05 1.289000000000000000e+03
4.550000000000000000e+05 1.336000000000000000e+03
4.575000000000000000e+05 1.361000000000000000e+03
4.600000000000000000e+05 1.428000000000000000e+03
4.625000000000000000e+05 1.572000000000000000e+03
4.650000000000000000e+05 1.660000000000000000e+03
4.675000000000000000e+05 1.810000000000000000e+03
4.700000000000000000e+05 1.894000000000000000e+03
4.725000000000000000e+05 1.990000000000000000e+03
4.750000000000000000e+05 2.121000000000000000e+03
4.775000000000000000e+05 2.157000000000000000e+03
4.800000000000000000e+05 2.305000000000000000e+03
4.825000000000000000e+05 2.417000000000000000e+03
4.850000000000000000e+05 2.411000000000000000e+03
4.875000000000000000e+05 2.645000000000000000e+03
4.900000000000000000e+05 2.735000000000000000e+03
4.925000000000000000e+05 2.796000000000000000e+03
4.950000000000000000e+05 2.824000000000000000e+03
4.975000000000000000e+05 2.982000000000000000e+03
