0.000000000000000000e+00 3.639000000000000000e+03
1.000000000000000000e+03 3.679000000000000000e+03
2.000000000000000000e+03 3.746000000000000000e+03
3.000000000000000000e+03 3.842000000000000000e+03
4.000000000000000000e+03 3.973000000000000000e+03
5.000000000000000000e+03 4.034000000000000000e+03
6.000000000000000000e+03 4.174000000000000000e+03
7.000000000000000000e+03 4.140000000000000000e+03
8.000000000000000000e+03 4.275000000000000000e+03
9.000000000000000000e+03 4.184000000000000000e+03
1.000000000000000000e+04 4.211000000000000000e+03
1.100000000000000000e+04 4.297000000000000000e+03
1.200000000000000000e+04 4.378000000000000000e+03
1.300000000000000000e+04 4.253000000000000000e+03
1.400000000000000000e+04 4.353000000000000000e+03
1.500000000000000000e+04 4.356000000000000000e+03
1.600000000000000000e+04 4.428000000000000000e+03
1.700000000000000000e+04 4.431000000000000000e+03
1.800000000000000000e+04 4.306000000000000000e+03
1.900000000000000000e+04 4.453000000000000000e+03
2.000000000000000000e+04 4.376000000000000000e+03
2.100000000000000000e+04 4.385000000000000000e+03
2.200000000000000000e+04 4.364000000000000000e+03
2.300000000000000000e+04 4.328000000000000000e+03
2.400000000000000000e+04 4.362000000000000000e+03
2.500000000000000000e+04 4.264000000000000000e+03
2.600000000000000000e+04 4.377000000000000000e+03
2.700000000000000000e+04 4.324000000000000000e+03
2.800000000000000000e+04 4.277000000000000000e+03
2.900000000000000000e+04 4.209000000000000000e+03
3.000000000000000000e+04 4.224000000000000000e+03
3.100000000000000000e+04 4.195000000000000000e+03
3.200000000000000000e+04 4.166000000000000000e+03
3.300000000000000000e+04 4.050000000000000000e+03
3.400000000000000000e+04 4.019000000000000000e+03
3.500000000000000000e+04 4.026000000000000000e+03
3.600000000000000000e+04 3.992000000000000000e+03
3.700000000000000000e+04 3.798000000000000000e+03
3.800000000000000000e+04 3.690000000000000000e+03
3.900000000000000000e+04 3.768000000000000000e+03
4.000000000000000000e+04 3.698000000000000000e+03
4.100000000000000000e+04 3.406000000000000000e+03
4.200000000000000000e+04 3.323000000000000000e+03
4.300000000000000000e+04 3.243000000000000000e+03
4.400000000000000000e+04 3.114000000000000000e+03
4.500000000000000000e+04 2.977000000000000000e+03
4.600000000000000000e+04 2.950000000000000000e+03
4.700000000000000000e+04 2.813000000000000000e+03
4.800000000000000000e+04 2.807000000000000000e+03
4.900000000000000000e+04 2.561000000000000000e+03
5.000000000000000000e+04 2.366000000000000000e+03
5.100000000000000000e+04 2.234000000000000000e+03
5.200000000000000000e+04 2.118000000000000000e+03
5.300000000000000000e+04 2.012000000000000000e+03
5.400000000000000000e+04 1.988000000000000000e+03
5.500000000000000000e+04 1.800000000000000000e+03
5.600000000000000000e+04 1.726000000000000000e+03
5.700000000000000000e+04 1.639000000000000000e+03
5.800000000000000000e+04 1.494000000000000000e+03
5.900000000000000000e+04 1.393000000000000000e+03
6.000000000000000000e+04 1.276000000000000000e+03
6.100000000000000000e+04 1.238000000000000000e+03
6.200000000000000000e+04 1.214000000000000000e+03
6.300000000000000000e+04 1.092000000000000000e+03
6.400000000000000000e+04 1.055000000000000000e+03
6.500000000000000000e+04 1.003000000000000000e+03
6.600000000000000000e+04 1.057000000000000000e+03
6.700000000000000000e+04 9.770000000000000000e+02
6.800000000000000000e+04 1.010000000000000000e+03
6.900000000000000000e+04 9.170000000000000000e+02
7.000000000000000000e+04 9.490000000000000000e+02
7.100000000000000000e+04 1.031000000000000000e+03
7.200000000000000000e+04 9.410000000000000000e+02
7.300000000000000000e+04 9.950000000000000000e+02
7.400000000000000000e+04 1.001000000000000000e+03
7.500000000000000000e+04 1.064000000000000000e+03
7.600000000000000000e+04 1.136000000000000000e+03
7.700000000000000000e+04 1.189000000000000000e+03
7.800000000000000000e+04 1.246000000000000000e+03
7.900000000000000000e+04 1.406000000000000000e+03
8.000000000000000000e+04 1.412000000000000000e+03
8.100000000000000000e+04 1.556000000000000000e+03
8.200000000000000000e+04 1.632000000000000000e+03
8.300000000000000000e+04 1.777000000000000000e+03
8.400000000000000000e+04 1.883000000000000000e+03
8.500000000000000000e+04 1.961000000000000000e+03
8.600000000000000000e+04 2.139000000000000000e+03
8.700000000000000000e+04 2.183000000000000000e+03
8.800000000000000000e+04 2.313000000000000000e+03
8.900000000000000000e+04 2.329000000000000000e+03
9.000000000000000000e+04 2.626000000000000000e+03
9.100000000000000000e+04 2.742000000000000000e+03
9.200000000000000000e+04 2.729000000000000000e+03
9.300000000000000000e+04 2.961000000000000000e+03
9.400000000000000000e+04 3.038000000000000000e+03
9.500000000000000000e+04 3.106000000000000000e+03
9.600000000000000000e+04 3.310000000000000000e+03
9.700000000000000000e+04 3.466000000000000000e+03
9.800000000000000000e+04 3.446000000000000000e+03
9.900000000000000000e+04 3.617000000000000000e+03
1.000000000000000000e+05 3.765000000000000000e+03
1.010000000000000000e+05 3.859000000000000000e+03
1.020000000000000000e+05 3.866000000000000000e+03
1.030000000000000000e+05 3.913000000000000000e+03
1.040000000000000000e+05 4.020000000000000000e+03
1.050000000000000000e+05 4.226000000000000000e+03
1.060000000000000000e+05 4.116000000000000000e+03
1.070000000000000000e+05 4.214000000000000000e+03
1.080000000000000000e+05 4.196000000000000000e+03
1.090000000000000000e+05 4.189000000000000000e+03
1.100000000000000000e+05 4.231000000000000000e+03
1.110000000000000000e+05 4.308000000000000000e+03
1.120000000000000000e+05 4.305000000000000000e+03
1.130000000000000000e+05 4.359000000000000000e+03
1.140000000000000000e+05 4.415000000000000000e+03
1.150000000000000000e+05 4.306000000000000000e+03
1.160000000000000000e+05 4.416000000000000000e+03
1.170000000000000000e+05 4.454000000000000000e+03
1.180000000000000000e+05 4.374000000000000000e+03
1.190000000000000000e+05 4.359000000000000000e+03
1.200000000000000000e+05 4.451000000000000000e+03
1.210000000000000000e+05 4.520000000000000000e+03
1.220000000000000000e+05 4.299000000000000000e+03
1.230000000000000000e+05 4.465000000000000000e+03
1.240000000000000000e+05 4.506000000000000000e+03
1.250000000000000000e+05 4.425000000000000000e+03
1.260000000000000000e+05 4.348000000000000000e+03
1.270000000000000000e+05 4.301000000000000000e+03
1.280000000000000000e+05 4.287000000000000000e+03
1.290000000000000000e+05 4.117000000000000000e+03
1.300000000000000000e+05 4.279000000000000000e+03
1.310000000000000000e+05 4.183000000000000000e+03
1.320000000000000000e+05 4.096000000000000000e+03
1.330000000000000000e+05 4.081000000000000000e+03
1.340000000000000000e+05 3.981000000000000000e+03
1.350000000000000000e+05 3.941000000000000000e+03
1.360000000000000000e+05 3.834000000000000000e+03
1.370000000000000000e+05 3.902000000000000000e+03
1.380000000000000000e+05 3.836000000000000000e+03
1.390000000000000000e+05 3.732000000000000000e+03
1.400000000000000000e+05 3.620000000000000000e+03
1.410000000000000000e+05 3.591000000000000000e+03
1.420000000000000000e+05 3.469000000000000000e+03
1.430000000000000000e+05 3.214000000000000000e+03
1.440000000000000000e+05 3.027000000000000000e+03
1.450000000000000000e+05 3.158000000000000000e+03
1.460000000000000000e+05 2.872000000000000000e+03
1.470000000000000000e+05 2.825000000000000000e+03
1.480000000000000000e+05 2.681000000000000000e+03
1.490000000000000000e+05 2.569000000000000000e+03
1.500000000000000000e+05 2.416000000000000000e+03
1.510000000000000000e+05 2.279000000000000000e+03
1.520000000000000000e+05 2.104000000000000000e+03
1.530000000000000000e+05 2.072000000000000000e+03
1.540000000000000000e+05 1.914000000000000000e+03
1.550000000000000000e+05 1.868000000000000000e+03
1.560000000000000000e+05 1.761000000000000000e+03
1.570000000000000000e+05 1.558000000000000000e+03
1.580000000000000000e+05 1.513000000000000000e+03
1.590000000000000000e+05 1.417000000000000000e+03
1.600000000000000000e+05 1.376000000000000000e+03
1.610000000000000000e+05 1.168000000000000000e+03
1.620000000000000000e+05 1.260000000000000000e+03
1.630000000000000000e+05 1.209000000000000000e+03
1.640000000000000000e+05 1.095000000000000000e+03
1.650000000000000000e+05 1.050000000000000000e+03
1.660000000000000000e+05 1.140000000000000000e+03
1.670000000000000000e+05 1.026000000000000000e+03
1.680000000000000000e+05 9.380000000000000000e+02
1.690000000000000000e+05 9.300000000000000000e+02
1.700000000000000000e+05 9.460000000000000000e+02
1.710000000000000000e+05 9.540000000000000000e+02
1.720000000000000000e+05 1.044000000000000000e+03
1.730000000000000000e+05 1.037000000000000000e+03
1.740000000000000000e+05 1.059000000000000000e+03
1.750000000000000000e+05 1.157000000000000000e+03
1.760000000000000000e+05 1.135000000000000000e+03
1.770000000000000000e+05 1.125000000000000000e+03
1.780000000000000000e+05 1.307000000000000000e+03
1.790000000000000000e+05 1.353000000000000000e+03
1.800000000000000000e+05 1.430000000000000000e+03
1.810000000000000000e+05 1.562000000000000000e+03
1.820000000000000000e+05 1.643000000000000000e+03
1.830000000000000000e+05 1.735000000000000000e+03
1.840000000000000000e+05 1.821000000000000000e+03
1.850000000000000000e+05 1.916000000000000000e+03
1.860000000000000000e+05 2.092000000000000000e+03
1.870000000000000000e+05 2.193000000000000000e+03
1.880000000000000000e+05 2.352000000000000000e+03
1.890000000000000000e+05 2.412000000000000000e+03
1.900000000000000000e+05 2.539000000000000000e+03
1.910000000000000000e+05 2.762000000000000000e+03
1.920000000000000000e+05 2.891000000000000000e+03
1.930000000000000000e+05 2.929000000000000000e+03
1.940000000000000000e+05 3.098000000000000000e+03
1.950000000000000000e+05 3.153000000000000000e+03
1.960000000000000000e+05 3.214000000000000000e+03
1.970000000000000000e+05 3.416000000000000000e+03
1.980000000000000000e+05 3.503000000000000000e+03
1.990000000000000000e+05 3.540000000000000000e+03
