0.000000000000000000e+00 7.877000000000000000e+03
1.000000000000000000e+04 8.612000000000000000e+03
2.000000000000000000e+04 8.830000000000000000e+03
3.000000000000000000e+04 9.273000000000000000e+03
4.000000000000000000e+04 9.135000000000000000e+03
5.000000000000000000e+04 9.394000000000000000e+03
6.000000000000000000e+04 9.756000000000000000e+03
7.000000000000000000e+04 9.729000000000000000e+03
8.000000000000000000e+04 1.003200000000000000e+04
9.000000000000000000e+04 1.020200000000000000e+04
1.000000000000000000e+05 1.037200000000000000e+04
1.100000000000000000e+05 1.043200000000000000e+04
1.200000000000000000e+05 1.020300000000000000e+04
1.300000000000000000e+05 1.047400000000000000e+04
1.400000000000000000e+05 1.064100000000000000e+04
1.500000000000000000e+05 1.069300000000000000e+04
1.600000000000000000e+05 1.069300000000000000e+04
1.700000000000000000e+05 1.050100000000000000e+04
1.800000000000000000e+05 1.053800000000000000e+04
1.900000000000000000e+05 1.068300000000000000e+04
2.000000000000000000e+05 1.047300000000000000e+04
2.100000000000000000e+05 1.077400000000000000e+04
2.200000000000000000e+05 1.031300000000000000e+04
2.300000000000000000e+05 1.084000000000000000e+04
2.400000000000000000e+05 1.052700000000000000e+04
2.500000000000000000e+05 1.038900000000000000e+04
2.600000000000000000e+05 1.032200000000000000e+04
2.700000000000000000e+05 1.020500000000000000e+04
2.800000000000000000e+05 1.037900000000000000e+04
2.900000000000000000e+05 1.027400000000000000e+04
3.000000000000000000e+05 1.009500000000000000e+04
3.100000000000000000e+05 9.922000000000000000e+03
3.200000000000000000e+05 9.793000000000000000e+03
3.300000000000000000e+05 9.835000000000000000e+03
3.400000000000000000e+05 9.393000000000000000e+03
3.500000000000000000e+05 9.249000000000000000e+03
3.600000000000000000e+05 8.971000000000000000e+03
3.700000000000000000e+05 8.839000000000000000e+03
3.800000000000000000e+05 8.680000000000000000e+03
3.900000000000000000e+05 8.324000000000000000e+03
4.000000000000000000e+05 8.027000000000000000e+03
4.100000000000000000e+05 7.764000000000000000e+03
4.200000000000000000e+05 7.437000000000000000e+03
4.300000000000000000e+05 7.392000000000000000e+03
4.400000000000000000e+05 6.985000000000000000e+03
4.500000000000000000e+05 6.643000000000000000e+03
4.600000000000000000e+05 6.229000000000000000e+03
4.700000000000000000e+05 5.955000000000000000e+03
4.800000000000000000e+05 5.585000000000000000e+03
4.900000000000000000e+05 5.330000000000000000e+03
5.000000000000000000e+05 4.960000000000000000e+03
5.100000000000000000e+05 4.682000000000000000e+03
5.200000000000000000e+05 4.451000000000000000e+03
5.300000000000000000e+05 4.007000000000000000e+03
5.400000000000000000e+05 3.804000000000000000e+03
5.500000000000000000e+05 3.491000000000000000e+03
5.600000000000000000e+05 3.191000000000000000e+03
5.700000000000000000e+05 3.084000000000000000e+03
5.800000000000000000e+05 2.853000000000000000e+03
5.900000000000000000e+05 2.647000000000000000e+03
6.000000000000000000e+05 2.442000000000000000e+03
6.100000000000000000e+05 2.295000000000000000e+03
6.200000000000000000e+05 2.100000000000000000e+03
6.300000000000000000e+05 1.965000000000000000e+03
6.400000000000000000e+05 1.897000000000000000e+03
6.500000000000000000e+05 1.870000000000000000e+03
6.600000000000000000e+05 1.711000000000000000e+03
6.700000000000000000e+05 1.700000000000000000e+03
6.800000000000000000e+05 1.658000000000000000e+03
6.900000000000000000e+05 1.622000000000000000e+03
7.000000000000000000e+05 1.695000000000000000e+03
7.100000000000000000e+05 1.664000000000000000e+03
7.200000000000000000e+05 1.808000000000000000e+03
7.300000000000000000e+05 1.842000000000000000e+03
7.400000000000000000e+05 1.830000000000000000e+03
7.500000000000000000e+05 1.929000000000000000e+03
7.600000000000000000e+05 2.037000000000000000e+03
7.700000000000000000e+05 2.181000000000000000e+03
7.800000000000000000e+05 2.301000000000000000e+03
7.900000000000000000e+05 2.512000000000000000e+03
8.000000000000000000e+05 2.569000000000000000e+03
8.100000000000000000e+05 2.876000000000000000e+03
8.200000000000000000e+05 3.123000000000000000e+03
8.300000000000000000e+05 3.391000000000000000e+03
8.400000000000000000e+05 3.561000000000000000e+03
8.500000000000000000e+05 3.860000000000000000e+03
8.600000000000000000e+05 4.194000000000000000e+03
8.700000000000000000e+05 4.623000000000000000e+03
8.800000000000000000e+05 4.965000000000000000e+03
8.900000000000000000e+05 5.293000000000000000e+03
9.000000000000000000e+05 5.437000000000000000e+03
9.100000000000000000e+05 5.839000000000000000e+03
9.200000000000000000e+05 6.096000000000000000e+03
9.300000000000000000e+05 6.327000000000000000e+03
9.400000000000000000e+05 6.770000000000000000e+03
9.500000000000000000e+05 7.130000000000000000e+03
9.600000000000000000e+05 7.508000000000000000e+03
9.700000000000000000e+05 7.540000000000000000e+03
9.800000000000000000e+05 8.094000000000000000e+03
9.900000000000000000e+05 8.296000000000000000e+03
1.000000000000000000e+06 8.570000000000000000e+03
1.010000000000000000e+06 8.605000000000000000e+03
1.020000000000000000e+06 8.852000000000000000e+03
1.030000000000000000e+06 9.280000000000000000e+03
1.040000000000000000e+06 9.287000000000000000e+03
1.050000000000000000e+06 9.524000000000000000e+03
1.060000000000000000e+06 9.716000000000000000e+03
1.070000000000000000e+06 9.728000000000000000e+03
1.080000000000000000e+06 1.008200000000000000e+04
1.090000000000000000e+06 1.012400000000000000e+04
1.100000000000000000e+06 1.032700000000000000e+04
1.110000000000000000e+06 1.025000000000000000e+04
1.120000000000000000e+06 1.035800000000000000e+04
1.130000000000000000e+06 1.053700000000000000e+04
1.140000000000000000e+06 1.068500000000000000e+04
1.150000000000000000e+06 1.045900000000000000e+04
1.160000000000000000e+06 1.074200000000000000e+04
1.170000000000000000e+06 1.074700000000000000e+04
1.180000000000000000e+06 1.058500000000000000e+04
1.190000000000000000e+06 1.088400000000000000e+04
1.200000000000000000e+06 1.045800000000000000e+04
1.210000000000000000e+06 1.055900000000000000e+04
1.220000000000000000e+06 1.054000000000000000e+04
1.230000000000000000e+06 1.063100000000000000e+04
1.240000000000000000e+06 1.064700000000000000e+04
1.250000000000000000e+06 1.054000000000000000e+04
1.260000000000000000e+06 1.041200000000000000e+04
1.270000000000000000e+06 1.030600000000000000e+04
1.280000000000000000e+06 1.053800000000000000e+04
1.290000000000000000e+06 1.032100000000000000e+04
1.300000000000000000e+06 9.932000000000000000e+03
1.310000000000000000e+06 9.859000000000000000e+03
1.320000000000000000e+06 1.002300000000000000e+04
1.330000000000000000e+06 9.463000000000000000e+03
1.340000000000000000e+06 9.476000000000000000e+03
1.350000000000000000e+06 9.233000000000000000e+03
1.360000000000000000e+06 8.949000000000000000e+03
1.370000000000000000e+06 8.904000000000000000e+03
1.380000000000000000e+06 8.775000000000000000e+03
1.390000000000000000e+06 8.247000000000000000e+03
1.400000000000000000e+06 8.074000000000000000e+03
1.410000000000000000e+06 7.737000000000000000e+03
1.420000000000000000e+06 7.417000000000000000e+03
1.430000000000000000e+06 7.220000000000000000e+03
1.440000000000000000e+06 6.862000000000000000e+03
1.450000000000000000e+06 6.646000000000000000e+03
1.460000000000000000e+06 6.161000000000000000e+03
1.470000000000000000e+06 5.949000000000000000e+03
1.480000000000000000e+06 5.662000000000000000e+03
1.490000000000000000e+06 5.401000000000000000e+03
1.500000000000000000e+06 4.868000000000000000e+03
1.510000000000000000e+06 4.757000000000000000e+03
1.520000000000000000e+06 4.404000000000000000e+03
1.530000000000000000e+06 4.131000000000000000e+03
1.540000000000000000e+06 3.647000000000000000e+03
1.550000000000000000e+06 3.414000000000000000e+03
1.560000000000000000e+06 3.227000000000000000e+03
1.570000000000000000e+06 3.033000000000000000e+03
1.580000000000000000e+06 2.770000000000000000e+03
1.590000000000000000e+06 2.498000000000000000e+03
1.600000000000000000e+06 2.335000000000000000e+03
1.610000000000000000e+06 2.214000000000000000e+03
1.620000000000000000e+06 2.165000000000000000e+03
1.630000000000000000e+06 2.023000000000000000e+03
1.640000000000000000e+06 1.879000000000000000e+03
1.650000000000000000e+06 1.855000000000000000e+03
1.660000000000000000e+06 1.691000000000000000e+03
1.670000000000000000e+06 1.635000000000000000e+03
1.680000000000000000e+06 1.701000000000000000e+03
1.690000000000000000e+06 1.641000000000000000e+03
1.700000000000000000e+06 1.603000000000000000e+03
1.710000000000000000e+06 1.611000000000000000e+03
1.720000000000000000e+06 1.734000000000000000e+03
1.730000000000000000e+06 1.788000000000000000e+03
1.740000000000000000e+06 1.779000000000000000e+03
1.750000000000000000e+06 1.918000000000000000e+03
1.760000000000000000e+06 2.041000000000000000e+03
1.770000000000000000e+06 2.204000000000000000e+03
1.780000000000000000e+06 2.326000000000000000e+03
1.790000000000000000e+06 2.509000000000000000e+03
1.800000000000000000e+06 2.644000000000000000e+03
1.810000000000000000e+06 2.960000000000000000e+03
1.820000000000000000e+06 2.970000000000000000e+03
1.830000000000000000e+06 3.419000000000000000e+03
1.840000000000000000e+06 3.615000000000000000e+03
1.850000000000000000e+06 3.915000000000000000e+03
1.860000000000000000e+06 4.184000000000000000e+03
1.870000000000000000e+06 4.530000000000000000e+03
1.880000000000000000e+06 4.922000000000000000e+03
1.890000000000000000e+06 5.282000000000000000e+03
1.900000000000000000e+06 5.355000000000000000e+03
1.910000000000000000e+06 5.659000000000000000e+03
1.920000000000000000e+06 6.086000000000000000e+03
1.930000000000000000e+06 6.187000000000000000e+03
1.940000000000000000e+06 6.843000000000000000e+03
1.950000000000000000e+06 7.096000000000000000e+03
1.960000000000000000e+06 7.439000000000000000e+03
1.970000000000000000e+06 7.912000000000000000e+03
1.980000000000000000e+06 7.854000000000000000e+03
1.990000000000000000e+06 8.204000000000000000e+03
