0.000000000000000000e+00 6.352000000000000000e+03
1.000000000000000000e+03 6.556000000000000000e+03
2.000000000000000000e+03 6.808000000000000000e+03
3.000000000000000000e+03 6.906000000000000000e+03
4.000000000000000000e+03 7.055000000000000000e+03
5.000000000000000000e+03 7.092000000000000000e+03
6.000000000000000000e+03 7.155000000000000000e+03
7.000000000000000000e+03 7.496000000000000000e+03
8.000000000000000000e+03 7.554000000000000000e+03
9.000000000000000000e+03 7.636000000000000000e+03
1.000000000000000000e+04 7.742000000000000000e+03
1.100000000000000000e+04 7.844000000000000000e+03
1.200000000000000000e+04 7.739000000000000000e+03
1.300000000000000000e+04 7.760000000000000000e+03
1.400000000000000000e+04 8.000000000000000000e+03
1.500000000000000000e+04 7.829000000000000000e+03
1.600000000000000000e+04 7.726000000000000000e+03
1.700000000000000000e+04 8.136000000000000000e+03
1.800000000000000000e+04 7.964000000000000000e+03
1.900000000000000000e+04 7.997000000000000000e+03
2.000000000000000000e+04 8.118000000000000000e+03
2.100000000000000000e+04 7.972000000000000000e+03
2.200000000000000000e+04 7.914000000000000000e+03
2.300000000000000000e+04 7.871000000000000000e+03
2.400000000000000000e+04 7.908000000000000000e+03
2.500000000000000000e+04 7.825000000000000000e+03
2.600000000000000000e+04 7.876000000000000000e+03
2.700000000000000000e+04 7.628000000000000000e+03
2.800000000000000000e+04 7.757000000000000000e+03
2.900000000000000000e+04 7.766000000000000000e+03
3.000000000000000000e+04 7.625000000000000000e+03
3.100000000000000000e+04 7.652000000000000000e+03
3.200000000000000000e+04 7.457000000000000000e+03
3.300000000000000000e+04 7.226000000000000000e+03
3.400000000000000000e+04 7.168000000000000000e+03
3.500000000000000000e+04 7.017000000000000000e+03
3.600000000000000000e+04 6.827000000000000000e+03
3.700000000000000000e+04 6.777000000000000000e+03
3.800000000000000000e+04 6.586000000000000000e+03
3.900000000000000000e+04 6.617000000000000000e+03
4.000000000000000000e+04 6.140000000000000000e+03
4.100000000000000000e+04 6.101000000000000000e+03
4.200000000000000000e+04 5.900000000000000000e+03
4.300000000000000000e+04 5.413000000000000000e+03
4.400000000000000000e+04 5.371000000000000000e+03
4.500000000000000000e+04 5.006000000000000000e+03
4.600000000000000000e+04 4.861000000000000000e+03
4.700000000000000000e+04 4.702000000000000000e+03
4.800000000000000000e+04 4.393000000000000000e+03
4.900000000000000000e+04 4.222000000000000000e+03
5.000000000000000000e+04 3.936000000000000000e+03
5.100000000000000000e+04 3.701000000000000000e+03
5.200000000000000000e+04 3.575000000000000000e+03
5.300000000000000000e+04 3.217000000000000000e+03
5.400000000000000000e+04 2.993000000000000000e+03
5.500000000000000000e+04 2.824000000000000000e+03
5.600000000000000000e+04 2.536000000000000000e+03
5.700000000000000000e+04 2.422000000000000000e+03
5.800000000000000000e+04 2.338000000000000000e+03
5.900000000000000000e+04 2.084000000000000000e+03
6.000000000000000000e+04 1.950000000000000000e+03
6.100000000000000000e+04 1.803000000000000000e+03
6.200000000000000000e+04 1.709000000000000000e+03
6.300000000000000000e+04 1.642000000000000000e+03
6.400000000000000000e+04 1.524000000000000000e+03
6.500000000000000000e+04 1.428000000000000000e+03
6.600000000000000000e+04 1.372000000000000000e+03
6.700000000000000000e+04 1.304000000000000000e+03
6.800000000000000000e+04 1.291000000000000000e+03
6.900000000000000000e+04 1.297000000000000000e+03
7.000000000000000000e+04 1.306000000000000000e+03
7.100000000000000000e+04 1.212000000000000000e+03
7.200000000000000000e+04 1.319000000000000000e+03
7.300000000000000000e+04 1.375000000000000000e+03
7.400000000000000000e+04 1.395000000000000000e+03
7.500000000000000000e+04 1.463000000000000000e+03
7.600000000000000000e+04 1.445000000000000000e+03
7.700000000000000000e+04 1.631000000000000000e+03
7.800000000000000000e+04 1.748000000000000000e+03
7.900000000000000000e+04 1.854000000000000000e+03
8.000000000000000000e+04 2.028000000000000000e+03
8.100000000000000000e+04 2.134000000000000000e+03
8.200000000000000000e+04 2.295000000000000000e+03
8.300000000000000000e+04 2.489000000000000000e+03
8.400000000000000000e+04 2.622000000000000000e+03
8.500000000000000000e+04 2.855000000000000000e+03
8.600000000000000000e+04 3.100000000000000000e+03
8.700000000000000000e+04 3.422000000000000000e+03
8.800000000000000000e+04 3.565000000000000000e+03
8.900000000000000000e+04 3.867000000000000000e+03
9.000000000000000000e+04 4.104000000000000000e+03
9.100000000000000000e+04 4.384000000000000000e+03
9.200000000000000000e+04 4.611000000000000000e+03
9.300000000000000000e+04 4.875000000000000000e+03
9.400000000000000000e+04 4.984000000000000000e+03
9.500000000000000000e+04 5.247000000000000000e+03
9.600000000000000000e+04 5.374000000000000000e+03
9.700000000000000000e+04 5.783000000000000000e+03
9.800000000000000000e+04 5.947000000000000000e+03
9.900000000000000000e+04 6.150000000000000000e+03
1.000000000000000000e+05 6.275000000000000000e+03
1.010000000000000000e+05 6.620000000000000000e+03
1.020000000000000000e+05 6.772000000000000000e+03
1.030000000000000000e+05 6.781000000000000000e+03
1.040000000000000000e+05 6.928000000000000000e+03
1.050000000000000000e+05 7.207000000000000000e+03
1.060000000000000000e+05 7.478000000000000000e+03
1.070000000000000000e+05 7.478000000000000000e+03
1.080000000000000000e+05 7.550000000000000000e+03
1.090000000000000000e+05 7.589000000000000000e+03
1.100000000000000000e+05 7.733000000000000000e+03
1.110000000000000000e+05 7.690000000000000000e+03
1.120000000000000000e+05 7.694000000000000000e+03
1.130000000000000000e+05 7.850000000000000000e+03
1.140000000000000000e+05 7.799000000000000000e+03
1.150000000000000000e+05 7.871000000000000000e+03
1.160000000000000000e+05 8.090000000000000000e+03
1.170000000000000000e+05 7.987000000000000000e+03
1.180000000000000000e+05 7.953000000000000000e+03
1.190000000000000000e+05 8.115000000000000000e+03
1.200000000000000000e+05 8.188000000000000000e+03
1.210000000000000000e+05 8.210000000000000000e+03
1.220000000000000000e+05 8.020000000000000000e+03
1.230000000000000000e+05 8.082000000000000000e+03
1.240000000000000000e+05 7.979000000000000000e+03
1.250000000000000000e+05 7.883000000000000000e+03
1.260000000000000000e+05 7.764000000000000000e+03
1.270000000000000000e+05 7.908000000000000000e+03
1.280000000000000000e+05 7.619000000000000000e+03
1.290000000000000000e+05 7.541000000000000000e+03
1.300000000000000000e+05 7.442000000000000000e+03
1.310000000000000000e+05 7.355000000000000000e+03
1.320000000000000000e+05 7.429000000000000000e+03
1.330000000000000000e+05 7.296000000000000000e+03
1.340000000000000000e+05 7.159000000000000000e+03
1.350000000000000000e+05 6.954000000000000000e+03
1.360000000000000000e+05 6.827000000000000000e+03
1.370000000000000000e+05 6.605000000000000000e+03
1.380000000000000000e+05 6.501000000000000000e+03
1.390000000000000000e+05 6.492000000000000000e+03
1.400000000000000000e+05 6.272000000000000000e+03
1.410000000000000000e+05 6.026000000000000000e+03
1.420000000000000000e+05 5.878000000000000000e+03
1.430000000000000000e+05 5.440000000000000000e+03
1.440000000000000000e+05 5.271000000000000000e+03
1.450000000000000000e+05 5.116000000000000000e+03
1.460000000000000000e+05 4.956000000000000000e+03
1.470000000000000000e+05 4.601000000000000000e+03
1.480000000000000000e+05 4.394000000000000000e+03
1.490000000000000000e+05 4.242000000000000000e+03
1.500000000000000000e+05 3.943000000000000000e+03
1.510000000000000000e+05 3.649000000000000000e+03
1.520000000000000000e+05 3.382000000000000000e+03
1.530000000000000000e+05 3.269000000000000000e+03
1.540000000000000000e+05 3.002000000000000000e+03
1.550000000000000000e+05 2.765000000000000000e+03
1.560000000000000000e+05 2.617000000000000000e+03
1.570000000000000000e+05 2.425000000000000000e+03
1.580000000000000000e+05 2.345000000000000000e+03
1.590000000000000000e+05 2.174000000000000000e+03
1.600000000000000000e+05 1.961000000000000000e+03
1.610000000000000000e+05 1.866000000000000000e+03
1.620000000000000000e+05 1.707000000000000000e+03
1.630000000000000000e+05 1.562000000000000000e+03
1.640000000000000000e+05 1.421000000000000000e+03
1.650000000000000000e+05 1.436000000000000000e+03
1.660000000000000000e+05 1.374000000000000000e+03
1.670000000000000000e+05 1.345000000000000000e+03
1.680000000000000000e+05 1.301000000000000000e+03
1.690000000000000000e+05 1.231000000000000000e+03
1.700000000000000000e+05 1.313000000000000000e+03
1.710000000000000000e+05 1.304000000000000000e+03
1.720000000000000000e+05 1.342000000000000000e+03
1.730000000000000000e+05 1.336000000000000000e+03
1.740000000000000000e+05 1.351000000000000000e+03
1.750000000000000000e+05 1.488000000000000000e+03
1.760000000000000000e+05 1.595000000000000000e+03
1.770000000000000000e+05 1.562000000000000000e+03
1.780000000000000000e+05 1.755000000000000000e+03
1.790000000000000000e+05 1.807000000000000000e+03
1.800000000000000000e+05 2.052000000000000000e+03
1.810000000000000000e+05 2.129000000000000000e+03
1.820000000000000000e+05 2.331000000000000000e+03
1.830000000000000000e+05 2.464000000000000000e+03
1.840000000000000000e+05 2.653000000000000000e+03
1.850000000000000000e+05 2.884000000000000000e+03
1.860000000000000000e+05 3.097000000000000000e+03
1.870000000000000000e+05 3.358000000000000000e+03
1.880000000000000000e+05 3.568000000000000000e+03
1.890000000000000000e+05 3.834000000000000000e+03
1.900000000000000000e+05 4.122000000000000000e+03
1.910000000000000000e+05 4.358000000000000000e+03
1.920000000000000000e+05 4.754000000000000000e+03
1.930000000000000000e+05 4.725000000000000000e+03
1.940000000000000000e+05 5.158000000000000000e+03
1.950000000000000000e+05 5.290000000000000000e+03
1.960000000000000000e+05 5.641000000000000000e+03
1.970000000000000000e+05 5.826000000000000000e+03
1.980000000000000000e+05 5.843000000000000000e+03
1.990000000000000000e+05 6.176000000000000000e+03
