0.000000000000000000e+00 4.081000000000000000e+03
5.000000000000000000e+01 4.376000000000000000e+03
1.000000000000000000e+02 4.547000000000000000e+03
1.500000000000000000e+02 4.761000000000000000e+03
2.000000000000000000e+02 4.852000000000000000e+03
2.500000000000000000e+02 5.069000000000000000e+03
3.000000000000000000e+02 5.191000000000000000e+03
3.500000000000000000e+02 5.389000000000000000e+03
4.000000000000000000e+02 5.740000000000000000e+03
4.500000000000000000e+02 5.934000000000000000e+03
5.000000000000000000e+02 6.048000000000000000e+03
5.500000000000000000e+02 6.119000000000000000e+03
6.000000000000000000e+02 6.261000000000000000e+03
6.500000000000000000e+02 6.180000000000000000e+03
7.000000000000000000e+02 6.443000000000000000e+03
7.500000000000000000e+02 6.652000000000000000e+03
8.000000000000000000e+02 6.652000000000000000e+03
8.500000000000000000e+02 6.642000000000000000e+03
9.000000000000000000e+02 6.888000000000000000e+03
9.500000000000000000e+02 6.914000000000000000e+03
1.000000000000000000e+03 7.097000000000000000e+03
1.050000000000000000e+03 7.024000000000000000e+03
1.100000000000000000e+03 7.149000000000000000e+03
1.150000000000000000e+03 7.150000000000000000e+03
1.200000000000000000e+03 7.205000000000000000e+03
1.250000000000000000e+03 7.148000000000000000e+03
1.300000000000000000e+03 7.319000000000000000e+03
1.350000000000000000e+03 7.231000000000000000e+03
1.400000000000000000e+03 7.126000000000000000e+03
1.450000000000000000e+03 7.195000000000000000e+03
1.500000000000000000e+03 7.279000000000000000e+03
1.550000000000000000e+03 7.114000000000000000e+03
1.600000000000000000e+03 7.275000000000000000e+03
1.650000000000000000e+03 7.114000000000000000e+03
1.700000000000000000e+03 7.092000000000000000e+03
1.750000000000000000e+03 7.112000000000000000e+03
1.800000000000000000e+03 6.880000000000000000e+03
1.850000000000000000e+03 6.912000000000000000e+03
1.900000000000000000e+03 6.894000000000000000e+03
1.950000000000000000e+03 6.664000000000000000e+03
2.000000000000000000e+03 6.695000000000000000e+03
2.050000000000000000e+03 6.537000000000000000e+03
2.100000000000000000e+03 6.450000000000000000e+03
2.150000000000000000e+03 6.257000000000000000e+03
2.200000000000000000e+03 6.014000000000000000e+03
2.250000000000000000e+03 5.885000000000000000e+03
2.300000000000000000e+03 5.951000000000000000e+03
2.350000000000000000e+03 5.770000000000000000e+03
2.400000000000000000e+03 5.604000000000000000e+03
2.450000000000000000e+03 5.327000000000000000e+03
2.500000000000000000e+03 5.157000000000000000e+03
2.550000000000000000e+03 4.913000000000000000e+03
2.600000000000000000e+03 4.914000000000000000e+03
2.650000000000000000e+03 4.687000000000000000e+03
2.700000000000000000e+03 4.455000000000000000e+03
2.750000000000000000e+03 4.242000000000000000e+03
2.800000000000000000e+03 4.053000000000000000e+03
2.850000000000000000e+03 3.933000000000000000e+03
2.900000000000000000e+03 3.802000000000000000e+03
2.950000000000000000e+03 3.597000000000000000e+03
3.000000000000000000e+03 3.392000000000000000e+03
3.050000000000000000e+03 3.413000000000000000e+03
3.100000000000000000e+03 3.152000000000000000e+03
3.150000000000000000e+03 2.985000000000000000e+03
3.200000000000000000e+03 2.909000000000000000e+03
3.250000000000000000e+03 2.764000000000000000e+03
3.300000000000000000e+03 2.603000000000000000e+03
3.350000000000000000e+03 2.501000000000000000e+03
3.400000000000000000e+03 2.437000000000000000e+03
3.450000000000000000e+03 2.267000000000000000e+03
3.500000000000000000e+03 2.273000000000000000e+03
3.550000000000000000e+03 2.081000000000000000e+03
3.600000000000000000e+03 2.105000000000000000e+03
3.650000000000000000e+03 2.018000000000000000e+03
3.700000000000000000e+03 2.014000000000000000e+03
3.750000000000000000e+03 2.068000000000000000e+03
3.800000000000000000e+03 1.945000000000000000e+03
3.850000000000000000e+03 1.893000000000000000e+03
3.900000000000000000e+03 1.836000000000000000e+03
3.950000000000000000e+03 1.893000000000000000e+03
4.000000000000000000e+03 1.933000000000000000e+03
4.050000000000000000e+03 1.946000000000000000e+03
4.100000000000000000e+03 1.930000000000000000e+03
4.150000000000000000e+03 2.017000000000000000e+03
4.200000000000000000e+03 2.005000000000000000e+03
4.250000000000000000e+03 2.052000000000000000e+03
4.300000000000000000e+03 2.147000000000000000e+03
4.350000000000000000e+03 2.136000000000000000e+03
4.400000000000000000e+03 2.244000000000000000e+03
4.450000000000000000e+03 2.397000000000000000e+03
4.500000000000000000e+03 2.562000000000000000e+03
4.550000000000000000e+03 2.576000000000000000e+03
4.600000000000000000e+03 2.902000000000000000e+03
4.650000000000000000e+03 2.991000000000000000e+03
4.700000000000000000e+03 3.088000000000000000e+03
4.750000000000000000e+03 3.270000000000000000e+03
4.800000000000000000e+03 3.543000000000000000e+03
4.850000000000000000e+03 3.716000000000000000e+03
4.900000000000000000e+03 3.789000000000000000e+03
4.950000000000000000e+03 3.991000000000000000e+03
5.000000000000000000e+03 4.208000000000000000e+03
5.050000000000000000e+03 4.505000000000000000e+03
5.100000000000000000e+03 4.543000000000000000e+03
5.150000000000000000e+03 4.842000000000000000e+03
5.200000000000000000e+03 4.877000000000000000e+03
5.250000000000000000e+03 5.168000000000000000e+03
5.300000000000000000e+03 5.391000000000000000e+03
5.350000000000000000e+03 5.435000000000000000e+03
5.400000000000000000e+03 5.811000000000000000e+03
5.450000000000000000e+03 5.889000000000000000e+03
5.500000000000000000e+03 5.964000000000000000e+03
5.550000000000000000e+03 6.008000000000000000e+03
5.600000000000000000e+03 6.261000000000000000e+03
5.650000000000000000e+03 6.431000000000000000e+03
5.700000000000000000e+03 6.509000000000000000e+03
5.750000000000000000e+03 6.612000000000000000e+03
5.800000000000000000e+03 6.745000000000000000e+03
5.850000000000000000e+03 6.667000000000000000e+03
5.900000000000000000e+03 6.798000000000000000e+03
5.950000000000000000e+03 6.862000000000000000e+03
6.000000000000000000e+03 7.048000000000000000e+03
6.050000000000000000e+03 6.915000000000000000e+03
6.100000000000000000e+03 7.059000000000000000e+03
6.150000000000000000e+03 7.257000000000000000e+03
6.200000000000000000e+03 7.077000000000000000e+03
6.250000000000000000e+03 7.087000000000000000e+03
6.300000000000000000e+03 7.295000000000000000e+03
6.350000000000000000e+03 7.319000000000000000e+03
6.400000000000000000e+03 7.153000000000000000e+03
6.450000000000000000e+03 7.216000000000000000e+03
6.500000000000000000e+03 7.182000000000000000e+03
6.550000000000000000e+03 7.288000000000000000e+03
6.600000000000000000e+03 7.196000000000000000e+03
6.650000000000000000e+03 7.088000000000000000e+03
6.700000000000000000e+03 6.962000000000000000e+03
6.750000000000000000e+03 7.102000000000000000e+03
6.800000000000000000e+03 7.013000000000000000e+03
6.850000000000000000e+03 6.915000000000000000e+03
6.900000000000000000e+03 6.709000000000000000e+03
6.950000000000000000e+03 6.705000000000000000e+03
7.000000000000000000e+03 6.500000000000000000e+03
7.050000000000000000e+03 6.640000000000000000e+03
7.100000000000000000e+03 6.362000000000000000e+03
7.150000000000000000e+03 6.303000000000000000e+03
7.200000000000000000e+03 5.859000000000000000e+03
7.250000000000000000e+03 5.961000000000000000e+03
7.300000000000000000e+03 5.791000000000000000e+03
7.350000000000000000e+03 5.639000000000000000e+03
7.400000000000000000e+03 5.378000000000000000e+03
7.450000000000000000e+03 5.297000000000000000e+03
7.500000000000000000e+03 5.145000000000000000e+03
7.550000000000000000e+03 4.845000000000000000e+03
7.600000000000000000e+03 4.905000000000000000e+03
7.650000000000000000e+03 4.520000000000000000e+03
7.700000000000000000e+03 4.502000000000000000e+03
7.750000000000000000e+03 4.346000000000000000e+03
7.800000000000000000e+03 4.096000000000000000e+03
7.850000000000000000e+03 3.884000000000000000e+03
7.900000000000000000e+03 3.741000000000000000e+03
7.950000000000000000e+03 3.678000000000000000e+03
8.000000000000000000e+03 3.530000000000000000e+03
8.050000000000000000e+03 3.353000000000000000e+03
8.100000000000000000e+03 3.059000000000000000e+03
8.150000000000000000e+03 3.028000000000000000e+03
8.200000000000000000e+03 2.841000000000000000e+03
8.250000000000000000e+03 2.734000000000000000e+03
8.300000000000000000e+03 2.670000000000000000e+03
8.350000000000000000e+03 2.432000000000000000e+03
8.400000000000000000e+03 2.482000000000000000e+03
8.450000000000000000e+03 2.290000000000000000e+03
8.500000000000000000e+03 2.323000000000000000e+03
8.550000000000000000e+03 2.194000000000000000e+03
8.600000000000000000e+03 2.056000000000000000e+03
8.650000000000000000e+03 2.097000000000000000e+03
8.700000000000000000e+03 1.982000000000000000e+03
8.750000000000000000e+03 1.995000000000000000e+03
8.800000000000000000e+03 1.821000000000000000e+03
8.850000000000000000e+03 1.883000000000000000e+03
8.900000000000000000e+03 1.878000000000000000e+03
8.950000000000000000e+03 1.899000000000000000e+03
9.000000000000000000e+03 1.848000000000000000e+03
9.050000000000000000e+03 1.857000000000000000e+03
9.100000000000000000e+03 1.953000000000000000e+03
9.150000000000000000e+03 1.963000000000000000e+03
9.200000000000000000e+03 1.976000000000000000e+03
9.250000000000000000e+03 2.000000000000000000e+03
9.300000000000000000e+03 2.174000000000000000e+03
9.350000000000000000e+03 2.239000000000000000e+03
9.400000000000000000e+03 2.294000000000000000e+03
9.450000000000000000e+03 2.416000000000000000e+03
9.500000000000000000e+03 2.521000000000000000e+03
9.550000000000000000e+03 2.728000000000000000e+03
9.600000000000000000e+03 2.820000000000000000e+03
9.650000000000000000e+03 2.946000000000000000e+03
9.700000000000000000e+03 3.218000000000000000e+03
9.750000000000000000e+03 3.250000000000000000e+03
9.800000000000000000e+03 3.475000000000000000e+03
9.850000000000000000e+03 3.741000000000000000e+03
9.900000000000000000e+03 3.743000000000000000e+03
9.950000000000000000e+03 4.097000000000000000e+03
