0.000000000000000000e+00 3.838000000000000000e+03
2.500000000000000000e+03 3.899000000000000000e+03
5.000000000000000000e+03 4.022000000000000000e+03
7.500000000000000000e+03 4.164000000000000000e+03
1.000000000000000000e+04 4.333000000000000000e+03
1.250000000000000000e+04 4.408000000000000000e+03
1.500000000000000000e+04 4.613000000000000000e+03
1.750000000000000000e+04 4.579000000000000000e+03
2.000000000000000000e+04 4.660000000000000000e+03
2.250000000000000000e+04 4.717000000000000000e+03
2.500000000000000000e+04 4.740000000000000000e+03
2.750000000000000000e+04 4.917000000000000000e+03
3.000000000000000000e+04 4.898000000000000000e+03
3.250000000000000000e+04 4.737000000000000000e+03
3.500000000000000000e+04 4.875000000000000000e+03
3.750000000000000000e+04 4.862000000000000000e+03
4.000000000000000000e+04 5.052000000000000000e+03
4.250000000000000000e+04 5.008000000000000000e+03
4.500000000000000000e+04 4.922000000000000000e+03
4.750000000000000000e+04 4.834000000000000000e+03
5.000000000000000000e+04 4.911000000000000000e+03
5.250000000000000000e+04 4.951000000000000000e+03
5.500000000000000000e+04 5.125000000000000000e+03
5.750000000000000000e+04 4.909000000000000000e+03
6.000000000000000000e+04 4.934000000000000000e+03
6.250000000000000000e+04 4.899000000000000000e+03
6.500000000000000000e+04 4.833000000000000000e+03
6.750000000000000000e+04 4.869000000000000000e+03
7.000000000000000000e+04 4.701000000000000000e+03
7.250000000000000000e+04 4.674000000000000000e+03
7.500000000000000000e+04 4.628000000000000000e+03
7.750000000000000000e+04 4.634000000000000000e+03
8.000000000000000000e+04 4.465000000000000000e+03
8.250000000000000000e+04 4.404000000000000000e+03
8.500000000000000000e+04 4.321000000000000000e+03
8.750000000000000000e+04 4.206000000000000000e+03
9.000000000000000000e+04 4.249000000000000000e+03
9.250000000000000000e+04 4.038000000000000000e+03
9.500000000000000000e+04 4.024000000000000000e+03
9.750000000000000000e+04 3.864000000000000000e+03
1.000000000000000000e+05 3.659000000000000000e+03
1.025000000000000000e+05 3.521000000000000000e+03
1.050000000000000000e+05 3.390000000000000000e+03
1.075000000000000000e+05 3.221000000000000000e+03
1.100000000000000000e+05 3.068000000000000000e+03
1.125000000000000000e+05 2.855000000000000000e+03
1.150000000000000000e+05 2.695000000000000000e+03
1.175000000000000000e+05 2.654000000000000000e+03
1.200000000000000000e+05 2.410000000000000000e+03
1.225000000000000000e+05 2.301000000000000000e+03
1.250000000000000000e+05 2.122000000000000000e+03
1.275000000000000000e+05 2.008000000000000000e+03
1.300000000000000000e+05 1.814000000000000000e+03
1.325000000000000000e+05 1.718000000000000000e+03
1.350000000000000000e+05 1.585000000000000000e+03
1.375000000000000000e+05 1.452000000000000000e+03
1.400000000000000000e+05 1.324000000000000000e+03
1.425000000000000000e+05 1.228000000000000000e+03
1.450000000000000000e+05 1.073000000000000000e+03
1.475000000000000000e+05 9.860000000000000000e+02
1.500000000000000000e+05 8.820000000000000000e+02
1.525000000000000000e+05 7.870000000000000000e+02
1.550000000000000000e+05 7.440000000000000000e+02
1.575000000000000000e+05 6.990000000000000000e+02
1.600000000000000000e+05 6.580000000000000000e+02
1.625000000000000000e+05 6.010000000000000000e+02
1.650000000000000000e+05 6.800000000000000000e+02
1.675000000000000000e+05 6.210000000000000000e+02
1.700000000000000000e+05 5.750000000000000000e+02
1.725000000000000000e+05 5.750000000000000000e+02
1.750000000000000000e+05 5.520000000000000000e+02
1.775000000000000000e+05 5.600000000000000000e+02
1.800000000000000000e+05 5.750000000000000000e+02
1.825000000000000000e+05 5.890000000000000000e+02
1.850000000000000000e+05 6.710000000000000000e+02
1.875000000000000000e+05 6.780000000000000000e+02
1.900000000000000000e+05 7.220000000000000000e+02
1.925000000000000000e+05 7.890000000000000000e+02
1.950000000000000000e+05 8.400000000000000000e+02
1.975000000000000000e+05 8.850000000000000000e+02
2.000000000000000000e+05 1.069000000000000000e+03
2.025000000000000000e+05 1.128000000000000000e+03
2.050000000000000000e+05 1.171000000000000000e+03
2.075000000000000000e+05 1.299000000000000000e+03
2.100000000000000000e+05 1.443000000000000000e+03
2.125000000000000000e+05 1.454000000000000000e+03
2.150000000000000000e+05 1.667000000000000000e+03
2.175000000000000000e+05 1.846000000000000000e+03
2.200000000000000000e+05 1.849000000000000000e+03
2.225000000000000000e+05 2.215000000000000000e+03
2.250000000000000000e+05 2.435000000000000000e+03
2.275000000000000000e+05 2.565000000000000000e+03
2.300000000000000000e+05 2.573000000000000000e+03
2.325000000000000000e+05 2.735000000000000000e+03
2.350000000000000000e+05 2.998000000000000000e+03
2.375000000000000000e+05 3.064000000000000000e+03
2.400000000000000000e+05 3.182000000000000000e+03
2.425000000000000000e+05 3.408000000000000000e+03
2.450000000000000000e+05 3.529000000000000000e+03
2.475000000000000000e+05 3.723000000000000000e+03
2.500000000000000000e+05 3.803000000000000000e+03
2.525000000000000000e+05 3.949000000000000000e+03
2.550000000000000000e+05 4.071000000000000000e+03
2.575000000000000000e+05 4.297000000000000000e+03
2.600000000000000000e+05 4.200000000000000000e+03
2.625000000000000000e+05 4.387000000000000000e+03
2.650000000000000000e+05 4.486000000000000000e+03
2.675000000000000000e+05 4.660000000000000000e+03
2.700000000000000000e+05 4.747000000000000000e+03
2.725000000000000000e+05 4.742000000000000000e+03
2.750000000000000000e+05 4.586000000000000000e+03
2.775000000000000000e+05 4.796000000000000000e+03
2.800000000000000000e+05 4.768000000000000000e+03
2.825000000000000000e+05 4.924000000000000000e+03
2.850000000000000000e+05 4.847000000000000000e+03
2.875000000000000000e+05 4.907000000000000000e+03
2.900000000000000000e+05 5.056000000000000000e+03
2.925000000000000000e+05 4.908000000000000000e+03
2.950000000000000000e+05 5.087000000000000000e+03
2.975000000000000000e+05 4.988000000000000000e+03
3.000000000000000000e+05 4.972000000000000000e+03
3.025000000000000000e+05 5.028000000000000000e+03
3.050000000000000000e+05 4.969000000000000000e+03
3.075000000000000000e+05 4.949000000000000000e+03
3.100000000000000000e+05 5.012000000000000000e+03
3.125000000000000000e+05 4.832000000000000000e+03
3.150000000000000000e+05 5.028000000000000000e+03
3.175000000000000000e+05 4.799000000000000000e+03
3.200000000000000000e+05 4.788000000000000000e+03
3.225000000000000000e+05 4.851000000000000000e+03
3.250000000000000000e+05 4.654000000000000000e+03
3.275000000000000000e+05 4.709000000000000000e+03
3.300000000000000000e+05 4.419000000000000000e+03
3.325000000000000000e+05 4.511000000000000000e+03
3.350000000000000000e+05 4.215000000000000000e+03
3.375000000000000000e+05 4.282000000000000000e+03
3.400000000000000000e+05 4.197000000000000000e+03
3.425000000000000000e+05 4.003000000000000000e+03
3.450000000000000000e+05 3.944000000000000000e+03
3.475000000000000000e+05 3.710000000000000000e+03
3.500000000000000000e+05 3.696000000000000000e+03
3.525000000000000000e+05 3.517000000000000000e+03
3.550000000000000000e+05 3.461000000000000000e+03
3.575000000000000000e+05 3.227000000000000000e+03
3.600000000000000000e+05 3.111000000000000000e+03
3.625000000000000000e+05 2.937000000000000000e+03
3.650000000000000000e+05 2.741000000000000000e+03
3.675000000000000000e+05 2.584000000000000000e+03
3.700000000000000000e+05 2.517000000000000000e+03
3.725000000000000000e+05 2.217000000000000000e+03
3.750000000000000000e+05 2.054000000000000000e+03
3.775000000000000000e+05 1.961000000000000000e+03
3.800000000000000000e+05 1.793000000000000000e+03
3.825000000000000000e+05 1.615000000000000000e+03
3.850000000000000000e+05 1.551000000000000000e+03
3.875000000000000000e+05 1.401000000000000000e+03
3.900000000000000000e+05 1.328000000000000000e+03
3.925000000000000000e+05 1.202000000000000000e+03
3.950000000000000000e+05 1.107000000000000000e+03
3.975000000000000000e+05 9.900000000000000000e+02
4.000000000000000000e+05 8.910000000000000000e+02
4.025000000000000000e+05 7.590000000000000000e+02
4.050000000000000000e+05 7.740000000000000000e+02
4.075000000000000000e+05 7.130000000000000000e+02
4.100000000000000000e+05 7.060000000000000000e+02
4.125000000000000000e+05 6.220000000000000000e+02
4.150000000000000000e+05 5.710000000000000000e+02
4.175000000000000000e+05 5.560000000000000000e+02
4.200000000000000000e+05 5.880000000000000000e+02
4.225000000000000000e+05 5.850000000000000000e+02
4.250000000000000000e+05 5.460000000000000000e+02
4.275000000000000000e+05 5.570000000000000000e+02
4.300000000000000000e+05 6.080000000000000000e+02
4.325000000000000000e+05 5.930000000000000000e+02
4.350000000000000000e+05 6.490000000000000000e+02
4.375000000000000000e+05 6.760000000000000000e+02
4.400000000000000000e+05 6.950000000000000000e+02
4.425000000000000000e+05 7.840000000000000000e+02
4.450000000000000000e+05 8.150000000000000000e+02
4.475000000000000000e+05 9.080000000000000000e+02
4.500000000000000000e+05 1.048000000000000000e+03
4.525000000000000000e+05 1.080000000000000000e+03
4.550000000000000000e+05 1.228000000000000000e+03
4.575000000000000000e+05 1.259000000000000000e+03
4.600000000000000000e+05 1.401000000000000000e+03
4.625000000000000000e+05 1.462000000000000000e+03
4.650000000000000000e+05 1.751000000000000000e+03
4.675000000000000000e+05 1.837000000000000000e+03
4.700000000000000000e+05 1.951000000000000000e+03
4.725000000000000000e+05 2.127000000000000000e+03
4.750000000000000000e+05 2.261000000000000000e+03
4.775000000000000000e+05 2.476000000000000000e+03
4.800000000000000000e+05 2.678000000000000000e+03
4.825000000000000000e+05 2.722000000000000000e+03
4.850000000000000000e+05 2.952000000000000000e+03
4.875000000000000000e+05 3.106000000000000000e+03
4.900000000000000000e+05 3.337000000000000000e+03
4.925000000000000000e+05 3.397000000000000000e+03
4.950000000000000000e+05 3.439000000000000000e+03
4.975000000000000000e+05 3.693000000000000000e+03
