0.000000000000000000e+00 5.107000000000000000e+03
3.333000000000000000e+03 5.388000000000000000e+03
6.666000000000000000e+03 5.580000000000000000e+03
9.999000000000000000e+03 5.647000000000000000e+03
1.333200000000000000e+04 5.757000000000000000e+03
1.666500000000000000e+04 5.935000000000000000e+03
1.999800000000000000e+04 6.197000000000000000e+03
2.333100000000000000e+04 6.057000000000000000e+03
2.666400000000000000e+04 6.114000000000000000e+03
2.999700000000000000e+04 6.465000000000000000e+03
3.333000000000000000e+04 6.285000000000000000e+03
3.666300000000000000e+04 6.615000000000000000e+03
3.999600000000000000e+04 6.551000000000000000e+03
4.332900000000000000e+04 6.595000000000000000e+03
4.666200000000000000e+04 6.771000000000000000e+03
4.999500000000000000e+04 6.740000000000000000e+03
5.332800000000000000e+04 6.590000000000000000e+03
5.666100000000000000e+04 6.819000000000000000e+03
5.999400000000000000e+04 6.767000000000000000e+03
6.332700000000000000e+04 6.781000000000000000e+03
6.666000000000000000e+04 6.557000000000000000e+03
6.999300000000000000e+04 6.784000000000000000e+03
7.332600000000000000e+04 6.620000000000000000e+03
7.665900000000000000e+04 6.799000000000000000e+03
7.999200000000000000e+04 6.688000000000000000e+03
8.332500000000000000e+04 6.609000000000000000e+03
8.665800000000000000e+04 6.598000000000000000e+03
8.999100000000000000e+04 6.397000000000000000e+03
9.332400000000000000e+04 6.546000000000000000e+03
9.665700000000000000e+04 6.497000000000000000e+03
9.999000000000000000e+04 6.388000000000000000e+03
1.033230000000000000e+05 6.186000000000000000e+03
1.066560000000000000e+05 6.140000000000000000e+03
1.099890000000000000e+05 5.887000000000000000e+03
1.133220000000000000e+05 5.782000000000000000e+03
1.166550000000000000e+05 5.620000000000000000e+03
1.199880000000000000e+05 5.523000000000000000e+03
1.233210000000000000e+05 5.561000000000000000e+03
1.266540000000000000e+05 5.265000000000000000e+03
1.299870000000000000e+05 5.024000000000000000e+03
1.333200000000000000e+05 4.797000000000000000e+03
1.366530000000000000e+05 4.755000000000000000e+03
1.399860000000000000e+05 4.480000000000000000e+03
1.433190000000000000e+05 4.387000000000000000e+03
1.466520000000000000e+05 4.053000000000000000e+03
1.499850000000000000e+05 3.971000000000000000e+03
1.533180000000000000e+05 3.694000000000000000e+03
1.566510000000000000e+05 3.559000000000000000e+03
1.599840000000000000e+05 3.207000000000000000e+03
1.633170000000000000e+05 3.082000000000000000e+03
1.666500000000000000e+05 2.838000000000000000e+03
1.699830000000000000e+05 2.648000000000000000e+03
1.733160000000000000e+05 2.536000000000000000e+03
1.766490000000000000e+05 2.285000000000000000e+03
1.799820000000000000e+05 2.108000000000000000e+03
1.833150000000000000e+05 1.936000000000000000e+03
1.866480000000000000e+05 1.805000000000000000e+03
1.899810000000000000e+05 1.546000000000000000e+03
1.933140000000000000e+05 1.464000000000000000e+03
1.966470000000000000e+05 1.394000000000000000e+03
1.999800000000000000e+05 1.196000000000000000e+03
2.033130000000000000e+05 1.127000000000000000e+03
2.066460000000000000e+05 1.092000000000000000e+03
2.099790000000000000e+05 9.280000000000000000e+02
2.133120000000000000e+05 9.170000000000000000e+02
2.166450000000000000e+05 8.950000000000000000e+02
2.199780000000000000e+05 8.660000000000000000e+02
2.233110000000000000e+05 7.690000000000000000e+02
2.266440000000000000e+05 7.450000000000000000e+02
2.299770000000000000e+05 8.140000000000000000e+02
2.333100000000000000e+05 8.010000000000000000e+02
2.366430000000000000e+05 7.760000000000000000e+02
2.399760000000000000e+05 8.330000000000000000e+02
2.433090000000000000e+05 8.500000000000000000e+02
2.466420000000000000e+05 8.920000000000000000e+02
2.499750000000000000e+05 9.580000000000000000e+02
2.533080000000000000e+05 9.330000000000000000e+02
2.566410000000000000e+05 1.113000000000000000e+03
2.599740000000000000e+05 1.115000000000000000e+03
2.633070000000000000e+05 1.217000000000000000e+03
2.666400000000000000e+05 1.349000000000000000e+03
2.699730000000000000e+05 1.482000000000000000e+03
2.733060000000000000e+05 1.584000000000000000e+03
2.766390000000000000e+05 1.702000000000000000e+03
2.799720000000000000e+05 1.951000000000000000e+03
2.833050000000000000e+05 2.057000000000000000e+03
2.866380000000000000e+05 2.241000000000000000e+03
2.899710000000000000e+05 2.421000000000000000e+03
2.933040000000000000e+05 2.716000000000000000e+03
2.966370000000000000e+05 2.994000000000000000e+03
2.999700000000000000e+05 3.037000000000000000e+03
3.033030000000000000e+05 3.290000000000000000e+03
3.066360000000000000e+05 3.575000000000000000e+03
3.099690000000000000e+05 3.730000000000000000e+03
3.133020000000000000e+05 3.968000000000000000e+03
3.166350000000000000e+05 4.200000000000000000e+03
3.199680000000000000e+05 4.317000000000000000e+03
3.233010000000000000e+05 4.670000000000000000e+03
3.266340000000000000e+05 4.815000000000000000e+03
3.299670000000000000e+05 4.960000000000000000e+03
3.333000000000000000e+05 5.080000000000000000e+03
3.366330000000000000e+05 5.335000000000000000e+03
3.399660000000000000e+05 5.503000000000000000e+03
3.432990000000000000e+05 5.675000000000000000e+03
3.466320000000000000e+05 5.853000000000000000e+03
3.499650000000000000e+05 5.907000000000000000e+03
3.532980000000000000e+05 5.897000000000000000e+03
3.566310000000000000e+05 6.227000000000000000e+03
3.599640000000000000e+05 6.287000000000000000e+03
3.632970000000000000e+05 6.222000000000000000e+03
3.666300000000000000e+05 6.613000000000000000e+03
3.699630000000000000e+05 6.442000000000000000e+03
3.732960000000000000e+05 6.533000000000000000e+03
3.766290000000000000e+05 6.558000000000000000e+03
3.799620000000000000e+05 6.750000000000000000e+03
3.832950000000000000e+05 6.766000000000000000e+03
3.866280000000000000e+05 6.796000000000000000e+03
3.899610000000000000e+05 6.867000000000000000e+03
3.932940000000000000e+05 6.676000000000000000e+03
3.966270000000000000e+05 6.833000000000000000e+03
3.999600000000000000e+05 6.771000000000000000e+03
4.032930000000000000e+05 6.861000000000000000e+03
4.066260000000000000e+05 6.712000000000000000e+03
4.099590000000000000e+05 6.694000000000000000e+03
4.132920000000000000e+05 6.675000000000000000e+03
4.166250000000000000e+05 6.566000000000000000e+03
4.199580000000000000e+05 6.539000000000000000e+03
4.232910000000000000e+05 6.624000000000000000e+03
4.266240000000000000e+05 6.422000000000000000e+03
4.299570000000000000e+05 6.414000000000000000e+03
4.332900000000000000e+05 6.305000000000000000e+03
4.366230000000000000e+05 6.144000000000000000e+03
4.399560000000000000e+05 6.136000000000000000e+03
4.432890000000000000e+05 6.062000000000000000e+03
4.466220000000000000e+05 5.794000000000000000e+03
4.499550000000000000e+05 5.686000000000000000e+03
4.532880000000000000e+05 5.492000000000000000e+03
4.566210000000000000e+05 5.504000000000000000e+03
4.599540000000000000e+05 5.329000000000000000e+03
4.632870000000000000e+05 5.108000000000000000e+03
4.666200000000000000e+05 4.868000000000000000e+03
4.699530000000000000e+05 4.719000000000000000e+03
4.732860000000000000e+05 4.506000000000000000e+03
4.766190000000000000e+05 4.412000000000000000e+03
4.799520000000000000e+05 4.239000000000000000e+03
4.832850000000000000e+05 3.791000000000000000e+03
4.866180000000000000e+05 3.715000000000000000e+03
4.899510000000000000e+05 3.403000000000000000e+03
4.932840000000000000e+05 3.242000000000000000e+03
4.966170000000000000e+05 2.943000000000000000e+03
4.999500000000000000e+05 2.817000000000000000e+03
5.032830000000000000e+05 2.756000000000000000e+03
5.066160000000000000e+05 2.412000000000000000e+03
5.099490000000000000e+05 2.183000000000000000e+03
5.132820000000000000e+05 2.096000000000000000e+03
5.166150000000000000e+05 1.917000000000000000e+03
5.199480000000000000e+05 1.725000000000000000e+03
5.232810000000000000e+05 1.643000000000000000e+03
5.266140000000000000e+05 1.366000000000000000e+03
5.299470000000000000e+05 1.362000000000000000e+03
5.332800000000000000e+05 1.181000000000000000e+03
5.366130000000000000e+05 1.164000000000000000e+03
5.399460000000000000e+05 1.032000000000000000e+03
5.432790000000000000e+05 9.910000000000000000e+02
5.466120000000000000e+05 9.280000000000000000e+02
5.499450000000000000e+05 8.770000000000000000e+02
5.532780000000000000e+05 7.920000000000000000e+02
5.566110000000000000e+05 8.170000000000000000e+02
5.599440000000000000e+05 8.600000000000000000e+02
5.632770000000000000e+05 7.840000000000000000e+02
5.666100000000000000e+05 7.380000000000000000e+02
5.699430000000000000e+05 8.020000000000000000e+02
5.732760000000000000e+05 7.800000000000000000e+02
5.766090000000000000e+05 7.900000000000000000e+02
5.799420000000000000e+05 9.140000000000000000e+02
5.832750000000000000e+05 9.130000000000000000e+02
5.866080000000000000e+05 9.740000000000000000e+02
5.899410000000000000e+05 1.017000000000000000e+03
5.932740000000000000e+05 1.153000000000000000e+03
5.966070000000000000e+05 1.201000000000000000e+03
5.999400000000000000e+05 1.352000000000000000e+03
6.032730000000000000e+05 1.501000000000000000e+03
6.066060000000000000e+05 1.603000000000000000e+03
6.099390000000000000e+05 1.733000000000000000e+03
6.132720000000000000e+05 1.942000000000000000e+03
6.166050000000000000e+05 2.121000000000000000e+03
6.199380000000000000e+05 2.300000000000000000e+03
6.232710000000000000e+05 2.421000000000000000e+03
6.266040000000000000e+05 2.779000000000000000e+03
6.299370000000000000e+05 2.899000000000000000e+03
6.332700000000000000e+05 3.163000000000000000e+03
6.366030000000000000e+05 3.177000000000000000e+03
6.399360000000000000e+05 3.601000000000000000e+03
6.432690000000000000e+05 3.699000000000000000e+03
6.466020000000000000e+05 3.974000000000000000e+03
6.499350000000000000e+05 4.212000000000000000e+03
6.532680000000000000e+05 4.355000000000000000e+03
6.566010000000000000e+05 4.694000000000000000e+03
6.599340000000000000e+05 4.716000000000000000e+03
6.632670000000000000e+05 4.938000000000000000e+03
