0.000000000000000000e+00 2.146000000000000000e+03
1.667000000000000000e+03 2.271000000000000000e+03
3.334000000000000000e+03 2.392000000000000000e+03
5.001000000000000000e+03 2.251000000000000000e+03
6.668000000000000000e+03 2.356000000000000000e+03
8.335000000000000000e+03 2.394000000000000000e+03
1.000200000000000000e+04 2.437000000000000000e+03
1.166900000000000000e+04 2.457000000000000000e+03
1.333600000000000000e+04 2.451000000000000000e+03
1.500300000000000000e+04 2.430000000000000000e+03
1.667000000000000000e+04 2.451000000000000000e+03
1.833700000000000000e+04 2.453000000000000000e+03
2.000400000000000000e+04 2.626000000000000000e+03
2.167100000000000000e+04 2.608000000000000000e+03
2.333800000000000000e+04 2.506000000000000000e+03
2.500500000000000000e+04 2.685000000000000000e+03
2.667200000000000000e+04 2.573000000000000000e+03
2.833900000000000000e+04 2.578000000000000000e+03
3.000600000000000000e+04 2.561000000000000000e+03
3.167300000000000000e+04 2.581000000000000000e+03
3.334000000000000000e+04 2.685000000000000000e+03
3.500700000000000000e+04 2.635000000000000000e+03
3.667400000000000000e+04 2.673000000000000000e+03
3.834100000000000000e+04 2.624000000000000000e+03
4.000800000000000000e+04 2.516000000000000000e+03
4.167500000000000000e+04 2.570000000000000000e+03
4.334200000000000000e+04 2.671000000000000000e+03
4.500900000000000000e+04 2.410000000000000000e+03
4.667600000000000000e+04 2.455000000000000000e+03
4.834300000000000000e+04 2.648000000000000000e+03
5.001000000000000000e+04 2.457000000000000000e+03
5.167700000000000000e+04 2.489000000000000000e+03
5.334400000000000000e+04 2.407000000000000000e+03
5.501100000000000000e+04 2.489000000000000000e+03
5.667800000000000000e+04 2.414000000000000000e+03
5.834500000000000000e+04 2.401000000000000000e+03
6.001200000000000000e+04 2.323000000000000000e+03
6.167900000000000000e+04 2.336000000000000000e+03
6.334600000000000000e+04 2.222000000000000000e+03
6.501300000000000000e+04 2.132000000000000000e+03
6.668000000000000000e+04 2.241000000000000000e+03
6.834700000000000000e+04 2.169000000000000000e+03
7.001400000000000000e+04 2.127000000000000000e+03
7.168100000000000000e+04 2.104000000000000000e+03
7.334800000000000000e+04 1.985000000000000000e+03
7.501500000000000000e+04 2.011000000000000000e+03
7.668200000000000000e+04 1.893000000000000000e+03
7.834900000000000000e+04 1.746000000000000000e+03
8.001600000000000000e+04 1.677000000000000000e+03
8.168300000000000000e+04 1.721000000000000000e+03
8.335000000000000000e+04 1.599000000000000000e+03
8.501700000000000000e+04 1.604000000000000000e+03
8.668400000000000000e+04 1.606000000000000000e+03
8.835100000000000000e+04 1.434000000000000000e+03
9.001800000000000000e+04 1.374000000000000000e+03
9.168500000000000000e+04 1.368000000000000000e+03
9.335200000000000000e+04 1.293000000000000000e+03
9.501900000000000000e+04 1.195000000000000000e+03
9.668600000000000000e+04 1.184000000000000000e+03
9.835300000000000000e+04 1.087000000000000000e+03
1.000200000000000000e+05 1.070000000000000000e+03
1.016870000000000000e+05 1.026000000000000000e+03
1.033540000000000000e+05 1.024000000000000000e+03
1.050210000000000000e+05 9.400000000000000000e+02
1.066880000000000000e+05 9.400000000000000000e+02
1.083550000000000000e+05 9.050000000000000000e+02
1.100220000000000000e+05 9.170000000000000000e+02
1.116890000000000000e+05 9.200000000000000000e+02
1.133560000000000000e+05 8.390000000000000000e+02
1.150230000000000000e+05 8.720000000000000000e+02
1.166900000000000000e+05 8.480000000000000000e+02
1.183570000000000000e+05 8.870000000000000000e+02
1.200240000000000000e+05 8.790000000000000000e+02
1.216910000000000000e+05 9.040000000000000000e+02
1.233580000000000000e+05 8.960000000000000000e+02
1.250250000000000000e+05 9.380000000000000000e+02
1.266920000000000000e+05 9.230000000000000000e+02
1.283590000000000000e+05 1.064000000000000000e+03
1.300260000000000000e+05 1.063000000000000000e+03
1.316930000000000000e+05 1.080000000000000000e+03
1.333600000000000000e+05 1.124000000000000000e+03
1.350270000000000000e+05 1.157000000000000000e+03
1.366940000000000000e+05 1.270000000000000000e+03
1.383610000000000000e+05 1.380000000000000000e+03
1.400280000000000000e+05 1.405000000000000000e+03
1.416950000000000000e+05 1.436000000000000000e+03
1.433620000000000000e+05 1.505000000000000000e+03
1.450290000000000000e+05 1.597000000000000000e+03
1.466960000000000000e+05 1.638000000000000000e+03
1.483630000000000000e+05 1.613000000000000000e+03
1.500300000000000000e+05 1.750000000000000000e+03
1.516970000000000000e+05 1.728000000000000000e+03
1.533640000000000000e+05 1.882000000000000000e+03
1.550310000000000000e+05 1.942000000000000000e+03
1.566980000000000000e+05 2.006000000000000000e+03
1.583650000000000000e+05 2.003000000000000000e+03
1.600320000000000000e+05 2.098000000000000000e+03
1.616990000000000000e+05 2.095000000000000000e+03
1.633660000000000000e+05 2.125000000000000000e+03
1.650330000000000000e+05 2.233000000000000000e+03
1.667000000000000000e+05 2.310000000000000000e+03
1.683670000000000000e+05 2.288000000000000000e+03
1.700340000000000000e+05 2.313000000000000000e+03
1.717010000000000000e+05 2.416000000000000000e+03
1.733680000000000000e+05 2.399000000000000000e+03
1.750350000000000000e+05 2.377000000000000000e+03
1.767020000000000000e+05 2.360000000000000000e+03
1.783690000000000000e+05 2.504000000000000000e+03
1.800360000000000000e+05 2.480000000000000000e+03
1.817030000000000000e+05 2.444000000000000000e+03
1.833700000000000000e+05 2.488000000000000000e+03
1.850370000000000000e+05 2.523000000000000000e+03
1.867040000000000000e+05 2.608000000000000000e+03
1.883710000000000000e+05 2.554000000000000000e+03
1.900380000000000000e+05 2.573000000000000000e+03
1.917050000000000000e+05 2.391000000000000000e+03
1.933720000000000000e+05 2.510000000000000000e+03
1.950390000000000000e+05 2.542000000000000000e+03
1.967060000000000000e+05 2.518000000000000000e+03
1.983730000000000000e+05 2.620000000000000000e+03
2.000400000000000000e+05 2.647000000000000000e+03
2.017070000000000000e+05 2.567000000000000000e+03
2.033740000000000000e+05 2.563000000000000000e+03
2.050410000000000000e+05 2.638000000000000000e+03
2.067080000000000000e+05 2.575000000000000000e+03
2.083750000000000000e+05 2.501000000000000000e+03
2.100420000000000000e+05 2.651000000000000000e+03
2.117090000000000000e+05 2.484000000000000000e+03
2.133760000000000000e+05 2.526000000000000000e+03
2.150430000000000000e+05 2.506000000000000000e+03
2.167100000000000000e+05 2.419000000000000000e+03
2.183770000000000000e+05 2.373000000000000000e+03
2.200440000000000000e+05 2.395000000000000000e+03
2.217110000000000000e+05 2.317000000000000000e+03
2.233780000000000000e+05 2.359000000000000000e+03
2.250450000000000000e+05 2.315000000000000000e+03
2.267120000000000000e+05 2.280000000000000000e+03
2.283790000000000000e+05 2.326000000000000000e+03
2.300460000000000000e+05 2.226000000000000000e+03
2.317130000000000000e+05 2.219000000000000000e+03
2.333800000000000000e+05 2.208000000000000000e+03
2.350470000000000000e+05 2.162000000000000000e+03
2.367140000000000000e+05 2.081000000000000000e+03
2.383810000000000000e+05 2.088000000000000000e+03
2.400480000000000000e+05 1.870000000000000000e+03
2.417150000000000000e+05 1.960000000000000000e+03
2.433820000000000000e+05 1.864000000000000000e+03
2.450490000000000000e+05 1.842000000000000000e+03
2.467160000000000000e+05 1.702000000000000000e+03
2.483830000000000000e+05 1.715000000000000000e+03
2.500500000000000000e+05 1.587000000000000000e+03
2.517170000000000000e+05 1.541000000000000000e+03
2.533840000000000000e+05 1.480000000000000000e+03
2.550510000000000000e+05 1.470000000000000000e+03
2.567180000000000000e+05 1.436000000000000000e+03
2.583850000000000000e+05 1.345000000000000000e+03
2.600520000000000000e+05 1.294000000000000000e+03
2.617190000000000000e+05 1.278000000000000000e+03
2.633860000000000000e+05 1.156000000000000000e+03
2.650530000000000000e+05 1.157000000000000000e+03
2.667200000000000000e+05 1.164000000000000000e+03
2.683870000000000000e+05 9.730000000000000000e+02
2.700540000000000000e+05 9.880000000000000000e+02
2.717210000000000000e+05 9.690000000000000000e+02
2.733880000000000000e+05 9.590000000000000000e+02
2.750550000000000000e+05 9.250000000000000000e+02
2.767220000000000000e+05 9.050000000000000000e+02
2.783890000000000000e+05 8.740000000000000000e+02
2.800560000000000000e+05 8.820000000000000000e+02
2.817230000000000000e+05 8.870000000000000000e+02
2.833900000000000000e+05 8.890000000000000000e+02
2.850570000000000000e+05 8.590000000000000000e+02
2.867240000000000000e+05 8.690000000000000000e+02
2.883910000000000000e+05 8.710000000000000000e+02
2.900580000000000000e+05 8.890000000000000000e+02
2.917250000000000000e+05 9.820000000000000000e+02
2.933920000000000000e+05 9.560000000000000000e+02
2.950590000000000000e+05 1.005000000000000000e+03
2.967260000000000000e+05 1.056000000000000000e+03
2.983930000000000000e+05 1.153000000000000000e+03
3.000600000000000000e+05 1.167000000000000000e+03
3.017270000000000000e+05 1.254000000000000000e+03
3.033940000000000000e+05 1.205000000000000000e+03
3.050610000000000000e+05 1.268000000000000000e+03
3.067280000000000000e+05 1.350000000000000000e+03
3.083950000000000000e+05 1.442000000000000000e+03
3.100620000000000000e+05 1.433000000000000000e+03
3.117290000000000000e+05 1.536000000000000000e+03
3.133960000000000000e+05 1.648000000000000000e+03
3.150630000000000000e+05 1.799000000000000000e+03
3.167300000000000000e+05 1.699000000000000000e+03
3.183970000000000000e+05 1.716000000000000000e+03
3.200640000000000000e+05 2.029000000000000000e+03
3.217310000000000000e+05 1.957000000000000000e+03
3.233980000000000000e+05 2.024000000000000000e+03
3.250650000000000000e+05 1.991000000000000000e+03
3.267320000000000000e+05 2.049000000000000000e+03
3.283990000000000000e+05 2.053000000000000000e+03
3.300660000000000000e+05 2.130000000000000000e+03
3.317330000000000000e+05 2.158000000000000000e+03
