0.000000000000000000e+00 2.922000000000000000e+03
3.333000000000000000e+03 3.019000000000000000e+03
6.666000000000000000e+03 3.113000000000000000e+03
9.999000000000000000e+03 3.141000000000000000e+03
1.333200000000000000e+04 3.178000000000000000e+03
1.666500000000000000e+04 3.230000000000000000e+03
1.999800000000000000e+04 3.301000000000000000e+03
2.333100000000000000e+04 3.208000000000000000e+03
2.666400000000000000e+04 3.322000000000000000e+03
2.999700000000000000e+04 3.264000000000000000e+03
3.333000000000000000e+04 3.236000000000000000e+03
3.666300000000000000e+04 3.393000000000000000e+03
3.999600000000000000e+04 3.453000000000000000e+03
4.332900000000000000e+04 3.429000000000000000e+03
4.666200000000000000e+04 3.352000000000000000e+03
4.999500000000000000e+04 3.377000000000000000e+03
5.332800000000000000e+04 3.354000000000000000e+03
5.666100000000000000e+04 3.387000000000000000e+03
5.999400000000000000e+04 3.282000000000000000e+03
6.332700000000000000e+04 3.359000000000000000e+03
6.666000000000000000e+04 3.367000000000000000e+03
6.999300000000000000e+04 3.381000000000000000e+03
7.332600000000000000e+04 3.391000000000000000e+03
7.665900000000000000e+04 3.337000000000000000e+03
7.999200000000000000e+04 3.364000000000000000e+03
8.332500000000000000e+04 3.398000000000000000e+03
8.665800000000000000e+04 3.309000000000000000e+03
8.999100000000000000e+04 3.312000000000000000e+03
9.332400000000000000e+04 3.340000000000000000e+03
9.665700000000000000e+04 3.335000000000000000e+03
9.999000000000000000e+04 3.114000000000000000e+03
1.033230000000000000e+05 3.277000000000000000e+03
1.066560000000000000e+05 3.288000000000000000e+03
1.099890000000000000e+05 3.180000000000000000e+03
1.133220000000000000e+05 3.212000000000000000e+03
1.166550000000000000e+05 3.158000000000000000e+03
1.199880000000000000e+05 3.001000000000000000e+03
1.233210000000000000e+05 3.001000000000000000e+03
1.266540000000000000e+05 3.053000000000000000e+03
1.299870000000000000e+05 2.941000000000000000e+03
1.333200000000000000e+05 2.899000000000000000e+03
1.366530000000000000e+05 2.715000000000000000e+03
1.399860000000000000e+05 2.626000000000000000e+03
1.433190000000000000e+05 2.754000000000000000e+03
1.466520000000000000e+05 2.633000000000000000e+03
1.499850000000000000e+05 2.542000000000000000e+03
1.533180000000000000e+05 2.482000000000000000e+03
1.566510000000000000e+05 2.398000000000000000e+03
1.599840000000000000e+05 2.296000000000000000e+03
1.633170000000000000e+05 2.234000000000000000e+03
1.666500000000000000e+05 2.196000000000000000e+03
1.699830000000000000e+05 2.051000000000000000e+03
1.733160000000000000e+05 1.954000000000000000e+03
1.766490000000000000e+05 1.856000000000000000e+03
1.799820000000000000e+05 1.808000000000000000e+03
1.833150000000000000e+05 1.680000000000000000e+03
1.866480000000000000e+05 1.646000000000000000e+03
1.899810000000000000e+05 1.535000000000000000e+03
1.933140000000000000e+05 1.519000000000000000e+03
1.966470000000000000e+05 1.403000000000000000e+03
1.999800000000000000e+05 1.365000000000000000e+03
2.033130000000000000e+05 1.321000000000000000e+03
2.066460000000000000e+05 1.173000000000000000e+03
2.099790000000000000e+05 1.228000000000000000e+03
2.133120000000000000e+05 1.118000000000000000e+03
2.166450000000000000e+05 1.184000000000000000e+03
2.199780000000000000e+05 1.180000000000000000e+03
2.233110000000000000e+05 1.025000000000000000e+03
2.266440000000000000e+05 1.061000000000000000e+03
2.299770000000000000e+05 1.133000000000000000e+03
2.333100000000000000e+05 1.066000000000000000e+03
2.366430000000000000e+05 1.078000000000000000e+03
2.399760000000000000e+05 1.053000000000000000e+03
2.433090000000000000e+05 1.095000000000000000e+03
2.466420000000000000e+05 1.154000000000000000e+03
2.499750000000000000e+05 1.134000000000000000e+03
2.533080000000000000e+05 1.256000000000000000e+03
2.566410000000000000e+05 1.284000000000000000e+03
2.599740000000000000e+05 1.241000000000000000e+03
2.633070000000000000e+05 1.348000000000000000e+03
2.666400000000000000e+05 1.414000000000000000e+03
2.699730000000000000e+05 1.508000000000000000e+03
2.733060000000000000e+05 1.610000000000000000e+03
2.766390000000000000e+05 1.652000000000000000e+03
2.799720000000000000e+05 1.827000000000000000e+03
2.833050000000000000e+05 1.862000000000000000e+03
2.866380000000000000e+05 1.941000000000000000e+03
2.899710000000000000e+05 1.962000000000000000e+03
2.933040000000000000e+05 2.158000000000000000e+03
2.966370000000000000e+05 2.217000000000000000e+03
2.999700000000000000e+05 2.234000000000000000e+03
3.033030000000000000e+05 2.339000000000000000e+03
3.066360000000000000e+05 2.478000000000000000e+03
3.099690000000000000e+05 2.502000000000000000e+03
3.133020000000000000e+05 2.581000000000000000e+03
3.166350000000000000e+05 2.682000000000000000e+03
3.199680000000000000e+05 2.740000000000000000e+03
3.233010000000000000e+05 2.732000000000000000e+03
3.266340000000000000e+05 2.813000000000000000e+03
3.299670000000000000e+05 2.903000000000000000e+03
3.333000000000000000e+05 3.043000000000000000e+03
3.366330000000000000e+05 3.031000000000000000e+03
3.399660000000000000e+05 3.096000000000000000e+03
3.432990000000000000e+05 3.142000000000000000e+03
3.466320000000000000e+05 3.220000000000000000e+03
3.499650000000000000e+05 3.185000000000000000e+03
3.532980000000000000e+05 3.309000000000000000e+03
3.566310000000000000e+05 3.279000000000000000e+03
3.599640000000000000e+05 3.315000000000000000e+03
3.632970000000000000e+05 3.341000000000000000e+03
3.666300000000000000e+05 3.277000000000000000e+03
3.699630000000000000e+05 3.343000000000000000e+03
3.732960000000000000e+05 3.396000000000000000e+03
3.766290000000000000e+05 3.313000000000000000e+03
3.799620000000000000e+05 3.424000000000000000e+03
3.832950000000000000e+05 3.330000000000000000e+03
3.866280000000000000e+05 3.325000000000000000e+03
3.899610000000000000e+05 3.405000000000000000e+03
3.932940000000000000e+05 3.358000000000000000e+03
3.966270000000000000e+05 3.508000000000000000e+03
3.999600000000000000e+05 3.372000000000000000e+03
4.032930000000000000e+05 3.289000000000000000e+03
4.066260000000000000e+05 3.304000000000000000e+03
4.099590000000000000e+05 3.348000000000000000e+03
4.132920000000000000e+05 3.416000000000000000e+03
4.166250000000000000e+05 3.388000000000000000e+03
4.199580000000000000e+05 3.292000000000000000e+03
4.232910000000000000e+05 3.333000000000000000e+03
4.266240000000000000e+05 3.345000000000000000e+03
4.299570000000000000e+05 3.399000000000000000e+03
4.332900000000000000e+05 3.218000000000000000e+03
4.366230000000000000e+05 3.252000000000000000e+03
4.399560000000000000e+05 3.162000000000000000e+03
4.432890000000000000e+05 3.092000000000000000e+03
4.466220000000000000e+05 3.214000000000000000e+03
4.499550000000000000e+05 3.058000000000000000e+03
4.532880000000000000e+05 2.998000000000000000e+03
4.566210000000000000e+05 3.036000000000000000e+03
4.599540000000000000e+05 2.976000000000000000e+03
4.632870000000000000e+05 2.996000000000000000e+03
4.666200000000000000e+05 2.724000000000000000e+03
4.699530000000000000e+05 2.711000000000000000e+03
4.732860000000000000e+05 2.711000000000000000e+03
4.766190000000000000e+05 2.716000000000000000e+03
4.799520000000000000e+05 2.699000000000000000e+03
4.832850000000000000e+05 2.488000000000000000e+03
4.866180000000000000e+05 2.502000000000000000e+03
4.899510000000000000e+05 2.290000000000000000e+03
4.932840000000000000e+05 2.303000000000000000e+03
4.966170000000000000e+05 2.180000000000000000e+03
4.999500000000000000e+05 2.128000000000000000e+03
5.032830000000000000e+05 2.131000000000000000e+03
5.066160000000000000e+05 1.955000000000000000e+03
5.099490000000000000e+05 1.795000000000000000e+03
5.132820000000000000e+05 1.765000000000000000e+03
5.166150000000000000e+05 1.691000000000000000e+03
5.199480000000000000e+05 1.626000000000000000e+03
5.232810000000000000e+05 1.560000000000000000e+03
5.266140000000000000e+05 1.513000000000000000e+03
5.299470000000000000e+05 1.407000000000000000e+03
5.332800000000000000e+05 1.356000000000000000e+03
5.366130000000000000e+05 1.344000000000000000e+03
5.399460000000000000e+05 1.238000000000000000e+03
5.432790000000000000e+05 1.227000000000000000e+03
5.466120000000000000e+05 1.120000000000000000e+03
5.499450000000000000e+05 1.095000000000000000e+03
5.532780000000000000e+05 1.043000000000000000e+03
5.566110000000000000e+05 1.035000000000000000e+03
5.599440000000000000e+05 1.075000000000000000e+03
5.632770000000000000e+05 1.117000000000000000e+03
5.666100000000000000e+05 1.033000000000000000e+03
5.699430000000000000e+05 1.016000000000000000e+03
5.732760000000000000e+05 1.067000000000000000e+03
5.766090000000000000e+05 1.057000000000000000e+03
5.799420000000000000e+05 1.145000000000000000e+03
5.832750000000000000e+05 1.181000000000000000e+03
5.866080000000000000e+05 1.239000000000000000e+03
5.899410000000000000e+05 1.222000000000000000e+03
5.932740000000000000e+05 1.367000000000000000e+03
5.966070000000000000e+05 1.358000000000000000e+03
5.999400000000000000e+05 1.477000000000000000e+03
6.032730000000000000e+05 1.480000000000000000e+03
6.066060000000000000e+05 1.623000000000000000e+03
6.099390000000000000e+05 1.708000000000000000e+03
6.132720000000000000e+05 1.774000000000000000e+03
6.166050000000000000e+05 1.804000000000000000e+03
6.199380000000000000e+05 1.918000000000000000e+03
6.232710000000000000e+05 2.046000000000000000e+03
6.266040000000000000e+05 2.119000000000000000e+03
6.299370000000000000e+05 2.081000000000000000e+03
6.332700000000000000e+05 2.185000000000000000e+03
6.366030000000000000e+05 2.261000000000000000e+03
6.399360000000000000e+05 2.410000000000000000e+03
6.432690000000000000e+05 2.442000000000000000e+03
6.466020000000000000e+05 2.473000000000000000e+03
6.499350000000000000e+05 2.590000000000000000e+03
6.532680000000000000e+05 2.749000000000000000e+03
6.566010000000000000e+05 2.739000000000000000e+03
6.599340000000000000e+05 2.772000000000000000e+03
6.632670000000000000e+05 2.846000000000000000e+03
