0.000000000000000000e+00 1.610000000000000000e+03
3.330000000000000000e+02 1.637000000000000000e+03
6.660000000000000000e+02 1.572000000000000000e+03
9.990000000000000000e+02 1.669000000000000000e+03
1.332000000000000000e+03 1.641000000000000000e+03
1.665000000000000000e+03 1.699000000000000000e+03
1.998000000000000000e+03 1.746000000000000000e+03
2.331000000000000000e+03 1.710000000000000000e+03
2.664000000000000000e+03 1.745000000000000000e+03
2.997000000000000000e+03 1.727000000000000000e+03
3.330000000000000000e+03 1.802000000000000000e+03
3.663000000000000000e+03 1.754000000000000000e+03
3.996000000000000000e+03 1.821000000000000000e+03
4.329000000000000000e+03 1.779000000000000000e+03
4.662000000000000000e+03 1.799000000000000000e+03
4.995000000000000000e+03 1.734000000000000000e+03
5.328000000000000000e+03 1.794000000000000000e+03
5.661000000000000000e+03 1.793000000000000000e+03
5.994000000000000000e+03 1.793000000000000000e+03
6.327000000000000000e+03 1.931000000000000000e+03
6.660000000000000000e+03 1.789000000000000000e+03
6.993000000000000000e+03 1.808000000000000000e+03
7.326000000000000000e+03 1.806000000000000000e+03
7.659000000000000000e+03 1.809000000000000000e+03
7.992000000000000000e+03 1.862000000000000000e+03
8.325000000000000000e+03 1.769000000000000000e+03
8.658000000000000000e+03 1.754000000000000000e+03
8.991000000000000000e+03 1.735000000000000000e+03
9.324000000000000000e+03 1.795000000000000000e+03
9.657000000000000000e+03 1.745000000000000000e+03
9.990000000000000000e+03 1.701000000000000000e+03
1.032300000000000000e+04 1.684000000000000000e+03
1.065600000000000000e+04 1.744000000000000000e+03
1.098900000000000000e+04 1.709000000000000000e+03
1.132200000000000000e+04 1.720000000000000000e+03
1.165500000000000000e+04 1.612000000000000000e+03
1.198800000000000000e+04 1.657000000000000000e+03
1.232100000000000000e+04 1.681000000000000000e+03
1.265400000000000000e+04 1.568000000000000000e+03
1.298700000000000000e+04 1.568000000000000000e+03
1.332000000000000000e+04 1.535000000000000000e+03
1.365300000000000000e+04 1.544000000000000000e+03
1.398600000000000000e+04 1.471000000000000000e+03
1.431900000000000000e+04 1.441000000000000000e+03
1.465200000000000000e+04 1.412000000000000000e+03
1.498500000000000000e+04 1.362000000000000000e+03
1.531800000000000000e+04 1.369000000000000000e+03
1.565100000000000000e+04 1.277000000000000000e+03
1.598400000000000000e+04 1.287000000000000000e+03
1.631700000000000000e+04 1.226000000000000000e+03
1.665000000000000000e+04 1.234000000000000000e+03
1.698300000000000000e+04 1.144000000000000000e+03
1.731600000000000000e+04 1.115000000000000000e+03
1.764900000000000000e+04 1.082000000000000000e+03
1.798200000000000000e+04 1.014000000000000000e+03
1.831500000000000000e+04 9.710000000000000000e+02
1.864800000000000000e+04 9.640000000000000000e+02
1.898100000000000000e+04 9.850000000000000000e+02
1.931400000000000000e+04 8.150000000000000000e+02
1.964700000000000000e+04 8.330000000000000000e+02
1.998000000000000000e+04 8.660000000000000000e+02
2.031300000000000000e+04 8.320000000000000000e+02
2.064600000000000000e+04 7.880000000000000000e+02
2.097900000000000000e+04 7.380000000000000000e+02
2.131200000000000000e+04 7.410000000000000000e+02
2.164500000000000000e+04 6.950000000000000000e+02
2.197800000000000000e+04 7.060000000000000000e+02
2.231100000000000000e+04 7.530000000000000000e+02
2.264400000000000000e+04 6.870000000000000000e+02
2.297700000000000000e+04 6.780000000000000000e+02
2.331000000000000000e+04 6.450000000000000000e+02
2.364300000000000000e+04 6.590000000000000000e+02
2.397600000000000000e+04 7.040000000000000000e+02
2.430900000000000000e+04 6.740000000000000000e+02
2.464200000000000000e+04 6.920000000000000000e+02
2.497500000000000000e+04 7.020000000000000000e+02
2.530800000000000000e+04 7.470000000000000000e+02
2.564100000000000000e+04 7.060000000000000000e+02
2.597400000000000000e+04 7.280000000000000000e+02
2.630700000000000000e+04 8.050000000000000000e+02
2.664000000000000000e+04 8.700000000000000000e+02
2.697300000000000000e+04 9.090000000000000000e+02
2.730600000000000000e+04 9.350000000000000000e+02
2.763900000000000000e+04 9.820000000000000000e+02
2.797200000000000000e+04 1.014000000000000000e+03
2.830500000000000000e+04 1.076000000000000000e+03
2.863800000000000000e+04 1.105000000000000000e+03
2.897100000000000000e+04 1.135000000000000000e+03
2.930400000000000000e+04 1.146000000000000000e+03
2.963700000000000000e+04 1.210000000000000000e+03
2.997000000000000000e+04 1.254000000000000000e+03
3.030300000000000000e+04 1.375000000000000000e+03
3.063600000000000000e+04 1.347000000000000000e+03
3.096900000000000000e+04 1.349000000000000000e+03
3.130200000000000000e+04 1.437000000000000000e+03
3.163500000000000000e+04 1.459000000000000000e+03
3.196800000000000000e+04 1.496000000000000000e+03
3.230100000000000000e+04 1.541000000000000000e+03
3.263400000000000000e+04 1.505000000000000000e+03
3.296700000000000000e+04 1.628000000000000000e+03
3.330000000000000000e+04 1.596000000000000000e+03
3.363300000000000000e+04 1.632000000000000000e+03
3.396600000000000000e+04 1.659000000000000000e+03
3.429900000000000000e+04 1.686000000000000000e+03
3.463200000000000000e+04 1.700000000000000000e+03
3.496500000000000000e+04 1.711000000000000000e+03
3.529800000000000000e+04 1.596000000000000000e+03
3.563100000000000000e+04 1.706000000000000000e+03
3.596400000000000000e+04 1.697000000000000000e+03
3.629700000000000000e+04 1.655000000000000000e+03
3.663000000000000000e+04 1.747000000000000000e+03
3.696300000000000000e+04 1.713000000000000000e+03
3.729600000000000000e+04 1.710000000000000000e+03
3.762900000000000000e+04 1.860000000000000000e+03
3.796200000000000000e+04 1.830000000000000000e+03
3.829500000000000000e+04 1.837000000000000000e+03
3.862800000000000000e+04 1.837000000000000000e+03
3.896100000000000000e+04 1.849000000000000000e+03
3.929400000000000000e+04 1.767000000000000000e+03
3.962700000000000000e+04 1.839000000000000000e+03
3.996000000000000000e+04 1.809000000000000000e+03
4.029300000000000000e+04 1.877000000000000000e+03
4.062600000000000000e+04 1.847000000000000000e+03
4.095900000000000000e+04 1.829000000000000000e+03
4.129200000000000000e+04 1.802000000000000000e+03
4.162500000000000000e+04 1.730000000000000000e+03
4.195800000000000000e+04 1.813000000000000000e+03
4.229100000000000000e+04 1.765000000000000000e+03
4.262400000000000000e+04 1.730000000000000000e+03
4.295700000000000000e+04 1.777000000000000000e+03
4.329000000000000000e+04 1.862000000000000000e+03
4.362300000000000000e+04 1.717000000000000000e+03
4.395600000000000000e+04 1.631000000000000000e+03
4.428900000000000000e+04 1.743000000000000000e+03
4.462200000000000000e+04 1.627000000000000000e+03
4.495500000000000000e+04 1.684000000000000000e+03
4.528800000000000000e+04 1.681000000000000000e+03
4.562100000000000000e+04 1.623000000000000000e+03
4.595400000000000000e+04 1.537000000000000000e+03
4.628700000000000000e+04 1.569000000000000000e+03
4.662000000000000000e+04 1.563000000000000000e+03
4.695300000000000000e+04 1.552000000000000000e+03
4.728600000000000000e+04 1.525000000000000000e+03
4.761900000000000000e+04 1.413000000000000000e+03
4.795200000000000000e+04 1.447000000000000000e+03
4.828500000000000000e+04 1.392000000000000000e+03
4.861800000000000000e+04 1.274000000000000000e+03
4.895100000000000000e+04 1.333000000000000000e+03
4.928400000000000000e+04 1.276000000000000000e+03
4.961700000000000000e+04 1.264000000000000000e+03
4.995000000000000000e+04 1.202000000000000000e+03
5.028300000000000000e+04 1.127000000000000000e+03
5.061600000000000000e+04 1.126000000000000000e+03
5.094900000000000000e+04 1.098000000000000000e+03
5.128200000000000000e+04 1.010000000000000000e+03
5.161500000000000000e+04 1.064000000000000000e+03
5.194800000000000000e+04 9.310000000000000000e+02
5.228100000000000000e+04 9.330000000000000000e+02
5.261400000000000000e+04 9.000000000000000000e+02
5.294700000000000000e+04 8.700000000000000000e+02
5.328000000000000000e+04 8.790000000000000000e+02
5.361300000000000000e+04 8.510000000000000000e+02
5.394600000000000000e+04 8.030000000000000000e+02
5.427900000000000000e+04 7.640000000000000000e+02
5.461200000000000000e+04 7.540000000000000000e+02
5.494500000000000000e+04 7.500000000000000000e+02
5.527800000000000000e+04 6.730000000000000000e+02
5.561100000000000000e+04 6.870000000000000000e+02
5.594400000000000000e+04 7.020000000000000000e+02
5.627700000000000000e+04 6.730000000000000000e+02
5.661000000000000000e+04 6.810000000000000000e+02
5.694300000000000000e+04 6.560000000000000000e+02
5.727600000000000000e+04 6.700000000000000000e+02
5.760900000000000000e+04 6.680000000000000000e+02
5.794200000000000000e+04 7.180000000000000000e+02
5.827500000000000000e+04 7.030000000000000000e+02
5.860800000000000000e+04 7.030000000000000000e+02
5.894100000000000000e+04 7.430000000000000000e+02
5.927400000000000000e+04 7.890000000000000000e+02
5.960700000000000000e+04 7.840000000000000000e+02
5.994000000000000000e+04 8.400000000000000000e+02
6.027300000000000000e+04 8.740000000000000000e+02
6.060600000000000000e+04 9.010000000000000000e+02
6.093900000000000000e+04 9.060000000000000000e+02
6.127200000000000000e+04 1.054000000000000000e+03
6.160500000000000000e+04 1.067000000000000000e+03
6.193800000000000000e+04 1.080000000000000000e+03
6.227100000000000000e+04 1.136000000000000000e+03
6.260400000000000000e+04 1.124000000000000000e+03
6.293700000000000000e+04 1.228000000000000000e+03
6.327000000000000000e+04 1.233000000000000000e+03
6.360300000000000000e+04 1.256000000000000000e+03
6.393600000000000000e+04 1.302000000000000000e+03
6.426900000000000000e+04 1.305000000000000000e+03
6.460200000000000000e+04 1.409000000000000000e+03
6.493500000000000000e+04 1.410000000000000000e+03
6.526800000000000000e+04 1.452000000000000000e+03
6.560100000000000000e+04 1.507000000000000000e+03
6.593400000000000000e+04 1.573000000000000000e+03
6.626700000000000000e+04 1.577000000000000000e+03
