0.000000000000000000e+00 1.080000000000000000e+03
2.500000000000000000e+01 1.113000000000000000e+03
5.000000000000000000e+01 1.142000000000000000e+03
7.500000000000000000e+01 1.132000000000000000e+03
1.000000000000000000e+02 1.224000000000000000e+03
1.250000000000000000e+02 1.176000000000000000e+03
1.500000000000000000e+02 1.230000000000000000e+03
1.750000000000000000e+02 1.226000000000000000e+03
2.000000000000000000e+02 1.278000000000000000e+03
2.250000000000000000e+02 1.263000000000000000e+03
2.500000000000000000e+02 1.346000000000000000e+03
2.750000000000000000e+02 1.354000000000000000e+03
3.000000000000000000e+02 1.405000000000000000e+03
3.250000000000000000e+02 1.293000000000000000e+03
3.500000000000000000e+02 1.336000000000000000e+03
3.750000000000000000e+02 1.359000000000000000e+03
4.000000000000000000e+02 1.329000000000000000e+03
4.250000000000000000e+02 1.334000000000000000e+03
4.500000000000000000e+02 1.366000000000000000e+03
4.750000000000000000e+02 1.377000000000000000e+03
5.000000000000000000e+02 1.353000000000000000e+03
5.250000000000000000e+02 1.360000000000000000e+03
5.500000000000000000e+02 1.354000000000000000e+03
5.750000000000000000e+02 1.352000000000000000e+03
6.000000000000000000e+02 1.424000000000000000e+03
6.250000000000000000e+02 1.284000000000000000e+03
6.500000000000000000e+02 1.304000000000000000e+03
6.750000000000000000e+02 1.402000000000000000e+03
7.000000000000000000e+02 1.317000000000000000e+03
7.250000000000000000e+02 1.297000000000000000e+03
7.500000000000000000e+02 1.347000000000000000e+03
7.750000000000000000e+02 1.311000000000000000e+03
8.000000000000000000e+02 1.275000000000000000e+03
8.250000000000000000e+02 1.333000000000000000e+03
8.500000000000000000e+02 1.295000000000000000e+03
8.750000000000000000e+02 1.231000000000000000e+03
9.000000000000000000e+02 1.356000000000000000e+03
9.250000000000000000e+02 1.245000000000000000e+03
9.500000000000000000e+02 1.287000000000000000e+03
9.750000000000000000e+02 1.293000000000000000e+03
1.000000000000000000e+03 1.155000000000000000e+03
1.025000000000000000e+03 1.173000000000000000e+03
1.050000000000000000e+03 1.127000000000000000e+03
1.075000000000000000e+03 1.126000000000000000e+03
1.100000000000000000e+03 1.099000000000000000e+03
1.125000000000000000e+03 1.078000000000000000e+03
1.150000000000000000e+03 1.080000000000000000e+03
1.175000000000000000e+03 1.058000000000000000e+03
1.200000000000000000e+03 1.081000000000000000e+03
1.225000000000000000e+03 9.790000000000000000e+02
1.250000000000000000e+03 9.160000000000000000e+02
1.275000000000000000e+03 9.870000000000000000e+02
1.300000000000000000e+03 9.220000000000000000e+02
1.325000000000000000e+03 8.970000000000000000e+02
1.350000000000000000e+03 8.170000000000000000e+02
1.375000000000000000e+03 8.250000000000000000e+02
1.400000000000000000e+03 8.530000000000000000e+02
1.425000000000000000e+03 7.750000000000000000e+02
1.450000000000000000e+03 7.340000000000000000e+02
1.475000000000000000e+03 6.680000000000000000e+02
1.500000000000000000e+03 7.090000000000000000e+02
1.525000000000000000e+03 6.800000000000000000e+02
1.550000000000000000e+03 6.200000000000000000e+02
1.575000000000000000e+03 6.560000000000000000e+02
1.600000000000000000e+03 6.280000000000000000e+02
1.625000000000000000e+03 6.160000000000000000e+02
1.650000000000000000e+03 6.080000000000000000e+02
1.675000000000000000e+03 6.120000000000000000e+02
1.700000000000000000e+03 5.840000000000000000e+02
1.725000000000000000e+03 5.730000000000000000e+02
1.750000000000000000e+03 5.280000000000000000e+02
1.775000000000000000e+03 5.360000000000000000e+02
1.800000000000000000e+03 5.470000000000000000e+02
1.825000000000000000e+03 4.990000000000000000e+02
1.850000000000000000e+03 5.570000000000000000e+02
1.875000000000000000e+03 5.020000000000000000e+02
1.900000000000000000e+03 5.340000000000000000e+02
1.925000000000000000e+03 5.440000000000000000e+02
1.950000000000000000e+03 5.100000000000000000e+02
1.975000000000000000e+03 5.830000000000000000e+02
2.000000000000000000e+03 5.870000000000000000e+02
2.025000000000000000e+03 5.620000000000000000e+02
2.050000000000000000e+03 6.240000000000000000e+02
2.075000000000000000e+03 6.440000000000000000e+02
2.100000000000000000e+03 6.050000000000000000e+02
2.125000000000000000e+03 7.030000000000000000e+02
2.150000000000000000e+03 6.780000000000000000e+02
2.175000000000000000e+03 7.090000000000000000e+02
2.200000000000000000e+03 7.420000000000000000e+02
2.225000000000000000e+03 7.940000000000000000e+02
2.250000000000000000e+03 7.700000000000000000e+02
2.275000000000000000e+03 7.860000000000000000e+02
2.300000000000000000e+03 8.880000000000000000e+02
2.325000000000000000e+03 8.830000000000000000e+02
2.350000000000000000e+03 8.960000000000000000e+02
2.375000000000000000e+03 9.220000000000000000e+02
2.400000000000000000e+03 9.670000000000000000e+02
2.425000000000000000e+03 1.036000000000000000e+03
2.450000000000000000e+03 1.046000000000000000e+03
2.475000000000000000e+03 1.046000000000000000e+03
2.500000000000000000e+03 1.117000000000000000e+03
2.525000000000000000e+03 1.126000000000000000e+03
2.550000000000000000e+03 1.151000000000000000e+03
2.575000000000000000e+03 1.148000000000000000e+03
2.600000000000000000e+03 1.206000000000000000e+03
2.625000000000000000e+03 1.233000000000000000e+03
2.650000000000000000e+03 1.246000000000000000e+03
2.675000000000000000e+03 1.270000000000000000e+03
2.700000000000000000e+03 1.266000000000000000e+03
2.725000000000000000e+03 1.261000000000000000e+03
2.750000000000000000e+03 1.308000000000000000e+03
2.775000000000000000e+03 1.306000000000000000e+03
2.800000000000000000e+03 1.330000000000000000e+03
2.825000000000000000e+03 1.337000000000000000e+03
2.850000000000000000e+03 1.302000000000000000e+03
2.875000000000000000e+03 1.368000000000000000e+03
2.900000000000000000e+03 1.328000000000000000e+03
2.925000000000000000e+03 1.361000000000000000e+03
2.950000000000000000e+03 1.357000000000000000e+03
2.975000000000000000e+03 1.334000000000000000e+03
3.000000000000000000e+03 1.330000000000000000e+03
3.025000000000000000e+03 1.349000000000000000e+03
3.050000000000000000e+03 1.380000000000000000e+03
3.075000000000000000e+03 1.365000000000000000e+03
3.100000000000000000e+03 1.366000000000000000e+03
3.125000000000000000e+03 1.307000000000000000e+03
3.150000000000000000e+03 1.312000000000000000e+03
3.175000000000000000e+03 1.316000000000000000e+03
3.200000000000000000e+03 1.402000000000000000e+03
3.225000000000000000e+03 1.344000000000000000e+03
3.250000000000000000e+03 1.293000000000000000e+03
3.275000000000000000e+03 1.294000000000000000e+03
3.300000000000000000e+03 1.344000000000000000e+03
3.325000000000000000e+03 1.225000000000000000e+03
3.350000000000000000e+03 1.213000000000000000e+03
3.375000000000000000e+03 1.332000000000000000e+03
3.400000000000000000e+03 1.280000000000000000e+03
3.425000000000000000e+03 1.194000000000000000e+03
3.450000000000000000e+03 1.220000000000000000e+03
3.475000000000000000e+03 1.229000000000000000e+03
3.500000000000000000e+03 1.224000000000000000e+03
3.525000000000000000e+03 1.115000000000000000e+03
3.550000000000000000e+03 1.090000000000000000e+03
3.575000000000000000e+03 1.106000000000000000e+03
3.600000000000000000e+03 1.084000000000000000e+03
3.625000000000000000e+03 1.110000000000000000e+03
3.650000000000000000e+03 1.049000000000000000e+03
3.675000000000000000e+03 1.039000000000000000e+03
3.700000000000000000e+03 9.700000000000000000e+02
3.725000000000000000e+03 9.510000000000000000e+02
3.750000000000000000e+03 9.490000000000000000e+02
3.775000000000000000e+03 8.730000000000000000e+02
3.800000000000000000e+03 9.550000000000000000e+02
3.825000000000000000e+03 8.780000000000000000e+02
3.850000000000000000e+03 8.680000000000000000e+02
3.875000000000000000e+03 8.450000000000000000e+02
3.900000000000000000e+03 8.070000000000000000e+02
3.925000000000000000e+03 7.830000000000000000e+02
3.950000000000000000e+03 7.040000000000000000e+02
3.975000000000000000e+03 7.170000000000000000e+02
4.000000000000000000e+03 7.740000000000000000e+02
4.025000000000000000e+03 6.560000000000000000e+02
4.050000000000000000e+03 7.190000000000000000e+02
4.075000000000000000e+03 6.560000000000000000e+02
4.100000000000000000e+03 6.500000000000000000e+02
4.125000000000000000e+03 5.960000000000000000e+02
4.150000000000000000e+03 5.930000000000000000e+02
4.175000000000000000e+03 5.960000000000000000e+02
4.200000000000000000e+03 6.210000000000000000e+02
4.225000000000000000e+03 5.410000000000000000e+02
4.250000000000000000e+03 5.270000000000000000e+02
4.275000000000000000e+03 5.120000000000000000e+02
4.300000000000000000e+03 5.220000000000000000e+02
4.325000000000000000e+03 5.630000000000000000e+02
4.350000000000000000e+03 4.970000000000000000e+02
4.375000000000000000e+03 4.900000000000000000e+02
4.400000000000000000e+03 5.640000000000000000e+02
4.425000000000000000e+03 5.440000000000000000e+02
4.450000000000000000e+03 5.710000000000000000e+02
4.475000000000000000e+03 5.900000000000000000e+02
4.500000000000000000e+03 5.630000000000000000e+02
4.525000000000000000e+03 5.900000000000000000e+02
4.550000000000000000e+03 5.610000000000000000e+02
4.575000000000000000e+03 6.500000000000000000e+02
4.600000000000000000e+03 6.890000000000000000e+02
4.625000000000000000e+03 7.180000000000000000e+02
4.650000000000000000e+03 7.090000000000000000e+02
4.675000000000000000e+03 7.490000000000000000e+02
4.700000000000000000e+03 7.520000000000000000e+02
4.725000000000000000e+03 7.600000000000000000e+02
4.750000000000000000e+03 8.120000000000000000e+02
4.775000000000000000e+03 8.760000000000000000e+02
4.800000000000000000e+03 9.100000000000000000e+02
4.825000000000000000e+03 9.130000000000000000e+02
4.850000000000000000e+03 9.760000000000000000e+02
4.875000000000000000e+03 9.450000000000000000e+02
4.900000000000000000e+03 1.020000000000000000e+03
4.925000000000000000e+03 1.016000000000000000e+03
4.950000000000000000e+03 1.039000000000000000e+03
4.975000000000000000e+03 1.099000000000000000e+03
