0.000000000000000000e+00 1.313000000000000000e+03
5.000000000000000000e+02 1.366000000000000000e+03
1.000000000000000000e+03 1.373000000000000000e+03
1.500000000000000000e+03 1.385000000000000000e+03
2.000000000000000000e+03 1.379000000000000000e+03
2.500000000000000000e+03 1.503000000000000000e+03
3.000000000000000000e+03 1.413000000000000000e+03
3.500000000000000000e+03 1.474000000000000000e+03
4.000000000000000000e+03 1.497000000000000000e+03
4.500000000000000000e+03 1.490000000000000000e+03
5.000000000000000000e+03 1.542000000000000000e+03
5.500000000000000000e+03 1.488000000000000000e+03
6.000000000000000000e+03 1.518000000000000000e+03
6.500000000000000000e+03 1.527000000000000000e+03
7.000000000000000000e+03 1.509000000000000000e+03
7.500000000000000000e+03 1.520000000000000000e+03
8.000000000000000000e+03 1.524000000000000000e+03
8.500000000000000000e+03 1.538000000000000000e+03
9.000000000000000000e+03 1.563000000000000000e+03
9.500000000000000000e+03 1.600000000000000000e+03
1.000000000000000000e+04 1.557000000000000000e+03
1.050000000000000000e+04 1.599000000000000000e+03
1.100000000000000000e+04 1.543000000000000000e+03
1.150000000000000000e+04 1.586000000000000000e+03
1.200000000000000000e+04 1.554000000000000000e+03
1.250000000000000000e+04 1.514000000000000000e+03
1.300000000000000000e+04 1.464000000000000000e+03
1.350000000000000000e+04 1.513000000000000000e+03
1.400000000000000000e+04 1.533000000000000000e+03
1.450000000000000000e+04 1.521000000000000000e+03
1.500000000000000000e+04 1.492000000000000000e+03
1.550000000000000000e+04 1.484000000000000000e+03
1.600000000000000000e+04 1.488000000000000000e+03
1.650000000000000000e+04 1.482000000000000000e+03
1.700000000000000000e+04 1.473000000000000000e+03
1.750000000000000000e+04 1.375000000000000000e+03
1.800000000000000000e+04 1.336000000000000000e+03
1.850000000000000000e+04 1.288000000000000000e+03
1.900000000000000000e+04 1.385000000000000000e+03
1.950000000000000000e+04 1.303000000000000000e+03
2.000000000000000000e+04 1.298000000000000000e+03
2.050000000000000000e+04 1.276000000000000000e+03
2.100000000000000000e+04 1.244000000000000000e+03
2.150000000000000000e+04 1.202000000000000000e+03
2.200000000000000000e+04 1.221000000000000000e+03
2.250000000000000000e+04 1.130000000000000000e+03
2.300000000000000000e+04 1.185000000000000000e+03
2.350000000000000000e+04 1.087000000000000000e+03
2.400000000000000000e+04 1.022000000000000000e+03
2.450000000000000000e+04 9.860000000000000000e+02
2.500000000000000000e+04 9.510000000000000000e+02
2.550000000000000000e+04 9.490000000000000000e+02
2.600000000000000000e+04 9.460000000000000000e+02
2.650000000000000000e+04 8.100000000000000000e+02
2.700000000000000000e+04 7.990000000000000000e+02
2.750000000000000000e+04 7.770000000000000000e+02
2.800000000000000000e+04 7.650000000000000000e+02
2.850000000000000000e+04 6.970000000000000000e+02
2.900000000000000000e+04 6.970000000000000000e+02
2.950000000000000000e+04 6.760000000000000000e+02
3.000000000000000000e+04 6.220000000000000000e+02
3.050000000000000000e+04 5.530000000000000000e+02
3.100000000000000000e+04 5.590000000000000000e+02
3.150000000000000000e+04 5.500000000000000000e+02
3.200000000000000000e+04 4.870000000000000000e+02
3.250000000000000000e+04 5.170000000000000000e+02
3.300000000000000000e+04 4.560000000000000000e+02
3.350000000000000000e+04 4.570000000000000000e+02
3.400000000000000000e+04 4.300000000000000000e+02
3.450000000000000000e+04 4.590000000000000000e+02
3.500000000000000000e+04 4.370000000000000000e+02
3.550000000000000000e+04 4.630000000000000000e+02
3.600000000000000000e+04 4.290000000000000000e+02
3.650000000000000000e+04 4.180000000000000000e+02
3.700000000000000000e+04 4.910000000000000000e+02
3.750000000000000000e+04 4.950000000000000000e+02
3.800000000000000000e+04 5.250000000000000000e+02
3.850000000000000000e+04 4.760000000000000000e+02
3.900000000000000000e+04 5.440000000000000000e+02
3.950000000000000000e+04 5.890000000000000000e+02
4.000000000000000000e+04 6.060000000000000000e+02
4.050000000000000000e+04 6.500000000000000000e+02
4.100000000000000000e+04 6.210000000000000000e+02
4.150000000000000000e+04 7.800000000000000000e+02
4.200000000000000000e+04 6.820000000000000000e+02
4.250000000000000000e+04 7.780000000000000000e+02
4.300000000000000000e+04 8.440000000000000000e+02
4.350000000000000000e+04 8.240000000000000000e+02
4.400000000000000000e+04 9.300000000000000000e+02
4.450000000000000000e+04 9.690000000000000000e+02
4.500000000000000000e+04 1.002000000000000000e+03
4.550000000000000000e+04 1.031000000000000000e+03
4.600000000000000000e+04 1.097000000000000000e+03
4.650000000000000000e+04 1.086000000000000000e+03
4.700000000000000000e+04 1.156000000000000000e+03
4.750000000000000000e+04 1.135000000000000000e+03
4.800000000000000000e+04 1.255000000000000000e+03
4.850000000000000000e+04 1.199000000000000000e+03
4.900000000000000000e+04 1.259000000000000000e+03
4.950000000000000000e+04 1.339000000000000000e+03
5.000000000000000000e+04 1.303000000000000000e+03
5.050000000000000000e+04 1.325000000000000000e+03
5.100000000000000000e+04 1.347000000000000000e+03
5.150000000000000000e+04 1.324000000000000000e+03
5.200000000000000000e+04 1.469000000000000000e+03
5.250000000000000000e+04 1.483000000000000000e+03
5.300000000000000000e+04 1.429000000000000000e+03
5.350000000000000000e+04 1.513000000000000000e+03
5.400000000000000000e+04 1.414000000000000000e+03
5.450000000000000000e+04 1.466000000000000000e+03
5.500000000000000000e+04 1.459000000000000000e+03
5.550000000000000000e+04 1.536000000000000000e+03
5.600000000000000000e+04 1.475000000000000000e+03
5.650000000000000000e+04 1.441000000000000000e+03
5.700000000000000000e+04 1.564000000000000000e+03
5.750000000000000000e+04 1.519000000000000000e+03
5.800000000000000000e+04 1.472000000000000000e+03
5.850000000000000000e+04 1.485000000000000000e+03
5.900000000000000000e+04 1.594000000000000000e+03
5.950000000000000000e+04 1.524000000000000000e+03
6.000000000000000000e+04 1.523000000000000000e+03
6.050000000000000000e+04 1.525000000000000000e+03
6.100000000000000000e+04 1.604000000000000000e+03
6.150000000000000000e+04 1.494000000000000000e+03
6.200000000000000000e+04 1.523000000000000000e+03
6.250000000000000000e+04 1.572000000000000000e+03
6.300000000000000000e+04 1.592000000000000000e+03
6.350000000000000000e+04 1.538000000000000000e+03
6.400000000000000000e+04 1.503000000000000000e+03
6.450000000000000000e+04 1.455000000000000000e+03
6.500000000000000000e+04 1.493000000000000000e+03
6.550000000000000000e+04 1.488000000000000000e+03
6.600000000000000000e+04 1.396000000000000000e+03
6.650000000000000000e+04 1.372000000000000000e+03
6.700000000000000000e+04 1.434000000000000000e+03
6.750000000000000000e+04 1.354000000000000000e+03
6.800000000000000000e+04 1.383000000000000000e+03
6.850000000000000000e+04 1.377000000000000000e+03
6.900000000000000000e+04 1.373000000000000000e+03
6.950000000000000000e+04 1.291000000000000000e+03
7.000000000000000000e+04 1.326000000000000000e+03
7.050000000000000000e+04 1.270000000000000000e+03
7.100000000000000000e+04 1.193000000000000000e+03
7.150000000000000000e+04 1.240000000000000000e+03
7.200000000000000000e+04 1.216000000000000000e+03
7.250000000000000000e+04 1.149000000000000000e+03
7.300000000000000000e+04 1.140000000000000000e+03
7.350000000000000000e+04 1.042000000000000000e+03
7.400000000000000000e+04 1.034000000000000000e+03
7.450000000000000000e+04 1.008000000000000000e+03
7.500000000000000000e+04 9.530000000000000000e+02
7.550000000000000000e+04 9.180000000000000000e+02
7.600000000000000000e+04 9.000000000000000000e+02
7.650000000000000000e+04 8.060000000000000000e+02
7.700000000000000000e+04 8.090000000000000000e+02
7.750000000000000000e+04 8.150000000000000000e+02
7.800000000000000000e+04 7.600000000000000000e+02
7.850000000000000000e+04 6.950000000000000000e+02
7.900000000000000000e+04 6.180000000000000000e+02
7.950000000000000000e+04 6.220000000000000000e+02
8.000000000000000000e+04 6.370000000000000000e+02
8.050000000000000000e+04 5.480000000000000000e+02
8.100000000000000000e+04 5.640000000000000000e+02
8.150000000000000000e+04 4.820000000000000000e+02
8.200000000000000000e+04 4.690000000000000000e+02
8.250000000000000000e+04 4.700000000000000000e+02
8.300000000000000000e+04 4.620000000000000000e+02
8.350000000000000000e+04 4.730000000000000000e+02
8.400000000000000000e+04 4.950000000000000000e+02
8.450000000000000000e+04 4.650000000000000000e+02
8.500000000000000000e+04 4.710000000000000000e+02
8.550000000000000000e+04 4.430000000000000000e+02
8.600000000000000000e+04 4.580000000000000000e+02
8.650000000000000000e+04 4.450000000000000000e+02
8.700000000000000000e+04 5.350000000000000000e+02
8.750000000000000000e+04 5.130000000000000000e+02
8.800000000000000000e+04 5.320000000000000000e+02
8.850000000000000000e+04 5.650000000000000000e+02
8.900000000000000000e+04 5.380000000000000000e+02
8.950000000000000000e+04 6.000000000000000000e+02
9.000000000000000000e+04 5.990000000000000000e+02
9.050000000000000000e+04 6.480000000000000000e+02
9.100000000000000000e+04 6.570000000000000000e+02
9.150000000000000000e+04 7.380000000000000000e+02
9.200000000000000000e+04 8.010000000000000000e+02
9.250000000000000000e+04 7.740000000000000000e+02
9.300000000000000000e+04 8.480000000000000000e+02
9.350000000000000000e+04 8.830000000000000000e+02
9.400000000000000000e+04 9.450000000000000000e+02
9.450000000000000000e+04 1.005000000000000000e+03
9.500000000000000000e+04 1.074000000000000000e+03
9.550000000000000000e+04 1.024000000000000000e+03
9.600000000000000000e+04 1.134000000000000000e+03
9.650000000000000000e+04 1.160000000000000000e+03
9.700000000000000000e+04 1.158000000000000000e+03
9.750000000000000000e+04 1.226000000000000000e+03
9.800000000000000000e+04 1.225000000000000000e+03
9.850000000000000000e+04 1.200000000000000000e+03
9.900000000000000000e+04 1.203000000000000000e+03
9.950000000000000000e+04 1.379000000000000000e+03
