0.000000000000000000e+00 1.227000000000000000e+03
1.670000000000000000e+02 1.247000000000000000e+03
3.340000000000000000e+02 1.298000000000000000e+03
5.010000000000000000e+02 1.273000000000000000e+03
6.680000000000000000e+02 1.270000000000000000e+03
8.350000000000000000e+02 1.289000000000000000e+03
1.002000000000000000e+03 1.379000000000000000e+03
1.169000000000000000e+03 1.339000000000000000e+03
1.336000000000000000e+03 1.340000000000000000e+03
1.503000000000000000e+03 1.339000000000000000e+03
1.670000000000000000e+03 1.327000000000000000e+03
1.837000000000000000e+03 1.368000000000000000e+03
2.004000000000000000e+03 1.371000000000000000e+03
2.171000000000000000e+03 1.331000000000000000e+03
2.338000000000000000e+03 1.365000000000000000e+03
2.505000000000000000e+03 1.381000000000000000e+03
2.672000000000000000e+03 1.383000000000000000e+03
2.839000000000000000e+03 1.387000000000000000e+03
3.006000000000000000e+03 1.385000000000000000e+03
3.173000000000000000e+03 1.353000000000000000e+03
3.340000000000000000e+03 1.350000000000000000e+03
3.507000000000000000e+03 1.351000000000000000e+03
3.674000000000000000e+03 1.398000000000000000e+03
3.841000000000000000e+03 1.445000000000000000e+03
4.008000000000000000e+03 1.308000000000000000e+03
4.175000000000000000e+03 1.394000000000000000e+03
4.342000000000000000e+03 1.403000000000000000e+03
4.509000000000000000e+03 1.321000000000000000e+03
4.676000000000000000e+03 1.323000000000000000e+03
4.843000000000000000e+03 1.380000000000000000e+03
5.010000000000000000e+03 1.347000000000000000e+03
5.177000000000000000e+03 1.366000000000000000e+03
5.344000000000000000e+03 1.268000000000000000e+03
5.511000000000000000e+03 1.296000000000000000e+03
5.678000000000000000e+03 1.372000000000000000e+03
5.845000000000000000e+03 1.206000000000000000e+03
6.012000000000000000e+03 1.248000000000000000e+03
6.179000000000000000e+03 1.279000000000000000e+03
6.346000000000000000e+03 1.255000000000000000e+03
6.513000000000000000e+03 1.199000000000000000e+03
6.680000000000000000e+03 1.225000000000000000e+03
6.847000000000000000e+03 1.165000000000000000e+03
7.014000000000000000e+03 1.184000000000000000e+03
7.181000000000000000e+03 1.110000000000000000e+03
7.348000000000000000e+03 1.079000000000000000e+03
7.515000000000000000e+03 1.065000000000000000e+03
7.682000000000000000e+03 9.780000000000000000e+02
7.849000000000000000e+03 1.036000000000000000e+03
8.016000000000000000e+03 9.650000000000000000e+02
8.183000000000000000e+03 1.014000000000000000e+03
8.350000000000000000e+03 9.440000000000000000e+02
8.517000000000000000e+03 9.020000000000000000e+02
8.684000000000000000e+03 8.140000000000000000e+02
8.851000000000000000e+03 8.500000000000000000e+02
9.018000000000000000e+03 9.090000000000000000e+02
9.185000000000000000e+03 8.120000000000000000e+02
9.352000000000000000e+03 7.100000000000000000e+02
9.519000000000000000e+03 7.170000000000000000e+02
9.686000000000000000e+03 6.420000000000000000e+02
9.853000000000000000e+03 6.960000000000000000e+02
1.002000000000000000e+04 6.520000000000000000e+02
1.018700000000000000e+04 6.230000000000000000e+02
1.035400000000000000e+04 6.110000000000000000e+02
1.052100000000000000e+04 5.810000000000000000e+02
1.068800000000000000e+04 5.830000000000000000e+02
1.085500000000000000e+04 6.250000000000000000e+02
1.102200000000000000e+04 5.670000000000000000e+02
1.118900000000000000e+04 5.690000000000000000e+02
1.135600000000000000e+04 5.610000000000000000e+02
1.152300000000000000e+04 5.700000000000000000e+02
1.169000000000000000e+04 5.410000000000000000e+02
1.185700000000000000e+04 4.950000000000000000e+02
1.202400000000000000e+04 5.550000000000000000e+02
1.219100000000000000e+04 5.430000000000000000e+02
1.235800000000000000e+04 5.340000000000000000e+02
1.252500000000000000e+04 6.060000000000000000e+02
1.269200000000000000e+04 5.840000000000000000e+02
1.285900000000000000e+04 5.400000000000000000e+02
1.302600000000000000e+04 6.240000000000000000e+02
1.319300000000000000e+04 6.090000000000000000e+02
1.336000000000000000e+04 6.720000000000000000e+02
1.352700000000000000e+04 7.110000000000000000e+02
1.369400000000000000e+04 7.120000000000000000e+02
1.386100000000000000e+04 7.550000000000000000e+02
1.402800000000000000e+04 8.190000000000000000e+02
1.419500000000000000e+04 7.840000000000000000e+02
1.436200000000000000e+04 8.720000000000000000e+02
1.452900000000000000e+04 8.680000000000000000e+02
1.469600000000000000e+04 9.620000000000000000e+02
1.486300000000000000e+04 9.250000000000000000e+02
1.503000000000000000e+04 9.560000000000000000e+02
1.519700000000000000e+04 9.870000000000000000e+02
1.536400000000000000e+04 1.018000000000000000e+03
1.553100000000000000e+04 1.024000000000000000e+03
1.569800000000000000e+04 1.081000000000000000e+03
1.586500000000000000e+04 1.108000000000000000e+03
1.603200000000000000e+04 1.147000000000000000e+03
1.619900000000000000e+04 1.181000000000000000e+03
1.636600000000000000e+04 1.233000000000000000e+03
1.653300000000000000e+04 1.160000000000000000e+03
1.670000000000000000e+04 1.230000000000000000e+03
1.686700000000000000e+04 1.227000000000000000e+03
1.703400000000000000e+04 1.294000000000000000e+03
1.720100000000000000e+04 1.266000000000000000e+03
1.736800000000000000e+04 1.272000000000000000e+03
1.753500000000000000e+04 1.322000000000000000e+03
1.770200000000000000e+04 1.313000000000000000e+03
1.786900000000000000e+04 1.342000000000000000e+03
1.803600000000000000e+04 1.354000000000000000e+03
1.820300000000000000e+04 1.347000000000000000e+03
1.837000000000000000e+04 1.371000000000000000e+03
1.853700000000000000e+04 1.311000000000000000e+03
1.870400000000000000e+04 1.386000000000000000e+03
1.887100000000000000e+04 1.431000000000000000e+03
1.903800000000000000e+04 1.394000000000000000e+03
1.920500000000000000e+04 1.388000000000000000e+03
1.937200000000000000e+04 1.399000000000000000e+03
1.953900000000000000e+04 1.385000000000000000e+03
1.970600000000000000e+04 1.401000000000000000e+03
1.987300000000000000e+04 1.390000000000000000e+03
2.004000000000000000e+04 1.408000000000000000e+03
2.020700000000000000e+04 1.406000000000000000e+03
2.037400000000000000e+04 1.461000000000000000e+03
2.054100000000000000e+04 1.401000000000000000e+03
2.070800000000000000e+04 1.385000000000000000e+03
2.087500000000000000e+04 1.399000000000000000e+03
2.104200000000000000e+04 1.348000000000000000e+03
2.120900000000000000e+04 1.290000000000000000e+03
2.137600000000000000e+04 1.345000000000000000e+03
2.154300000000000000e+04 1.358000000000000000e+03
2.171000000000000000e+04 1.376000000000000000e+03
2.187700000000000000e+04 1.378000000000000000e+03
2.204400000000000000e+04 1.395000000000000000e+03
2.221100000000000000e+04 1.331000000000000000e+03
2.237800000000000000e+04 1.309000000000000000e+03
2.254500000000000000e+04 1.300000000000000000e+03
2.271200000000000000e+04 1.253000000000000000e+03
2.287900000000000000e+04 1.251000000000000000e+03
2.304600000000000000e+04 1.179000000000000000e+03
2.321300000000000000e+04 1.243000000000000000e+03
2.338000000000000000e+04 1.241000000000000000e+03
2.354700000000000000e+04 1.220000000000000000e+03
2.371400000000000000e+04 1.088000000000000000e+03
2.388100000000000000e+04 1.154000000000000000e+03
2.404800000000000000e+04 1.034000000000000000e+03
2.421500000000000000e+04 1.097000000000000000e+03
2.438200000000000000e+04 1.022000000000000000e+03
2.454900000000000000e+04 1.047000000000000000e+03
2.471600000000000000e+04 1.004000000000000000e+03
2.488300000000000000e+04 9.790000000000000000e+02
2.505000000000000000e+04 8.670000000000000000e+02
2.521700000000000000e+04 9.030000000000000000e+02
2.538400000000000000e+04 8.900000000000000000e+02
2.555100000000000000e+04 8.340000000000000000e+02
2.571800000000000000e+04 8.660000000000000000e+02
2.588500000000000000e+04 8.060000000000000000e+02
2.605200000000000000e+04 7.040000000000000000e+02
2.621900000000000000e+04 7.330000000000000000e+02
2.638600000000000000e+04 6.780000000000000000e+02
2.655300000000000000e+04 6.850000000000000000e+02
2.672000000000000000e+04 6.890000000000000000e+02
2.688700000000000000e+04 5.540000000000000000e+02
2.705400000000000000e+04 6.150000000000000000e+02
2.722100000000000000e+04 6.170000000000000000e+02
2.738800000000000000e+04 5.750000000000000000e+02
2.755500000000000000e+04 5.970000000000000000e+02
2.772200000000000000e+04 4.950000000000000000e+02
2.788900000000000000e+04 5.520000000000000000e+02
2.805600000000000000e+04 5.250000000000000000e+02
2.822300000000000000e+04 4.960000000000000000e+02
2.839000000000000000e+04 5.640000000000000000e+02
2.855700000000000000e+04 5.640000000000000000e+02
2.872400000000000000e+04 5.440000000000000000e+02
2.889100000000000000e+04 5.740000000000000000e+02
2.905800000000000000e+04 5.960000000000000000e+02
2.922500000000000000e+04 5.650000000000000000e+02
2.939200000000000000e+04 5.770000000000000000e+02
2.955900000000000000e+04 6.360000000000000000e+02
2.972600000000000000e+04 6.120000000000000000e+02
2.989300000000000000e+04 7.190000000000000000e+02
3.006000000000000000e+04 6.720000000000000000e+02
3.022700000000000000e+04 7.270000000000000000e+02
3.039400000000000000e+04 6.890000000000000000e+02
3.056100000000000000e+04 7.000000000000000000e+02
3.072800000000000000e+04 7.730000000000000000e+02
3.089500000000000000e+04 8.430000000000000000e+02
3.106200000000000000e+04 8.830000000000000000e+02
3.122900000000000000e+04 8.380000000000000000e+02
3.139600000000000000e+04 8.720000000000000000e+02
3.156300000000000000e+04 9.930000000000000000e+02
3.173000000000000000e+04 9.690000000000000000e+02
3.189700000000000000e+04 1.006000000000000000e+03
3.206400000000000000e+04 1.019000000000000000e+03
3.223100000000000000e+04 1.094000000000000000e+03
3.239800000000000000e+04 1.069000000000000000e+03
3.256500000000000000e+04 1.131000000000000000e+03
3.273200000000000000e+04 1.198000000000000000e+03
3.289900000000000000e+04 1.127000000000000000e+03
3.306600000000000000e+04 1.213000000000000000e+03
