0.000000000000000000e+00 4.899000000000000000e+03
3.333000000000000000e+03 4.937000000000000000e+03
6.666000000000000000e+03 4.880000000000000000e+03
9.999000000000000000e+03 4.990000000000000000e+03
1.333200000000000000e+04 5.187000000000000000e+03
1.666500000000000000e+04 5.130000000000000000e+03
1.999800000000000000e+04 5.194000000000000000e+03
2.333100000000000000e+04 5.325000000000000000e+03
2.666400000000000000e+04 5.322000000000000000e+03
2.999700000000000000e+04 5.403000000000000000e+03
3.333000000000000000e+04 5.425000000000000000e+03
3.666300000000000000e+04 5.322000000000000000e+03
3.999600000000000000e+04 5.441000000000000000e+03
4.332900000000000000e+04 5.385000000000000000e+03
4.666200000000000000e+04 5.487000000000000000e+03
4.999500000000000000e+04 5.499000000000000000e+03
5.332800000000000000e+04 5.445000000000000000e+03
5.666100000000000000e+04 5.568000000000000000e+03
5.999400000000000000e+04 5.514000000000000000e+03
6.332700000000000000e+04 5.551000000000000000e+03
6.666000000000000000e+04 5.567000000000000000e+03
6.999300000000000000e+04 5.424000000000000000e+03
7.332600000000000000e+04 5.670000000000000000e+03
7.665900000000000000e+04 5.551000000000000000e+03
7.999200000000000000e+04 5.602000000000000000e+03
8.332500000000000000e+04 5.409000000000000000e+03
8.665800000000000000e+04 5.414000000000000000e+03
8.999100000000000000e+04 5.550000000000000000e+03
9.332400000000000000e+04 5.433000000000000000e+03
9.665700000000000000e+04 5.371000000000000000e+03
9.999000000000000000e+04 5.311000000000000000e+03
1.033230000000000000e+05 5.331000000000000000e+03
1.066560000000000000e+05 5.151000000000000000e+03
1.099890000000000000e+05 5.158000000000000000e+03
1.133220000000000000e+05 5.035000000000000000e+03
1.166550000000000000e+05 5.091000000000000000e+03
1.199880000000000000e+05 5.067000000000000000e+03
1.233210000000000000e+05 4.872000000000000000e+03
1.266540000000000000e+05 5.016000000000000000e+03
1.299870000000000000e+05 4.798000000000000000e+03
1.333200000000000000e+05 4.695000000000000000e+03
1.366530000000000000e+05 4.556000000000000000e+03
1.399860000000000000e+05 4.546000000000000000e+03
1.433190000000000000e+05 4.254000000000000000e+03
1.466520000000000000e+05 4.178000000000000000e+03
1.499850000000000000e+05 4.224000000000000000e+03
1.533180000000000000e+05 3.982000000000000000e+03
1.566510000000000000e+05 3.886000000000000000e+03
1.599840000000000000e+05 3.721000000000000000e+03
1.633170000000000000e+05 3.631000000000000000e+03
1.666500000000000000e+05 3.459000000000000000e+03
1.699830000000000000e+05 3.345000000000000000e+03
1.733160000000000000e+05 3.214000000000000000e+03
1.766490000000000000e+05 2.983000000000000000e+03
1.799820000000000000e+05 3.079000000000000000e+03
1.833150000000000000e+05 2.821000000000000000e+03
1.866480000000000000e+05 2.644000000000000000e+03
1.899810000000000000e+05 2.589000000000000000e+03
1.933140000000000000e+05 2.474000000000000000e+03
1.966470000000000000e+05 2.361000000000000000e+03
1.999800000000000000e+05 2.202000000000000000e+03
2.033130000000000000e+05 2.199000000000000000e+03
2.066460000000000000e+05 1.998000000000000000e+03
2.099790000000000000e+05 1.931000000000000000e+03
2.133120000000000000e+05 1.890000000000000000e+03
2.166450000000000000e+05 1.850000000000000000e+03
2.199780000000000000e+05 1.779000000000000000e+03
2.233110000000000000e+05 1.754000000000000000e+03
2.266440000000000000e+05 1.739000000000000000e+03
2.299770000000000000e+05 1.683000000000000000e+03
2.333100000000000000e+05 1.760000000000000000e+03
2.366430000000000000e+05 1.808000000000000000e+03
2.399760000000000000e+05 1.827000000000000000e+03
2.433090000000000000e+05 1.803000000000000000e+03
2.466420000000000000e+05 1.842000000000000000e+03
2.499750000000000000e+05 1.966000000000000000e+03
2.533080000000000000e+05 1.999000000000000000e+03
2.566410000000000000e+05 2.035000000000000000e+03
2.599740000000000000e+05 2.136000000000000000e+03
2.633070000000000000e+05 2.327000000000000000e+03
2.666400000000000000e+05 2.454000000000000000e+03
2.699730000000000000e+05 2.478000000000000000e+03
2.733060000000000000e+05 2.601000000000000000e+03
2.766390000000000000e+05 2.732000000000000000e+03
2.799720000000000000e+05 2.749000000000000000e+03
2.833050000000000000e+05 2.974000000000000000e+03
2.866380000000000000e+05 3.158000000000000000e+03
2.899710000000000000e+05 3.121000000000000000e+03
2.933040000000000000e+05 3.408000000000000000e+03
2.966370000000000000e+05 3.565000000000000000e+03
2.999700000000000000e+05 3.735000000000000000e+03
3.033030000000000000e+05 3.825000000000000000e+03
3.066360000000000000e+05 3.960000000000000000e+03
3.099690000000000000e+05 4.116000000000000000e+03
3.133020000000000000e+05 4.179000000000000000e+03
3.166350000000000000e+05 4.212000000000000000e+03
3.199680000000000000e+05 4.463000000000000000e+03
3.233010000000000000e+05 4.519000000000000000e+03
3.266340000000000000e+05 4.618000000000000000e+03
3.299670000000000000e+05 4.489000000000000000e+03
3.333000000000000000e+05 4.850000000000000000e+03
3.366330000000000000e+05 4.968000000000000000e+03
3.399660000000000000e+05 4.926000000000000000e+03
3.432990000000000000e+05 4.982000000000000000e+03
3.466320000000000000e+05 5.092000000000000000e+03
3.499650000000000000e+05 5.094000000000000000e+03
3.532980000000000000e+05 5.321000000000000000e+03
3.566310000000000000e+05 5.368000000000000000e+03
3.599640000000000000e+05 5.296000000000000000e+03
3.632970000000000000e+05 5.262000000000000000e+03
3.666300000000000000e+05 5.377000000000000000e+03
3.699630000000000000e+05 5.393000000000000000e+03
3.732960000000000000e+05 5.492000000000000000e+03
3.766290000000000000e+05 5.479000000000000000e+03
3.799620000000000000e+05 5.619000000000000000e+03
3.832950000000000000e+05 5.485000000000000000e+03
3.866280000000000000e+05 5.550000000000000000e+03
3.899610000000000000e+05 5.436000000000000000e+03
3.932940000000000000e+05 5.648000000000000000e+03
3.966270000000000000e+05 5.579000000000000000e+03
3.999600000000000000e+05 5.465000000000000000e+03
4.032930000000000000e+05 5.613000000000000000e+03
4.066260000000000000e+05 5.534000000000000000e+03
4.099590000000000000e+05 5.387000000000000000e+03
4.132920000000000000e+05 5.405000000000000000e+03
4.166250000000000000e+05 5.523000000000000000e+03
4.199580000000000000e+05 5.430000000000000000e+03
4.232910000000000000e+05 5.466000000000000000e+03
4.266240000000000000e+05 5.604000000000000000e+03
4.299570000000000000e+05 5.431000000000000000e+03
4.332900000000000000e+05 5.318000000000000000e+03
4.366230000000000000e+05 5.337000000000000000e+03
4.399560000000000000e+05 5.278000000000000000e+03
4.432890000000000000e+05 5.208000000000000000e+03
4.466220000000000000e+05 5.121000000000000000e+03
4.499550000000000000e+05 5.075000000000000000e+03
4.532880000000000000e+05 5.138000000000000000e+03
4.566210000000000000e+05 4.903000000000000000e+03
4.599540000000000000e+05 4.772000000000000000e+03
4.632870000000000000e+05 4.979000000000000000e+03
4.666200000000000000e+05 4.610000000000000000e+03
4.699530000000000000e+05 4.506000000000000000e+03
4.732860000000000000e+05 4.363000000000000000e+03
4.766190000000000000e+05 4.369000000000000000e+03
4.799520000000000000e+05 4.299000000000000000e+03
4.832850000000000000e+05 4.017000000000000000e+03
4.866180000000000000e+05 4.017000000000000000e+03
4.899510000000000000e+05 3.763000000000000000e+03
4.932840000000000000e+05 3.751000000000000000e+03
4.966170000000000000e+05 3.554000000000000000e+03
4.999500000000000000e+05 3.471000000000000000e+03
5.032830000000000000e+05 3.471000000000000000e+03
5.066160000000000000e+05 3.297000000000000000e+03
5.099490000000000000e+05 3.076000000000000000e+03
5.132820000000000000e+05 2.937000000000000000e+03
5.166150000000000000e+05 2.833000000000000000e+03
5.199480000000000000e+05 2.826000000000000000e+03
5.232810000000000000e+05 2.594000000000000000e+03
5.266140000000000000e+05 2.465000000000000000e+03
5.299470000000000000e+05 2.320000000000000000e+03
5.332800000000000000e+05 2.268000000000000000e+03
5.366130000000000000e+05 2.046000000000000000e+03
5.399460000000000000e+05 2.009000000000000000e+03
5.432790000000000000e+05 1.975000000000000000e+03
5.466120000000000000e+05 1.852000000000000000e+03
5.499450000000000000e+05 1.784000000000000000e+03
5.532780000000000000e+05 1.815000000000000000e+03
5.566110000000000000e+05 1.667000000000000000e+03
5.599440000000000000e+05 1.737000000000000000e+03
5.632770000000000000e+05 1.746000000000000000e+03
5.666100000000000000e+05 1.740000000000000000e+03
5.699430000000000000e+05 1.734000000000000000e+03
5.732760000000000000e+05 1.756000000000000000e+03
5.766090000000000000e+05 1.836000000000000000e+03
5.799420000000000000e+05 1.801000000000000000e+03
5.832750000000000000e+05 1.882000000000000000e+03
5.866080000000000000e+05 2.044000000000000000e+03
5.899410000000000000e+05 2.039000000000000000e+03
5.932740000000000000e+05 2.201000000000000000e+03
5.966070000000000000e+05 2.303000000000000000e+03
5.999400000000000000e+05 2.333000000000000000e+03
6.032730000000000000e+05 2.495000000000000000e+03
6.066060000000000000e+05 2.590000000000000000e+03
6.099390000000000000e+05 2.762000000000000000e+03
6.132720000000000000e+05 2.857000000000000000e+03
6.166050000000000000e+05 3.043000000000000000e+03
6.199380000000000000e+05 3.110000000000000000e+03
6.232710000000000000e+05 3.321000000000000000e+03
6.266040000000000000e+05 3.380000000000000000e+03
6.299370000000000000e+05 3.646000000000000000e+03
6.332700000000000000e+05 3.778000000000000000e+03
6.366030000000000000e+05 3.721000000000000000e+03
6.399360000000000000e+05 3.957000000000000000e+03
6.432690000000000000e+05 3.995000000000000000e+03
6.466020000000000000e+05 4.245000000000000000e+03
6.499350000000000000e+05 4.265000000000000000e+03
6.532680000000000000e+05 4.301000000000000000e+03
6.566010000000000000e+05 4.487000000000000000e+03
6.599340000000000000e+05 4.608000000000000000e+03
6.632670000000000000e+05 4.789000000000000000e+03
