0.000000000000000000e+00 2.951000000000000000e+03
1.667000000000000000e+03 3.042000000000000000e+03
3.334000000000000000e+03 2.918000000000000000e+03
5.001000000000000000e+03 3.051000000000000000e+03
6.668000000000000000e+03 3.057000000000000000e+03
8.335000000000000000e+03 3.143000000000000000e+03
1.000200000000000000e+04 3.227000000000000000e+03
1.166900000000000000e+04 3.141000000000000000e+03
1.333600000000000000e+04 3.211000000000000000e+03
1.500300000000000000e+04 3.263000000000000000e+03
1.667000000000000000e+04 3.298000000000000000e+03
1.833700000000000000e+04 3.418000000000000000e+03
2.000400000000000000e+04 3.350000000000000000e+03
2.167100000000000000e+04 3.357000000000000000e+03
2.333800000000000000e+04 3.387000000000000000e+03
2.500500000000000000e+04 3.228000000000000000e+03
2.667200000000000000e+04 3.409000000000000000e+03
2.833900000000000000e+04 3.343000000000000000e+03
3.000600000000000000e+04 3.408000000000000000e+03
3.167300000000000000e+04 3.264000000000000000e+03
3.334000000000000000e+04 3.346000000000000000e+03
3.500700000000000000e+04 3.511000000000000000e+03
3.667400000000000000e+04 3.386000000000000000e+03
3.834100000000000000e+04 3.293000000000000000e+03
4.000800000000000000e+04 3.375000000000000000e+03
4.167500000000000000e+04 3.305000000000000000e+03
4.334200000000000000e+04 3.255000000000000000e+03
4.500900000000000000e+04 3.276000000000000000e+03
4.667600000000000000e+04 3.242000000000000000e+03
4.834300000000000000e+04 3.159000000000000000e+03
5.001000000000000000e+04 3.250000000000000000e+03
5.167700000000000000e+04 3.191000000000000000e+03
5.334400000000000000e+04 3.119000000000000000e+03
5.501100000000000000e+04 3.008000000000000000e+03
5.667800000000000000e+04 3.041000000000000000e+03
5.834500000000000000e+04 3.034000000000000000e+03
6.001200000000000000e+04 2.976000000000000000e+03
6.167900000000000000e+04 3.067000000000000000e+03
6.334600000000000000e+04 2.919000000000000000e+03
6.501300000000000000e+04 2.791000000000000000e+03
6.668000000000000000e+04 2.890000000000000000e+03
6.834700000000000000e+04 2.730000000000000000e+03
7.001400000000000000e+04 2.722000000000000000e+03
7.168100000000000000e+04 2.668000000000000000e+03
7.334800000000000000e+04 2.498000000000000000e+03
7.501500000000000000e+04 2.488000000000000000e+03
7.668200000000000000e+04 2.564000000000000000e+03
7.834900000000000000e+04 2.349000000000000000e+03
8.001600000000000000e+04 2.310000000000000000e+03
8.168300000000000000e+04 2.209000000000000000e+03
8.335000000000000000e+04 2.015000000000000000e+03
8.501700000000000000e+04 2.014000000000000000e+03
8.668400000000000000e+04 2.030000000000000000e+03
8.835100000000000000e+04 1.926000000000000000e+03
9.001800000000000000e+04 1.836000000000000000e+03
9.168500000000000000e+04 1.675000000000000000e+03
9.335200000000000000e+04 1.670000000000000000e+03
9.501900000000000000e+04 1.662000000000000000e+03
9.668600000000000000e+04 1.565000000000000000e+03
9.835300000000000000e+04 1.426000000000000000e+03
1.000200000000000000e+05 1.406000000000000000e+03
1.016870000000000000e+05 1.332000000000000000e+03
1.033540000000000000e+05 1.313000000000000000e+03
1.050210000000000000e+05 1.286000000000000000e+03
1.066880000000000000e+05 1.251000000000000000e+03
1.083550000000000000e+05 1.208000000000000000e+03
1.100220000000000000e+05 1.164000000000000000e+03
1.116890000000000000e+05 1.158000000000000000e+03
1.133560000000000000e+05 1.081000000000000000e+03
1.150230000000000000e+05 1.132000000000000000e+03
1.166900000000000000e+05 1.064000000000000000e+03
1.183570000000000000e+05 1.147000000000000000e+03
1.200240000000000000e+05 1.192000000000000000e+03
1.216910000000000000e+05 1.127000000000000000e+03
1.233580000000000000e+05 1.134000000000000000e+03
1.250250000000000000e+05 1.209000000000000000e+03
1.266920000000000000e+05 1.283000000000000000e+03
1.283590000000000000e+05 1.393000000000000000e+03
1.300260000000000000e+05 1.391000000000000000e+03
1.316930000000000000e+05 1.410000000000000000e+03
1.333600000000000000e+05 1.516000000000000000e+03
1.350270000000000000e+05 1.572000000000000000e+03
1.366940000000000000e+05 1.712000000000000000e+03
1.383610000000000000e+05 1.742000000000000000e+03
1.400280000000000000e+05 1.753000000000000000e+03
1.416950000000000000e+05 1.925000000000000000e+03
1.433620000000000000e+05 1.943000000000000000e+03
1.450290000000000000e+05 2.151000000000000000e+03
1.466960000000000000e+05 2.163000000000000000e+03
1.483630000000000000e+05 2.218000000000000000e+03
1.500300000000000000e+05 2.228000000000000000e+03
1.516970000000000000e+05 2.436000000000000000e+03
1.533640000000000000e+05 2.570000000000000000e+03
1.550310000000000000e+05 2.441000000000000000e+03
1.566980000000000000e+05 2.606000000000000000e+03
1.583650000000000000e+05 2.585000000000000000e+03
1.600320000000000000e+05 2.758000000000000000e+03
1.616990000000000000e+05 2.731000000000000000e+03
1.633660000000000000e+05 2.870000000000000000e+03
1.650330000000000000e+05 2.884000000000000000e+03
1.667000000000000000e+05 2.872000000000000000e+03
1.683670000000000000e+05 3.006000000000000000e+03
1.700340000000000000e+05 3.151000000000000000e+03
1.717010000000000000e+05 3.061000000000000000e+03
1.733680000000000000e+05 3.099000000000000000e+03
1.750350000000000000e+05 3.091000000000000000e+03
1.767020000000000000e+05 3.146000000000000000e+03
1.783690000000000000e+05 3.182000000000000000e+03
1.800360000000000000e+05 3.209000000000000000e+03
1.817030000000000000e+05 3.227000000000000000e+03
1.833700000000000000e+05 3.350000000000000000e+03
1.850370000000000000e+05 3.321000000000000000e+03
1.867040000000000000e+05 3.327000000000000000e+03
1.883710000000000000e+05 3.316000000000000000e+03
1.900380000000000000e+05 3.348000000000000000e+03
1.917050000000000000e+05 3.429000000000000000e+03
1.933720000000000000e+05 3.261000000000000000e+03
1.950390000000000000e+05 3.391000000000000000e+03
1.967060000000000000e+05 3.366000000000000000e+03
1.983730000000000000e+05 3.459000000000000000e+03
2.000400000000000000e+05 3.276000000000000000e+03
2.017070000000000000e+05 3.429000000000000000e+03
2.033740000000000000e+05 3.277000000000000000e+03
2.050410000000000000e+05 3.406000000000000000e+03
2.067080000000000000e+05 3.365000000000000000e+03
2.083750000000000000e+05 3.224000000000000000e+03
2.100420000000000000e+05 3.228000000000000000e+03
2.117090000000000000e+05 3.248000000000000000e+03
2.133760000000000000e+05 3.354000000000000000e+03
2.150430000000000000e+05 3.178000000000000000e+03
2.167100000000000000e+05 3.175000000000000000e+03
2.183770000000000000e+05 3.234000000000000000e+03
2.200440000000000000e+05 3.123000000000000000e+03
2.217110000000000000e+05 3.259000000000000000e+03
2.233780000000000000e+05 3.168000000000000000e+03
2.250450000000000000e+05 3.044000000000000000e+03
2.267120000000000000e+05 2.952000000000000000e+03
2.283790000000000000e+05 3.041000000000000000e+03
2.300460000000000000e+05 2.829000000000000000e+03
2.317130000000000000e+05 2.831000000000000000e+03
2.333800000000000000e+05 2.788000000000000000e+03
2.350470000000000000e+05 2.768000000000000000e+03
2.367140000000000000e+05 2.772000000000000000e+03
2.383810000000000000e+05 2.653000000000000000e+03
2.400480000000000000e+05 2.520000000000000000e+03
2.417150000000000000e+05 2.538000000000000000e+03
2.433820000000000000e+05 2.467000000000000000e+03
2.450490000000000000e+05 2.273000000000000000e+03
2.467160000000000000e+05 2.315000000000000000e+03
2.483830000000000000e+05 2.248000000000000000e+03
2.500500000000000000e+05 2.131000000000000000e+03
2.517170000000000000e+05 2.141000000000000000e+03
2.533840000000000000e+05 1.988000000000000000e+03
2.550510000000000000e+05 1.927000000000000000e+03
2.567180000000000000e+05 1.882000000000000000e+03
2.583850000000000000e+05 1.768000000000000000e+03
2.600520000000000000e+05 1.731000000000000000e+03
2.617190000000000000e+05 1.593000000000000000e+03
2.633860000000000000e+05 1.555000000000000000e+03
2.650530000000000000e+05 1.487000000000000000e+03
2.667200000000000000e+05 1.405000000000000000e+03
2.683870000000000000e+05 1.351000000000000000e+03
2.700540000000000000e+05 1.317000000000000000e+03
2.717210000000000000e+05 1.259000000000000000e+03
2.733880000000000000e+05 1.201000000000000000e+03
2.750550000000000000e+05 1.186000000000000000e+03
2.767220000000000000e+05 1.174000000000000000e+03
2.783890000000000000e+05 1.175000000000000000e+03
2.800560000000000000e+05 1.113000000000000000e+03
2.817230000000000000e+05 1.103000000000000000e+03
2.833900000000000000e+05 1.013000000000000000e+03
2.850570000000000000e+05 1.107000000000000000e+03
2.867240000000000000e+05 1.182000000000000000e+03
2.883910000000000000e+05 1.174000000000000000e+03
2.900580000000000000e+05 1.256000000000000000e+03
2.917250000000000000e+05 1.191000000000000000e+03
2.933920000000000000e+05 1.313000000000000000e+03
2.950590000000000000e+05 1.402000000000000000e+03
2.967260000000000000e+05 1.424000000000000000e+03
2.983930000000000000e+05 1.465000000000000000e+03
3.000600000000000000e+05 1.409000000000000000e+03
3.017270000000000000e+05 1.552000000000000000e+03
3.033940000000000000e+05 1.707000000000000000e+03
3.050610000000000000e+05 1.798000000000000000e+03
3.067280000000000000e+05 1.786000000000000000e+03
3.083950000000000000e+05 1.787000000000000000e+03
3.100620000000000000e+05 1.975000000000000000e+03
3.117290000000000000e+05 2.049000000000000000e+03
3.133960000000000000e+05 2.097000000000000000e+03
3.150630000000000000e+05 2.194000000000000000e+03
3.167300000000000000e+05 2.285000000000000000e+03
3.183970000000000000e+05 2.354000000000000000e+03
3.200640000000000000e+05 2.429000000000000000e+03
3.217310000000000000e+05 2.597000000000000000e+03
3.233980000000000000e+05 2.559000000000000000e+03
3.250650000000000000e+05 2.696000000000000000e+03
3.267320000000000000e+05 2.857000000000000000e+03
3.283990000000000000e+05 2.851000000000000000e+03
3.300660000000000000e+05 2.874000000000000000e+03
3.317330000000000000e+05 2.832000000000000000e+03
