0.000000000000000000e+00 2.254000000000000000e+03
1.000000000000000000e+03 2.233000000000000000e+03
2.000000000000000000e+03 2.318000000000000000e+03
3.000000000000000000e+03 2.411000000000000000e+03
4.000000000000000000e+03 2.472000000000000000e+03
5.000000000000000000e+03 2.454000000000000000e+03
6.000000000000000000e+03 2.496000000000000000e+03
7.000000000000000000e+03 2.568000000000000000e+03
8.000000000000000000e+03 2.430000000000000000e+03
9.000000000000000000e+03 2.538000000000000000e+03
1.000000000000000000e+04 2.530000000000000000e+03
1.100000000000000000e+04 2.547000000000000000e+03
1.200000000000000000e+04 2.585000000000000000e+03
1.300000000000000000e+04 2.597000000000000000e+03
1.400000000000000000e+04 2.654000000000000000e+03
1.500000000000000000e+04 2.601000000000000000e+03
1.600000000000000000e+04 2.673000000000000000e+03
1.700000000000000000e+04 2.574000000000000000e+03
1.800000000000000000e+04 2.565000000000000000e+03
1.900000000000000000e+04 2.656000000000000000e+03
2.000000000000000000e+04 2.552000000000000000e+03
2.100000000000000000e+04 2.590000000000000000e+03
2.200000000000000000e+04 2.639000000000000000e+03
2.300000000000000000e+04 2.558000000000000000e+03
2.400000000000000000e+04 2.510000000000000000e+03
2.500000000000000000e+04 2.458000000000000000e+03
2.600000000000000000e+04 2.596000000000000000e+03
2.700000000000000000e+04 2.507000000000000000e+03
2.800000000000000000e+04 2.563000000000000000e+03
2.900000000000000000e+04 2.486000000000000000e+03
3.000000000000000000e+04 2.510000000000000000e+03
3.100000000000000000e+04 2.435000000000000000e+03
3.200000000000000000e+04 2.480000000000000000e+03
3.300000000000000000e+04 2.537000000000000000e+03
3.400000000000000000e+04 2.462000000000000000e+03
3.500000000000000000e+04 2.274000000000000000e+03
3.600000000000000000e+04 2.345000000000000000e+03
3.700000000000000000e+04 2.274000000000000000e+03
3.800000000000000000e+04 2.278000000000000000e+03
3.900000000000000000e+04 2.341000000000000000e+03
4.000000000000000000e+04 2.195000000000000000e+03
4.100000000000000000e+04 2.187000000000000000e+03
4.200000000000000000e+04 2.043000000000000000e+03
4.300000000000000000e+04 2.088000000000000000e+03
4.400000000000000000e+04 1.970000000000000000e+03
4.500000000000000000e+04 1.882000000000000000e+03
4.600000000000000000e+04 1.849000000000000000e+03
4.700000000000000000e+04 1.804000000000000000e+03
4.800000000000000000e+04 1.797000000000000000e+03
4.900000000000000000e+04 1.713000000000000000e+03
5.000000000000000000e+04 1.594000000000000000e+03
5.100000000000000000e+04 1.546000000000000000e+03
5.200000000000000000e+04 1.494000000000000000e+03
5.300000000000000000e+04 1.437000000000000000e+03
5.400000000000000000e+04 1.386000000000000000e+03
5.500000000000000000e+04 1.238000000000000000e+03
5.600000000000000000e+04 1.216000000000000000e+03
5.700000000000000000e+04 1.210000000000000000e+03
5.800000000000000000e+04 1.029000000000000000e+03
5.900000000000000000e+04 1.041000000000000000e+03
6.000000000000000000e+04 1.031000000000000000e+03
6.100000000000000000e+04 9.250000000000000000e+02
6.200000000000000000e+04 8.940000000000000000e+02
6.300000000000000000e+04 8.930000000000000000e+02
6.400000000000000000e+04 8.580000000000000000e+02
6.500000000000000000e+04 8.780000000000000000e+02
6.600000000000000000e+04 7.690000000000000000e+02
6.700000000000000000e+04 7.490000000000000000e+02
6.800000000000000000e+04 7.710000000000000000e+02
6.900000000000000000e+04 7.850000000000000000e+02
7.000000000000000000e+04 7.390000000000000000e+02
7.100000000000000000e+04 7.640000000000000000e+02
7.200000000000000000e+04 8.040000000000000000e+02
7.300000000000000000e+04 7.770000000000000000e+02
7.400000000000000000e+04 8.100000000000000000e+02
7.500000000000000000e+04 8.540000000000000000e+02
7.600000000000000000e+04 8.470000000000000000e+02
7.700000000000000000e+04 9.010000000000000000e+02
7.800000000000000000e+04 9.930000000000000000e+02
7.900000000000000000e+04 1.043000000000000000e+03
8.000000000000000000e+04 1.055000000000000000e+03
8.100000000000000000e+04 1.161000000000000000e+03
8.200000000000000000e+04 1.223000000000000000e+03
8.300000000000000000e+04 1.197000000000000000e+03
8.400000000000000000e+04 1.312000000000000000e+03
8.500000000000000000e+04 1.404000000000000000e+03
8.600000000000000000e+04 1.510000000000000000e+03
8.700000000000000000e+04 1.571000000000000000e+03
8.800000000000000000e+04 1.567000000000000000e+03
8.900000000000000000e+04 1.678000000000000000e+03
9.000000000000000000e+04 1.726000000000000000e+03
9.100000000000000000e+04 1.751000000000000000e+03
9.200000000000000000e+04 1.891000000000000000e+03
9.300000000000000000e+04 1.905000000000000000e+03
9.400000000000000000e+04 1.917000000000000000e+03
9.500000000000000000e+04 1.944000000000000000e+03
9.600000000000000000e+04 2.048000000000000000e+03
9.700000000000000000e+04 2.103000000000000000e+03
9.800000000000000000e+04 2.139000000000000000e+03
9.900000000000000000e+04 2.267000000000000000e+03
1.000000000000000000e+05 2.274000000000000000e+03
1.010000000000000000e+05 2.300000000000000000e+03
1.020000000000000000e+05 2.399000000000000000e+03
1.030000000000000000e+05 2.462000000000000000e+03
1.040000000000000000e+05 2.501000000000000000e+03
1.050000000000000000e+05 2.407000000000000000e+03
1.060000000000000000e+05 2.394000000000000000e+03
1.070000000000000000e+05 2.437000000000000000e+03
1.080000000000000000e+05 2.445000000000000000e+03
1.090000000000000000e+05 2.592000000000000000e+03
1.100000000000000000e+05 2.572000000000000000e+03
1.110000000000000000e+05 2.432000000000000000e+03
1.120000000000000000e+05 2.519000000000000000e+03
1.130000000000000000e+05 2.612000000000000000e+03
1.140000000000000000e+05 2.606000000000000000e+03
1.150000000000000000e+05 2.559000000000000000e+03
1.160000000000000000e+05 2.634000000000000000e+03
1.170000000000000000e+05 2.562000000000000000e+03
1.180000000000000000e+05 2.585000000000000000e+03
1.190000000000000000e+05 2.601000000000000000e+03
1.200000000000000000e+05 2.560000000000000000e+03
1.210000000000000000e+05 2.610000000000000000e+03
1.220000000000000000e+05 2.607000000000000000e+03
1.230000000000000000e+05 2.688000000000000000e+03
1.240000000000000000e+05 2.490000000000000000e+03
1.250000000000000000e+05 2.611000000000000000e+03
1.260000000000000000e+05 2.566000000000000000e+03
1.270000000000000000e+05 2.651000000000000000e+03
1.280000000000000000e+05 2.542000000000000000e+03
1.290000000000000000e+05 2.485000000000000000e+03
1.300000000000000000e+05 2.398000000000000000e+03
1.310000000000000000e+05 2.492000000000000000e+03
1.320000000000000000e+05 2.424000000000000000e+03
1.330000000000000000e+05 2.411000000000000000e+03
1.340000000000000000e+05 2.378000000000000000e+03
1.350000000000000000e+05 2.368000000000000000e+03
1.360000000000000000e+05 2.352000000000000000e+03
1.370000000000000000e+05 2.372000000000000000e+03
1.380000000000000000e+05 2.305000000000000000e+03
1.390000000000000000e+05 2.223000000000000000e+03
1.400000000000000000e+05 2.206000000000000000e+03
1.410000000000000000e+05 2.168000000000000000e+03
1.420000000000000000e+05 2.086000000000000000e+03
1.430000000000000000e+05 2.042000000000000000e+03
1.440000000000000000e+05 2.021000000000000000e+03
1.450000000000000000e+05 1.884000000000000000e+03
1.460000000000000000e+05 1.965000000000000000e+03
1.470000000000000000e+05 1.768000000000000000e+03
1.480000000000000000e+05 1.715000000000000000e+03
1.490000000000000000e+05 1.684000000000000000e+03
1.500000000000000000e+05 1.603000000000000000e+03
1.510000000000000000e+05 1.569000000000000000e+03
1.520000000000000000e+05 1.533000000000000000e+03
1.530000000000000000e+05 1.433000000000000000e+03
1.540000000000000000e+05 1.388000000000000000e+03
1.550000000000000000e+05 1.221000000000000000e+03
1.560000000000000000e+05 1.197000000000000000e+03
1.570000000000000000e+05 1.210000000000000000e+03
1.580000000000000000e+05 1.156000000000000000e+03
1.590000000000000000e+05 1.050000000000000000e+03
1.600000000000000000e+05 9.780000000000000000e+02
1.610000000000000000e+05 9.350000000000000000e+02
1.620000000000000000e+05 8.810000000000000000e+02
1.630000000000000000e+05 8.880000000000000000e+02
1.640000000000000000e+05 8.200000000000000000e+02
1.650000000000000000e+05 8.870000000000000000e+02
1.660000000000000000e+05 8.230000000000000000e+02
1.670000000000000000e+05 7.970000000000000000e+02
1.680000000000000000e+05 7.620000000000000000e+02
1.690000000000000000e+05 7.450000000000000000e+02
1.700000000000000000e+05 7.270000000000000000e+02
1.710000000000000000e+05 7.740000000000000000e+02
1.720000000000000000e+05 8.400000000000000000e+02
1.730000000000000000e+05 7.920000000000000000e+02
1.740000000000000000e+05 8.380000000000000000e+02
1.750000000000000000e+05 8.020000000000000000e+02
1.760000000000000000e+05 9.040000000000000000e+02
1.770000000000000000e+05 9.520000000000000000e+02
1.780000000000000000e+05 9.320000000000000000e+02
1.790000000000000000e+05 9.880000000000000000e+02
1.800000000000000000e+05 1.108000000000000000e+03
1.810000000000000000e+05 1.138000000000000000e+03
1.820000000000000000e+05 1.109000000000000000e+03
1.830000000000000000e+05 1.254000000000000000e+03
1.840000000000000000e+05 1.388000000000000000e+03
1.850000000000000000e+05 1.396000000000000000e+03
1.860000000000000000e+05 1.448000000000000000e+03
1.870000000000000000e+05 1.514000000000000000e+03
1.880000000000000000e+05 1.553000000000000000e+03
1.890000000000000000e+05 1.679000000000000000e+03
1.900000000000000000e+05 1.649000000000000000e+03
1.910000000000000000e+05 1.831000000000000000e+03
1.920000000000000000e+05 1.823000000000000000e+03
1.930000000000000000e+05 1.776000000000000000e+03
1.940000000000000000e+05 1.969000000000000000e+03
1.950000000000000000e+05 2.039000000000000000e+03
1.960000000000000000e+05 2.029000000000000000e+03
1.970000000000000000e+05 2.107000000000000000e+03
1.980000000000000000e+05 2.305000000000000000e+03
1.990000000000000000e+05 2.198000000000000000e+03
