0.000000000000000000e+00 1.381000000000000000e+03
5.000000000000000000e+01 1.434000000000000000e+03
1.000000000000000000e+02 1.582000000000000000e+03
1.500000000000000000e+02 1.575000000000000000e+03
2.000000000000000000e+02 1.612000000000000000e+03
2.500000000000000000e+02 1.555000000000000000e+03
3.000000000000000000e+02 1.677000000000000000e+03
3.500000000000000000e+02 1.682000000000000000e+03
4.000000000000000000e+02 1.623000000000000000e+03
4.500000000000000000e+02 1.675000000000000000e+03
5.000000000000000000e+02 1.719000000000000000e+03
5.500000000000000000e+02 1.767000000000000000e+03
6.000000000000000000e+02 1.643000000000000000e+03
6.500000000000000000e+02 1.807000000000000000e+03
7.000000000000000000e+02 1.707000000000000000e+03
7.500000000000000000e+02 1.766000000000000000e+03
8.000000000000000000e+02 1.847000000000000000e+03
8.500000000000000000e+02 1.776000000000000000e+03
9.000000000000000000e+02 1.747000000000000000e+03
9.500000000000000000e+02 1.780000000000000000e+03
1.000000000000000000e+03 1.839000000000000000e+03
1.050000000000000000e+03 1.785000000000000000e+03
1.100000000000000000e+03 1.827000000000000000e+03
1.150000000000000000e+03 1.863000000000000000e+03
1.200000000000000000e+03 1.802000000000000000e+03
1.250000000000000000e+03 1.747000000000000000e+03
1.300000000000000000e+03 1.784000000000000000e+03
1.350000000000000000e+03 1.783000000000000000e+03
1.400000000000000000e+03 1.764000000000000000e+03
1.450000000000000000e+03 1.726000000000000000e+03
1.500000000000000000e+03 1.771000000000000000e+03
1.550000000000000000e+03 1.808000000000000000e+03
1.600000000000000000e+03 1.749000000000000000e+03
1.650000000000000000e+03 1.731000000000000000e+03
1.700000000000000000e+03 1.751000000000000000e+03
1.750000000000000000e+03 1.572000000000000000e+03
1.800000000000000000e+03 1.674000000000000000e+03
1.850000000000000000e+03 1.589000000000000000e+03
1.900000000000000000e+03 1.656000000000000000e+03
1.950000000000000000e+03 1.575000000000000000e+03
2.000000000000000000e+03 1.565000000000000000e+03
2.050000000000000000e+03 1.600000000000000000e+03
2.100000000000000000e+03 1.396000000000000000e+03
2.150000000000000000e+03 1.442000000000000000e+03
2.200000000000000000e+03 1.402000000000000000e+03
2.250000000000000000e+03 1.406000000000000000e+03
2.300000000000000000e+03 1.328000000000000000e+03
2.350000000000000000e+03 1.258000000000000000e+03
2.400000000000000000e+03 1.273000000000000000e+03
2.450000000000000000e+03 1.263000000000000000e+03
2.500000000000000000e+03 1.171000000000000000e+03
2.550000000000000000e+03 1.187000000000000000e+03
2.600000000000000000e+03 1.111000000000000000e+03
2.650000000000000000e+03 1.129000000000000000e+03
2.700000000000000000e+03 1.057000000000000000e+03
2.750000000000000000e+03 1.039000000000000000e+03
2.800000000000000000e+03 1.009000000000000000e+03
2.850000000000000000e+03 9.440000000000000000e+02
2.900000000000000000e+03 8.610000000000000000e+02
2.950000000000000000e+03 8.550000000000000000e+02
3.000000000000000000e+03 8.800000000000000000e+02
3.050000000000000000e+03 8.210000000000000000e+02
3.100000000000000000e+03 8.020000000000000000e+02
3.150000000000000000e+03 7.430000000000000000e+02
3.200000000000000000e+03 7.040000000000000000e+02
3.250000000000000000e+03 6.830000000000000000e+02
3.300000000000000000e+03 5.970000000000000000e+02
3.350000000000000000e+03 6.160000000000000000e+02
3.400000000000000000e+03 5.800000000000000000e+02
3.450000000000000000e+03 5.600000000000000000e+02
3.500000000000000000e+03 5.500000000000000000e+02
3.550000000000000000e+03 5.590000000000000000e+02
3.600000000000000000e+03 5.790000000000000000e+02
3.650000000000000000e+03 5.140000000000000000e+02
3.700000000000000000e+03 5.470000000000000000e+02
3.750000000000000000e+03 5.790000000000000000e+02
3.800000000000000000e+03 5.110000000000000000e+02
3.850000000000000000e+03 5.460000000000000000e+02
3.900000000000000000e+03 5.770000000000000000e+02
3.950000000000000000e+03 6.020000000000000000e+02
4.000000000000000000e+03 6.100000000000000000e+02
4.050000000000000000e+03 5.980000000000000000e+02
4.100000000000000000e+03 7.540000000000000000e+02
4.150000000000000000e+03 7.170000000000000000e+02
4.200000000000000000e+03 7.250000000000000000e+02
4.250000000000000000e+03 7.650000000000000000e+02
4.300000000000000000e+03 8.130000000000000000e+02
4.350000000000000000e+03 8.380000000000000000e+02
4.400000000000000000e+03 8.300000000000000000e+02
4.450000000000000000e+03 9.060000000000000000e+02
4.500000000000000000e+03 1.056000000000000000e+03
4.550000000000000000e+03 1.072000000000000000e+03
4.600000000000000000e+03 1.101000000000000000e+03
4.650000000000000000e+03 1.217000000000000000e+03
4.700000000000000000e+03 1.222000000000000000e+03
4.750000000000000000e+03 1.221000000000000000e+03
4.800000000000000000e+03 1.325000000000000000e+03
4.850000000000000000e+03 1.372000000000000000e+03
4.900000000000000000e+03 1.360000000000000000e+03
4.950000000000000000e+03 1.402000000000000000e+03
5.000000000000000000e+03 1.491000000000000000e+03
5.050000000000000000e+03 1.470000000000000000e+03
5.100000000000000000e+03 1.505000000000000000e+03
5.150000000000000000e+03 1.589000000000000000e+03
5.200000000000000000e+03 1.509000000000000000e+03
5.250000000000000000e+03 1.683000000000000000e+03
5.300000000000000000e+03 1.630000000000000000e+03
5.350000000000000000e+03 1.641000000000000000e+03
5.400000000000000000e+03 1.700000000000000000e+03
5.450000000000000000e+03 1.648000000000000000e+03
5.500000000000000000e+03 1.644000000000000000e+03
5.550000000000000000e+03 1.721000000000000000e+03
5.600000000000000000e+03 1.651000000000000000e+03
5.650000000000000000e+03 1.700000000000000000e+03
5.700000000000000000e+03 1.775000000000000000e+03
5.750000000000000000e+03 1.745000000000000000e+03
5.800000000000000000e+03 1.803000000000000000e+03
5.850000000000000000e+03 1.747000000000000000e+03
5.900000000000000000e+03 1.816000000000000000e+03
5.950000000000000000e+03 1.825000000000000000e+03
6.000000000000000000e+03 1.819000000000000000e+03
6.050000000000000000e+03 1.857000000000000000e+03
6.100000000000000000e+03 1.755000000000000000e+03
6.150000000000000000e+03 1.782000000000000000e+03
6.200000000000000000e+03 1.755000000000000000e+03
6.250000000000000000e+03 1.784000000000000000e+03
6.300000000000000000e+03 1.819000000000000000e+03
6.350000000000000000e+03 1.791000000000000000e+03
6.400000000000000000e+03 1.806000000000000000e+03
6.450000000000000000e+03 1.761000000000000000e+03
6.500000000000000000e+03 1.694000000000000000e+03
6.550000000000000000e+03 1.768000000000000000e+03
6.600000000000000000e+03 1.739000000000000000e+03
6.650000000000000000e+03 1.718000000000000000e+03
6.700000000000000000e+03 1.701000000000000000e+03
6.750000000000000000e+03 1.641000000000000000e+03
6.800000000000000000e+03 1.632000000000000000e+03
6.850000000000000000e+03 1.624000000000000000e+03
6.900000000000000000e+03 1.580000000000000000e+03
6.950000000000000000e+03 1.611000000000000000e+03
7.000000000000000000e+03 1.519000000000000000e+03
7.050000000000000000e+03 1.501000000000000000e+03
7.100000000000000000e+03 1.527000000000000000e+03
7.150000000000000000e+03 1.555000000000000000e+03
7.200000000000000000e+03 1.420000000000000000e+03
7.250000000000000000e+03 1.363000000000000000e+03
7.300000000000000000e+03 1.350000000000000000e+03
7.350000000000000000e+03 1.307000000000000000e+03
7.400000000000000000e+03 1.305000000000000000e+03
7.450000000000000000e+03 1.286000000000000000e+03
7.500000000000000000e+03 1.173000000000000000e+03
7.550000000000000000e+03 1.155000000000000000e+03
7.600000000000000000e+03 1.084000000000000000e+03
7.650000000000000000e+03 1.136000000000000000e+03
7.700000000000000000e+03 9.990000000000000000e+02
7.750000000000000000e+03 1.021000000000000000e+03
7.800000000000000000e+03 9.590000000000000000e+02
7.850000000000000000e+03 8.910000000000000000e+02
7.900000000000000000e+03 8.770000000000000000e+02
7.950000000000000000e+03 8.420000000000000000e+02
8.000000000000000000e+03 8.070000000000000000e+02
8.050000000000000000e+03 8.260000000000000000e+02
8.100000000000000000e+03 7.450000000000000000e+02
8.150000000000000000e+03 6.720000000000000000e+02
8.200000000000000000e+03 6.800000000000000000e+02
8.250000000000000000e+03 6.670000000000000000e+02
8.300000000000000000e+03 6.410000000000000000e+02
8.350000000000000000e+03 5.920000000000000000e+02
8.400000000000000000e+03 5.500000000000000000e+02
8.450000000000000000e+03 5.850000000000000000e+02
8.500000000000000000e+03 5.720000000000000000e+02
8.550000000000000000e+03 5.590000000000000000e+02
8.600000000000000000e+03 5.770000000000000000e+02
8.650000000000000000e+03 5.360000000000000000e+02
8.700000000000000000e+03 5.470000000000000000e+02
8.750000000000000000e+03 5.510000000000000000e+02
8.800000000000000000e+03 5.640000000000000000e+02
8.850000000000000000e+03 5.580000000000000000e+02
8.900000000000000000e+03 5.650000000000000000e+02
8.950000000000000000e+03 6.000000000000000000e+02
9.000000000000000000e+03 6.110000000000000000e+02
9.050000000000000000e+03 6.380000000000000000e+02
9.100000000000000000e+03 6.210000000000000000e+02
9.150000000000000000e+03 6.920000000000000000e+02
9.200000000000000000e+03 7.140000000000000000e+02
9.250000000000000000e+03 7.590000000000000000e+02
9.300000000000000000e+03 7.900000000000000000e+02
9.350000000000000000e+03 8.270000000000000000e+02
9.400000000000000000e+03 8.500000000000000000e+02
9.450000000000000000e+03 9.490000000000000000e+02
9.500000000000000000e+03 1.014000000000000000e+03
9.550000000000000000e+03 9.970000000000000000e+02
9.600000000000000000e+03 1.058000000000000000e+03
9.650000000000000000e+03 1.107000000000000000e+03
9.700000000000000000e+03 1.223000000000000000e+03
9.750000000000000000e+03 1.267000000000000000e+03
9.800000000000000000e+03 1.266000000000000000e+03
9.850000000000000000e+03 1.344000000000000000e+03
9.900000000000000000e+03 1.392000000000000000e+03
9.950000000000000000e+03 1.520000000000000000e+03
