0.000000000000000000e+00 1.788000000000000000e+03
1.670000000000000000e+02 1.901000000000000000e+03
3.340000000000000000e+02 1.904000000000000000e+03
5.010000000000000000e+02 1.893000000000000000e+03
6.680000000000000000e+02 1.889000000000000000e+03
8.350000000000000000e+02 1.931000000000000000e+03
1.002000000000000000e+03 2.024000000000000000e+03
1.169000000000000000e+03 1.970000000000000000e+03
1.336000000000000000e+03 1.989000000000000000e+03
1.503000000000000000e+03 1.951000000000000000e+03
1.670000000000000000e+03 1.931000000000000000e+03
1.837000000000000000e+03 2.052000000000000000e+03
2.004000000000000000e+03 2.048000000000000000e+03
2.171000000000000000e+03 2.103000000000000000e+03
2.338000000000000000e+03 2.079000000000000000e+03
2.505000000000000000e+03 2.065000000000000000e+03
2.672000000000000000e+03 2.092000000000000000e+03
2.839000000000000000e+03 2.042000000000000000e+03
3.006000000000000000e+03 2.060000000000000000e+03
3.173000000000000000e+03 2.082000000000000000e+03
3.340000000000000000e+03 2.140000000000000000e+03
3.507000000000000000e+03 2.056000000000000000e+03
3.674000000000000000e+03 2.233000000000000000e+03
3.841000000000000000e+03 2.085000000000000000e+03
4.008000000000000000e+03 2.082000000000000000e+03
4.175000000000000000e+03 2.066000000000000000e+03
4.342000000000000000e+03 2.031000000000000000e+03
4.509000000000000000e+03 2.056000000000000000e+03
4.676000000000000000e+03 2.007000000000000000e+03
4.843000000000000000e+03 2.039000000000000000e+03
5.010000000000000000e+03 1.948000000000000000e+03
5.177000000000000000e+03 1.955000000000000000e+03
5.344000000000000000e+03 1.959000000000000000e+03
5.511000000000000000e+03 1.955000000000000000e+03
5.678000000000000000e+03 2.024000000000000000e+03
5.845000000000000000e+03 1.908000000000000000e+03
6.012000000000000000e+03 1.908000000000000000e+03
6.179000000000000000e+03 1.814000000000000000e+03
6.346000000000000000e+03 1.897000000000000000e+03
6.513000000000000000e+03 1.833000000000000000e+03
6.680000000000000000e+03 1.804000000000000000e+03
6.847000000000000000e+03 1.779000000000000000e+03
7.014000000000000000e+03 1.693000000000000000e+03
7.181000000000000000e+03 1.715000000000000000e+03
7.348000000000000000e+03 1.579000000000000000e+03
7.515000000000000000e+03 1.538000000000000000e+03
7.682000000000000000e+03 1.562000000000000000e+03
7.849000000000000000e+03 1.566000000000000000e+03
8.016000000000000000e+03 1.500000000000000000e+03
8.183000000000000000e+03 1.418000000000000000e+03
8.350000000000000000e+03 1.390000000000000000e+03
8.517000000000000000e+03 1.380000000000000000e+03
8.684000000000000000e+03 1.231000000000000000e+03
8.851000000000000000e+03 1.194000000000000000e+03
9.018000000000000000e+03 1.167000000000000000e+03
9.185000000000000000e+03 1.100000000000000000e+03
9.352000000000000000e+03 1.081000000000000000e+03
9.519000000000000000e+03 9.710000000000000000e+02
9.686000000000000000e+03 9.430000000000000000e+02
9.853000000000000000e+03 9.420000000000000000e+02
1.002000000000000000e+04 8.420000000000000000e+02
1.018700000000000000e+04 8.460000000000000000e+02
1.035400000000000000e+04 8.330000000000000000e+02
1.052100000000000000e+04 7.430000000000000000e+02
1.068800000000000000e+04 7.030000000000000000e+02
1.085500000000000000e+04 7.270000000000000000e+02
1.102200000000000000e+04 7.070000000000000000e+02
1.118900000000000000e+04 6.830000000000000000e+02
1.135600000000000000e+04 6.760000000000000000e+02
1.152300000000000000e+04 6.640000000000000000e+02
1.169000000000000000e+04 7.030000000000000000e+02
1.185700000000000000e+04 6.970000000000000000e+02
1.202400000000000000e+04 6.520000000000000000e+02
1.219100000000000000e+04 7.370000000000000000e+02
1.235800000000000000e+04 6.880000000000000000e+02
1.252500000000000000e+04 7.520000000000000000e+02
1.269200000000000000e+04 7.740000000000000000e+02
1.285900000000000000e+04 8.080000000000000000e+02
1.302600000000000000e+04 8.130000000000000000e+02
1.319300000000000000e+04 8.800000000000000000e+02
1.336000000000000000e+04 9.090000000000000000e+02
1.352700000000000000e+04 9.350000000000000000e+02
1.369400000000000000e+04 9.770000000000000000e+02
1.386100000000000000e+04 1.014000000000000000e+03
1.402800000000000000e+04 1.067000000000000000e+03
1.419500000000000000e+04 1.195000000000000000e+03
1.436200000000000000e+04 1.132000000000000000e+03
1.452900000000000000e+04 1.248000000000000000e+03
1.469600000000000000e+04 1.305000000000000000e+03
1.486300000000000000e+04 1.333000000000000000e+03
1.503000000000000000e+04 1.403000000000000000e+03
1.519700000000000000e+04 1.483000000000000000e+03
1.536400000000000000e+04 1.459000000000000000e+03
1.553100000000000000e+04 1.525000000000000000e+03
1.569800000000000000e+04 1.614000000000000000e+03
1.586500000000000000e+04 1.602000000000000000e+03
1.603200000000000000e+04 1.711000000000000000e+03
1.619900000000000000e+04 1.753000000000000000e+03
1.636600000000000000e+04 1.736000000000000000e+03
1.653300000000000000e+04 1.879000000000000000e+03
1.670000000000000000e+04 1.733000000000000000e+03
1.686700000000000000e+04 1.948000000000000000e+03
1.703400000000000000e+04 1.966000000000000000e+03
1.720100000000000000e+04 1.983000000000000000e+03
1.736800000000000000e+04 1.967000000000000000e+03
1.753500000000000000e+04 1.929000000000000000e+03
1.770200000000000000e+04 2.023000000000000000e+03
1.786900000000000000e+04 1.999000000000000000e+03
1.803600000000000000e+04 1.998000000000000000e+03
1.820300000000000000e+04 2.057000000000000000e+03
1.837000000000000000e+04 2.027000000000000000e+03
1.853700000000000000e+04 2.113000000000000000e+03
1.870400000000000000e+04 2.120000000000000000e+03
1.887100000000000000e+04 2.087000000000000000e+03
1.903800000000000000e+04 2.065000000000000000e+03
1.920500000000000000e+04 2.089000000000000000e+03
1.937200000000000000e+04 2.022000000000000000e+03
1.953900000000000000e+04 2.116000000000000000e+03
1.970600000000000000e+04 2.035000000000000000e+03
1.987300000000000000e+04 1.990000000000000000e+03
2.004000000000000000e+04 2.171000000000000000e+03
2.020700000000000000e+04 2.069000000000000000e+03
2.037400000000000000e+04 2.085000000000000000e+03
2.054100000000000000e+04 2.059000000000000000e+03
2.070800000000000000e+04 2.077000000000000000e+03
2.087500000000000000e+04 2.060000000000000000e+03
2.104200000000000000e+04 2.075000000000000000e+03
2.120900000000000000e+04 2.021000000000000000e+03
2.137600000000000000e+04 2.019000000000000000e+03
2.154300000000000000e+04 2.091000000000000000e+03
2.171000000000000000e+04 2.065000000000000000e+03
2.187700000000000000e+04 2.020000000000000000e+03
2.204400000000000000e+04 1.989000000000000000e+03
2.221100000000000000e+04 2.002000000000000000e+03
2.237800000000000000e+04 1.955000000000000000e+03
2.254500000000000000e+04 1.925000000000000000e+03
2.271200000000000000e+04 1.920000000000000000e+03
2.287900000000000000e+04 1.803000000000000000e+03
2.304600000000000000e+04 1.829000000000000000e+03
2.321300000000000000e+04 1.814000000000000000e+03
2.338000000000000000e+04 1.716000000000000000e+03
2.354700000000000000e+04 1.705000000000000000e+03
2.371400000000000000e+04 1.704000000000000000e+03
2.388100000000000000e+04 1.611000000000000000e+03
2.404800000000000000e+04 1.672000000000000000e+03
2.421500000000000000e+04 1.528000000000000000e+03
2.438200000000000000e+04 1.535000000000000000e+03
2.454900000000000000e+04 1.504000000000000000e+03
2.471600000000000000e+04 1.434000000000000000e+03
2.488300000000000000e+04 1.447000000000000000e+03
2.505000000000000000e+04 1.342000000000000000e+03
2.521700000000000000e+04 1.327000000000000000e+03
2.538400000000000000e+04 1.260000000000000000e+03
2.555100000000000000e+04 1.140000000000000000e+03
2.571800000000000000e+04 1.167000000000000000e+03
2.588500000000000000e+04 1.114000000000000000e+03
2.605200000000000000e+04 1.118000000000000000e+03
2.621900000000000000e+04 1.018000000000000000e+03
2.638600000000000000e+04 9.360000000000000000e+02
2.655300000000000000e+04 9.640000000000000000e+02
2.672000000000000000e+04 8.920000000000000000e+02
2.688700000000000000e+04 8.430000000000000000e+02
2.705400000000000000e+04 8.350000000000000000e+02
2.722100000000000000e+04 7.790000000000000000e+02
2.738800000000000000e+04 7.010000000000000000e+02
2.755500000000000000e+04 7.010000000000000000e+02
2.772200000000000000e+04 7.520000000000000000e+02
2.788900000000000000e+04 7.370000000000000000e+02
2.805600000000000000e+04 6.690000000000000000e+02
2.822300000000000000e+04 7.440000000000000000e+02
2.839000000000000000e+04 6.430000000000000000e+02
2.855700000000000000e+04 5.990000000000000000e+02
2.872400000000000000e+04 6.530000000000000000e+02
2.889100000000000000e+04 7.180000000000000000e+02
2.905800000000000000e+04 7.280000000000000000e+02
2.922500000000000000e+04 7.520000000000000000e+02
2.939200000000000000e+04 7.560000000000000000e+02
2.955900000000000000e+04 7.700000000000000000e+02
2.972600000000000000e+04 8.150000000000000000e+02
2.989300000000000000e+04 8.460000000000000000e+02
3.006000000000000000e+04 8.980000000000000000e+02
3.022700000000000000e+04 9.110000000000000000e+02
3.039400000000000000e+04 9.850000000000000000e+02
3.056100000000000000e+04 1.009000000000000000e+03
3.072800000000000000e+04 1.081000000000000000e+03
3.089500000000000000e+04 1.126000000000000000e+03
3.106200000000000000e+04 1.161000000000000000e+03
3.122900000000000000e+04 1.276000000000000000e+03
3.139600000000000000e+04 1.377000000000000000e+03
3.156300000000000000e+04 1.285000000000000000e+03
3.173000000000000000e+04 1.388000000000000000e+03
3.189700000000000000e+04 1.536000000000000000e+03
3.206400000000000000e+04 1.514000000000000000e+03
3.223100000000000000e+04 1.617000000000000000e+03
3.239800000000000000e+04 1.626000000000000000e+03
3.256500000000000000e+04 1.655000000000000000e+03
3.273200000000000000e+04 1.717000000000000000e+03
3.289900000000000000e+04 1.842000000000000000e+03
3.306600000000000000e+04 1.726000000000000000e+03
