0.000000000000000000e+00 2.524000000000000000e+03
5.000000000000000000e+02 2.760000000000000000e+03
1.000000000000000000e+03 2.674000000000000000e+03
1.500000000000000000e+03 2.690000000000000000e+03
2.000000000000000000e+03 2.751000000000000000e+03
2.500000000000000000e+03 2.806000000000000000e+03
3.000000000000000000e+03 2.825000000000000000e+03
3.500000000000000000e+03 2.845000000000000000e+03
4.000000000000000000e+03 2.932000000000000000e+03
4.500000000000000000e+03 2.942000000000000000e+03
5.000000000000000000e+03 2.926000000000000000e+03
5.500000000000000000e+03 2.946000000000000000e+03
6.000000000000000000e+03 2.934000000000000000e+03
6.500000000000000000e+03 2.909000000000000000e+03
7.000000000000000000e+03 2.915000000000000000e+03
7.500000000000000000e+03 2.923000000000000000e+03
8.000000000000000000e+03 2.979000000000000000e+03
8.500000000000000000e+03 2.933000000000000000e+03
9.000000000000000000e+03 3.027000000000000000e+03
9.500000000000000000e+03 2.983000000000000000e+03
1.000000000000000000e+04 2.908000000000000000e+03
1.050000000000000000e+04 2.912000000000000000e+03
1.100000000000000000e+04 2.915000000000000000e+03
1.150000000000000000e+04 2.953000000000000000e+03
1.200000000000000000e+04 2.920000000000000000e+03
1.250000000000000000e+04 2.999000000000000000e+03
1.300000000000000000e+04 2.938000000000000000e+03
1.350000000000000000e+04 2.936000000000000000e+03
1.400000000000000000e+04 2.933000000000000000e+03
1.450000000000000000e+04 2.851000000000000000e+03
1.500000000000000000e+04 2.837000000000000000e+03
1.550000000000000000e+04 2.847000000000000000e+03
1.600000000000000000e+04 2.854000000000000000e+03
1.650000000000000000e+04 2.723000000000000000e+03
1.700000000000000000e+04 2.745000000000000000e+03
1.750000000000000000e+04 2.739000000000000000e+03
1.800000000000000000e+04 2.613000000000000000e+03
1.850000000000000000e+04 2.596000000000000000e+03
1.900000000000000000e+04 2.501000000000000000e+03
1.950000000000000000e+04 2.544000000000000000e+03
2.000000000000000000e+04 2.648000000000000000e+03
2.050000000000000000e+04 2.401000000000000000e+03
2.100000000000000000e+04 2.405000000000000000e+03
2.150000000000000000e+04 2.311000000000000000e+03
2.200000000000000000e+04 2.253000000000000000e+03
2.250000000000000000e+04 2.220000000000000000e+03
2.300000000000000000e+04 2.235000000000000000e+03
2.350000000000000000e+04 2.230000000000000000e+03
2.400000000000000000e+04 2.037000000000000000e+03
2.450000000000000000e+04 1.954000000000000000e+03
2.500000000000000000e+04 1.856000000000000000e+03
2.550000000000000000e+04 1.776000000000000000e+03
2.600000000000000000e+04 1.805000000000000000e+03
2.650000000000000000e+04 1.698000000000000000e+03
2.700000000000000000e+04 1.705000000000000000e+03
2.750000000000000000e+04 1.600000000000000000e+03
2.800000000000000000e+04 1.558000000000000000e+03
2.850000000000000000e+04 1.410000000000000000e+03
2.900000000000000000e+04 1.292000000000000000e+03
2.950000000000000000e+04 1.332000000000000000e+03
3.000000000000000000e+04 1.275000000000000000e+03
3.050000000000000000e+04 1.239000000000000000e+03
3.100000000000000000e+04 1.150000000000000000e+03
3.150000000000000000e+04 1.124000000000000000e+03
3.200000000000000000e+04 1.083000000000000000e+03
3.250000000000000000e+04 1.076000000000000000e+03
3.300000000000000000e+04 1.045000000000000000e+03
3.350000000000000000e+04 1.004000000000000000e+03
3.400000000000000000e+04 1.001000000000000000e+03
3.450000000000000000e+04 1.018000000000000000e+03
3.500000000000000000e+04 9.890000000000000000e+02
3.550000000000000000e+04 1.047000000000000000e+03
3.600000000000000000e+04 1.007000000000000000e+03
3.650000000000000000e+04 1.089000000000000000e+03
3.700000000000000000e+04 1.124000000000000000e+03
3.750000000000000000e+04 1.109000000000000000e+03
3.800000000000000000e+04 1.087000000000000000e+03
3.850000000000000000e+04 1.265000000000000000e+03
3.900000000000000000e+04 1.210000000000000000e+03
3.950000000000000000e+04 1.284000000000000000e+03
4.000000000000000000e+04 1.348000000000000000e+03
4.050000000000000000e+04 1.526000000000000000e+03
4.100000000000000000e+04 1.563000000000000000e+03
4.150000000000000000e+04 1.571000000000000000e+03
4.200000000000000000e+04 1.612000000000000000e+03
4.250000000000000000e+04 1.666000000000000000e+03
4.300000000000000000e+04 1.727000000000000000e+03
4.350000000000000000e+04 1.780000000000000000e+03
4.400000000000000000e+04 1.868000000000000000e+03
4.450000000000000000e+04 1.952000000000000000e+03
4.500000000000000000e+04 1.989000000000000000e+03
4.550000000000000000e+04 2.065000000000000000e+03
4.600000000000000000e+04 2.160000000000000000e+03
4.650000000000000000e+04 2.138000000000000000e+03
4.700000000000000000e+04 2.222000000000000000e+03
4.750000000000000000e+04 2.271000000000000000e+03
4.800000000000000000e+04 2.457000000000000000e+03
4.850000000000000000e+04 2.449000000000000000e+03
4.900000000000000000e+04 2.412000000000000000e+03
4.950000000000000000e+04 2.557000000000000000e+03
5.000000000000000000e+04 2.580000000000000000e+03
5.050000000000000000e+04 2.570000000000000000e+03
5.100000000000000000e+04 2.688000000000000000e+03
5.150000000000000000e+04 2.651000000000000000e+03
5.200000000000000000e+04 2.795000000000000000e+03
5.250000000000000000e+04 2.765000000000000000e+03
5.300000000000000000e+04 2.791000000000000000e+03
5.350000000000000000e+04 2.838000000000000000e+03
5.400000000000000000e+04 2.932000000000000000e+03
5.450000000000000000e+04 2.869000000000000000e+03
5.500000000000000000e+04 2.854000000000000000e+03
5.550000000000000000e+04 2.954000000000000000e+03
5.600000000000000000e+04 2.974000000000000000e+03
5.650000000000000000e+04 2.858000000000000000e+03
5.700000000000000000e+04 3.037000000000000000e+03
5.750000000000000000e+04 2.957000000000000000e+03
5.800000000000000000e+04 3.028000000000000000e+03
5.850000000000000000e+04 3.048000000000000000e+03
5.900000000000000000e+04 2.908000000000000000e+03
5.950000000000000000e+04 2.957000000000000000e+03
6.000000000000000000e+04 2.945000000000000000e+03
6.050000000000000000e+04 2.917000000000000000e+03
6.100000000000000000e+04 2.882000000000000000e+03
6.150000000000000000e+04 2.940000000000000000e+03
6.200000000000000000e+04 2.916000000000000000e+03
6.250000000000000000e+04 3.035000000000000000e+03
6.300000000000000000e+04 2.882000000000000000e+03
6.350000000000000000e+04 2.935000000000000000e+03
6.400000000000000000e+04 2.916000000000000000e+03
6.450000000000000000e+04 2.940000000000000000e+03
6.500000000000000000e+04 2.805000000000000000e+03
6.550000000000000000e+04 2.793000000000000000e+03
6.600000000000000000e+04 2.825000000000000000e+03
6.650000000000000000e+04 2.808000000000000000e+03
6.700000000000000000e+04 2.885000000000000000e+03
6.750000000000000000e+04 2.695000000000000000e+03
6.800000000000000000e+04 2.784000000000000000e+03
6.850000000000000000e+04 2.730000000000000000e+03
6.900000000000000000e+04 2.739000000000000000e+03
6.950000000000000000e+04 2.665000000000000000e+03
7.000000000000000000e+04 2.573000000000000000e+03
7.050000000000000000e+04 2.472000000000000000e+03
7.100000000000000000e+04 2.495000000000000000e+03
7.150000000000000000e+04 2.372000000000000000e+03
7.200000000000000000e+04 2.334000000000000000e+03
7.250000000000000000e+04 2.170000000000000000e+03
7.300000000000000000e+04 2.168000000000000000e+03
7.350000000000000000e+04 2.096000000000000000e+03
7.400000000000000000e+04 2.088000000000000000e+03
7.450000000000000000e+04 2.114000000000000000e+03
7.500000000000000000e+04 1.931000000000000000e+03
7.550000000000000000e+04 1.782000000000000000e+03
7.600000000000000000e+04 1.715000000000000000e+03
7.650000000000000000e+04 1.714000000000000000e+03
7.700000000000000000e+04 1.665000000000000000e+03
7.750000000000000000e+04 1.575000000000000000e+03
7.800000000000000000e+04 1.513000000000000000e+03
7.850000000000000000e+04 1.355000000000000000e+03
7.900000000000000000e+04 1.356000000000000000e+03
7.950000000000000000e+04 1.311000000000000000e+03
8.000000000000000000e+04 1.286000000000000000e+03
8.050000000000000000e+04 1.244000000000000000e+03
8.100000000000000000e+04 1.169000000000000000e+03
8.150000000000000000e+04 1.155000000000000000e+03
8.200000000000000000e+04 1.084000000000000000e+03
8.250000000000000000e+04 1.093000000000000000e+03
8.300000000000000000e+04 1.038000000000000000e+03
8.350000000000000000e+04 1.017000000000000000e+03
8.400000000000000000e+04 9.590000000000000000e+02
8.450000000000000000e+04 1.015000000000000000e+03
8.500000000000000000e+04 9.970000000000000000e+02
8.550000000000000000e+04 1.048000000000000000e+03
8.600000000000000000e+04 1.012000000000000000e+03
8.650000000000000000e+04 1.019000000000000000e+03
8.700000000000000000e+04 1.019000000000000000e+03
8.750000000000000000e+04 1.155000000000000000e+03
8.800000000000000000e+04 1.165000000000000000e+03
8.850000000000000000e+04 1.224000000000000000e+03
8.900000000000000000e+04 1.207000000000000000e+03
8.950000000000000000e+04 1.281000000000000000e+03
9.000000000000000000e+04 1.351000000000000000e+03
9.050000000000000000e+04 1.371000000000000000e+03
9.100000000000000000e+04 1.487000000000000000e+03
9.150000000000000000e+04 1.535000000000000000e+03
9.200000000000000000e+04 1.584000000000000000e+03
9.250000000000000000e+04 1.601000000000000000e+03
9.300000000000000000e+04 1.671000000000000000e+03
9.350000000000000000e+04 1.757000000000000000e+03
9.400000000000000000e+04 1.879000000000000000e+03
9.450000000000000000e+04 1.992000000000000000e+03
9.500000000000000000e+04 2.002000000000000000e+03
9.550000000000000000e+04 2.076000000000000000e+03
9.600000000000000000e+04 2.130000000000000000e+03
9.650000000000000000e+04 2.210000000000000000e+03
9.700000000000000000e+04 2.296000000000000000e+03
9.750000000000000000e+04 2.289000000000000000e+03
9.800000000000000000e+04 2.444000000000000000e+03
9.850000000000000000e+04 2.473000000000000000e+03
9.900000000000000000e+04 2.426000000000000000e+03
9.950000000000000000e+04 2.528000000000000000e+03
