0.000000000000000000e+00 1.959000000000000000e+03
3.330000000000000000e+02 1.986000000000000000e+03
6.660000000000000000e+02 2.049000000000000000e+03
9.990000000000000000e+02 2.162000000000000000e+03
1.332000000000000000e+03 2.233000000000000000e+03
1.665000000000000000e+03 2.195000000000000000e+03
1.998000000000000000e+03 2.279000000000000000e+03
2.331000000000000000e+03 2.236000000000000000e+03
2.664000000000000000e+03 2.154000000000000000e+03
2.997000000000000000e+03 2.319000000000000000e+03
3.330000000000000000e+03 2.270000000000000000e+03
3.663000000000000000e+03 2.336000000000000000e+03
3.996000000000000000e+03 2.356000000000000000e+03
4.329000000000000000e+03 2.311000000000000000e+03
4.662000000000000000e+03 2.335000000000000000e+03
4.995000000000000000e+03 2.376000000000000000e+03
5.328000000000000000e+03 2.297000000000000000e+03
5.661000000000000000e+03 2.405000000000000000e+03
5.994000000000000000e+03 2.328000000000000000e+03
6.327000000000000000e+03 2.469000000000000000e+03
6.660000000000000000e+03 2.440000000000000000e+03
6.993000000000000000e+03 2.405000000000000000e+03
7.326000000000000000e+03 2.433000000000000000e+03
7.659000000000000000e+03 2.382000000000000000e+03
7.992000000000000000e+03 2.415000000000000000e+03
8.325000000000000000e+03 2.456000000000000000e+03
8.658000000000000000e+03 2.412000000000000000e+03
8.991000000000000000e+03 2.325000000000000000e+03
9.324000000000000000e+03 2.318000000000000000e+03
9.657000000000000000e+03 2.268000000000000000e+03
9.990000000000000000e+03 2.205000000000000000e+03
1.032300000000000000e+04 2.312000000000000000e+03
1.065600000000000000e+04 2.224000000000000000e+03
1.098900000000000000e+04 2.275000000000000000e+03
1.132200000000000000e+04 2.215000000000000000e+03
1.165500000000000000e+04 2.227000000000000000e+03
1.198800000000000000e+04 2.250000000000000000e+03
1.232100000000000000e+04 2.100000000000000000e+03
1.265400000000000000e+04 2.072000000000000000e+03
1.298700000000000000e+04 2.065000000000000000e+03
1.332000000000000000e+04 1.969000000000000000e+03
1.365300000000000000e+04 1.980000000000000000e+03
1.398600000000000000e+04 1.992000000000000000e+03
1.431900000000000000e+04 1.912000000000000000e+03
1.465200000000000000e+04 1.934000000000000000e+03
1.498500000000000000e+04 1.785000000000000000e+03
1.531800000000000000e+04 1.778000000000000000e+03
1.565100000000000000e+04 1.680000000000000000e+03
1.598400000000000000e+04 1.624000000000000000e+03
1.631700000000000000e+04 1.625000000000000000e+03
1.665000000000000000e+04 1.475000000000000000e+03
1.698300000000000000e+04 1.507000000000000000e+03
1.731600000000000000e+04 1.418000000000000000e+03
1.764900000000000000e+04 1.423000000000000000e+03
1.798200000000000000e+04 1.347000000000000000e+03
1.831500000000000000e+04 1.197000000000000000e+03
1.864800000000000000e+04 1.187000000000000000e+03
1.898100000000000000e+04 1.141000000000000000e+03
1.931400000000000000e+04 1.110000000000000000e+03
1.964700000000000000e+04 1.062000000000000000e+03
1.998000000000000000e+04 1.041000000000000000e+03
2.031300000000000000e+04 9.610000000000000000e+02
2.064600000000000000e+04 9.840000000000000000e+02
2.097900000000000000e+04 8.700000000000000000e+02
2.131200000000000000e+04 8.420000000000000000e+02
2.164500000000000000e+04 7.960000000000000000e+02
2.197800000000000000e+04 8.870000000000000000e+02
2.231100000000000000e+04 8.010000000000000000e+02
2.264400000000000000e+04 7.920000000000000000e+02
2.297700000000000000e+04 8.150000000000000000e+02
2.331000000000000000e+04 7.730000000000000000e+02
2.364300000000000000e+04 7.880000000000000000e+02
2.397600000000000000e+04 8.080000000000000000e+02
2.430900000000000000e+04 8.550000000000000000e+02
2.464200000000000000e+04 8.580000000000000000e+02
2.497500000000000000e+04 8.150000000000000000e+02
2.530800000000000000e+04 8.620000000000000000e+02
2.564100000000000000e+04 8.710000000000000000e+02
2.597400000000000000e+04 9.890000000000000000e+02
2.630700000000000000e+04 1.011000000000000000e+03
2.664000000000000000e+04 1.047000000000000000e+03
2.697300000000000000e+04 1.154000000000000000e+03
2.730600000000000000e+04 1.217000000000000000e+03
2.763900000000000000e+04 1.241000000000000000e+03
2.797200000000000000e+04 1.225000000000000000e+03
2.830500000000000000e+04 1.371000000000000000e+03
2.863800000000000000e+04 1.320000000000000000e+03
2.897100000000000000e+04 1.380000000000000000e+03
2.930400000000000000e+04 1.470000000000000000e+03
2.963700000000000000e+04 1.513000000000000000e+03
2.997000000000000000e+04 1.559000000000000000e+03
3.030300000000000000e+04 1.684000000000000000e+03
3.063600000000000000e+04 1.642000000000000000e+03
3.096900000000000000e+04 1.733000000000000000e+03
3.130200000000000000e+04 1.768000000000000000e+03
3.163500000000000000e+04 1.774000000000000000e+03
3.196800000000000000e+04 1.982000000000000000e+03
3.230100000000000000e+04 1.964000000000000000e+03
3.263400000000000000e+04 2.002000000000000000e+03
3.296700000000000000e+04 2.050000000000000000e+03
3.330000000000000000e+04 2.027000000000000000e+03
3.363300000000000000e+04 2.079000000000000000e+03
3.396600000000000000e+04 2.141000000000000000e+03
3.429900000000000000e+04 2.211000000000000000e+03
3.463200000000000000e+04 2.147000000000000000e+03
3.496500000000000000e+04 2.215000000000000000e+03
3.529800000000000000e+04 2.271000000000000000e+03
3.563100000000000000e+04 2.287000000000000000e+03
3.596400000000000000e+04 2.269000000000000000e+03
3.629700000000000000e+04 2.316000000000000000e+03
3.663000000000000000e+04 2.281000000000000000e+03
3.696300000000000000e+04 2.357000000000000000e+03
3.729600000000000000e+04 2.419000000000000000e+03
3.762900000000000000e+04 2.366000000000000000e+03
3.796200000000000000e+04 2.368000000000000000e+03
3.829500000000000000e+04 2.351000000000000000e+03
3.862800000000000000e+04 2.374000000000000000e+03
3.896100000000000000e+04 2.382000000000000000e+03
3.929400000000000000e+04 2.407000000000000000e+03
3.962700000000000000e+04 2.351000000000000000e+03
3.996000000000000000e+04 2.446000000000000000e+03
4.029300000000000000e+04 2.467000000000000000e+03
4.062600000000000000e+04 2.364000000000000000e+03
4.095900000000000000e+04 2.285000000000000000e+03
4.129200000000000000e+04 2.392000000000000000e+03
4.162500000000000000e+04 2.355000000000000000e+03
4.195800000000000000e+04 2.276000000000000000e+03
4.229100000000000000e+04 2.285000000000000000e+03
4.262400000000000000e+04 2.286000000000000000e+03
4.295700000000000000e+04 2.301000000000000000e+03
4.329000000000000000e+04 2.297000000000000000e+03
4.362300000000000000e+04 2.223000000000000000e+03
4.395600000000000000e+04 2.247000000000000000e+03
4.428900000000000000e+04 2.197000000000000000e+03
4.462200000000000000e+04 2.175000000000000000e+03
4.495500000000000000e+04 2.265000000000000000e+03
4.528800000000000000e+04 2.192000000000000000e+03
4.562100000000000000e+04 2.086000000000000000e+03
4.595400000000000000e+04 2.121000000000000000e+03
4.628700000000000000e+04 2.145000000000000000e+03
4.662000000000000000e+04 2.080000000000000000e+03
4.695300000000000000e+04 1.941000000000000000e+03
4.728600000000000000e+04 1.993000000000000000e+03
4.761900000000000000e+04 1.916000000000000000e+03
4.795200000000000000e+04 1.881000000000000000e+03
4.828500000000000000e+04 1.834000000000000000e+03
4.861800000000000000e+04 1.692000000000000000e+03
4.895100000000000000e+04 1.736000000000000000e+03
4.928400000000000000e+04 1.633000000000000000e+03
4.961700000000000000e+04 1.609000000000000000e+03
4.995000000000000000e+04 1.524000000000000000e+03
5.028300000000000000e+04 1.506000000000000000e+03
5.061600000000000000e+04 1.457000000000000000e+03
5.094900000000000000e+04 1.297000000000000000e+03
5.128200000000000000e+04 1.325000000000000000e+03
5.161500000000000000e+04 1.274000000000000000e+03
5.194800000000000000e+04 1.187000000000000000e+03
5.228100000000000000e+04 1.177000000000000000e+03
5.261400000000000000e+04 1.107000000000000000e+03
5.294700000000000000e+04 1.060000000000000000e+03
5.328000000000000000e+04 1.117000000000000000e+03
5.361300000000000000e+04 8.990000000000000000e+02
5.394600000000000000e+04 9.110000000000000000e+02
5.427900000000000000e+04 8.540000000000000000e+02
5.461200000000000000e+04 7.980000000000000000e+02
5.494500000000000000e+04 8.450000000000000000e+02
5.527800000000000000e+04 8.060000000000000000e+02
5.561100000000000000e+04 8.090000000000000000e+02
5.594400000000000000e+04 8.250000000000000000e+02
5.627700000000000000e+04 7.680000000000000000e+02
5.661000000000000000e+04 8.340000000000000000e+02
5.694300000000000000e+04 7.630000000000000000e+02
5.727600000000000000e+04 7.970000000000000000e+02
5.760900000000000000e+04 8.190000000000000000e+02
5.794200000000000000e+04 8.060000000000000000e+02
5.827500000000000000e+04 8.020000000000000000e+02
5.860800000000000000e+04 8.580000000000000000e+02
5.894100000000000000e+04 9.000000000000000000e+02
5.927400000000000000e+04 8.800000000000000000e+02
5.960700000000000000e+04 9.550000000000000000e+02
5.994000000000000000e+04 1.031000000000000000e+03
6.027300000000000000e+04 1.042000000000000000e+03
6.060600000000000000e+04 1.137000000000000000e+03
6.093900000000000000e+04 1.176000000000000000e+03
6.127200000000000000e+04 1.223000000000000000e+03
6.160500000000000000e+04 1.310000000000000000e+03
6.193800000000000000e+04 1.325000000000000000e+03
6.227100000000000000e+04 1.367000000000000000e+03
6.260400000000000000e+04 1.407000000000000000e+03
6.293700000000000000e+04 1.583000000000000000e+03
6.327000000000000000e+04 1.650000000000000000e+03
6.360300000000000000e+04 1.656000000000000000e+03
6.393600000000000000e+04 1.720000000000000000e+03
6.426900000000000000e+04 1.721000000000000000e+03
6.460200000000000000e+04 1.729000000000000000e+03
6.493500000000000000e+04 1.950000000000000000e+03
6.526800000000000000e+04 1.926000000000000000e+03
6.560100000000000000e+04 1.977000000000000000e+03
6.593400000000000000e+04 2.057000000000000000e+03
6.626700000000000000e+04 2.019000000000000000e+03
