0.000000000000000000e+00 9.949000000000000000e+03
3.333000000000000000e+03 1.026500000000000000e+04
6.666000000000000000e+03 1.013800000000000000e+04
9.999000000000000000e+03 1.045500000000000000e+04
1.333200000000000000e+04 1.052400000000000000e+04
1.666500000000000000e+04 1.087700000000000000e+04
1.999800000000000000e+04 1.096300000000000000e+04
2.333100000000000000e+04 1.114100000000000000e+04
2.666400000000000000e+04 1.120200000000000000e+04
2.999700000000000000e+04 1.114700000000000000e+04
3.333000000000000000e+04 1.122600000000000000e+04
3.666300000000000000e+04 1.130500000000000000e+04
3.999600000000000000e+04 1.128800000000000000e+04
4.332900000000000000e+04 1.147700000000000000e+04
4.666200000000000000e+04 1.154800000000000000e+04
4.999500000000000000e+04 1.160600000000000000e+04
5.332800000000000000e+04 1.165300000000000000e+04
5.666100000000000000e+04 1.156200000000000000e+04
5.999400000000000000e+04 1.161900000000000000e+04
6.332700000000000000e+04 1.164100000000000000e+04
6.666000000000000000e+04 1.158400000000000000e+04
6.999300000000000000e+04 1.165100000000000000e+04
7.332600000000000000e+04 1.157000000000000000e+04
7.665900000000000000e+04 1.157800000000000000e+04
7.999200000000000000e+04 1.143100000000000000e+04
8.332500000000000000e+04 1.143700000000000000e+04
8.665800000000000000e+04 1.142700000000000000e+04
8.999100000000000000e+04 1.137600000000000000e+04
9.332400000000000000e+04 1.131200000000000000e+04
9.665700000000000000e+04 1.105000000000000000e+04
9.999000000000000000e+04 1.120300000000000000e+04
1.033230000000000000e+05 1.089700000000000000e+04
1.066560000000000000e+05 1.090700000000000000e+04
1.099890000000000000e+05 1.060400000000000000e+04
1.133220000000000000e+05 1.066800000000000000e+04
1.166550000000000000e+05 1.059800000000000000e+04
1.199880000000000000e+05 1.031700000000000000e+04
1.233210000000000000e+05 1.011500000000000000e+04
1.266540000000000000e+05 1.001500000000000000e+04
1.299870000000000000e+05 9.798000000000000000e+03
1.333200000000000000e+05 9.600000000000000000e+03
1.366530000000000000e+05 9.296000000000000000e+03
1.399860000000000000e+05 9.175000000000000000e+03
1.433190000000000000e+05 8.993000000000000000e+03
1.466520000000000000e+05 8.714000000000000000e+03
1.499850000000000000e+05 8.200000000000000000e+03
1.533180000000000000e+05 8.117000000000000000e+03
1.566510000000000000e+05 7.860000000000000000e+03
1.599840000000000000e+05 7.730000000000000000e+03
1.633170000000000000e+05 7.323000000000000000e+03
1.666500000000000000e+05 7.073000000000000000e+03
1.699830000000000000e+05 6.679000000000000000e+03
1.733160000000000000e+05 6.303000000000000000e+03
1.766490000000000000e+05 6.061000000000000000e+03
1.799820000000000000e+05 5.756000000000000000e+03
1.833150000000000000e+05 5.592000000000000000e+03
1.866480000000000000e+05 5.123000000000000000e+03
1.899810000000000000e+05 4.853000000000000000e+03
1.933140000000000000e+05 4.639000000000000000e+03
1.966470000000000000e+05 4.391000000000000000e+03
1.999800000000000000e+05 4.117000000000000000e+03
2.033130000000000000e+05 3.910000000000000000e+03
2.066460000000000000e+05 3.685000000000000000e+03
2.099790000000000000e+05 3.616000000000000000e+03
2.133120000000000000e+05 3.417000000000000000e+03
2.166450000000000000e+05 3.271000000000000000e+03
2.199780000000000000e+05 3.287000000000000000e+03
2.233110000000000000e+05 3.072000000000000000e+03
2.266440000000000000e+05 3.007000000000000000e+03
2.299770000000000000e+05 2.996000000000000000e+03
2.333100000000000000e+05 3.015000000000000000e+03
2.366430000000000000e+05 3.098000000000000000e+03
2.399760000000000000e+05 3.096000000000000000e+03
2.433090000000000000e+05 3.209000000000000000e+03
2.466420000000000000e+05 3.340000000000000000e+03
2.499750000000000000e+05 3.435000000000000000e+03
2.533080000000000000e+05 3.596000000000000000e+03
2.566410000000000000e+05 3.860000000000000000e+03
2.599740000000000000e+05 4.035000000000000000e+03
2.633070000000000000e+05 4.336000000000000000e+03
2.666400000000000000e+05 4.505000000000000000e+03
2.699730000000000000e+05 4.654000000000000000e+03
2.733060000000000000e+05 5.079000000000000000e+03
2.766390000000000000e+05 5.322000000000000000e+03
2.799720000000000000e+05 5.650000000000000000e+03
2.833050000000000000e+05 5.753000000000000000e+03
2.866380000000000000e+05 6.101000000000000000e+03
2.899710000000000000e+05 6.545000000000000000e+03
2.933040000000000000e+05 6.986000000000000000e+03
2.966370000000000000e+05 7.218000000000000000e+03
2.999700000000000000e+05 7.676000000000000000e+03
3.033030000000000000e+05 7.674000000000000000e+03
3.066360000000000000e+05 7.986000000000000000e+03
3.099690000000000000e+05 8.210000000000000000e+03
3.133020000000000000e+05 8.500000000000000000e+03
3.166350000000000000e+05 8.878000000000000000e+03
3.199680000000000000e+05 9.119000000000000000e+03
3.233010000000000000e+05 9.395000000000000000e+03
3.266340000000000000e+05 9.632000000000000000e+03
3.299670000000000000e+05 9.958000000000000000e+03
3.333000000000000000e+05 1.025900000000000000e+04
3.366330000000000000e+05 1.015700000000000000e+04
3.399660000000000000e+05 1.023000000000000000e+04
3.432990000000000000e+05 1.050200000000000000e+04
3.466320000000000000e+05 1.071700000000000000e+04
3.499650000000000000e+05 1.054700000000000000e+04
3.532980000000000000e+05 1.073400000000000000e+04
3.566310000000000000e+05 1.098300000000000000e+04
3.599640000000000000e+05 1.110400000000000000e+04
3.632970000000000000e+05 1.110800000000000000e+04
3.666300000000000000e+05 1.109700000000000000e+04
3.699630000000000000e+05 1.111000000000000000e+04
3.732960000000000000e+05 1.149200000000000000e+04
3.766290000000000000e+05 1.157800000000000000e+04
3.799620000000000000e+05 1.149900000000000000e+04
3.832950000000000000e+05 1.159000000000000000e+04
3.866280000000000000e+05 1.145800000000000000e+04
3.899610000000000000e+05 1.134100000000000000e+04
3.932940000000000000e+05 1.175600000000000000e+04
3.966270000000000000e+05 1.150500000000000000e+04
3.999600000000000000e+05 1.150200000000000000e+04
4.032930000000000000e+05 1.142200000000000000e+04
4.066260000000000000e+05 1.158200000000000000e+04
4.099590000000000000e+05 1.147200000000000000e+04
4.132920000000000000e+05 1.150100000000000000e+04
4.166250000000000000e+05 1.153300000000000000e+04
4.199580000000000000e+05 1.127400000000000000e+04
4.232910000000000000e+05 1.122700000000000000e+04
4.266240000000000000e+05 1.125500000000000000e+04
4.299570000000000000e+05 1.108800000000000000e+04
4.332900000000000000e+05 1.104900000000000000e+04
4.366230000000000000e+05 1.094100000000000000e+04
4.399560000000000000e+05 1.083400000000000000e+04
4.432890000000000000e+05 1.082600000000000000e+04
4.466220000000000000e+05 1.061400000000000000e+04
4.499550000000000000e+05 1.034600000000000000e+04
4.532880000000000000e+05 1.030500000000000000e+04
4.566210000000000000e+05 1.008400000000000000e+04
4.599540000000000000e+05 1.003000000000000000e+04
4.632870000000000000e+05 9.884000000000000000e+03
4.666200000000000000e+05 9.686000000000000000e+03
4.699530000000000000e+05 9.266000000000000000e+03
4.732860000000000000e+05 9.251000000000000000e+03
4.766190000000000000e+05 8.794000000000000000e+03
4.799520000000000000e+05 8.489000000000000000e+03
4.832850000000000000e+05 8.496000000000000000e+03
4.866180000000000000e+05 8.147000000000000000e+03
4.899510000000000000e+05 7.849000000000000000e+03
4.932840000000000000e+05 7.442000000000000000e+03
4.966170000000000000e+05 7.310000000000000000e+03
4.999500000000000000e+05 6.805000000000000000e+03
5.032830000000000000e+05 6.410000000000000000e+03
5.066160000000000000e+05 6.446000000000000000e+03
5.099490000000000000e+05 6.088000000000000000e+03
5.132820000000000000e+05 5.719000000000000000e+03
5.166150000000000000e+05 5.256000000000000000e+03
5.199480000000000000e+05 5.135000000000000000e+03
5.232810000000000000e+05 4.799000000000000000e+03
5.266140000000000000e+05 4.576000000000000000e+03
5.299470000000000000e+05 4.268000000000000000e+03
5.332800000000000000e+05 4.046000000000000000e+03
5.366130000000000000e+05 3.835000000000000000e+03
5.399460000000000000e+05 3.799000000000000000e+03
5.432790000000000000e+05 3.561000000000000000e+03
5.466120000000000000e+05 3.449000000000000000e+03
5.499450000000000000e+05 3.326000000000000000e+03
5.532780000000000000e+05 3.175000000000000000e+03
5.566110000000000000e+05 3.019000000000000000e+03
5.599440000000000000e+05 3.095000000000000000e+03
5.632770000000000000e+05 3.108000000000000000e+03
5.666100000000000000e+05 3.030000000000000000e+03
5.699430000000000000e+05 3.160000000000000000e+03
5.732760000000000000e+05 3.142000000000000000e+03
5.766090000000000000e+05 3.153000000000000000e+03
5.799420000000000000e+05 3.236000000000000000e+03
5.832750000000000000e+05 3.453000000000000000e+03
5.866080000000000000e+05 3.637000000000000000e+03
5.899410000000000000e+05 3.677000000000000000e+03
5.932740000000000000e+05 4.090000000000000000e+03
5.966070000000000000e+05 4.362000000000000000e+03
5.999400000000000000e+05 4.367000000000000000e+03
6.032730000000000000e+05 4.792000000000000000e+03
6.066060000000000000e+05 5.031000000000000000e+03
6.099390000000000000e+05 5.412000000000000000e+03
6.132720000000000000e+05 5.454000000000000000e+03
6.166050000000000000e+05 6.012000000000000000e+03
6.199380000000000000e+05 6.177000000000000000e+03
6.232710000000000000e+05 6.455000000000000000e+03
6.266040000000000000e+05 6.884000000000000000e+03
6.299370000000000000e+05 7.193000000000000000e+03
6.332700000000000000e+05 7.455000000000000000e+03
6.366030000000000000e+05 7.767000000000000000e+03
6.399360000000000000e+05 7.870000000000000000e+03
6.432690000000000000e+05 8.342000000000000000e+03
6.466020000000000000e+05 8.591000000000000000e+03
6.499350000000000000e+05 8.803000000000000000e+03
6.532680000000000000e+05 8.958000000000000000e+03
6.566010000000000000e+05 9.277000000000000000e+03
6.599340000000000000e+05 9.854000000000000000e+03
6.632670000000000000e+05 9.790000000000000000e+03
