0.000000000000000000e+00 4.509000000000000000e+03
1.400000000000000000e+01 4.734000000000000000e+03
2.800000000000000000e+01 4.935000000000000000e+03
4.200000000000000000e+01 5.041000000000000000e+03
5.600000000000000000e+01 5.371000000000000000e+03
7.000000000000000000e+01 5.252000000000000000e+03
8.400000000000000000e+01 5.601000000000000000e+03
9.800000000000000000e+01 5.514000000000000000e+03
1.120000000000000000e+02 5.675000000000000000e+03
1.260000000000000000e+02 5.564000000000000000e+03
1.400000000000000000e+02 5.744000000000000000e+03
1.540000000000000000e+02 5.873000000000000000e+03
1.680000000000000000e+02 5.908000000000000000e+03
1.820000000000000000e+02 5.981000000000000000e+03
1.960000000000000000e+02 6.023000000000000000e+03
2.100000000000000000e+02 6.003000000000000000e+03
2.240000000000000000e+02 6.124000000000000000e+03
2.380000000000000000e+02 6.195000000000000000e+03
2.520000000000000000e+02 6.081000000000000000e+03
2.660000000000000000e+02 6.061000000000000000e+03
2.800000000000000000e+02 6.087000000000000000e+03
2.940000000000000000e+02 6.234000000000000000e+03
3.080000000000000000e+02 6.191000000000000000e+03
3.220000000000000000e+02 6.207000000000000000e+03
3.360000000000000000e+02 6.210000000000000000e+03
3.500000000000000000e+02 6.089000000000000000e+03
3.640000000000000000e+02 6.296000000000000000e+03
3.780000000000000000e+02 6.075000000000000000e+03
3.920000000000000000e+02 6.121000000000000000e+03
4.060000000000000000e+02 6.101000000000000000e+03
4.200000000000000000e+02 6.187000000000000000e+03
4.340000000000000000e+02 6.120000000000000000e+03
4.480000000000000000e+02 6.062000000000000000e+03
4.620000000000000000e+02 6.156000000000000000e+03
4.760000000000000000e+02 6.052000000000000000e+03
4.900000000000000000e+02 5.864000000000000000e+03
5.040000000000000000e+02 5.846000000000000000e+03
5.180000000000000000e+02 5.907000000000000000e+03
5.320000000000000000e+02 5.685000000000000000e+03
5.460000000000000000e+02 5.875000000000000000e+03
5.600000000000000000e+02 5.682000000000000000e+03
5.740000000000000000e+02 5.557000000000000000e+03
5.880000000000000000e+02 5.570000000000000000e+03
6.020000000000000000e+02 5.413000000000000000e+03
6.160000000000000000e+02 5.303000000000000000e+03
6.300000000000000000e+02 5.023000000000000000e+03
6.440000000000000000e+02 5.209000000000000000e+03
6.580000000000000000e+02 4.998000000000000000e+03
6.720000000000000000e+02 4.871000000000000000e+03
6.860000000000000000e+02 4.648000000000000000e+03
7.000000000000000000e+02 4.579000000000000000e+03
7.140000000000000000e+02 4.546000000000000000e+03
7.280000000000000000e+02 4.409000000000000000e+03
7.420000000000000000e+02 4.231000000000000000e+03
7.560000000000000000e+02 4.035000000000000000e+03
7.700000000000000000e+02 4.069000000000000000e+03
7.840000000000000000e+02 3.817000000000000000e+03
7.980000000000000000e+02 3.787000000000000000e+03
8.120000000000000000e+02 3.576000000000000000e+03
8.260000000000000000e+02 3.454000000000000000e+03
8.400000000000000000e+02 3.337000000000000000e+03
8.540000000000000000e+02 3.159000000000000000e+03
8.680000000000000000e+02 3.103000000000000000e+03
8.820000000000000000e+02 2.965000000000000000e+03
8.960000000000000000e+02 2.969000000000000000e+03
9.100000000000000000e+02 2.831000000000000000e+03
9.240000000000000000e+02 2.750000000000000000e+03
9.380000000000000000e+02 2.629000000000000000e+03
9.520000000000000000e+02 2.481000000000000000e+03
9.660000000000000000e+02 2.444000000000000000e+03
9.800000000000000000e+02 2.404000000000000000e+03
9.940000000000000000e+02 2.341000000000000000e+03
1.008000000000000000e+03 2.190000000000000000e+03
1.022000000000000000e+03 2.244000000000000000e+03
1.036000000000000000e+03 2.144000000000000000e+03
1.050000000000000000e+03 2.098000000000000000e+03
1.064000000000000000e+03 2.134000000000000000e+03
1.078000000000000000e+03 2.093000000000000000e+03
1.092000000000000000e+03 1.986000000000000000e+03
1.106000000000000000e+03 2.079000000000000000e+03
1.120000000000000000e+03 2.070000000000000000e+03
1.134000000000000000e+03 2.126000000000000000e+03
1.148000000000000000e+03 2.134000000000000000e+03
1.162000000000000000e+03 2.203000000000000000e+03
1.176000000000000000e+03 2.304000000000000000e+03
1.190000000000000000e+03 2.300000000000000000e+03
1.204000000000000000e+03 2.416000000000000000e+03
1.218000000000000000e+03 2.447000000000000000e+03
1.232000000000000000e+03 2.589000000000000000e+03
1.246000000000000000e+03 2.670000000000000000e+03
1.260000000000000000e+03 2.807000000000000000e+03
1.274000000000000000e+03 2.950000000000000000e+03
1.288000000000000000e+03 3.062000000000000000e+03
1.302000000000000000e+03 3.239000000000000000e+03
1.316000000000000000e+03 3.463000000000000000e+03
1.330000000000000000e+03 3.465000000000000000e+03
1.344000000000000000e+03 3.666000000000000000e+03
1.358000000000000000e+03 3.898000000000000000e+03
1.372000000000000000e+03 4.212000000000000000e+03
1.386000000000000000e+03 4.239000000000000000e+03
1.400000000000000000e+03 4.311000000000000000e+03
1.414000000000000000e+03 4.634000000000000000e+03
1.428000000000000000e+03 4.707000000000000000e+03
1.442000000000000000e+03 4.776000000000000000e+03
1.456000000000000000e+03 5.069000000000000000e+03
1.470000000000000000e+03 5.153000000000000000e+03
1.484000000000000000e+03 5.311000000000000000e+03
1.498000000000000000e+03 5.373000000000000000e+03
1.512000000000000000e+03 5.438000000000000000e+03
1.526000000000000000e+03 5.562000000000000000e+03
1.540000000000000000e+03 5.656000000000000000e+03
1.554000000000000000e+03 5.725000000000000000e+03
1.568000000000000000e+03 5.819000000000000000e+03
1.582000000000000000e+03 5.880000000000000000e+03
1.596000000000000000e+03 5.933000000000000000e+03
1.610000000000000000e+03 5.880000000000000000e+03
1.624000000000000000e+03 6.052000000000000000e+03
1.638000000000000000e+03 6.102000000000000000e+03
1.652000000000000000e+03 6.101000000000000000e+03
1.666000000000000000e+03 6.034000000000000000e+03
1.680000000000000000e+03 6.146000000000000000e+03
1.694000000000000000e+03 6.267000000000000000e+03
1.708000000000000000e+03 6.049000000000000000e+03
1.722000000000000000e+03 6.240000000000000000e+03
1.736000000000000000e+03 6.428000000000000000e+03
1.750000000000000000e+03 6.154000000000000000e+03
1.764000000000000000e+03 6.284000000000000000e+03
1.778000000000000000e+03 6.218000000000000000e+03
1.792000000000000000e+03 6.095000000000000000e+03
1.806000000000000000e+03 6.217000000000000000e+03
1.820000000000000000e+03 6.101000000000000000e+03
1.834000000000000000e+03 6.210000000000000000e+03
1.848000000000000000e+03 6.056000000000000000e+03
1.862000000000000000e+03 6.233000000000000000e+03
1.876000000000000000e+03 6.227000000000000000e+03
1.890000000000000000e+03 6.002000000000000000e+03
1.904000000000000000e+03 6.165000000000000000e+03
1.918000000000000000e+03 5.896000000000000000e+03
1.932000000000000000e+03 5.961000000000000000e+03
1.946000000000000000e+03 5.835000000000000000e+03
1.960000000000000000e+03 5.632000000000000000e+03
1.974000000000000000e+03 5.845000000000000000e+03
1.988000000000000000e+03 5.743000000000000000e+03
2.002000000000000000e+03 5.502000000000000000e+03
2.016000000000000000e+03 5.523000000000000000e+03
2.030000000000000000e+03 5.459000000000000000e+03
2.044000000000000000e+03 5.373000000000000000e+03
2.058000000000000000e+03 5.243000000000000000e+03
2.072000000000000000e+03 5.016000000000000000e+03
2.086000000000000000e+03 5.011000000000000000e+03
2.100000000000000000e+03 4.992000000000000000e+03
2.114000000000000000e+03 4.718000000000000000e+03
2.128000000000000000e+03 4.614000000000000000e+03
2.142000000000000000e+03 4.481000000000000000e+03
2.156000000000000000e+03 4.482000000000000000e+03
2.170000000000000000e+03 4.296000000000000000e+03
2.184000000000000000e+03 4.156000000000000000e+03
2.198000000000000000e+03 3.928000000000000000e+03
2.212000000000000000e+03 3.895000000000000000e+03
2.226000000000000000e+03 3.759000000000000000e+03
2.240000000000000000e+03 3.563000000000000000e+03
2.254000000000000000e+03 3.471000000000000000e+03
2.268000000000000000e+03 3.343000000000000000e+03
2.282000000000000000e+03 3.301000000000000000e+03
2.296000000000000000e+03 3.107000000000000000e+03
2.310000000000000000e+03 3.006000000000000000e+03
2.324000000000000000e+03 2.972000000000000000e+03
2.338000000000000000e+03 2.820000000000000000e+03
2.352000000000000000e+03 2.719000000000000000e+03
2.366000000000000000e+03 2.674000000000000000e+03
2.380000000000000000e+03 2.488000000000000000e+03
2.394000000000000000e+03 2.545000000000000000e+03
2.408000000000000000e+03 2.389000000000000000e+03
2.422000000000000000e+03 2.356000000000000000e+03
2.436000000000000000e+03 2.225000000000000000e+03
2.450000000000000000e+03 2.237000000000000000e+03
2.464000000000000000e+03 2.136000000000000000e+03
2.478000000000000000e+03 2.043000000000000000e+03
2.492000000000000000e+03 2.112000000000000000e+03
2.506000000000000000e+03 2.065000000000000000e+03
2.520000000000000000e+03 2.056000000000000000e+03
2.534000000000000000e+03 2.061000000000000000e+03
2.548000000000000000e+03 2.067000000000000000e+03
2.562000000000000000e+03 2.175000000000000000e+03
2.576000000000000000e+03 2.148000000000000000e+03
2.590000000000000000e+03 2.195000000000000000e+03
2.604000000000000000e+03 2.192000000000000000e+03
2.618000000000000000e+03 2.230000000000000000e+03
2.632000000000000000e+03 2.279000000000000000e+03
2.646000000000000000e+03 2.507000000000000000e+03
2.660000000000000000e+03 2.559000000000000000e+03
2.674000000000000000e+03 2.743000000000000000e+03
2.688000000000000000e+03 2.838000000000000000e+03
2.702000000000000000e+03 2.982000000000000000e+03
2.716000000000000000e+03 3.201000000000000000e+03
2.730000000000000000e+03 3.277000000000000000e+03
2.744000000000000000e+03 3.315000000000000000e+03
2.758000000000000000e+03 3.563000000000000000e+03
2.772000000000000000e+03 3.663000000000000000e+03
2.786000000000000000e+03 3.939000000000000000e+03
2.800000000000000000e+03 4.127000000000000000e+03
2.814000000000000000e+03 4.136000000000000000e+03
2.828000000000000000e+03 4.397000000000000000e+03
2.842000000000000000e+03 4.597000000000000000e+03
