0.000000000000000000e+00 2.133200000000000000e+04
3.330000000000000000e+02 2.239700000000000000e+04
6.660000000000000000e+02 2.274900000000000000e+04
9.990000000000000000e+02 2.371000000000000000e+04
1.332000000000000000e+03 2.431500000000000000e+04
1.665000000000000000e+03 2.472000000000000000e+04
1.998000000000000000e+03 2.537800000000000000e+04
2.331000000000000000e+03 2.591800000000000000e+04
2.664000000000000000e+03 2.638300000000000000e+04
2.997000000000000000e+03 2.703600000000000000e+04
3.330000000000000000e+03 2.689000000000000000e+04
3.663000000000000000e+03 2.765700000000000000e+04
3.996000000000000000e+03 2.789100000000000000e+04
4.329000000000000000e+03 2.825500000000000000e+04
4.662000000000000000e+03 2.805300000000000000e+04
4.995000000000000000e+03 2.831300000000000000e+04
5.328000000000000000e+03 2.820800000000000000e+04
5.661000000000000000e+03 2.827200000000000000e+04
5.994000000000000000e+03 2.836100000000000000e+04
6.327000000000000000e+03 2.862300000000000000e+04
6.660000000000000000e+03 2.900300000000000000e+04
6.993000000000000000e+03 2.862200000000000000e+04
7.326000000000000000e+03 2.856600000000000000e+04
7.659000000000000000e+03 2.830100000000000000e+04
7.992000000000000000e+03 2.827100000000000000e+04
8.325000000000000000e+03 2.807400000000000000e+04
8.658000000000000000e+03 2.807100000000000000e+04
8.991000000000000000e+03 2.779000000000000000e+04
9.324000000000000000e+03 2.747600000000000000e+04
9.657000000000000000e+03 2.697900000000000000e+04
9.990000000000000000e+03 2.632100000000000000e+04
1.032300000000000000e+04 2.604300000000000000e+04
1.065600000000000000e+04 2.574400000000000000e+04
1.098900000000000000e+04 2.483100000000000000e+04
1.132200000000000000e+04 2.442200000000000000e+04
1.165500000000000000e+04 2.395400000000000000e+04
1.198800000000000000e+04 2.308500000000000000e+04
1.232100000000000000e+04 2.237000000000000000e+04
1.265400000000000000e+04 2.156400000000000000e+04
1.298700000000000000e+04 2.075000000000000000e+04
1.332000000000000000e+04 1.989900000000000000e+04
1.365300000000000000e+04 1.913600000000000000e+04
1.398600000000000000e+04 1.835800000000000000e+04
1.431900000000000000e+04 1.748300000000000000e+04
1.465200000000000000e+04 1.666400000000000000e+04
1.498500000000000000e+04 1.558000000000000000e+04
1.531800000000000000e+04 1.466500000000000000e+04
1.565100000000000000e+04 1.354200000000000000e+04
1.598400000000000000e+04 1.298100000000000000e+04
1.631700000000000000e+04 1.192200000000000000e+04
1.665000000000000000e+04 1.110700000000000000e+04
1.698300000000000000e+04 1.046600000000000000e+04
1.731600000000000000e+04 9.555000000000000000e+03
1.764900000000000000e+04 8.583000000000000000e+03
1.798200000000000000e+04 8.049000000000000000e+03
1.831500000000000000e+04 7.317000000000000000e+03
1.864800000000000000e+04 6.816000000000000000e+03
1.898100000000000000e+04 6.015000000000000000e+03
1.931400000000000000e+04 5.644000000000000000e+03
1.964700000000000000e+04 5.136000000000000000e+03
1.998000000000000000e+04 4.548000000000000000e+03
2.031300000000000000e+04 4.315000000000000000e+03
2.064600000000000000e+04 3.884000000000000000e+03
2.097900000000000000e+04 3.895000000000000000e+03
2.131200000000000000e+04 3.539000000000000000e+03
2.164500000000000000e+04 3.383000000000000000e+03
2.197800000000000000e+04 3.196000000000000000e+03
2.231100000000000000e+04 3.079000000000000000e+03
2.264400000000000000e+04 3.124000000000000000e+03
2.297700000000000000e+04 2.967000000000000000e+03
2.331000000000000000e+04 3.087000000000000000e+03
2.364300000000000000e+04 3.198000000000000000e+03
2.397600000000000000e+04 3.127000000000000000e+03
2.430900000000000000e+04 3.288000000000000000e+03
2.464200000000000000e+04 3.342000000000000000e+03
2.497500000000000000e+04 3.701000000000000000e+03
2.530800000000000000e+04 3.939000000000000000e+03
2.564100000000000000e+04 4.142000000000000000e+03
2.597400000000000000e+04 4.567000000000000000e+03
2.630700000000000000e+04 4.990000000000000000e+03
2.664000000000000000e+04 5.541000000000000000e+03
2.697300000000000000e+04 5.820000000000000000e+03
2.730600000000000000e+04 6.464000000000000000e+03
2.763900000000000000e+04 6.941000000000000000e+03
2.797200000000000000e+04 7.711000000000000000e+03
2.830500000000000000e+04 8.249000000000000000e+03
2.863800000000000000e+04 8.987000000000000000e+03
2.897100000000000000e+04 9.885000000000000000e+03
2.930400000000000000e+04 1.065600000000000000e+04
2.963700000000000000e+04 1.164300000000000000e+04
2.997000000000000000e+04 1.268400000000000000e+04
3.030300000000000000e+04 1.327400000000000000e+04
3.063600000000000000e+04 1.417800000000000000e+04
3.096900000000000000e+04 1.512500000000000000e+04
3.130200000000000000e+04 1.607700000000000000e+04
3.163500000000000000e+04 1.703300000000000000e+04
3.196800000000000000e+04 1.792100000000000000e+04
3.230100000000000000e+04 1.911300000000000000e+04
3.263400000000000000e+04 1.960300000000000000e+04
3.296700000000000000e+04 2.042400000000000000e+04
3.330000000000000000e+04 2.129700000000000000e+04
3.363300000000000000e+04 2.217100000000000000e+04
3.396600000000000000e+04 2.298000000000000000e+04
3.429900000000000000e+04 2.360500000000000000e+04
3.463200000000000000e+04 2.436600000000000000e+04
3.496500000000000000e+04 2.467600000000000000e+04
3.529800000000000000e+04 2.510600000000000000e+04
3.563100000000000000e+04 2.620800000000000000e+04
3.596400000000000000e+04 2.642500000000000000e+04
3.629700000000000000e+04 2.661000000000000000e+04
3.663000000000000000e+04 2.713900000000000000e+04
3.696300000000000000e+04 2.789900000000000000e+04
3.729600000000000000e+04 2.792100000000000000e+04
3.762900000000000000e+04 2.815800000000000000e+04
3.796200000000000000e+04 2.866500000000000000e+04
3.829500000000000000e+04 2.879100000000000000e+04
3.862800000000000000e+04 2.842100000000000000e+04
3.896100000000000000e+04 2.852900000000000000e+04
3.929400000000000000e+04 2.854000000000000000e+04
3.962700000000000000e+04 2.885200000000000000e+04
3.996000000000000000e+04 2.895900000000000000e+04
4.029300000000000000e+04 2.876500000000000000e+04
4.062600000000000000e+04 2.828200000000000000e+04
4.095900000000000000e+04 2.806400000000000000e+04
4.129200000000000000e+04 2.832600000000000000e+04
4.162500000000000000e+04 2.815400000000000000e+04
4.195800000000000000e+04 2.834300000000000000e+04
4.229100000000000000e+04 2.814500000000000000e+04
4.262400000000000000e+04 2.744100000000000000e+04
4.295700000000000000e+04 2.693700000000000000e+04
4.329000000000000000e+04 2.630900000000000000e+04
4.362300000000000000e+04 2.609000000000000000e+04
4.395600000000000000e+04 2.548600000000000000e+04
4.428900000000000000e+04 2.490100000000000000e+04
4.462200000000000000e+04 2.462500000000000000e+04
4.495500000000000000e+04 2.404200000000000000e+04
4.528800000000000000e+04 2.322700000000000000e+04
4.562100000000000000e+04 2.245800000000000000e+04
4.595400000000000000e+04 2.168400000000000000e+04
4.628700000000000000e+04 2.084800000000000000e+04
4.662000000000000000e+04 2.008200000000000000e+04
4.695300000000000000e+04 1.947800000000000000e+04
4.728600000000000000e+04 1.852700000000000000e+04
4.761900000000000000e+04 1.731200000000000000e+04
4.795200000000000000e+04 1.647100000000000000e+04
4.828500000000000000e+04 1.558100000000000000e+04
4.861800000000000000e+04 1.463400000000000000e+04
4.895100000000000000e+04 1.362600000000000000e+04
4.928400000000000000e+04 1.290900000000000000e+04
4.961700000000000000e+04 1.193300000000000000e+04
4.995000000000000000e+04 1.120400000000000000e+04
5.028300000000000000e+04 1.045900000000000000e+04
5.061600000000000000e+04 9.314000000000000000e+03
5.094900000000000000e+04 8.924000000000000000e+03
5.128200000000000000e+04 8.148000000000000000e+03
5.161500000000000000e+04 7.480000000000000000e+03
5.194800000000000000e+04 6.935000000000000000e+03
5.228100000000000000e+04 6.172000000000000000e+03
5.261400000000000000e+04 5.598000000000000000e+03
5.294700000000000000e+04 5.365000000000000000e+03
5.328000000000000000e+04 4.639000000000000000e+03
5.361300000000000000e+04 4.431000000000000000e+03
5.394600000000000000e+04 3.956000000000000000e+03
5.427900000000000000e+04 3.739000000000000000e+03
5.461200000000000000e+04 3.570000000000000000e+03
5.494500000000000000e+04 3.501000000000000000e+03
5.527800000000000000e+04 3.165000000000000000e+03
5.561100000000000000e+04 3.106000000000000000e+03
5.594400000000000000e+04 3.139000000000000000e+03
5.627700000000000000e+04 3.005000000000000000e+03
5.661000000000000000e+04 3.113000000000000000e+03
5.694300000000000000e+04 3.140000000000000000e+03
5.727600000000000000e+04 3.270000000000000000e+03
5.760900000000000000e+04 3.270000000000000000e+03
5.794200000000000000e+04 3.423000000000000000e+03
5.827500000000000000e+04 3.633000000000000000e+03
5.860800000000000000e+04 3.946000000000000000e+03
5.894100000000000000e+04 4.079000000000000000e+03
5.927400000000000000e+04 4.510000000000000000e+03
5.960700000000000000e+04 5.024000000000000000e+03
5.994000000000000000e+04 5.371000000000000000e+03
6.027300000000000000e+04 5.851000000000000000e+03
6.060600000000000000e+04 6.186000000000000000e+03
6.093900000000000000e+04 6.986000000000000000e+03
6.127200000000000000e+04 7.463000000000000000e+03
6.160500000000000000e+04 8.219000000000000000e+03
6.193800000000000000e+04 8.982000000000000000e+03
6.227100000000000000e+04 9.644000000000000000e+03
6.260400000000000000e+04 1.061700000000000000e+04
6.293700000000000000e+04 1.156700000000000000e+04
6.327000000000000000e+04 1.226500000000000000e+04
6.360300000000000000e+04 1.337900000000000000e+04
6.393600000000000000e+04 1.435500000000000000e+04
6.426900000000000000e+04 1.511600000000000000e+04
6.460200000000000000e+04 1.605400000000000000e+04
6.493500000000000000e+04 1.714600000000000000e+04
6.526800000000000000e+04 1.787400000000000000e+04
6.560100000000000000e+04 1.877900000000000000e+04
6.593400000000000000e+04 1.978300000000000000e+04
6.626700000000000000e+04 2.043100000000000000e+04
