0.000000000000000000e+00 2.201200000000000000e+04
3.300000000000000000e+01 2.304300000000000000e+04
6.600000000000000000e+01 2.351200000000000000e+04
9.900000000000000000e+01 2.460400000000000000e+04
1.320000000000000000e+02 2.511500000000000000e+04
1.650000000000000000e+02 2.590600000000000000e+04
1.980000000000000000e+02 2.622100000000000000e+04
2.310000000000000000e+02 2.690200000000000000e+04
2.640000000000000000e+02 2.711700000000000000e+04
2.970000000000000000e+02 2.779300000000000000e+04
3.300000000000000000e+02 2.798000000000000000e+04
3.630000000000000000e+02 2.845800000000000000e+04
3.960000000000000000e+02 2.897700000000000000e+04
4.290000000000000000e+02 2.892200000000000000e+04
4.620000000000000000e+02 2.923500000000000000e+04
4.950000000000000000e+02 2.905700000000000000e+04
5.280000000000000000e+02 2.933800000000000000e+04
5.610000000000000000e+02 2.927600000000000000e+04
5.940000000000000000e+02 2.950300000000000000e+04
6.270000000000000000e+02 2.947700000000000000e+04
6.600000000000000000e+02 2.950700000000000000e+04
6.930000000000000000e+02 2.922500000000000000e+04
7.260000000000000000e+02 2.951300000000000000e+04
7.590000000000000000e+02 2.935100000000000000e+04
7.920000000000000000e+02 2.891800000000000000e+04
8.250000000000000000e+02 2.896300000000000000e+04
8.580000000000000000e+02 2.864500000000000000e+04
8.910000000000000000e+02 2.815500000000000000e+04
9.240000000000000000e+02 2.814400000000000000e+04
9.570000000000000000e+02 2.760600000000000000e+04
9.900000000000000000e+02 2.752800000000000000e+04
1.023000000000000000e+03 2.700100000000000000e+04
1.056000000000000000e+03 2.620400000000000000e+04
1.089000000000000000e+03 2.610900000000000000e+04
1.122000000000000000e+03 2.526900000000000000e+04
1.155000000000000000e+03 2.457900000000000000e+04
1.188000000000000000e+03 2.356800000000000000e+04
1.221000000000000000e+03 2.350400000000000000e+04
1.254000000000000000e+03 2.258300000000000000e+04
1.287000000000000000e+03 2.176500000000000000e+04
1.320000000000000000e+03 2.100000000000000000e+04
1.353000000000000000e+03 2.002000000000000000e+04
1.386000000000000000e+03 1.891200000000000000e+04
1.419000000000000000e+03 1.819800000000000000e+04
1.452000000000000000e+03 1.727700000000000000e+04
1.485000000000000000e+03 1.640500000000000000e+04
1.518000000000000000e+03 1.544400000000000000e+04
1.551000000000000000e+03 1.435300000000000000e+04
1.584000000000000000e+03 1.366200000000000000e+04
1.617000000000000000e+03 1.241800000000000000e+04
1.650000000000000000e+03 1.174000000000000000e+04
1.683000000000000000e+03 1.063900000000000000e+04
1.716000000000000000e+03 9.998000000000000000e+03
1.749000000000000000e+03 9.288000000000000000e+03
1.782000000000000000e+03 8.456000000000000000e+03
1.815000000000000000e+03 7.825000000000000000e+03
1.848000000000000000e+03 7.164000000000000000e+03
1.881000000000000000e+03 6.559000000000000000e+03
1.914000000000000000e+03 5.990000000000000000e+03
1.947000000000000000e+03 5.363000000000000000e+03
1.980000000000000000e+03 5.084000000000000000e+03
2.013000000000000000e+03 4.726000000000000000e+03
2.046000000000000000e+03 4.274000000000000000e+03
2.079000000000000000e+03 4.010000000000000000e+03
2.112000000000000000e+03 3.721000000000000000e+03
2.145000000000000000e+03 3.566000000000000000e+03
2.178000000000000000e+03 3.385000000000000000e+03
2.211000000000000000e+03 3.283000000000000000e+03
2.244000000000000000e+03 3.149000000000000000e+03
2.277000000000000000e+03 3.223000000000000000e+03
2.310000000000000000e+03 3.046000000000000000e+03
2.343000000000000000e+03 3.124000000000000000e+03
2.376000000000000000e+03 3.166000000000000000e+03
2.409000000000000000e+03 3.335000000000000000e+03
2.442000000000000000e+03 3.384000000000000000e+03
2.475000000000000000e+03 3.523000000000000000e+03
2.508000000000000000e+03 3.767000000000000000e+03
2.541000000000000000e+03 4.080000000000000000e+03
2.574000000000000000e+03 4.398000000000000000e+03
2.607000000000000000e+03 4.702000000000000000e+03
2.640000000000000000e+03 5.023000000000000000e+03
2.673000000000000000e+03 5.654000000000000000e+03
2.706000000000000000e+03 6.127000000000000000e+03
2.739000000000000000e+03 6.862000000000000000e+03
2.772000000000000000e+03 7.348000000000000000e+03
2.805000000000000000e+03 8.211000000000000000e+03
2.838000000000000000e+03 8.646000000000000000e+03
2.871000000000000000e+03 9.490000000000000000e+03
2.904000000000000000e+03 1.030500000000000000e+04
2.937000000000000000e+03 1.103700000000000000e+04
2.970000000000000000e+03 1.213800000000000000e+04
3.003000000000000000e+03 1.286100000000000000e+04
3.036000000000000000e+03 1.399100000000000000e+04
3.069000000000000000e+03 1.496500000000000000e+04
3.102000000000000000e+03 1.584800000000000000e+04
3.135000000000000000e+03 1.676800000000000000e+04
3.168000000000000000e+03 1.773000000000000000e+04
3.201000000000000000e+03 1.880300000000000000e+04
3.234000000000000000e+03 1.994700000000000000e+04
3.267000000000000000e+03 2.053300000000000000e+04
3.300000000000000000e+03 2.143700000000000000e+04
3.333000000000000000e+03 2.228600000000000000e+04
3.366000000000000000e+03 2.298600000000000000e+04
3.399000000000000000e+03 2.366900000000000000e+04
3.432000000000000000e+03 2.480700000000000000e+04
3.465000000000000000e+03 2.481800000000000000e+04
3.498000000000000000e+03 2.570600000000000000e+04
3.531000000000000000e+03 2.651600000000000000e+04
3.564000000000000000e+03 2.688200000000000000e+04
3.597000000000000000e+03 2.726800000000000000e+04
3.630000000000000000e+03 2.788200000000000000e+04
3.663000000000000000e+03 2.801200000000000000e+04
3.696000000000000000e+03 2.844900000000000000e+04
3.729000000000000000e+03 2.883500000000000000e+04
3.762000000000000000e+03 2.860000000000000000e+04
3.795000000000000000e+03 2.929500000000000000e+04
3.828000000000000000e+03 2.964200000000000000e+04
3.861000000000000000e+03 2.953500000000000000e+04
3.894000000000000000e+03 2.936500000000000000e+04
3.927000000000000000e+03 2.960400000000000000e+04
3.960000000000000000e+03 2.954100000000000000e+04
3.993000000000000000e+03 2.993000000000000000e+04
4.026000000000000000e+03 2.995400000000000000e+04
4.059000000000000000e+03 2.970100000000000000e+04
4.092000000000000000e+03 2.957200000000000000e+04
4.125000000000000000e+03 2.920000000000000000e+04
4.158000000000000000e+03 2.888700000000000000e+04
4.191000000000000000e+03 2.891700000000000000e+04
4.224000000000000000e+03 2.860200000000000000e+04
4.257000000000000000e+03 2.821400000000000000e+04
4.290000000000000000e+03 2.779700000000000000e+04
4.323000000000000000e+03 2.734300000000000000e+04
4.356000000000000000e+03 2.693500000000000000e+04
4.389000000000000000e+03 2.641500000000000000e+04
4.422000000000000000e+03 2.636900000000000000e+04
4.455000000000000000e+03 2.517600000000000000e+04
4.488000000000000000e+03 2.496100000000000000e+04
4.521000000000000000e+03 2.398100000000000000e+04
4.554000000000000000e+03 2.311000000000000000e+04
4.587000000000000000e+03 2.237300000000000000e+04
4.620000000000000000e+03 2.176300000000000000e+04
4.653000000000000000e+03 2.084800000000000000e+04
4.686000000000000000e+03 2.001100000000000000e+04
4.719000000000000000e+03 1.925700000000000000e+04
4.752000000000000000e+03 1.830300000000000000e+04
4.785000000000000000e+03 1.723600000000000000e+04
4.818000000000000000e+03 1.609700000000000000e+04
4.851000000000000000e+03 1.525100000000000000e+04
4.884000000000000000e+03 1.425000000000000000e+04
4.917000000000000000e+03 1.363900000000000000e+04
4.950000000000000000e+03 1.225800000000000000e+04
4.983000000000000000e+03 1.175500000000000000e+04
5.016000000000000000e+03 1.092300000000000000e+04
5.049000000000000000e+03 1.004900000000000000e+04
5.082000000000000000e+03 9.181000000000000000e+03
5.115000000000000000e+03 8.613000000000000000e+03
5.148000000000000000e+03 7.821000000000000000e+03
5.181000000000000000e+03 7.162000000000000000e+03
5.214000000000000000e+03 6.474000000000000000e+03
5.247000000000000000e+03 5.896000000000000000e+03
5.280000000000000000e+03 5.504000000000000000e+03
5.313000000000000000e+03 5.014000000000000000e+03
5.346000000000000000e+03 4.642000000000000000e+03
5.379000000000000000e+03 4.279000000000000000e+03
5.412000000000000000e+03 4.046000000000000000e+03
5.445000000000000000e+03 3.682000000000000000e+03
5.478000000000000000e+03 3.718000000000000000e+03
5.511000000000000000e+03 3.401000000000000000e+03
5.544000000000000000e+03 3.225000000000000000e+03
5.577000000000000000e+03 3.136000000000000000e+03
5.610000000000000000e+03 3.089000000000000000e+03
5.643000000000000000e+03 3.223000000000000000e+03
5.676000000000000000e+03 3.174000000000000000e+03
5.709000000000000000e+03 3.175000000000000000e+03
5.742000000000000000e+03 3.225000000000000000e+03
5.775000000000000000e+03 3.404000000000000000e+03
5.808000000000000000e+03 3.598000000000000000e+03
5.841000000000000000e+03 3.870000000000000000e+03
5.874000000000000000e+03 4.025000000000000000e+03
5.907000000000000000e+03 4.295000000000000000e+03
5.940000000000000000e+03 4.767000000000000000e+03
5.973000000000000000e+03 5.145000000000000000e+03
6.006000000000000000e+03 5.642000000000000000e+03
6.039000000000000000e+03 6.179000000000000000e+03
6.072000000000000000e+03 6.678000000000000000e+03
6.105000000000000000e+03 7.260000000000000000e+03
6.138000000000000000e+03 7.979000000000000000e+03
6.171000000000000000e+03 8.811000000000000000e+03
6.204000000000000000e+03 9.625000000000000000e+03
6.237000000000000000e+03 1.018100000000000000e+04
6.270000000000000000e+03 1.133600000000000000e+04
6.303000000000000000e+03 1.198700000000000000e+04
6.336000000000000000e+03 1.293200000000000000e+04
6.369000000000000000e+03 1.386500000000000000e+04
6.402000000000000000e+03 1.510200000000000000e+04
6.435000000000000000e+03 1.578500000000000000e+04
6.468000000000000000e+03 1.697500000000000000e+04
6.501000000000000000e+03 1.761900000000000000e+04
6.534000000000000000e+03 1.861300000000000000e+04
6.567000000000000000e+03 1.943300000000000000e+04
6.600000000000000000e+03 2.056000000000000000e+04
6.633000000000000000e+03 2.122900000000000000e+04
