0.000000000000000000e+00 2.582800000000000000e+04
1.670000000000000000e+02 2.672800000000000000e+04
3.340000000000000000e+02 2.755800000000000000e+04
5.010000000000000000e+02 2.805600000000000000e+04
6.680000000000000000e+02 2.906900000000000000e+04
8.350000000000000000e+02 2.977600000000000000e+04
1.002000000000000000e+03 3.029900000000000000e+04
1.169000000000000000e+03 3.133800000000000000e+04
1.336000000000000000e+03 3.132800000000000000e+04
1.503000000000000000e+03 3.179800000000000000e+04
1.670000000000000000e+03 3.277100000000000000e+04
1.837000000000000000e+03 3.286800000000000000e+04
2.004000000000000000e+03 3.355800000000000000e+04
2.171000000000000000e+03 3.383400000000000000e+04
2.338000000000000000e+03 3.378300000000000000e+04
2.505000000000000000e+03 3.427800000000000000e+04
2.672000000000000000e+03 3.409000000000000000e+04
2.839000000000000000e+03 3.443600000000000000e+04
3.006000000000000000e+03 3.442300000000000000e+04
3.173000000000000000e+03 3.474400000000000000e+04
3.340000000000000000e+03 3.467900000000000000e+04
3.507000000000000000e+03 3.437800000000000000e+04
3.674000000000000000e+03 3.438100000000000000e+04
3.841000000000000000e+03 3.393400000000000000e+04
4.008000000000000000e+03 3.402300000000000000e+04
4.175000000000000000e+03 3.367700000000000000e+04
4.342000000000000000e+03 3.320500000000000000e+04
4.509000000000000000e+03 3.292300000000000000e+04
4.676000000000000000e+03 3.293200000000000000e+04
4.843000000000000000e+03 3.246500000000000000e+04
5.010000000000000000e+03 3.161500000000000000e+04
5.177000000000000000e+03 3.142800000000000000e+04
5.344000000000000000e+03 3.082900000000000000e+04
5.511000000000000000e+03 2.986700000000000000e+04
5.678000000000000000e+03 2.910800000000000000e+04
5.845000000000000000e+03 2.832000000000000000e+04
6.012000000000000000e+03 2.781200000000000000e+04
6.179000000000000000e+03 2.696300000000000000e+04
6.346000000000000000e+03 2.612300000000000000e+04
6.513000000000000000e+03 2.490900000000000000e+04
6.680000000000000000e+03 2.379800000000000000e+04
6.847000000000000000e+03 2.305000000000000000e+04
7.014000000000000000e+03 2.176400000000000000e+04
7.181000000000000000e+03 2.080500000000000000e+04
7.348000000000000000e+03 1.954500000000000000e+04
7.515000000000000000e+03 1.843300000000000000e+04
7.682000000000000000e+03 1.705000000000000000e+04
7.849000000000000000e+03 1.632000000000000000e+04
8.016000000000000000e+03 1.505400000000000000e+04
8.183000000000000000e+03 1.417200000000000000e+04
8.350000000000000000e+03 1.322500000000000000e+04
8.517000000000000000e+03 1.219000000000000000e+04
8.684000000000000000e+03 1.116300000000000000e+04
8.851000000000000000e+03 1.022800000000000000e+04
9.018000000000000000e+03 9.524000000000000000e+03
9.185000000000000000e+03 8.724000000000000000e+03
9.352000000000000000e+03 7.917000000000000000e+03
9.519000000000000000e+03 7.231000000000000000e+03
9.686000000000000000e+03 6.451000000000000000e+03
9.853000000000000000e+03 6.058000000000000000e+03
1.002000000000000000e+04 5.757000000000000000e+03
1.018700000000000000e+04 5.156000000000000000e+03
1.035400000000000000e+04 4.733000000000000000e+03
1.052100000000000000e+04 4.416000000000000000e+03
1.068800000000000000e+04 4.238000000000000000e+03
1.085500000000000000e+04 4.064000000000000000e+03
1.102200000000000000e+04 3.817000000000000000e+03
1.118900000000000000e+04 3.802000000000000000e+03
1.135600000000000000e+04 3.721000000000000000e+03
1.152300000000000000e+04 3.667000000000000000e+03
1.169000000000000000e+04 3.751000000000000000e+03
1.185700000000000000e+04 3.761000000000000000e+03
1.202400000000000000e+04 3.853000000000000000e+03
1.219100000000000000e+04 4.043000000000000000e+03
1.235800000000000000e+04 4.176000000000000000e+03
1.252500000000000000e+04 4.449000000000000000e+03
1.269200000000000000e+04 4.716000000000000000e+03
1.285900000000000000e+04 5.046000000000000000e+03
1.302600000000000000e+04 5.463000000000000000e+03
1.319300000000000000e+04 5.899000000000000000e+03
1.336000000000000000e+04 6.675000000000000000e+03
1.352700000000000000e+04 7.299000000000000000e+03
1.369400000000000000e+04 7.731000000000000000e+03
1.386100000000000000e+04 8.490000000000000000e+03
1.402800000000000000e+04 9.423000000000000000e+03
1.419500000000000000e+04 1.020600000000000000e+04
1.436200000000000000e+04 1.105100000000000000e+04
1.452900000000000000e+04 1.218100000000000000e+04
1.469600000000000000e+04 1.326900000000000000e+04
1.486300000000000000e+04 1.413900000000000000e+04
1.503000000000000000e+04 1.529000000000000000e+04
1.519700000000000000e+04 1.637400000000000000e+04
1.536400000000000000e+04 1.780000000000000000e+04
1.553100000000000000e+04 1.864800000000000000e+04
1.569800000000000000e+04 1.976000000000000000e+04
1.586500000000000000e+04 2.102400000000000000e+04
1.603200000000000000e+04 2.196000000000000000e+04
1.619900000000000000e+04 2.320000000000000000e+04
1.636600000000000000e+04 2.406500000000000000e+04
1.653300000000000000e+04 2.500200000000000000e+04
1.670000000000000000e+04 2.593600000000000000e+04
1.686700000000000000e+04 2.676100000000000000e+04
1.703400000000000000e+04 2.783800000000000000e+04
1.720100000000000000e+04 2.865800000000000000e+04
1.736800000000000000e+04 2.931200000000000000e+04
1.753500000000000000e+04 3.041100000000000000e+04
1.770200000000000000e+04 3.063300000000000000e+04
1.786900000000000000e+04 3.136900000000000000e+04
1.803600000000000000e+04 3.183400000000000000e+04
1.820300000000000000e+04 3.232600000000000000e+04
1.837000000000000000e+04 3.265300000000000000e+04
1.853700000000000000e+04 3.340700000000000000e+04
1.870400000000000000e+04 3.337300000000000000e+04
1.887100000000000000e+04 3.363200000000000000e+04
1.903800000000000000e+04 3.409600000000000000e+04
1.920500000000000000e+04 3.422500000000000000e+04
1.937200000000000000e+04 3.410700000000000000e+04
1.953900000000000000e+04 3.457600000000000000e+04
1.970600000000000000e+04 3.491700000000000000e+04
1.987300000000000000e+04 3.445600000000000000e+04
2.004000000000000000e+04 3.468000000000000000e+04
2.020700000000000000e+04 3.486600000000000000e+04
2.037400000000000000e+04 3.449500000000000000e+04
2.054100000000000000e+04 3.456800000000000000e+04
2.070800000000000000e+04 3.408900000000000000e+04
2.087500000000000000e+04 3.369500000000000000e+04
2.104200000000000000e+04 3.357900000000000000e+04
2.120900000000000000e+04 3.300200000000000000e+04
2.137600000000000000e+04 3.263700000000000000e+04
2.154300000000000000e+04 3.186400000000000000e+04
2.171000000000000000e+04 3.156600000000000000e+04
2.187700000000000000e+04 3.153800000000000000e+04
2.204400000000000000e+04 3.080500000000000000e+04
2.221100000000000000e+04 3.010100000000000000e+04
2.237800000000000000e+04 2.932800000000000000e+04
2.254500000000000000e+04 2.873700000000000000e+04
2.271200000000000000e+04 2.765100000000000000e+04
2.287900000000000000e+04 2.661000000000000000e+04
2.304600000000000000e+04 2.582500000000000000e+04
2.321300000000000000e+04 2.477000000000000000e+04
2.338000000000000000e+04 2.376600000000000000e+04
2.354700000000000000e+04 2.267700000000000000e+04
2.371400000000000000e+04 2.163900000000000000e+04
2.388100000000000000e+04 2.077600000000000000e+04
2.404800000000000000e+04 1.952900000000000000e+04
2.421500000000000000e+04 1.830900000000000000e+04
2.438200000000000000e+04 1.717500000000000000e+04
2.454900000000000000e+04 1.610700000000000000e+04
2.471600000000000000e+04 1.501800000000000000e+04
2.488300000000000000e+04 1.419300000000000000e+04
2.505000000000000000e+04 1.311500000000000000e+04
2.521700000000000000e+04 1.191600000000000000e+04
2.538400000000000000e+04 1.114400000000000000e+04
2.555100000000000000e+04 9.966000000000000000e+03
2.571800000000000000e+04 9.316000000000000000e+03
2.588500000000000000e+04 8.198000000000000000e+03
2.605200000000000000e+04 7.871000000000000000e+03
2.621900000000000000e+04 7.095000000000000000e+03
2.638600000000000000e+04 6.547000000000000000e+03
2.655300000000000000e+04 6.137000000000000000e+03
2.672000000000000000e+04 5.464000000000000000e+03
2.688700000000000000e+04 5.220000000000000000e+03
2.705400000000000000e+04 4.780000000000000000e+03
2.722100000000000000e+04 4.469000000000000000e+03
2.738800000000000000e+04 4.228000000000000000e+03
2.755500000000000000e+04 4.052000000000000000e+03
2.772200000000000000e+04 3.801000000000000000e+03
2.788900000000000000e+04 3.704000000000000000e+03
2.805600000000000000e+04 3.659000000000000000e+03
2.822300000000000000e+04 3.626000000000000000e+03
2.839000000000000000e+04 3.703000000000000000e+03
2.855700000000000000e+04 3.839000000000000000e+03
2.872400000000000000e+04 3.808000000000000000e+03
2.889100000000000000e+04 4.017000000000000000e+03
2.905800000000000000e+04 4.276000000000000000e+03
2.922500000000000000e+04 4.514000000000000000e+03
2.939200000000000000e+04 4.698000000000000000e+03
2.955900000000000000e+04 5.129000000000000000e+03
2.972600000000000000e+04 5.542000000000000000e+03
2.989300000000000000e+04 6.176000000000000000e+03
3.006000000000000000e+04 6.808000000000000000e+03
3.022700000000000000e+04 7.281000000000000000e+03
3.039400000000000000e+04 7.876000000000000000e+03
3.056100000000000000e+04 8.861000000000000000e+03
3.072800000000000000e+04 9.466000000000000000e+03
3.089500000000000000e+04 1.074000000000000000e+04
3.106200000000000000e+04 1.121800000000000000e+04
3.122900000000000000e+04 1.235000000000000000e+04
3.139600000000000000e+04 1.332300000000000000e+04
3.156300000000000000e+04 1.444600000000000000e+04
3.173000000000000000e+04 1.576600000000000000e+04
3.189700000000000000e+04 1.643800000000000000e+04
3.206400000000000000e+04 1.780400000000000000e+04
3.223100000000000000e+04 1.892900000000000000e+04
3.239800000000000000e+04 2.012600000000000000e+04
3.256500000000000000e+04 2.104900000000000000e+04
3.273200000000000000e+04 2.195700000000000000e+04
3.289900000000000000e+04 2.322400000000000000e+04
3.306600000000000000e+04 2.414500000000000000e+04
