0.000000000000000000e+00 3.200200000000000000e+04
5.000000000000000000e+03 3.325700000000000000e+04
1.000000000000000000e+04 3.439100000000000000e+04
1.500000000000000000e+04 3.532400000000000000e+04
2.000000000000000000e+04 3.644900000000000000e+04
2.500000000000000000e+04 3.748700000000000000e+04
3.000000000000000000e+04 3.812700000000000000e+04
3.500000000000000000e+04 3.882900000000000000e+04
4.000000000000000000e+04 3.977400000000000000e+04
4.500000000000000000e+04 4.042300000000000000e+04
5.000000000000000000e+04 4.070000000000000000e+04
5.500000000000000000e+04 4.142800000000000000e+04
6.000000000000000000e+04 4.192600000000000000e+04
6.500000000000000000e+04 4.229300000000000000e+04
7.000000000000000000e+04 4.229400000000000000e+04
7.500000000000000000e+04 4.279700000000000000e+04
8.000000000000000000e+04 4.246400000000000000e+04
8.500000000000000000e+04 4.298400000000000000e+04
9.000000000000000000e+04 4.322400000000000000e+04
9.500000000000000000e+04 4.349700000000000000e+04
1.000000000000000000e+05 4.285900000000000000e+04
1.050000000000000000e+05 4.345900000000000000e+04
1.100000000000000000e+05 4.305100000000000000e+04
1.150000000000000000e+05 4.263500000000000000e+04
1.200000000000000000e+05 4.264400000000000000e+04
1.250000000000000000e+05 4.212100000000000000e+04
1.300000000000000000e+05 4.185100000000000000e+04
1.350000000000000000e+05 4.147200000000000000e+04
1.400000000000000000e+05 4.102900000000000000e+04
1.450000000000000000e+05 4.054800000000000000e+04
1.500000000000000000e+05 3.974600000000000000e+04
1.550000000000000000e+05 3.919900000000000000e+04
1.600000000000000000e+05 3.837100000000000000e+04
1.650000000000000000e+05 3.754400000000000000e+04
1.700000000000000000e+05 3.673900000000000000e+04
1.750000000000000000e+05 3.609500000000000000e+04
1.800000000000000000e+05 3.424100000000000000e+04
1.850000000000000000e+05 3.337800000000000000e+04
1.900000000000000000e+05 3.240800000000000000e+04
1.950000000000000000e+05 3.135000000000000000e+04
2.000000000000000000e+05 3.042900000000000000e+04
2.050000000000000000e+05 2.904500000000000000e+04
2.100000000000000000e+05 2.770800000000000000e+04
2.150000000000000000e+05 2.608000000000000000e+04
2.200000000000000000e+05 2.499600000000000000e+04
2.250000000000000000e+05 2.342000000000000000e+04
2.300000000000000000e+05 2.211700000000000000e+04
2.350000000000000000e+05 2.071700000000000000e+04
2.400000000000000000e+05 1.912200000000000000e+04
2.450000000000000000e+05 1.786900000000000000e+04
2.500000000000000000e+05 1.667300000000000000e+04
2.550000000000000000e+05 1.548200000000000000e+04
2.600000000000000000e+05 1.424700000000000000e+04
2.650000000000000000e+05 1.286000000000000000e+04
2.700000000000000000e+05 1.168100000000000000e+04
2.750000000000000000e+05 1.095500000000000000e+04
2.800000000000000000e+05 9.825000000000000000e+03
2.850000000000000000e+05 9.125000000000000000e+03
2.900000000000000000e+05 8.313000000000000000e+03
2.950000000000000000e+05 7.561000000000000000e+03
3.000000000000000000e+05 7.128000000000000000e+03
3.050000000000000000e+05 6.480000000000000000e+03
3.100000000000000000e+05 5.974000000000000000e+03
3.150000000000000000e+05 5.603000000000000000e+03
3.200000000000000000e+05 5.211000000000000000e+03
3.250000000000000000e+05 5.103000000000000000e+03
3.300000000000000000e+05 4.889000000000000000e+03
3.350000000000000000e+05 4.796000000000000000e+03
3.400000000000000000e+05 4.533000000000000000e+03
3.450000000000000000e+05 4.564000000000000000e+03
3.500000000000000000e+05 4.572000000000000000e+03
3.550000000000000000e+05 4.676000000000000000e+03
3.600000000000000000e+05 4.789000000000000000e+03
3.650000000000000000e+05 4.952000000000000000e+03
3.700000000000000000e+05 5.190000000000000000e+03
3.750000000000000000e+05 5.499000000000000000e+03
3.800000000000000000e+05 5.961000000000000000e+03
3.850000000000000000e+05 6.438000000000000000e+03
3.900000000000000000e+05 7.000000000000000000e+03
3.950000000000000000e+05 7.250000000000000000e+03
4.000000000000000000e+05 8.151000000000000000e+03
4.050000000000000000e+05 8.895000000000000000e+03
4.100000000000000000e+05 9.680000000000000000e+03
4.150000000000000000e+05 1.068500000000000000e+04
4.200000000000000000e+05 1.163500000000000000e+04
4.250000000000000000e+05 1.275100000000000000e+04
4.300000000000000000e+05 1.369500000000000000e+04
4.350000000000000000e+05 1.494500000000000000e+04
4.400000000000000000e+05 1.618300000000000000e+04
4.450000000000000000e+05 1.725300000000000000e+04
4.500000000000000000e+05 1.872400000000000000e+04
4.550000000000000000e+05 1.976700000000000000e+04
4.600000000000000000e+05 2.158700000000000000e+04
4.650000000000000000e+05 2.321600000000000000e+04
4.700000000000000000e+05 2.406700000000000000e+04
4.750000000000000000e+05 2.538700000000000000e+04
4.800000000000000000e+05 2.707900000000000000e+04
4.850000000000000000e+05 2.808100000000000000e+04
4.900000000000000000e+05 2.927800000000000000e+04
4.950000000000000000e+05 3.039200000000000000e+04
5.000000000000000000e+05 3.230400000000000000e+04
5.050000000000000000e+05 3.329500000000000000e+04
5.100000000000000000e+05 3.421100000000000000e+04
5.150000000000000000e+05 3.506600000000000000e+04
5.200000000000000000e+05 3.657900000000000000e+04
5.250000000000000000e+05 3.772800000000000000e+04
5.300000000000000000e+05 3.795000000000000000e+04
5.350000000000000000e+05 3.896900000000000000e+04
5.400000000000000000e+05 3.961900000000000000e+04
5.450000000000000000e+05 4.027800000000000000e+04
5.500000000000000000e+05 4.087800000000000000e+04
5.550000000000000000e+05 4.148900000000000000e+04
5.600000000000000000e+05 4.182900000000000000e+04
5.650000000000000000e+05 4.171800000000000000e+04
5.700000000000000000e+05 4.262900000000000000e+04
5.750000000000000000e+05 4.313900000000000000e+04
5.800000000000000000e+05 4.293700000000000000e+04
5.850000000000000000e+05 4.336700000000000000e+04
5.900000000000000000e+05 4.340300000000000000e+04
5.950000000000000000e+05 4.325300000000000000e+04
6.000000000000000000e+05 4.341200000000000000e+04
6.050000000000000000e+05 4.363100000000000000e+04
6.100000000000000000e+05 4.295700000000000000e+04
6.150000000000000000e+05 4.284300000000000000e+04
6.200000000000000000e+05 4.250700000000000000e+04
6.250000000000000000e+05 4.284000000000000000e+04
6.300000000000000000e+05 4.189000000000000000e+04
6.350000000000000000e+05 4.136300000000000000e+04
6.400000000000000000e+05 4.095900000000000000e+04
6.450000000000000000e+05 4.027100000000000000e+04
6.500000000000000000e+05 3.951600000000000000e+04
6.550000000000000000e+05 3.947300000000000000e+04
6.600000000000000000e+05 3.866700000000000000e+04
6.650000000000000000e+05 3.780600000000000000e+04
6.700000000000000000e+05 3.647100000000000000e+04
6.750000000000000000e+05 3.604200000000000000e+04
6.800000000000000000e+05 3.481300000000000000e+04
6.850000000000000000e+05 3.381800000000000000e+04
6.900000000000000000e+05 3.253500000000000000e+04
6.950000000000000000e+05 3.144300000000000000e+04
7.000000000000000000e+05 3.002100000000000000e+04
7.050000000000000000e+05 2.900300000000000000e+04
7.100000000000000000e+05 2.768500000000000000e+04
7.150000000000000000e+05 2.634100000000000000e+04
7.200000000000000000e+05 2.473100000000000000e+04
7.250000000000000000e+05 2.357500000000000000e+04
7.300000000000000000e+05 2.214500000000000000e+04
7.350000000000000000e+05 2.061800000000000000e+04
7.400000000000000000e+05 1.939100000000000000e+04
7.450000000000000000e+05 1.802600000000000000e+04
7.500000000000000000e+05 1.668500000000000000e+04
7.550000000000000000e+05 1.559400000000000000e+04
7.600000000000000000e+05 1.423400000000000000e+04
7.650000000000000000e+05 1.292700000000000000e+04
7.700000000000000000e+05 1.196100000000000000e+04
7.750000000000000000e+05 1.087000000000000000e+04
7.800000000000000000e+05 9.783000000000000000e+03
7.850000000000000000e+05 9.138000000000000000e+03
7.900000000000000000e+05 8.356000000000000000e+03
7.950000000000000000e+05 7.518000000000000000e+03
8.000000000000000000e+05 6.963000000000000000e+03
8.050000000000000000e+05 6.544000000000000000e+03
8.100000000000000000e+05 6.118000000000000000e+03
8.150000000000000000e+05 5.640000000000000000e+03
8.200000000000000000e+05 5.308000000000000000e+03
8.250000000000000000e+05 5.112000000000000000e+03
8.300000000000000000e+05 4.838000000000000000e+03
8.350000000000000000e+05 4.717000000000000000e+03
8.400000000000000000e+05 4.504000000000000000e+03
8.450000000000000000e+05 4.443000000000000000e+03
8.500000000000000000e+05 4.634000000000000000e+03
8.550000000000000000e+05 4.747000000000000000e+03
8.600000000000000000e+05 4.711000000000000000e+03
8.650000000000000000e+05 4.963000000000000000e+03
8.700000000000000000e+05 5.269000000000000000e+03
8.750000000000000000e+05 5.384000000000000000e+03
8.800000000000000000e+05 5.978000000000000000e+03
8.850000000000000000e+05 6.311000000000000000e+03
8.900000000000000000e+05 6.897000000000000000e+03
8.950000000000000000e+05 7.376000000000000000e+03
9.000000000000000000e+05 8.263000000000000000e+03
9.050000000000000000e+05 8.851000000000000000e+03
9.100000000000000000e+05 9.529000000000000000e+03
9.150000000000000000e+05 1.066800000000000000e+04
9.200000000000000000e+05 1.133000000000000000e+04
9.250000000000000000e+05 1.273900000000000000e+04
9.300000000000000000e+05 1.355000000000000000e+04
9.350000000000000000e+05 1.481200000000000000e+04
9.400000000000000000e+05 1.608900000000000000e+04
9.450000000000000000e+05 1.749000000000000000e+04
9.500000000000000000e+05 1.873800000000000000e+04
9.550000000000000000e+05 2.009600000000000000e+04
9.600000000000000000e+05 2.133800000000000000e+04
9.650000000000000000e+05 2.303800000000000000e+04
9.700000000000000000e+05 2.423300000000000000e+04
9.750000000000000000e+05 2.556400000000000000e+04
9.800000000000000000e+05 2.709900000000000000e+04
9.850000000000000000e+05 2.840400000000000000e+04
9.900000000000000000e+05 2.985900000000000000e+04
9.950000000000000000e+05 3.053500000000000000e+04
