0.000000000000000000e+00 3.119700000000000000e+04
1.667000000000000000e+03 3.276600000000000000e+04
3.334000000000000000e+03 3.398100000000000000e+04
5.001000000000000000e+03 3.495000000000000000e+04
6.668000000000000000e+03 3.541700000000000000e+04
8.335000000000000000e+03 3.658700000000000000e+04
1.000200000000000000e+04 3.743100000000000000e+04
1.166900000000000000e+04 3.806700000000000000e+04
1.333600000000000000e+04 3.886700000000000000e+04
1.500300000000000000e+04 3.940300000000000000e+04
1.667000000000000000e+04 3.998800000000000000e+04
1.833700000000000000e+04 4.048500000000000000e+04
2.000400000000000000e+04 4.086800000000000000e+04
2.167100000000000000e+04 4.132000000000000000e+04
2.333800000000000000e+04 4.178100000000000000e+04
2.500500000000000000e+04 4.160600000000000000e+04
2.667200000000000000e+04 4.176600000000000000e+04
2.833900000000000000e+04 4.179200000000000000e+04
3.000600000000000000e+04 4.205100000000000000e+04
3.167300000000000000e+04 4.249800000000000000e+04
3.334000000000000000e+04 4.245500000000000000e+04
3.500700000000000000e+04 4.213800000000000000e+04
3.667400000000000000e+04 4.191400000000000000e+04
3.834100000000000000e+04 4.174400000000000000e+04
4.000800000000000000e+04 4.174500000000000000e+04
4.167500000000000000e+04 4.148200000000000000e+04
4.334200000000000000e+04 4.054200000000000000e+04
4.500900000000000000e+04 4.056600000000000000e+04
4.667600000000000000e+04 4.035200000000000000e+04
4.834300000000000000e+04 3.953300000000000000e+04
5.001000000000000000e+04 3.883800000000000000e+04
5.167700000000000000e+04 3.848100000000000000e+04
5.334400000000000000e+04 3.797800000000000000e+04
5.501100000000000000e+04 3.668500000000000000e+04
5.667800000000000000e+04 3.583900000000000000e+04
5.834500000000000000e+04 3.465000000000000000e+04
6.001200000000000000e+04 3.378000000000000000e+04
6.167900000000000000e+04 3.298300000000000000e+04
6.334600000000000000e+04 3.197600000000000000e+04
6.501300000000000000e+04 3.057300000000000000e+04
6.668000000000000000e+04 2.955100000000000000e+04
6.834700000000000000e+04 2.796200000000000000e+04
7.001400000000000000e+04 2.676400000000000000e+04
7.168100000000000000e+04 2.583300000000000000e+04
7.334800000000000000e+04 2.403800000000000000e+04
7.501500000000000000e+04 2.304000000000000000e+04
7.668200000000000000e+04 2.175000000000000000e+04
7.834900000000000000e+04 2.028500000000000000e+04
8.001600000000000000e+04 1.861800000000000000e+04
8.168300000000000000e+04 1.751200000000000000e+04
8.335000000000000000e+04 1.626000000000000000e+04
8.501700000000000000e+04 1.500100000000000000e+04
8.668400000000000000e+04 1.366500000000000000e+04
8.835100000000000000e+04 1.287700000000000000e+04
9.001800000000000000e+04 1.198200000000000000e+04
9.168500000000000000e+04 1.059400000000000000e+04
9.335200000000000000e+04 9.759000000000000000e+03
9.501900000000000000e+04 8.904000000000000000e+03
9.668600000000000000e+04 7.980000000000000000e+03
9.835300000000000000e+04 7.509000000000000000e+03
1.000200000000000000e+05 6.916000000000000000e+03
1.016870000000000000e+05 6.262000000000000000e+03
1.033540000000000000e+05 5.979000000000000000e+03
1.050210000000000000e+05 5.726000000000000000e+03
1.066880000000000000e+05 5.267000000000000000e+03
1.083550000000000000e+05 5.023000000000000000e+03
1.100220000000000000e+05 4.735000000000000000e+03
1.116890000000000000e+05 4.526000000000000000e+03
1.133560000000000000e+05 4.445000000000000000e+03
1.150230000000000000e+05 4.430000000000000000e+03
1.166900000000000000e+05 4.507000000000000000e+03
1.183570000000000000e+05 4.601000000000000000e+03
1.200240000000000000e+05 4.702000000000000000e+03
1.216910000000000000e+05 4.902000000000000000e+03
1.233580000000000000e+05 5.202000000000000000e+03
1.250250000000000000e+05 5.386000000000000000e+03
1.266920000000000000e+05 5.823000000000000000e+03
1.283590000000000000e+05 6.076000000000000000e+03
1.300260000000000000e+05 6.817000000000000000e+03
1.316930000000000000e+05 7.202000000000000000e+03
1.333600000000000000e+05 7.961000000000000000e+03
1.350270000000000000e+05 8.436000000000000000e+03
1.366940000000000000e+05 9.506000000000000000e+03
1.383610000000000000e+05 1.049600000000000000e+04
1.400280000000000000e+05 1.141500000000000000e+04
1.416950000000000000e+05 1.256300000000000000e+04
1.433620000000000000e+05 1.346200000000000000e+04
1.450290000000000000e+05 1.465200000000000000e+04
1.466960000000000000e+05 1.590800000000000000e+04
1.483630000000000000e+05 1.713700000000000000e+04
1.500300000000000000e+05 1.818800000000000000e+04
1.516970000000000000e+05 1.991700000000000000e+04
1.533640000000000000e+05 2.140600000000000000e+04
1.550310000000000000e+05 2.262100000000000000e+04
1.566980000000000000e+05 2.426200000000000000e+04
1.583650000000000000e+05 2.509900000000000000e+04
1.600320000000000000e+05 2.642500000000000000e+04
1.616990000000000000e+05 2.777000000000000000e+04
1.633660000000000000e+05 2.889200000000000000e+04
1.650330000000000000e+05 3.051500000000000000e+04
1.667000000000000000e+05 3.160100000000000000e+04
1.683670000000000000e+05 3.248200000000000000e+04
1.700340000000000000e+05 3.367600000000000000e+04
1.717010000000000000e+05 3.468300000000000000e+04
1.733680000000000000e+05 3.552000000000000000e+04
1.750350000000000000e+05 3.653800000000000000e+04
1.767020000000000000e+05 3.733400000000000000e+04
1.783690000000000000e+05 3.811300000000000000e+04
1.800360000000000000e+05 3.874700000000000000e+04
1.817030000000000000e+05 3.908300000000000000e+04
1.833700000000000000e+05 4.045300000000000000e+04
1.850370000000000000e+05 4.058700000000000000e+04
1.867040000000000000e+05 4.119400000000000000e+04
1.883710000000000000e+05 4.093100000000000000e+04
1.900380000000000000e+05 4.171300000000000000e+04
1.917050000000000000e+05 4.186700000000000000e+04
1.933720000000000000e+05 4.219500000000000000e+04
1.950390000000000000e+05 4.185700000000000000e+04
1.967060000000000000e+05 4.191500000000000000e+04
1.983730000000000000e+05 4.213600000000000000e+04
2.000400000000000000e+05 4.254400000000000000e+04
2.017070000000000000e+05 4.228400000000000000e+04
2.033740000000000000e+05 4.217800000000000000e+04
2.050410000000000000e+05 4.205600000000000000e+04
2.067080000000000000e+05 4.199400000000000000e+04
2.083750000000000000e+05 4.106100000000000000e+04
2.100420000000000000e+05 4.100500000000000000e+04
2.117090000000000000e+05 4.034800000000000000e+04
2.133760000000000000e+05 4.007100000000000000e+04
2.150430000000000000e+05 3.943600000000000000e+04
2.167100000000000000e+05 3.900600000000000000e+04
2.183770000000000000e+05 3.845400000000000000e+04
2.200440000000000000e+05 3.799900000000000000e+04
2.217110000000000000e+05 3.672000000000000000e+04
2.233780000000000000e+05 3.589400000000000000e+04
2.250450000000000000e+05 3.502200000000000000e+04
2.267120000000000000e+05 3.390200000000000000e+04
2.283790000000000000e+05 3.312400000000000000e+04
2.300460000000000000e+05 3.189800000000000000e+04
2.317130000000000000e+05 3.060400000000000000e+04
2.333800000000000000e+05 2.948100000000000000e+04
2.350470000000000000e+05 2.830100000000000000e+04
2.367140000000000000e+05 2.723200000000000000e+04
2.383810000000000000e+05 2.570800000000000000e+04
2.400480000000000000e+05 2.426500000000000000e+04
2.417150000000000000e+05 2.267800000000000000e+04
2.433820000000000000e+05 2.109000000000000000e+04
2.450490000000000000e+05 1.998200000000000000e+04
2.467160000000000000e+05 1.892600000000000000e+04
2.483830000000000000e+05 1.759100000000000000e+04
2.500500000000000000e+05 1.618800000000000000e+04
2.517170000000000000e+05 1.520300000000000000e+04
2.533840000000000000e+05 1.400300000000000000e+04
2.550510000000000000e+05 1.254800000000000000e+04
2.567180000000000000e+05 1.152100000000000000e+04
2.583850000000000000e+05 1.055700000000000000e+04
2.600520000000000000e+05 9.780000000000000000e+03
2.617190000000000000e+05 8.911000000000000000e+03
2.633860000000000000e+05 8.142000000000000000e+03
2.650530000000000000e+05 7.485000000000000000e+03
2.667200000000000000e+05 6.961000000000000000e+03
2.683870000000000000e+05 6.538000000000000000e+03
2.700540000000000000e+05 6.012000000000000000e+03
2.717210000000000000e+05 5.508000000000000000e+03
2.733880000000000000e+05 5.159000000000000000e+03
2.750550000000000000e+05 4.984000000000000000e+03
2.767220000000000000e+05 4.618000000000000000e+03
2.783890000000000000e+05 4.637000000000000000e+03
2.800560000000000000e+05 4.644000000000000000e+03
2.817230000000000000e+05 4.476000000000000000e+03
2.833900000000000000e+05 4.488000000000000000e+03
2.850570000000000000e+05 4.442000000000000000e+03
2.867240000000000000e+05 4.673000000000000000e+03
2.883910000000000000e+05 4.854000000000000000e+03
2.900580000000000000e+05 5.160000000000000000e+03
2.917250000000000000e+05 5.354000000000000000e+03
2.933920000000000000e+05 5.882000000000000000e+03
2.950590000000000000e+05 6.224000000000000000e+03
2.967260000000000000e+05 6.742000000000000000e+03
2.983930000000000000e+05 7.375000000000000000e+03
3.000600000000000000e+05 7.838000000000000000e+03
3.017270000000000000e+05 8.787000000000000000e+03
3.033940000000000000e+05 9.469000000000000000e+03
3.050610000000000000e+05 1.055900000000000000e+04
3.067280000000000000e+05 1.131300000000000000e+04
3.083950000000000000e+05 1.259600000000000000e+04
3.100620000000000000e+05 1.358200000000000000e+04
3.117290000000000000e+05 1.449800000000000000e+04
3.133960000000000000e+05 1.590700000000000000e+04
3.150630000000000000e+05 1.707200000000000000e+04
3.167300000000000000e+05 1.831700000000000000e+04
3.183970000000000000e+05 1.989600000000000000e+04
3.200640000000000000e+05 2.112000000000000000e+04
3.217310000000000000e+05 2.259300000000000000e+04
3.233980000000000000e+05 2.382500000000000000e+04
3.250650000000000000e+05 2.521800000000000000e+04
3.267320000000000000e+05 2.672600000000000000e+04
3.283990000000000000e+05 2.812100000000000000e+04
3.300660000000000000e+05 2.881000000000000000e+04
