0.000000000000000000e+00 5.806000000000000000e+03
1.428000000000000000e+03 5.731000000000000000e+03
2.856000000000000000e+03 5.958000000000000000e+03
4.284000000000000000e+03 5.930000000000000000e+03
5.712000000000000000e+03 6.166000000000000000e+03
7.140000000000000000e+03 6.322000000000000000e+03
8.568000000000000000e+03 6.309000000000000000e+03
9.996000000000000000e+03 6.339000000000000000e+03
1.142400000000000000e+04 6.405000000000000000e+03
1.285200000000000000e+04 6.264000000000000000e+03
1.428000000000000000e+04 6.427000000000000000e+03
1.570800000000000000e+04 6.600000000000000000e+03
1.713600000000000000e+04 6.611000000000000000e+03
1.856400000000000000e+04 6.697000000000000000e+03
1.999200000000000000e+04 6.504000000000000000e+03
2.142000000000000000e+04 6.597000000000000000e+03
2.284800000000000000e+04 6.793000000000000000e+03
2.427600000000000000e+04 6.639000000000000000e+03
2.570400000000000000e+04 6.703000000000000000e+03
2.713200000000000000e+04 6.812000000000000000e+03
2.856000000000000000e+04 6.682000000000000000e+03
2.998800000000000000e+04 6.747000000000000000e+03
3.141600000000000000e+04 6.692000000000000000e+03
3.284400000000000000e+04 6.527000000000000000e+03
3.427200000000000000e+04 6.719000000000000000e+03
3.570000000000000000e+04 6.690000000000000000e+03
3.712800000000000000e+04 6.571000000000000000e+03
3.855600000000000000e+04 6.419000000000000000e+03
3.998400000000000000e+04 6.607000000000000000e+03
4.141200000000000000e+04 6.502000000000000000e+03
4.284000000000000000e+04 6.510000000000000000e+03
4.426800000000000000e+04 6.336000000000000000e+03
4.569600000000000000e+04 6.302000000000000000e+03
4.712400000000000000e+04 6.381000000000000000e+03
4.855200000000000000e+04 6.321000000000000000e+03
4.998000000000000000e+04 6.161000000000000000e+03
5.140800000000000000e+04 6.021000000000000000e+03
5.283600000000000000e+04 5.849000000000000000e+03
5.426400000000000000e+04 5.680000000000000000e+03
5.569200000000000000e+04 5.546000000000000000e+03
5.712000000000000000e+04 5.635000000000000000e+03
5.854800000000000000e+04 5.523000000000000000e+03
5.997600000000000000e+04 5.332000000000000000e+03
6.140400000000000000e+04 5.079000000000000000e+03
6.283200000000000000e+04 4.975000000000000000e+03
6.426000000000000000e+04 4.969000000000000000e+03
6.568800000000000000e+04 4.639000000000000000e+03
6.711600000000000000e+04 4.443000000000000000e+03
6.854400000000000000e+04 4.379000000000000000e+03
6.997200000000000000e+04 4.096000000000000000e+03
7.140000000000000000e+04 3.840000000000000000e+03
7.282800000000000000e+04 3.813000000000000000e+03
7.425600000000000000e+04 3.577000000000000000e+03
7.568400000000000000e+04 3.545000000000000000e+03
7.711200000000000000e+04 3.145000000000000000e+03
7.854000000000000000e+04 3.129000000000000000e+03
7.996800000000000000e+04 3.020000000000000000e+03
8.139600000000000000e+04 2.741000000000000000e+03
8.282400000000000000e+04 2.485000000000000000e+03
8.425200000000000000e+04 2.409000000000000000e+03
8.568000000000000000e+04 2.363000000000000000e+03
8.710800000000000000e+04 2.166000000000000000e+03
8.853600000000000000e+04 1.979000000000000000e+03
8.996400000000000000e+04 1.881000000000000000e+03
9.139200000000000000e+04 1.856000000000000000e+03
9.282000000000000000e+04 1.788000000000000000e+03
9.424800000000000000e+04 1.704000000000000000e+03
9.567600000000000000e+04 1.718000000000000000e+03
9.710400000000000000e+04 1.642000000000000000e+03
9.853200000000000000e+04 1.634000000000000000e+03
9.996000000000000000e+04 1.675000000000000000e+03
1.013880000000000000e+05 1.664000000000000000e+03
1.028160000000000000e+05 1.698000000000000000e+03
1.042440000000000000e+05 1.743000000000000000e+03
1.056720000000000000e+05 1.872000000000000000e+03
1.071000000000000000e+05 1.859000000000000000e+03
1.085280000000000000e+05 1.944000000000000000e+03
1.099560000000000000e+05 2.092000000000000000e+03
1.113840000000000000e+05 2.302000000000000000e+03
1.128120000000000000e+05 2.332000000000000000e+03
1.142400000000000000e+05 2.452000000000000000e+03
1.156680000000000000e+05 2.615000000000000000e+03
1.170960000000000000e+05 2.760000000000000000e+03
1.185240000000000000e+05 2.862000000000000000e+03
1.199520000000000000e+05 3.167000000000000000e+03
1.213800000000000000e+05 3.281000000000000000e+03
1.228080000000000000e+05 3.520000000000000000e+03
1.242360000000000000e+05 3.705000000000000000e+03
1.256640000000000000e+05 3.944000000000000000e+03
1.270920000000000000e+05 4.045000000000000000e+03
1.285200000000000000e+05 4.220000000000000000e+03
1.299480000000000000e+05 4.397000000000000000e+03
1.313760000000000000e+05 4.481000000000000000e+03
1.328040000000000000e+05 4.776000000000000000e+03
1.342320000000000000e+05 5.070000000000000000e+03
1.356600000000000000e+05 4.875000000000000000e+03
1.370880000000000000e+05 5.250000000000000000e+03
1.385160000000000000e+05 5.532000000000000000e+03
1.399440000000000000e+05 5.542000000000000000e+03
1.413720000000000000e+05 5.781000000000000000e+03
1.428000000000000000e+05 5.668000000000000000e+03
1.442280000000000000e+05 6.043000000000000000e+03
1.456560000000000000e+05 6.069000000000000000e+03
1.470840000000000000e+05 6.097000000000000000e+03
1.485120000000000000e+05 6.132000000000000000e+03
1.499400000000000000e+05 6.239000000000000000e+03
1.513680000000000000e+05 6.269000000000000000e+03
1.527960000000000000e+05 6.341000000000000000e+03
1.542240000000000000e+05 6.406000000000000000e+03
1.556520000000000000e+05 6.453000000000000000e+03
1.570800000000000000e+05 6.515000000000000000e+03
1.585080000000000000e+05 6.550000000000000000e+03
1.599360000000000000e+05 6.613000000000000000e+03
1.613640000000000000e+05 6.689000000000000000e+03
1.627920000000000000e+05 6.725000000000000000e+03
1.642200000000000000e+05 6.712000000000000000e+03
1.656480000000000000e+05 6.734000000000000000e+03
1.670760000000000000e+05 6.787000000000000000e+03
1.685040000000000000e+05 6.701000000000000000e+03
1.699320000000000000e+05 6.642000000000000000e+03
1.713600000000000000e+05 6.807000000000000000e+03
1.727880000000000000e+05 6.693000000000000000e+03
1.742160000000000000e+05 6.825000000000000000e+03
1.756440000000000000e+05 6.673000000000000000e+03
1.770720000000000000e+05 6.695000000000000000e+03
1.785000000000000000e+05 6.711000000000000000e+03
1.799280000000000000e+05 6.659000000000000000e+03
1.813560000000000000e+05 6.608000000000000000e+03
1.827840000000000000e+05 6.582000000000000000e+03
1.842120000000000000e+05 6.467000000000000000e+03
1.856400000000000000e+05 6.458000000000000000e+03
1.870680000000000000e+05 6.254000000000000000e+03
1.884960000000000000e+05 6.441000000000000000e+03
1.899240000000000000e+05 6.104000000000000000e+03
1.913520000000000000e+05 6.102000000000000000e+03
1.927800000000000000e+05 6.060000000000000000e+03
1.942080000000000000e+05 6.006000000000000000e+03
1.956360000000000000e+05 5.871000000000000000e+03
1.970640000000000000e+05 5.665000000000000000e+03
1.984920000000000000e+05 5.538000000000000000e+03
1.999200000000000000e+05 5.549000000000000000e+03
2.013480000000000000e+05 5.535000000000000000e+03
2.027760000000000000e+05 5.299000000000000000e+03
2.042040000000000000e+05 5.297000000000000000e+03
2.056320000000000000e+05 5.100000000000000000e+03
2.070600000000000000e+05 4.832000000000000000e+03
2.084880000000000000e+05 4.712000000000000000e+03
2.099160000000000000e+05 4.442000000000000000e+03
2.113440000000000000e+05 4.127000000000000000e+03
2.127720000000000000e+05 4.167000000000000000e+03
2.142000000000000000e+05 3.860000000000000000e+03
2.156280000000000000e+05 3.825000000000000000e+03
2.170560000000000000e+05 3.547000000000000000e+03
2.184840000000000000e+05 3.476000000000000000e+03
2.199120000000000000e+05 3.156000000000000000e+03
2.213400000000000000e+05 3.104000000000000000e+03
2.227680000000000000e+05 2.926000000000000000e+03
2.241960000000000000e+05 2.719000000000000000e+03
2.256240000000000000e+05 2.491000000000000000e+03
2.270520000000000000e+05 2.383000000000000000e+03
2.284800000000000000e+05 2.368000000000000000e+03
2.299080000000000000e+05 2.132000000000000000e+03
2.313360000000000000e+05 2.023000000000000000e+03
2.327640000000000000e+05 1.916000000000000000e+03
2.341920000000000000e+05 1.839000000000000000e+03
2.356200000000000000e+05 1.724000000000000000e+03
2.370480000000000000e+05 1.656000000000000000e+03
2.384760000000000000e+05 1.739000000000000000e+03
2.399040000000000000e+05 1.649000000000000000e+03
2.413320000000000000e+05 1.652000000000000000e+03
2.427600000000000000e+05 1.724000000000000000e+03
2.441880000000000000e+05 1.632000000000000000e+03
2.456160000000000000e+05 1.688000000000000000e+03
2.470440000000000000e+05 1.711000000000000000e+03
2.484720000000000000e+05 1.912000000000000000e+03
2.499000000000000000e+05 1.878000000000000000e+03
2.513280000000000000e+05 1.948000000000000000e+03
2.527560000000000000e+05 2.066000000000000000e+03
2.541840000000000000e+05 2.141000000000000000e+03
2.556120000000000000e+05 2.321000000000000000e+03
2.570400000000000000e+05 2.410000000000000000e+03
2.584680000000000000e+05 2.599000000000000000e+03
2.598960000000000000e+05 2.765000000000000000e+03
2.613240000000000000e+05 2.869000000000000000e+03
2.627520000000000000e+05 3.117000000000000000e+03
2.641800000000000000e+05 3.233000000000000000e+03
2.656080000000000000e+05 3.434000000000000000e+03
2.670360000000000000e+05 3.709000000000000000e+03
2.684640000000000000e+05 3.856000000000000000e+03
2.698920000000000000e+05 3.961000000000000000e+03
2.713200000000000000e+05 4.219000000000000000e+03
2.727480000000000000e+05 4.409000000000000000e+03
2.741760000000000000e+05 4.621000000000000000e+03
2.756040000000000000e+05 4.819000000000000000e+03
2.770320000000000000e+05 4.939000000000000000e+03
2.784600000000000000e+05 5.052000000000000000e+03
2.798880000000000000e+05 5.258000000000000000e+03
2.813160000000000000e+05 5.314000000000000000e+03
2.827440000000000000e+05 5.609000000000000000e+03
2.841720000000000000e+05 5.602000000000000000e+03
