0.000000000000000000e+00 5.424000000000000000e+03
5.000000000000000000e+01 5.452000000000000000e+03
1.000000000000000000e+02 5.680000000000000000e+03
1.500000000000000000e+02 5.627000000000000000e+03
2.000000000000000000e+02 5.734000000000000000e+03
2.500000000000000000e+02 5.755000000000000000e+03
3.000000000000000000e+02 5.950000000000000000e+03
3.500000000000000000e+02 5.928000000000000000e+03
4.000000000000000000e+02 6.184000000000000000e+03
4.500000000000000000e+02 6.077000000000000000e+03
5.000000000000000000e+02 6.091000000000000000e+03
5.500000000000000000e+02 6.115000000000000000e+03
6.000000000000000000e+02 6.367000000000000000e+03
6.500000000000000000e+02 6.220000000000000000e+03
7.000000000000000000e+02 6.258000000000000000e+03
7.500000000000000000e+02 6.330000000000000000e+03
8.000000000000000000e+02 6.521000000000000000e+03
8.500000000000000000e+02 6.412000000000000000e+03
9.000000000000000000e+02 6.398000000000000000e+03
9.500000000000000000e+02 6.512000000000000000e+03
1.000000000000000000e+03 6.225000000000000000e+03
1.050000000000000000e+03 6.416000000000000000e+03
1.100000000000000000e+03 6.331000000000000000e+03
1.150000000000000000e+03 6.187000000000000000e+03
1.200000000000000000e+03 6.330000000000000000e+03
1.250000000000000000e+03 6.140000000000000000e+03
1.300000000000000000e+03 6.232000000000000000e+03
1.350000000000000000e+03 6.273000000000000000e+03
1.400000000000000000e+03 6.252000000000000000e+03
1.450000000000000000e+03 6.164000000000000000e+03
1.500000000000000000e+03 6.105000000000000000e+03
1.550000000000000000e+03 6.053000000000000000e+03
1.600000000000000000e+03 6.058000000000000000e+03
1.650000000000000000e+03 5.955000000000000000e+03
1.700000000000000000e+03 5.865000000000000000e+03
1.750000000000000000e+03 5.918000000000000000e+03
1.800000000000000000e+03 5.781000000000000000e+03
1.850000000000000000e+03 5.687000000000000000e+03
1.900000000000000000e+03 5.487000000000000000e+03
1.950000000000000000e+03 5.547000000000000000e+03
2.000000000000000000e+03 5.429000000000000000e+03
2.050000000000000000e+03 5.312000000000000000e+03
2.100000000000000000e+03 5.200000000000000000e+03
2.150000000000000000e+03 5.029000000000000000e+03
2.200000000000000000e+03 5.010000000000000000e+03
2.250000000000000000e+03 4.768000000000000000e+03
2.300000000000000000e+03 4.575000000000000000e+03
2.350000000000000000e+03 4.638000000000000000e+03
2.400000000000000000e+03 4.338000000000000000e+03
2.450000000000000000e+03 4.101000000000000000e+03
2.500000000000000000e+03 4.096000000000000000e+03
2.550000000000000000e+03 3.868000000000000000e+03
2.600000000000000000e+03 3.783000000000000000e+03
2.650000000000000000e+03 3.507000000000000000e+03
2.700000000000000000e+03 3.443000000000000000e+03
2.750000000000000000e+03 3.311000000000000000e+03
2.800000000000000000e+03 3.020000000000000000e+03
2.850000000000000000e+03 2.960000000000000000e+03
2.900000000000000000e+03 2.833000000000000000e+03
2.950000000000000000e+03 2.635000000000000000e+03
3.000000000000000000e+03 2.535000000000000000e+03
3.050000000000000000e+03 2.409000000000000000e+03
3.100000000000000000e+03 2.295000000000000000e+03
3.150000000000000000e+03 2.127000000000000000e+03
3.200000000000000000e+03 2.071000000000000000e+03
3.250000000000000000e+03 2.094000000000000000e+03
3.300000000000000000e+03 1.979000000000000000e+03
3.350000000000000000e+03 1.859000000000000000e+03
3.400000000000000000e+03 1.784000000000000000e+03
3.450000000000000000e+03 1.697000000000000000e+03
3.500000000000000000e+03 1.754000000000000000e+03
3.550000000000000000e+03 1.677000000000000000e+03
3.600000000000000000e+03 1.751000000000000000e+03
3.650000000000000000e+03 1.717000000000000000e+03
3.700000000000000000e+03 1.755000000000000000e+03
3.750000000000000000e+03 1.778000000000000000e+03
3.800000000000000000e+03 1.754000000000000000e+03
3.850000000000000000e+03 1.800000000000000000e+03
3.900000000000000000e+03 2.035000000000000000e+03
3.950000000000000000e+03 2.198000000000000000e+03
4.000000000000000000e+03 2.211000000000000000e+03
4.050000000000000000e+03 2.220000000000000000e+03
4.100000000000000000e+03 2.478000000000000000e+03
4.150000000000000000e+03 2.499000000000000000e+03
4.200000000000000000e+03 2.779000000000000000e+03
4.250000000000000000e+03 2.902000000000000000e+03
4.300000000000000000e+03 3.134000000000000000e+03
4.350000000000000000e+03 3.290000000000000000e+03
4.400000000000000000e+03 3.445000000000000000e+03
4.450000000000000000e+03 3.662000000000000000e+03
4.500000000000000000e+03 3.659000000000000000e+03
4.550000000000000000e+03 3.961000000000000000e+03
4.600000000000000000e+03 4.199000000000000000e+03
4.650000000000000000e+03 4.284000000000000000e+03
4.700000000000000000e+03 4.535000000000000000e+03
4.750000000000000000e+03 4.529000000000000000e+03
4.800000000000000000e+03 4.813000000000000000e+03
4.850000000000000000e+03 5.061000000000000000e+03
4.900000000000000000e+03 5.122000000000000000e+03
4.950000000000000000e+03 5.079000000000000000e+03
5.000000000000000000e+03 5.344000000000000000e+03
5.050000000000000000e+03 5.520000000000000000e+03
5.100000000000000000e+03 5.511000000000000000e+03
5.150000000000000000e+03 5.573000000000000000e+03
5.200000000000000000e+03 5.737000000000000000e+03
5.250000000000000000e+03 5.922000000000000000e+03
5.300000000000000000e+03 5.898000000000000000e+03
5.350000000000000000e+03 6.016000000000000000e+03
5.400000000000000000e+03 6.095000000000000000e+03
5.450000000000000000e+03 6.170000000000000000e+03
5.500000000000000000e+03 6.027000000000000000e+03
5.550000000000000000e+03 6.209000000000000000e+03
5.600000000000000000e+03 6.148000000000000000e+03
5.650000000000000000e+03 6.376000000000000000e+03
5.700000000000000000e+03 6.307000000000000000e+03
5.750000000000000000e+03 6.300000000000000000e+03
5.800000000000000000e+03 6.260000000000000000e+03
5.850000000000000000e+03 6.304000000000000000e+03
5.900000000000000000e+03 6.254000000000000000e+03
5.950000000000000000e+03 6.248000000000000000e+03
6.000000000000000000e+03 6.286000000000000000e+03
6.050000000000000000e+03 6.284000000000000000e+03
6.100000000000000000e+03 6.440000000000000000e+03
6.150000000000000000e+03 6.289000000000000000e+03
6.200000000000000000e+03 6.197000000000000000e+03
6.250000000000000000e+03 6.288000000000000000e+03
6.300000000000000000e+03 6.215000000000000000e+03
6.350000000000000000e+03 6.334000000000000000e+03
6.400000000000000000e+03 6.272000000000000000e+03
6.450000000000000000e+03 6.269000000000000000e+03
6.500000000000000000e+03 6.206000000000000000e+03
6.550000000000000000e+03 6.008000000000000000e+03
6.600000000000000000e+03 6.062000000000000000e+03
6.650000000000000000e+03 5.834000000000000000e+03
6.700000000000000000e+03 5.933000000000000000e+03
6.750000000000000000e+03 5.769000000000000000e+03
6.800000000000000000e+03 5.718000000000000000e+03
6.850000000000000000e+03 5.769000000000000000e+03
6.900000000000000000e+03 5.604000000000000000e+03
6.950000000000000000e+03 5.589000000000000000e+03
7.000000000000000000e+03 5.355000000000000000e+03
7.050000000000000000e+03 5.320000000000000000e+03
7.100000000000000000e+03 5.047000000000000000e+03
7.150000000000000000e+03 5.094000000000000000e+03
7.200000000000000000e+03 4.892000000000000000e+03
7.250000000000000000e+03 4.816000000000000000e+03
7.300000000000000000e+03 4.617000000000000000e+03
7.350000000000000000e+03 4.467000000000000000e+03
7.400000000000000000e+03 4.368000000000000000e+03
7.450000000000000000e+03 4.161000000000000000e+03
7.500000000000000000e+03 4.027000000000000000e+03
7.550000000000000000e+03 3.860000000000000000e+03
7.600000000000000000e+03 3.773000000000000000e+03
7.650000000000000000e+03 3.577000000000000000e+03
7.700000000000000000e+03 3.460000000000000000e+03
7.750000000000000000e+03 3.282000000000000000e+03
7.800000000000000000e+03 3.228000000000000000e+03
7.850000000000000000e+03 2.939000000000000000e+03
7.900000000000000000e+03 2.836000000000000000e+03
7.950000000000000000e+03 2.617000000000000000e+03
8.000000000000000000e+03 2.553000000000000000e+03
8.050000000000000000e+03 2.409000000000000000e+03
8.100000000000000000e+03 2.436000000000000000e+03
8.150000000000000000e+03 2.202000000000000000e+03
8.200000000000000000e+03 2.120000000000000000e+03
8.250000000000000000e+03 2.126000000000000000e+03
8.300000000000000000e+03 1.920000000000000000e+03
8.350000000000000000e+03 1.853000000000000000e+03
8.400000000000000000e+03 1.883000000000000000e+03
8.450000000000000000e+03 1.774000000000000000e+03
8.500000000000000000e+03 1.750000000000000000e+03
8.550000000000000000e+03 1.731000000000000000e+03
8.600000000000000000e+03 1.762000000000000000e+03
8.650000000000000000e+03 1.707000000000000000e+03
8.700000000000000000e+03 1.701000000000000000e+03
8.750000000000000000e+03 1.828000000000000000e+03
8.800000000000000000e+03 1.858000000000000000e+03
8.850000000000000000e+03 1.937000000000000000e+03
8.900000000000000000e+03 1.952000000000000000e+03
8.950000000000000000e+03 2.024000000000000000e+03
9.000000000000000000e+03 2.237000000000000000e+03
9.050000000000000000e+03 2.364000000000000000e+03
9.100000000000000000e+03 2.322000000000000000e+03
9.150000000000000000e+03 2.527000000000000000e+03
9.200000000000000000e+03 2.813000000000000000e+03
9.250000000000000000e+03 2.862000000000000000e+03
9.300000000000000000e+03 3.060000000000000000e+03
9.350000000000000000e+03 3.043000000000000000e+03
9.400000000000000000e+03 3.545000000000000000e+03
9.450000000000000000e+03 3.667000000000000000e+03
9.500000000000000000e+03 3.803000000000000000e+03
9.550000000000000000e+03 4.001000000000000000e+03
9.600000000000000000e+03 4.150000000000000000e+03
9.650000000000000000e+03 4.331000000000000000e+03
9.700000000000000000e+03 4.599000000000000000e+03
9.750000000000000000e+03 4.768000000000000000e+03
9.800000000000000000e+03 4.972000000000000000e+03
9.850000000000000000e+03 5.043000000000000000e+03
9.900000000000000000e+03 5.176000000000000000e+03
9.950000000000000000e+03 5.237000000000000000e+03
