0.000000000000000000e+00 1.067800000000000000e+04
1.000000000000000000e+04 1.131000000000000000e+04
2.000000000000000000e+04 1.135300000000000000e+04
3.000000000000000000e+04 1.153000000000000000e+04
4.000000000000000000e+04 1.159500000000000000e+04
5.000000000000000000e+04 1.214500000000000000e+04
6.000000000000000000e+04 1.206100000000000000e+04
7.000000000000000000e+04 1.237900000000000000e+04
8.000000000000000000e+04 1.220800000000000000e+04
9.000000000000000000e+04 1.248800000000000000e+04
1.000000000000000000e+05 1.238100000000000000e+04
1.100000000000000000e+05 1.266700000000000000e+04
1.200000000000000000e+05 1.266600000000000000e+04
1.300000000000000000e+05 1.278600000000000000e+04
1.400000000000000000e+05 1.269200000000000000e+04
1.500000000000000000e+05 1.291200000000000000e+04
1.600000000000000000e+05 1.292700000000000000e+04
1.700000000000000000e+05 1.273600000000000000e+04
1.800000000000000000e+05 1.277500000000000000e+04
1.900000000000000000e+05 1.299600000000000000e+04
2.000000000000000000e+05 1.270700000000000000e+04
2.100000000000000000e+05 1.262300000000000000e+04
2.200000000000000000e+05 1.299600000000000000e+04
2.300000000000000000e+05 1.270900000000000000e+04
2.400000000000000000e+05 1.272800000000000000e+04
2.500000000000000000e+05 1.273600000000000000e+04
2.600000000000000000e+05 1.267500000000000000e+04
2.700000000000000000e+05 1.266800000000000000e+04
2.800000000000000000e+05 1.238500000000000000e+04
2.900000000000000000e+05 1.234600000000000000e+04
3.000000000000000000e+05 1.248700000000000000e+04
3.100000000000000000e+05 1.223600000000000000e+04
3.200000000000000000e+05 1.187900000000000000e+04
3.300000000000000000e+05 1.212300000000000000e+04
3.400000000000000000e+05 1.166200000000000000e+04
3.500000000000000000e+05 1.155900000000000000e+04
3.600000000000000000e+05 1.118200000000000000e+04
3.700000000000000000e+05 1.106900000000000000e+04
3.800000000000000000e+05 1.073300000000000000e+04
3.900000000000000000e+05 1.085000000000000000e+04
4.000000000000000000e+05 1.039700000000000000e+04
4.100000000000000000e+05 1.019100000000000000e+04
4.200000000000000000e+05 9.962000000000000000e+03
4.300000000000000000e+05 9.646000000000000000e+03
4.400000000000000000e+05 9.136000000000000000e+03
4.500000000000000000e+05 8.937000000000000000e+03
4.600000000000000000e+05 8.549000000000000000e+03
4.700000000000000000e+05 8.081000000000000000e+03
4.800000000000000000e+05 7.936000000000000000e+03
4.900000000000000000e+05 7.555000000000000000e+03
5.000000000000000000e+05 7.284000000000000000e+03
5.100000000000000000e+05 6.824000000000000000e+03
5.200000000000000000e+05 6.421000000000000000e+03
5.300000000000000000e+05 6.056000000000000000e+03
5.400000000000000000e+05 5.612000000000000000e+03
5.500000000000000000e+05 5.370000000000000000e+03
5.600000000000000000e+05 5.053000000000000000e+03
5.700000000000000000e+05 4.735000000000000000e+03
5.800000000000000000e+05 4.316000000000000000e+03
5.900000000000000000e+05 4.066000000000000000e+03
6.000000000000000000e+05 3.913000000000000000e+03
6.100000000000000000e+05 3.695000000000000000e+03
6.200000000000000000e+05 3.449000000000000000e+03
6.300000000000000000e+05 3.212000000000000000e+03
6.400000000000000000e+05 3.146000000000000000e+03
6.500000000000000000e+05 2.904000000000000000e+03
6.600000000000000000e+05 2.895000000000000000e+03
6.700000000000000000e+05 2.685000000000000000e+03
6.800000000000000000e+05 2.748000000000000000e+03
6.900000000000000000e+05 2.668000000000000000e+03
7.000000000000000000e+05 2.710000000000000000e+03
7.100000000000000000e+05 2.816000000000000000e+03
7.200000000000000000e+05 2.812000000000000000e+03
7.300000000000000000e+05 3.011000000000000000e+03
7.400000000000000000e+05 3.016000000000000000e+03
7.500000000000000000e+05 3.146000000000000000e+03
7.600000000000000000e+05 3.351000000000000000e+03
7.700000000000000000e+05 3.427000000000000000e+03
7.800000000000000000e+05 3.809000000000000000e+03
7.900000000000000000e+05 4.070000000000000000e+03
8.000000000000000000e+05 4.189000000000000000e+03
8.100000000000000000e+05 4.462000000000000000e+03
8.200000000000000000e+05 4.829000000000000000e+03
8.300000000000000000e+05 5.148000000000000000e+03
8.400000000000000000e+05 5.477000000000000000e+03
8.500000000000000000e+05 6.018000000000000000e+03
8.600000000000000000e+05 6.328000000000000000e+03
8.700000000000000000e+05 6.621000000000000000e+03
8.800000000000000000e+05 6.823000000000000000e+03
8.900000000000000000e+05 7.354000000000000000e+03
9.000000000000000000e+05 7.661000000000000000e+03
9.100000000000000000e+05 8.105000000000000000e+03
9.200000000000000000e+05 8.384000000000000000e+03
9.300000000000000000e+05 8.699000000000000000e+03
9.400000000000000000e+05 9.001000000000000000e+03
9.500000000000000000e+05 9.478000000000000000e+03
9.600000000000000000e+05 9.762000000000000000e+03
9.700000000000000000e+05 9.892000000000000000e+03
9.800000000000000000e+05 1.022200000000000000e+04
9.900000000000000000e+05 1.061400000000000000e+04
1.000000000000000000e+06 1.080100000000000000e+04
1.010000000000000000e+06 1.117300000000000000e+04
1.020000000000000000e+06 1.119200000000000000e+04
1.030000000000000000e+06 1.133600000000000000e+04
1.040000000000000000e+06 1.153800000000000000e+04
1.050000000000000000e+06 1.195000000000000000e+04
1.060000000000000000e+06 1.199600000000000000e+04
1.070000000000000000e+06 1.207300000000000000e+04
1.080000000000000000e+06 1.223500000000000000e+04
1.090000000000000000e+06 1.223500000000000000e+04
1.100000000000000000e+06 1.252000000000000000e+04
1.110000000000000000e+06 1.258300000000000000e+04
1.120000000000000000e+06 1.267600000000000000e+04
1.130000000000000000e+06 1.252800000000000000e+04
1.140000000000000000e+06 1.266900000000000000e+04
1.150000000000000000e+06 1.254600000000000000e+04
1.160000000000000000e+06 1.293500000000000000e+04
1.170000000000000000e+06 1.291100000000000000e+04
1.180000000000000000e+06 1.287500000000000000e+04
1.190000000000000000e+06 1.292400000000000000e+04
1.200000000000000000e+06 1.271200000000000000e+04
1.210000000000000000e+06 1.272700000000000000e+04
1.220000000000000000e+06 1.270300000000000000e+04
1.230000000000000000e+06 1.253200000000000000e+04
1.240000000000000000e+06 1.260700000000000000e+04
1.250000000000000000e+06 1.281200000000000000e+04
1.260000000000000000e+06 1.274500000000000000e+04
1.270000000000000000e+06 1.263800000000000000e+04
1.280000000000000000e+06 1.264600000000000000e+04
1.290000000000000000e+06 1.233100000000000000e+04
1.300000000000000000e+06 1.233800000000000000e+04
1.310000000000000000e+06 1.211700000000000000e+04
1.320000000000000000e+06 1.212200000000000000e+04
1.330000000000000000e+06 1.196400000000000000e+04
1.340000000000000000e+06 1.199200000000000000e+04
1.350000000000000000e+06 1.138000000000000000e+04
1.360000000000000000e+06 1.129300000000000000e+04
1.370000000000000000e+06 1.105300000000000000e+04
1.380000000000000000e+06 1.115000000000000000e+04
1.390000000000000000e+06 1.082400000000000000e+04
1.400000000000000000e+06 1.031200000000000000e+04
1.410000000000000000e+06 1.004600000000000000e+04
1.420000000000000000e+06 9.909000000000000000e+03
1.430000000000000000e+06 9.387000000000000000e+03
1.440000000000000000e+06 9.370000000000000000e+03
1.450000000000000000e+06 8.861000000000000000e+03
1.460000000000000000e+06 8.646000000000000000e+03
1.470000000000000000e+06 8.219000000000000000e+03
1.480000000000000000e+06 7.884000000000000000e+03
1.490000000000000000e+06 7.645000000000000000e+03
1.500000000000000000e+06 7.095000000000000000e+03
1.510000000000000000e+06 6.767000000000000000e+03
1.520000000000000000e+06 6.373000000000000000e+03
1.530000000000000000e+06 6.077000000000000000e+03
1.540000000000000000e+06 5.778000000000000000e+03
1.550000000000000000e+06 5.364000000000000000e+03
1.560000000000000000e+06 4.936000000000000000e+03
1.570000000000000000e+06 4.629000000000000000e+03
1.580000000000000000e+06 4.511000000000000000e+03
1.590000000000000000e+06 4.002000000000000000e+03
1.600000000000000000e+06 3.856000000000000000e+03
1.610000000000000000e+06 3.672000000000000000e+03
1.620000000000000000e+06 3.426000000000000000e+03
1.630000000000000000e+06 3.155000000000000000e+03
1.640000000000000000e+06 3.179000000000000000e+03
1.650000000000000000e+06 2.858000000000000000e+03
1.660000000000000000e+06 2.770000000000000000e+03
1.670000000000000000e+06 2.847000000000000000e+03
1.680000000000000000e+06 2.759000000000000000e+03
1.690000000000000000e+06 2.595000000000000000e+03
1.700000000000000000e+06 2.726000000000000000e+03
1.710000000000000000e+06 2.747000000000000000e+03
1.720000000000000000e+06 2.816000000000000000e+03
1.730000000000000000e+06 3.010000000000000000e+03
1.740000000000000000e+06 3.021000000000000000e+03
1.750000000000000000e+06 3.160000000000000000e+03
1.760000000000000000e+06 3.260000000000000000e+03
1.770000000000000000e+06 3.519000000000000000e+03
1.780000000000000000e+06 3.618000000000000000e+03
1.790000000000000000e+06 3.928000000000000000e+03
1.800000000000000000e+06 4.291000000000000000e+03
1.810000000000000000e+06 4.527000000000000000e+03
1.820000000000000000e+06 4.903000000000000000e+03
1.830000000000000000e+06 5.095000000000000000e+03
1.840000000000000000e+06 5.524000000000000000e+03
1.850000000000000000e+06 5.791000000000000000e+03
1.860000000000000000e+06 6.003000000000000000e+03
1.870000000000000000e+06 6.640000000000000000e+03
1.880000000000000000e+06 7.047000000000000000e+03
1.890000000000000000e+06 7.350000000000000000e+03
1.900000000000000000e+06 7.674000000000000000e+03
1.910000000000000000e+06 8.153000000000000000e+03
1.920000000000000000e+06 8.435000000000000000e+03
1.930000000000000000e+06 8.715000000000000000e+03
1.940000000000000000e+06 9.330000000000000000e+03
1.950000000000000000e+06 9.390000000000000000e+03
1.960000000000000000e+06 9.680000000000000000e+03
1.970000000000000000e+06 1.005000000000000000e+04
1.980000000000000000e+06 1.032100000000000000e+04
1.990000000000000000e+06 1.034500000000000000e+04
