0.000000000000000000e+00 8.893000000000000000e+03
3.333000000000000000e+03 8.984000000000000000e+03
6.666000000000000000e+03 9.260000000000000000e+03
9.999000000000000000e+03 9.321000000000000000e+03
1.333200000000000000e+04 9.671000000000000000e+03
1.666500000000000000e+04 9.565000000000000000e+03
1.999800000000000000e+04 9.705000000000000000e+03
2.333100000000000000e+04 9.775000000000000000e+03
2.666400000000000000e+04 1.001200000000000000e+04
2.999700000000000000e+04 9.915000000000000000e+03
3.333000000000000000e+04 1.012200000000000000e+04
3.666300000000000000e+04 9.933000000000000000e+03
3.999600000000000000e+04 1.013800000000000000e+04
4.332900000000000000e+04 1.012200000000000000e+04
4.666200000000000000e+04 1.029700000000000000e+04
4.999500000000000000e+04 1.045500000000000000e+04
5.332800000000000000e+04 1.029900000000000000e+04
5.666100000000000000e+04 1.054100000000000000e+04
5.999400000000000000e+04 1.030900000000000000e+04
6.332700000000000000e+04 1.046300000000000000e+04
6.666000000000000000e+04 1.034600000000000000e+04
6.999300000000000000e+04 1.064800000000000000e+04
7.332600000000000000e+04 1.040600000000000000e+04
7.665900000000000000e+04 1.029100000000000000e+04
7.999200000000000000e+04 1.039900000000000000e+04
8.332500000000000000e+04 1.038200000000000000e+04
8.665800000000000000e+04 1.025800000000000000e+04
8.999100000000000000e+04 1.002100000000000000e+04
9.332400000000000000e+04 9.978000000000000000e+03
9.665700000000000000e+04 1.007700000000000000e+04
9.999000000000000000e+04 9.911000000000000000e+03
1.033230000000000000e+05 9.823000000000000000e+03
1.066560000000000000e+05 9.865000000000000000e+03
1.099890000000000000e+05 9.528000000000000000e+03
1.133220000000000000e+05 9.509000000000000000e+03
1.166550000000000000e+05 9.353000000000000000e+03
1.199880000000000000e+05 9.104000000000000000e+03
1.233210000000000000e+05 9.338000000000000000e+03
1.266540000000000000e+05 9.002000000000000000e+03
1.299870000000000000e+05 8.932000000000000000e+03
1.333200000000000000e+05 8.657000000000000000e+03
1.366530000000000000e+05 8.531000000000000000e+03
1.399860000000000000e+05 8.028000000000000000e+03
1.433190000000000000e+05 8.026000000000000000e+03
1.466520000000000000e+05 7.710000000000000000e+03
1.499850000000000000e+05 7.476000000000000000e+03
1.533180000000000000e+05 6.985000000000000000e+03
1.566510000000000000e+05 6.835000000000000000e+03
1.599840000000000000e+05 6.526000000000000000e+03
1.633170000000000000e+05 6.460000000000000000e+03
1.666500000000000000e+05 6.066000000000000000e+03
1.699830000000000000e+05 5.746000000000000000e+03
1.733160000000000000e+05 5.427000000000000000e+03
1.766490000000000000e+05 5.162000000000000000e+03
1.799820000000000000e+05 4.994000000000000000e+03
1.833150000000000000e+05 4.596000000000000000e+03
1.866480000000000000e+05 4.481000000000000000e+03
1.899810000000000000e+05 4.129000000000000000e+03
1.933140000000000000e+05 3.880000000000000000e+03
1.966470000000000000e+05 3.684000000000000000e+03
1.999800000000000000e+05 3.461000000000000000e+03
2.033130000000000000e+05 3.188000000000000000e+03
2.066460000000000000e+05 3.027000000000000000e+03
2.099790000000000000e+05 2.897000000000000000e+03
2.133120000000000000e+05 2.831000000000000000e+03
2.166450000000000000e+05 2.643000000000000000e+03
2.199780000000000000e+05 2.634000000000000000e+03
2.233110000000000000e+05 2.548000000000000000e+03
2.266440000000000000e+05 2.475000000000000000e+03
2.299770000000000000e+05 2.421000000000000000e+03
2.333100000000000000e+05 2.548000000000000000e+03
2.366430000000000000e+05 2.454000000000000000e+03
2.399760000000000000e+05 2.483000000000000000e+03
2.433090000000000000e+05 2.659000000000000000e+03
2.466420000000000000e+05 2.795000000000000000e+03
2.499750000000000000e+05 2.749000000000000000e+03
2.533080000000000000e+05 2.987000000000000000e+03
2.566410000000000000e+05 3.078000000000000000e+03
2.599740000000000000e+05 3.412000000000000000e+03
2.633070000000000000e+05 3.584000000000000000e+03
2.666400000000000000e+05 3.706000000000000000e+03
2.699730000000000000e+05 3.913000000000000000e+03
2.733060000000000000e+05 4.303000000000000000e+03
2.766390000000000000e+05 4.625000000000000000e+03
2.799720000000000000e+05 4.947000000000000000e+03
2.833050000000000000e+05 5.104000000000000000e+03
2.866380000000000000e+05 5.415000000000000000e+03
2.899710000000000000e+05 5.650000000000000000e+03
2.933040000000000000e+05 5.950000000000000000e+03
2.966370000000000000e+05 6.343000000000000000e+03
2.999700000000000000e+05 6.589000000000000000e+03
3.033030000000000000e+05 6.773000000000000000e+03
3.066360000000000000e+05 7.058000000000000000e+03
3.099690000000000000e+05 7.281000000000000000e+03
3.133020000000000000e+05 7.654000000000000000e+03
3.166350000000000000e+05 7.861000000000000000e+03
3.199680000000000000e+05 8.027000000000000000e+03
3.233010000000000000e+05 8.465000000000000000e+03
3.266340000000000000e+05 8.565000000000000000e+03
3.299670000000000000e+05 8.781000000000000000e+03
3.333000000000000000e+05 8.890000000000000000e+03
3.366330000000000000e+05 9.248000000000000000e+03
3.399660000000000000e+05 9.135000000000000000e+03
3.432990000000000000e+05 9.418000000000000000e+03
3.466320000000000000e+05 9.399000000000000000e+03
3.499650000000000000e+05 9.815000000000000000e+03
3.532980000000000000e+05 9.937000000000000000e+03
3.566310000000000000e+05 1.008600000000000000e+04
3.599640000000000000e+05 1.005800000000000000e+04
3.632970000000000000e+05 1.001500000000000000e+04
3.666300000000000000e+05 1.002500000000000000e+04
3.699630000000000000e+05 1.020600000000000000e+04
3.732960000000000000e+05 1.023700000000000000e+04
3.766290000000000000e+05 1.037700000000000000e+04
3.799620000000000000e+05 1.034300000000000000e+04
3.832950000000000000e+05 1.044600000000000000e+04
3.866280000000000000e+05 1.036500000000000000e+04
3.899610000000000000e+05 1.050100000000000000e+04
3.932940000000000000e+05 1.027700000000000000e+04
3.966270000000000000e+05 1.049900000000000000e+04
3.999600000000000000e+05 1.039400000000000000e+04
4.032930000000000000e+05 1.039200000000000000e+04
4.066260000000000000e+05 1.014900000000000000e+04
4.099590000000000000e+05 1.055700000000000000e+04
4.132920000000000000e+05 1.021000000000000000e+04
4.166250000000000000e+05 1.020600000000000000e+04
4.199580000000000000e+05 1.025300000000000000e+04
4.232910000000000000e+05 1.013700000000000000e+04
4.266240000000000000e+05 1.024900000000000000e+04
4.299570000000000000e+05 1.015800000000000000e+04
4.332900000000000000e+05 1.001800000000000000e+04
4.366230000000000000e+05 9.936000000000000000e+03
4.399560000000000000e+05 9.673000000000000000e+03
4.432890000000000000e+05 9.660000000000000000e+03
4.466220000000000000e+05 9.548000000000000000e+03
4.499550000000000000e+05 9.378000000000000000e+03
4.532880000000000000e+05 9.214000000000000000e+03
4.566210000000000000e+05 9.112000000000000000e+03
4.599540000000000000e+05 9.000000000000000000e+03
4.632870000000000000e+05 8.978000000000000000e+03
4.666200000000000000e+05 8.732000000000000000e+03
4.699530000000000000e+05 8.354000000000000000e+03
4.732860000000000000e+05 8.115000000000000000e+03
4.766190000000000000e+05 8.001000000000000000e+03
4.799520000000000000e+05 7.690000000000000000e+03
4.832850000000000000e+05 7.550000000000000000e+03
4.866180000000000000e+05 7.267000000000000000e+03
4.899510000000000000e+05 7.033000000000000000e+03
4.932840000000000000e+05 6.498000000000000000e+03
4.966170000000000000e+05 6.315000000000000000e+03
4.999500000000000000e+05 6.197000000000000000e+03
5.032830000000000000e+05 5.872000000000000000e+03
5.066160000000000000e+05 5.429000000000000000e+03
5.099490000000000000e+05 5.130000000000000000e+03
5.132820000000000000e+05 4.902000000000000000e+03
5.166150000000000000e+05 4.702000000000000000e+03
5.199480000000000000e+05 4.417000000000000000e+03
5.232810000000000000e+05 4.184000000000000000e+03
5.266140000000000000e+05 3.837000000000000000e+03
5.299470000000000000e+05 3.662000000000000000e+03
5.332800000000000000e+05 3.470000000000000000e+03
5.366130000000000000e+05 3.232000000000000000e+03
5.399460000000000000e+05 3.011000000000000000e+03
5.432790000000000000e+05 2.882000000000000000e+03
5.466120000000000000e+05 2.689000000000000000e+03
5.499450000000000000e+05 2.710000000000000000e+03
5.532780000000000000e+05 2.494000000000000000e+03
5.566110000000000000e+05 2.545000000000000000e+03
5.599440000000000000e+05 2.516000000000000000e+03
5.632770000000000000e+05 2.459000000000000000e+03
5.666100000000000000e+05 2.465000000000000000e+03
5.699430000000000000e+05 2.449000000000000000e+03
5.732760000000000000e+05 2.486000000000000000e+03
5.766090000000000000e+05 2.723000000000000000e+03
5.799420000000000000e+05 2.660000000000000000e+03
5.832750000000000000e+05 2.927000000000000000e+03
5.866080000000000000e+05 2.970000000000000000e+03
5.899410000000000000e+05 3.107000000000000000e+03
5.932740000000000000e+05 3.376000000000000000e+03
5.966070000000000000e+05 3.606000000000000000e+03
5.999400000000000000e+05 3.763000000000000000e+03
6.032730000000000000e+05 3.920000000000000000e+03
6.066060000000000000e+05 4.155000000000000000e+03
6.099390000000000000e+05 4.506000000000000000e+03
6.132720000000000000e+05 4.696000000000000000e+03
6.166050000000000000e+05 5.009000000000000000e+03
6.199380000000000000e+05 5.394000000000000000e+03
6.232710000000000000e+05 5.780000000000000000e+03
6.266040000000000000e+05 6.036000000000000000e+03
6.299370000000000000e+05 6.257000000000000000e+03
6.332700000000000000e+05 6.544000000000000000e+03
6.366030000000000000e+05 6.831000000000000000e+03
6.399360000000000000e+05 7.052000000000000000e+03
6.432690000000000000e+05 7.352000000000000000e+03
6.466020000000000000e+05 7.604000000000000000e+03
6.499350000000000000e+05 7.996000000000000000e+03
6.532680000000000000e+05 8.011000000000000000e+03
6.566010000000000000e+05 8.273000000000000000e+03
6.599340000000000000e+05 8.557000000000000000e+03
6.632670000000000000e+05 8.621000000000000000e+03
