0.000000000000000000e+00 4.721000000000000000e+03
5.000000000000000000e+02 4.687000000000000000e+03
1.000000000000000000e+03 4.814000000000000000e+03
1.500000000000000000e+03 4.998000000000000000e+03
2.000000000000000000e+03 4.905000000000000000e+03
2.500000000000000000e+03 5.126000000000000000e+03
3.000000000000000000e+03 5.101000000000000000e+03
3.500000000000000000e+03 5.125000000000000000e+03
4.000000000000000000e+03 5.315000000000000000e+03
4.500000000000000000e+03 5.479000000000000000e+03
5.000000000000000000e+03 5.376000000000000000e+03
5.500000000000000000e+03 5.326000000000000000e+03
6.000000000000000000e+03 5.466000000000000000e+03
6.500000000000000000e+03 5.398000000000000000e+03
7.000000000000000000e+03 5.469000000000000000e+03
7.500000000000000000e+03 5.271000000000000000e+03
8.000000000000000000e+03 5.623000000000000000e+03
8.500000000000000000e+03 5.554000000000000000e+03
9.000000000000000000e+03 5.578000000000000000e+03
9.500000000000000000e+03 5.486000000000000000e+03
1.000000000000000000e+04 5.458000000000000000e+03
1.050000000000000000e+04 5.519000000000000000e+03
1.100000000000000000e+04 5.463000000000000000e+03
1.150000000000000000e+04 5.496000000000000000e+03
1.200000000000000000e+04 5.336000000000000000e+03
1.250000000000000000e+04 5.345000000000000000e+03
1.300000000000000000e+04 5.358000000000000000e+03
1.350000000000000000e+04 5.357000000000000000e+03
1.400000000000000000e+04 5.429000000000000000e+03
1.450000000000000000e+04 5.278000000000000000e+03
1.500000000000000000e+04 5.246000000000000000e+03
1.550000000000000000e+04 5.258000000000000000e+03
1.600000000000000000e+04 5.134000000000000000e+03
1.650000000000000000e+04 5.172000000000000000e+03
1.700000000000000000e+04 5.048000000000000000e+03
1.750000000000000000e+04 4.869000000000000000e+03
1.800000000000000000e+04 5.065000000000000000e+03
1.850000000000000000e+04 4.781000000000000000e+03
1.900000000000000000e+04 4.721000000000000000e+03
1.950000000000000000e+04 4.675000000000000000e+03
2.000000000000000000e+04 4.518000000000000000e+03
2.050000000000000000e+04 4.441000000000000000e+03
2.100000000000000000e+04 4.443000000000000000e+03
2.150000000000000000e+04 4.259000000000000000e+03
2.200000000000000000e+04 4.107000000000000000e+03
2.250000000000000000e+04 3.899000000000000000e+03
2.300000000000000000e+04 3.790000000000000000e+03
2.350000000000000000e+04 3.538000000000000000e+03
2.400000000000000000e+04 3.485000000000000000e+03
2.450000000000000000e+04 3.411000000000000000e+03
2.500000000000000000e+04 3.295000000000000000e+03
2.550000000000000000e+04 3.035000000000000000e+03
2.600000000000000000e+04 2.916000000000000000e+03
2.650000000000000000e+04 2.810000000000000000e+03
2.700000000000000000e+04 2.667000000000000000e+03
2.750000000000000000e+04 2.523000000000000000e+03
2.800000000000000000e+04 2.422000000000000000e+03
2.850000000000000000e+04 2.255000000000000000e+03
2.900000000000000000e+04 2.143000000000000000e+03
2.950000000000000000e+04 1.895000000000000000e+03
3.000000000000000000e+04 1.895000000000000000e+03
3.050000000000000000e+04 1.782000000000000000e+03
3.100000000000000000e+04 1.623000000000000000e+03
3.150000000000000000e+04 1.512000000000000000e+03
3.200000000000000000e+04 1.503000000000000000e+03
3.250000000000000000e+04 1.535000000000000000e+03
3.300000000000000000e+04 1.418000000000000000e+03
3.350000000000000000e+04 1.413000000000000000e+03
3.400000000000000000e+04 1.376000000000000000e+03
3.450000000000000000e+04 1.332000000000000000e+03
3.500000000000000000e+04 1.399000000000000000e+03
3.550000000000000000e+04 1.431000000000000000e+03
3.600000000000000000e+04 1.359000000000000000e+03
3.650000000000000000e+04 1.367000000000000000e+03
3.700000000000000000e+04 1.543000000000000000e+03
3.750000000000000000e+04 1.540000000000000000e+03
3.800000000000000000e+04 1.620000000000000000e+03
3.850000000000000000e+04 1.686000000000000000e+03
3.900000000000000000e+04 1.790000000000000000e+03
3.950000000000000000e+04 1.893000000000000000e+03
4.000000000000000000e+04 2.055000000000000000e+03
4.050000000000000000e+04 2.133000000000000000e+03
4.100000000000000000e+04 2.292000000000000000e+03
4.150000000000000000e+04 2.456000000000000000e+03
4.200000000000000000e+04 2.610000000000000000e+03
4.250000000000000000e+04 2.743000000000000000e+03
4.300000000000000000e+04 2.826000000000000000e+03
4.350000000000000000e+04 3.013000000000000000e+03
4.400000000000000000e+04 3.100000000000000000e+03
4.450000000000000000e+04 3.287000000000000000e+03
4.500000000000000000e+04 3.561000000000000000e+03
4.550000000000000000e+04 3.741000000000000000e+03
4.600000000000000000e+04 3.706000000000000000e+03
4.650000000000000000e+04 3.869000000000000000e+03
4.700000000000000000e+04 3.978000000000000000e+03
4.750000000000000000e+04 4.292000000000000000e+03
4.800000000000000000e+04 4.311000000000000000e+03
4.850000000000000000e+04 4.444000000000000000e+03
4.900000000000000000e+04 4.529000000000000000e+03
4.950000000000000000e+04 4.728000000000000000e+03
5.000000000000000000e+04 4.859000000000000000e+03
5.050000000000000000e+04 4.711000000000000000e+03
5.100000000000000000e+04 4.917000000000000000e+03
5.150000000000000000e+04 5.081000000000000000e+03
5.200000000000000000e+04 5.044000000000000000e+03
5.250000000000000000e+04 5.054000000000000000e+03
5.300000000000000000e+04 5.199000000000000000e+03
5.350000000000000000e+04 5.264000000000000000e+03
5.400000000000000000e+04 5.278000000000000000e+03
5.450000000000000000e+04 5.294000000000000000e+03
5.500000000000000000e+04 5.291000000000000000e+03
5.550000000000000000e+04 5.461000000000000000e+03
5.600000000000000000e+04 5.439000000000000000e+03
5.650000000000000000e+04 5.508000000000000000e+03
5.700000000000000000e+04 5.468000000000000000e+03
5.750000000000000000e+04 5.479000000000000000e+03
5.800000000000000000e+04 5.471000000000000000e+03
5.850000000000000000e+04 5.466000000000000000e+03
5.900000000000000000e+04 5.540000000000000000e+03
5.950000000000000000e+04 5.503000000000000000e+03
6.000000000000000000e+04 5.594000000000000000e+03
6.050000000000000000e+04 5.458000000000000000e+03
6.100000000000000000e+04 5.504000000000000000e+03
6.150000000000000000e+04 5.471000000000000000e+03
6.200000000000000000e+04 5.469000000000000000e+03
6.250000000000000000e+04 5.322000000000000000e+03
6.300000000000000000e+04 5.404000000000000000e+03
6.350000000000000000e+04 5.249000000000000000e+03
6.400000000000000000e+04 5.340000000000000000e+03
6.450000000000000000e+04 5.236000000000000000e+03
6.500000000000000000e+04 5.227000000000000000e+03
6.550000000000000000e+04 5.159000000000000000e+03
6.600000000000000000e+04 5.161000000000000000e+03
6.650000000000000000e+04 5.130000000000000000e+03
6.700000000000000000e+04 5.008000000000000000e+03
6.750000000000000000e+04 4.952000000000000000e+03
6.800000000000000000e+04 4.945000000000000000e+03
6.850000000000000000e+04 4.824000000000000000e+03
6.900000000000000000e+04 4.727000000000000000e+03
6.950000000000000000e+04 4.595000000000000000e+03
7.000000000000000000e+04 4.532000000000000000e+03
7.050000000000000000e+04 4.441000000000000000e+03
7.100000000000000000e+04 4.306000000000000000e+03
7.150000000000000000e+04 4.227000000000000000e+03
7.200000000000000000e+04 4.115000000000000000e+03
7.250000000000000000e+04 3.931000000000000000e+03
7.300000000000000000e+04 3.725000000000000000e+03
7.350000000000000000e+04 3.707000000000000000e+03
7.400000000000000000e+04 3.571000000000000000e+03
7.450000000000000000e+04 3.360000000000000000e+03
7.500000000000000000e+04 3.332000000000000000e+03
7.550000000000000000e+04 3.126000000000000000e+03
7.600000000000000000e+04 3.036000000000000000e+03
7.650000000000000000e+04 2.750000000000000000e+03
7.700000000000000000e+04 2.678000000000000000e+03
7.750000000000000000e+04 2.533000000000000000e+03
7.800000000000000000e+04 2.308000000000000000e+03
7.850000000000000000e+04 2.238000000000000000e+03
7.900000000000000000e+04 2.131000000000000000e+03
7.950000000000000000e+04 1.929000000000000000e+03
8.000000000000000000e+04 1.864000000000000000e+03
8.050000000000000000e+04 1.830000000000000000e+03
8.100000000000000000e+04 1.651000000000000000e+03
8.150000000000000000e+04 1.635000000000000000e+03
8.200000000000000000e+04 1.511000000000000000e+03
8.250000000000000000e+04 1.468000000000000000e+03
8.300000000000000000e+04 1.403000000000000000e+03
8.350000000000000000e+04 1.417000000000000000e+03
8.400000000000000000e+04 1.403000000000000000e+03
8.450000000000000000e+04 1.353000000000000000e+03
8.500000000000000000e+04 1.355000000000000000e+03
8.550000000000000000e+04 1.398000000000000000e+03
8.600000000000000000e+04 1.395000000000000000e+03
8.650000000000000000e+04 1.383000000000000000e+03
8.700000000000000000e+04 1.526000000000000000e+03
8.750000000000000000e+04 1.587000000000000000e+03
8.800000000000000000e+04 1.591000000000000000e+03
8.850000000000000000e+04 1.763000000000000000e+03
8.900000000000000000e+04 1.777000000000000000e+03
8.950000000000000000e+04 1.878000000000000000e+03
9.000000000000000000e+04 1.992000000000000000e+03
9.050000000000000000e+04 2.087000000000000000e+03
9.100000000000000000e+04 2.250000000000000000e+03
9.150000000000000000e+04 2.293000000000000000e+03
9.200000000000000000e+04 2.587000000000000000e+03
9.250000000000000000e+04 2.675000000000000000e+03
9.300000000000000000e+04 2.744000000000000000e+03
9.350000000000000000e+04 2.964000000000000000e+03
9.400000000000000000e+04 3.146000000000000000e+03
9.450000000000000000e+04 3.249000000000000000e+03
9.500000000000000000e+04 3.582000000000000000e+03
9.550000000000000000e+04 3.599000000000000000e+03
9.600000000000000000e+04 3.827000000000000000e+03
9.650000000000000000e+04 3.854000000000000000e+03
9.700000000000000000e+04 4.074000000000000000e+03
9.750000000000000000e+04 4.219000000000000000e+03
9.800000000000000000e+04 4.134000000000000000e+03
9.850000000000000000e+04 4.263000000000000000e+03
9.900000000000000000e+04 4.433000000000000000e+03
9.950000000000000000e+04 4.614000000000000000e+03
