0.000000000000000000e+00 4.049000000000000000e+03
2.000000000000000000e+02 4.179000000000000000e+03
4.000000000000000000e+02 4.248000000000000000e+03
6.000000000000000000e+02 4.405000000000000000e+03
8.000000000000000000e+02 4.376000000000000000e+03
1.000000000000000000e+03 4.471000000000000000e+03
1.200000000000000000e+03 4.652000000000000000e+03
1.400000000000000000e+03 4.481000000000000000e+03
1.600000000000000000e+03 4.589000000000000000e+03
1.800000000000000000e+03 4.531000000000000000e+03
2.000000000000000000e+03 4.709000000000000000e+03
2.200000000000000000e+03 4.801000000000000000e+03
2.400000000000000000e+03 4.591000000000000000e+03
2.600000000000000000e+03 4.753000000000000000e+03
2.800000000000000000e+03 4.762000000000000000e+03
3.000000000000000000e+03 4.654000000000000000e+03
3.200000000000000000e+03 4.761000000000000000e+03
3.400000000000000000e+03 4.730000000000000000e+03
3.600000000000000000e+03 4.841000000000000000e+03
3.800000000000000000e+03 4.974000000000000000e+03
4.000000000000000000e+03 4.927000000000000000e+03
4.200000000000000000e+03 4.927000000000000000e+03
4.400000000000000000e+03 4.887000000000000000e+03
4.600000000000000000e+03 4.958000000000000000e+03
4.800000000000000000e+03 4.859000000000000000e+03
5.000000000000000000e+03 4.884000000000000000e+03
5.200000000000000000e+03 4.688000000000000000e+03
5.400000000000000000e+03 4.776000000000000000e+03
5.600000000000000000e+03 4.655000000000000000e+03
5.800000000000000000e+03 4.634000000000000000e+03
6.000000000000000000e+03 4.682000000000000000e+03
6.200000000000000000e+03 4.587000000000000000e+03
6.400000000000000000e+03 4.617000000000000000e+03
6.600000000000000000e+03 4.515000000000000000e+03
6.800000000000000000e+03 4.491000000000000000e+03
7.000000000000000000e+03 4.403000000000000000e+03
7.200000000000000000e+03 4.416000000000000000e+03
7.400000000000000000e+03 4.137000000000000000e+03
7.600000000000000000e+03 4.278000000000000000e+03
7.800000000000000000e+03 4.084000000000000000e+03
8.000000000000000000e+03 3.877000000000000000e+03
8.200000000000000000e+03 3.911000000000000000e+03
8.400000000000000000e+03 3.717000000000000000e+03
8.600000000000000000e+03 3.707000000000000000e+03
8.800000000000000000e+03 3.596000000000000000e+03
9.000000000000000000e+03 3.482000000000000000e+03
9.200000000000000000e+03 3.357000000000000000e+03
9.400000000000000000e+03 3.233000000000000000e+03
9.600000000000000000e+03 3.154000000000000000e+03
9.800000000000000000e+03 2.978000000000000000e+03
1.000000000000000000e+04 2.828000000000000000e+03
1.020000000000000000e+04 2.584000000000000000e+03
1.040000000000000000e+04 2.660000000000000000e+03
1.060000000000000000e+04 2.496000000000000000e+03
1.080000000000000000e+04 2.348000000000000000e+03
1.100000000000000000e+04 2.134000000000000000e+03
1.120000000000000000e+04 2.102000000000000000e+03
1.140000000000000000e+04 1.910000000000000000e+03
1.160000000000000000e+04 1.853000000000000000e+03
1.180000000000000000e+04 1.707000000000000000e+03
1.200000000000000000e+04 1.657000000000000000e+03
1.220000000000000000e+04 1.478000000000000000e+03
1.240000000000000000e+04 1.456000000000000000e+03
1.260000000000000000e+04 1.357000000000000000e+03
1.280000000000000000e+04 1.333000000000000000e+03
1.300000000000000000e+04 1.237000000000000000e+03
1.320000000000000000e+04 1.211000000000000000e+03
1.340000000000000000e+04 1.146000000000000000e+03
1.360000000000000000e+04 1.186000000000000000e+03
1.380000000000000000e+04 1.105000000000000000e+03
1.400000000000000000e+04 1.160000000000000000e+03
1.420000000000000000e+04 1.094000000000000000e+03
1.440000000000000000e+04 1.090000000000000000e+03
1.460000000000000000e+04 1.145000000000000000e+03
1.480000000000000000e+04 1.214000000000000000e+03
1.500000000000000000e+04 1.288000000000000000e+03
1.520000000000000000e+04 1.222000000000000000e+03
1.540000000000000000e+04 1.376000000000000000e+03
1.560000000000000000e+04 1.411000000000000000e+03
1.580000000000000000e+04 1.567000000000000000e+03
1.600000000000000000e+04 1.674000000000000000e+03
1.620000000000000000e+04 1.827000000000000000e+03
1.640000000000000000e+04 1.818000000000000000e+03
1.660000000000000000e+04 2.103000000000000000e+03
1.680000000000000000e+04 2.077000000000000000e+03
1.700000000000000000e+04 2.235000000000000000e+03
1.720000000000000000e+04 2.413000000000000000e+03
1.740000000000000000e+04 2.472000000000000000e+03
1.760000000000000000e+04 2.687000000000000000e+03
1.780000000000000000e+04 2.940000000000000000e+03
1.800000000000000000e+04 2.850000000000000000e+03
1.820000000000000000e+04 3.082000000000000000e+03
1.840000000000000000e+04 3.381000000000000000e+03
1.860000000000000000e+04 3.372000000000000000e+03
1.880000000000000000e+04 3.431000000000000000e+03
1.900000000000000000e+04 3.532000000000000000e+03
1.920000000000000000e+04 3.649000000000000000e+03
1.940000000000000000e+04 3.817000000000000000e+03
1.960000000000000000e+04 4.014000000000000000e+03
1.980000000000000000e+04 4.032000000000000000e+03
2.000000000000000000e+04 4.095000000000000000e+03
2.020000000000000000e+04 4.203000000000000000e+03
2.040000000000000000e+04 4.404000000000000000e+03
2.060000000000000000e+04 4.348000000000000000e+03
2.080000000000000000e+04 4.411000000000000000e+03
2.100000000000000000e+04 4.530000000000000000e+03
2.120000000000000000e+04 4.612000000000000000e+03
2.140000000000000000e+04 4.430000000000000000e+03
2.160000000000000000e+04 4.767000000000000000e+03
2.180000000000000000e+04 4.608000000000000000e+03
2.200000000000000000e+04 4.694000000000000000e+03
2.220000000000000000e+04 4.692000000000000000e+03
2.240000000000000000e+04 4.837000000000000000e+03
2.260000000000000000e+04 4.853000000000000000e+03
2.280000000000000000e+04 4.828000000000000000e+03
2.300000000000000000e+04 4.953000000000000000e+03
2.320000000000000000e+04 4.817000000000000000e+03
2.340000000000000000e+04 4.711000000000000000e+03
2.360000000000000000e+04 4.768000000000000000e+03
2.380000000000000000e+04 4.970000000000000000e+03
2.400000000000000000e+04 4.806000000000000000e+03
2.420000000000000000e+04 4.848000000000000000e+03
2.440000000000000000e+04 4.850000000000000000e+03
2.460000000000000000e+04 4.782000000000000000e+03
2.480000000000000000e+04 4.792000000000000000e+03
2.500000000000000000e+04 4.719000000000000000e+03
2.520000000000000000e+04 4.778000000000000000e+03
2.540000000000000000e+04 4.733000000000000000e+03
2.560000000000000000e+04 4.767000000000000000e+03
2.580000000000000000e+04 4.571000000000000000e+03
2.600000000000000000e+04 4.800000000000000000e+03
2.620000000000000000e+04 4.703000000000000000e+03
2.640000000000000000e+04 4.584000000000000000e+03
2.660000000000000000e+04 4.585000000000000000e+03
2.680000000000000000e+04 4.576000000000000000e+03
2.700000000000000000e+04 4.473000000000000000e+03
2.720000000000000000e+04 4.474000000000000000e+03
2.740000000000000000e+04 4.417000000000000000e+03
2.760000000000000000e+04 4.214000000000000000e+03
2.780000000000000000e+04 4.119000000000000000e+03
2.800000000000000000e+04 4.056000000000000000e+03
2.820000000000000000e+04 3.980000000000000000e+03
2.840000000000000000e+04 3.873000000000000000e+03
2.860000000000000000e+04 3.689000000000000000e+03
2.880000000000000000e+04 3.603000000000000000e+03
2.900000000000000000e+04 3.515000000000000000e+03
2.920000000000000000e+04 3.341000000000000000e+03
2.940000000000000000e+04 3.202000000000000000e+03
2.960000000000000000e+04 3.037000000000000000e+03
2.980000000000000000e+04 2.991000000000000000e+03
3.000000000000000000e+04 2.822000000000000000e+03
3.020000000000000000e+04 2.654000000000000000e+03
3.040000000000000000e+04 2.576000000000000000e+03
3.060000000000000000e+04 2.412000000000000000e+03
3.080000000000000000e+04 2.346000000000000000e+03
3.100000000000000000e+04 2.177000000000000000e+03
3.120000000000000000e+04 2.178000000000000000e+03
3.140000000000000000e+04 1.928000000000000000e+03
3.160000000000000000e+04 1.844000000000000000e+03
3.180000000000000000e+04 1.728000000000000000e+03
3.200000000000000000e+04 1.660000000000000000e+03
3.220000000000000000e+04 1.495000000000000000e+03
3.240000000000000000e+04 1.458000000000000000e+03
3.260000000000000000e+04 1.389000000000000000e+03
3.280000000000000000e+04 1.283000000000000000e+03
3.300000000000000000e+04 1.249000000000000000e+03
3.320000000000000000e+04 1.165000000000000000e+03
3.340000000000000000e+04 1.158000000000000000e+03
3.360000000000000000e+04 1.207000000000000000e+03
3.380000000000000000e+04 1.098000000000000000e+03
3.400000000000000000e+04 1.192000000000000000e+03
3.420000000000000000e+04 1.146000000000000000e+03
3.440000000000000000e+04 1.072000000000000000e+03
3.460000000000000000e+04 1.199000000000000000e+03
3.480000000000000000e+04 1.205000000000000000e+03
3.500000000000000000e+04 1.304000000000000000e+03
3.520000000000000000e+04 1.330000000000000000e+03
3.540000000000000000e+04 1.454000000000000000e+03
3.560000000000000000e+04 1.455000000000000000e+03
3.580000000000000000e+04 1.600000000000000000e+03
3.600000000000000000e+04 1.659000000000000000e+03
3.620000000000000000e+04 1.768000000000000000e+03
3.640000000000000000e+04 2.006000000000000000e+03
3.660000000000000000e+04 1.960000000000000000e+03
3.680000000000000000e+04 2.190000000000000000e+03
3.700000000000000000e+04 2.305000000000000000e+03
3.720000000000000000e+04 2.394000000000000000e+03
3.740000000000000000e+04 2.507000000000000000e+03
3.760000000000000000e+04 2.664000000000000000e+03
3.780000000000000000e+04 2.857000000000000000e+03
3.800000000000000000e+04 2.959000000000000000e+03
3.820000000000000000e+04 3.022000000000000000e+03
3.840000000000000000e+04 3.201000000000000000e+03
3.860000000000000000e+04 3.310000000000000000e+03
3.880000000000000000e+04 3.516000000000000000e+03
3.900000000000000000e+04 3.629000000000000000e+03
3.920000000000000000e+04 3.723000000000000000e+03
3.940000000000000000e+04 3.874000000000000000e+03
3.960000000000000000e+04 4.015000000000000000e+03
3.980000000000000000e+04 4.012000000000000000e+03
