0.000000000000000000e+00 4.962000000000000000e+03
1.420000000000000000e+02 5.257000000000000000e+03
2.840000000000000000e+02 5.175000000000000000e+03
4.260000000000000000e+02 5.306000000000000000e+03
5.680000000000000000e+02 5.307000000000000000e+03
7.100000000000000000e+02 5.493000000000000000e+03
8.520000000000000000e+02 5.611000000000000000e+03
9.940000000000000000e+02 5.603000000000000000e+03
1.136000000000000000e+03 5.614000000000000000e+03
1.278000000000000000e+03 5.641000000000000000e+03
1.420000000000000000e+03 5.815000000000000000e+03
1.562000000000000000e+03 5.764000000000000000e+03
1.704000000000000000e+03 5.738000000000000000e+03
1.846000000000000000e+03 5.878000000000000000e+03
1.988000000000000000e+03 5.877000000000000000e+03
2.130000000000000000e+03 5.905000000000000000e+03
2.272000000000000000e+03 5.851000000000000000e+03
2.414000000000000000e+03 5.798000000000000000e+03
2.556000000000000000e+03 5.869000000000000000e+03
2.698000000000000000e+03 5.776000000000000000e+03
2.840000000000000000e+03 5.791000000000000000e+03
2.982000000000000000e+03 5.786000000000000000e+03
3.124000000000000000e+03 6.052000000000000000e+03
3.266000000000000000e+03 5.902000000000000000e+03
3.408000000000000000e+03 5.964000000000000000e+03
3.550000000000000000e+03 5.770000000000000000e+03
3.692000000000000000e+03 5.732000000000000000e+03
3.834000000000000000e+03 5.963000000000000000e+03
3.976000000000000000e+03 5.737000000000000000e+03
4.118000000000000000e+03 5.867000000000000000e+03
4.260000000000000000e+03 5.653000000000000000e+03
4.402000000000000000e+03 5.623000000000000000e+03
4.544000000000000000e+03 5.772000000000000000e+03
4.686000000000000000e+03 5.537000000000000000e+03
4.828000000000000000e+03 5.445000000000000000e+03
4.970000000000000000e+03 5.338000000000000000e+03
5.112000000000000000e+03 5.348000000000000000e+03
5.254000000000000000e+03 5.170000000000000000e+03
5.396000000000000000e+03 5.087000000000000000e+03
5.538000000000000000e+03 5.199000000000000000e+03
5.680000000000000000e+03 5.053000000000000000e+03
5.822000000000000000e+03 4.917000000000000000e+03
5.964000000000000000e+03 4.827000000000000000e+03
6.106000000000000000e+03 4.645000000000000000e+03
6.248000000000000000e+03 4.496000000000000000e+03
6.390000000000000000e+03 4.427000000000000000e+03
6.532000000000000000e+03 4.143000000000000000e+03
6.674000000000000000e+03 4.028000000000000000e+03
6.816000000000000000e+03 4.035000000000000000e+03
6.958000000000000000e+03 3.794000000000000000e+03
7.100000000000000000e+03 3.684000000000000000e+03
7.242000000000000000e+03 3.555000000000000000e+03
7.384000000000000000e+03 3.291000000000000000e+03
7.526000000000000000e+03 3.138000000000000000e+03
7.668000000000000000e+03 2.994000000000000000e+03
7.810000000000000000e+03 2.972000000000000000e+03
7.952000000000000000e+03 2.786000000000000000e+03
8.094000000000000000e+03 2.672000000000000000e+03
8.236000000000000000e+03 2.406000000000000000e+03
8.378000000000000000e+03 2.406000000000000000e+03
8.520000000000000000e+03 2.173000000000000000e+03
8.662000000000000000e+03 2.122000000000000000e+03
8.804000000000000000e+03 1.911000000000000000e+03
8.946000000000000000e+03 1.862000000000000000e+03
9.088000000000000000e+03 1.867000000000000000e+03
9.230000000000000000e+03 1.693000000000000000e+03
9.372000000000000000e+03 1.665000000000000000e+03
9.514000000000000000e+03 1.564000000000000000e+03
9.656000000000000000e+03 1.548000000000000000e+03
9.798000000000000000e+03 1.572000000000000000e+03
9.940000000000000000e+03 1.474000000000000000e+03
1.008200000000000000e+04 1.538000000000000000e+03
1.022400000000000000e+04 1.535000000000000000e+03
1.036600000000000000e+04 1.564000000000000000e+03
1.050800000000000000e+04 1.545000000000000000e+03
1.065000000000000000e+04 1.649000000000000000e+03
1.079200000000000000e+04 1.629000000000000000e+03
1.093400000000000000e+04 1.790000000000000000e+03
1.107600000000000000e+04 1.890000000000000000e+03
1.121800000000000000e+04 1.935000000000000000e+03
1.136000000000000000e+04 2.057000000000000000e+03
1.150200000000000000e+04 2.216000000000000000e+03
1.164400000000000000e+04 2.326000000000000000e+03
1.178600000000000000e+04 2.549000000000000000e+03
1.192800000000000000e+04 2.649000000000000000e+03
1.207000000000000000e+04 2.812000000000000000e+03
1.221200000000000000e+04 2.987000000000000000e+03
1.235400000000000000e+04 3.191000000000000000e+03
1.249600000000000000e+04 3.235000000000000000e+03
1.263800000000000000e+04 3.434000000000000000e+03
1.278000000000000000e+04 3.606000000000000000e+03
1.292200000000000000e+04 3.779000000000000000e+03
1.306400000000000000e+04 3.984000000000000000e+03
1.320600000000000000e+04 4.095000000000000000e+03
1.334800000000000000e+04 4.260000000000000000e+03
1.349000000000000000e+04 4.274000000000000000e+03
1.363200000000000000e+04 4.491000000000000000e+03
1.377400000000000000e+04 4.561000000000000000e+03
1.391600000000000000e+04 4.864000000000000000e+03
1.405800000000000000e+04 4.933000000000000000e+03
1.420000000000000000e+04 4.939000000000000000e+03
1.434200000000000000e+04 5.013000000000000000e+03
1.448400000000000000e+04 5.159000000000000000e+03
1.462600000000000000e+04 5.348000000000000000e+03
1.476800000000000000e+04 5.395000000000000000e+03
1.491000000000000000e+04 5.570000000000000000e+03
1.505200000000000000e+04 5.396000000000000000e+03
1.519400000000000000e+04 5.466000000000000000e+03
1.533600000000000000e+04 5.485000000000000000e+03
1.547800000000000000e+04 5.629000000000000000e+03
1.562000000000000000e+04 5.755000000000000000e+03
1.576200000000000000e+04 5.810000000000000000e+03
1.590400000000000000e+04 5.828000000000000000e+03
1.604600000000000000e+04 5.919000000000000000e+03
1.618800000000000000e+04 5.850000000000000000e+03
1.633000000000000000e+04 5.796000000000000000e+03
1.647200000000000000e+04 5.746000000000000000e+03
1.661400000000000000e+04 5.804000000000000000e+03
1.675600000000000000e+04 5.961000000000000000e+03
1.689800000000000000e+04 5.856000000000000000e+03
1.704000000000000000e+04 5.983000000000000000e+03
1.718200000000000000e+04 5.946000000000000000e+03
1.732400000000000000e+04 5.833000000000000000e+03
1.746600000000000000e+04 5.993000000000000000e+03
1.760800000000000000e+04 5.814000000000000000e+03
1.775000000000000000e+04 5.686000000000000000e+03
1.789200000000000000e+04 5.809000000000000000e+03
1.803400000000000000e+04 5.867000000000000000e+03
1.817600000000000000e+04 5.776000000000000000e+03
1.831800000000000000e+04 5.738000000000000000e+03
1.846000000000000000e+04 5.586000000000000000e+03
1.860200000000000000e+04 5.703000000000000000e+03
1.874400000000000000e+04 5.586000000000000000e+03
1.888600000000000000e+04 5.695000000000000000e+03
1.902800000000000000e+04 5.497000000000000000e+03
1.917000000000000000e+04 5.556000000000000000e+03
1.931200000000000000e+04 5.505000000000000000e+03
1.945400000000000000e+04 5.374000000000000000e+03
1.959600000000000000e+04 5.216000000000000000e+03
1.973800000000000000e+04 5.171000000000000000e+03
1.988000000000000000e+04 4.959000000000000000e+03
2.002200000000000000e+04 4.941000000000000000e+03
2.016400000000000000e+04 4.763000000000000000e+03
2.030600000000000000e+04 4.727000000000000000e+03
2.044800000000000000e+04 4.627000000000000000e+03
2.059000000000000000e+04 4.439000000000000000e+03
2.073200000000000000e+04 4.553000000000000000e+03
2.087400000000000000e+04 4.216000000000000000e+03
2.101600000000000000e+04 3.986000000000000000e+03
2.115800000000000000e+04 3.965000000000000000e+03
2.130000000000000000e+04 3.597000000000000000e+03
2.144200000000000000e+04 3.683000000000000000e+03
2.158400000000000000e+04 3.458000000000000000e+03
2.172600000000000000e+04 3.250000000000000000e+03
2.186800000000000000e+04 3.244000000000000000e+03
2.201000000000000000e+04 3.038000000000000000e+03
2.215200000000000000e+04 2.852000000000000000e+03
2.229400000000000000e+04 2.664000000000000000e+03
2.243600000000000000e+04 2.525000000000000000e+03
2.257800000000000000e+04 2.417000000000000000e+03
2.272000000000000000e+04 2.337000000000000000e+03
2.286200000000000000e+04 2.167000000000000000e+03
2.300400000000000000e+04 2.130000000000000000e+03
2.314600000000000000e+04 1.994000000000000000e+03
2.328800000000000000e+04 1.846000000000000000e+03
2.343000000000000000e+04 1.735000000000000000e+03
2.357200000000000000e+04 1.709000000000000000e+03
2.371400000000000000e+04 1.636000000000000000e+03
2.385600000000000000e+04 1.619000000000000000e+03
2.399800000000000000e+04 1.516000000000000000e+03
2.414000000000000000e+04 1.521000000000000000e+03
2.428200000000000000e+04 1.486000000000000000e+03
2.442400000000000000e+04 1.587000000000000000e+03
2.456600000000000000e+04 1.521000000000000000e+03
2.470800000000000000e+04 1.686000000000000000e+03
2.485000000000000000e+04 1.572000000000000000e+03
2.499200000000000000e+04 1.810000000000000000e+03
2.513400000000000000e+04 1.685000000000000000e+03
2.527600000000000000e+04 1.827000000000000000e+03
2.541800000000000000e+04 1.913000000000000000e+03
2.556000000000000000e+04 2.078000000000000000e+03
2.570200000000000000e+04 2.142000000000000000e+03
2.584400000000000000e+04 2.251000000000000000e+03
2.598600000000000000e+04 2.475000000000000000e+03
2.612800000000000000e+04 2.534000000000000000e+03
2.627000000000000000e+04 2.734000000000000000e+03
2.641200000000000000e+04 2.871000000000000000e+03
2.655400000000000000e+04 2.984000000000000000e+03
2.669600000000000000e+04 3.288000000000000000e+03
2.683800000000000000e+04 3.396000000000000000e+03
2.698000000000000000e+04 3.373000000000000000e+03
2.712200000000000000e+04 3.712000000000000000e+03
2.726400000000000000e+04 3.919000000000000000e+03
2.740600000000000000e+04 4.064000000000000000e+03
2.754800000000000000e+04 4.067000000000000000e+03
2.769000000000000000e+04 4.410000000000000000e+03
2.783200000000000000e+04 4.447000000000000000e+03
2.797400000000000000e+04 4.484000000000000000e+03
2.811600000000000000e+04 4.575000000000000000e+03
2.825800000000000000e+04 4.764000000000000000e+03
2.840000000000000000e+04 4.894000000000000000e+03
