0.000000000000000000e+00 5.003000000000000000e+03
3.330000000000000000e+02 5.238000000000000000e+03
6.660000000000000000e+02 5.166000000000000000e+03
9.990000000000000000e+02 5.305000000000000000e+03
1.332000000000000000e+03 5.287000000000000000e+03
1.665000000000000000e+03 5.284000000000000000e+03
1.998000000000000000e+03 5.374000000000000000e+03
2.331000000000000000e+03 5.547000000000000000e+03
2.664000000000000000e+03 5.397000000000000000e+03
2.997000000000000000e+03 5.491000000000000000e+03
3.330000000000000000e+03 5.672000000000000000e+03
3.663000000000000000e+03 5.785000000000000000e+03
3.996000000000000000e+03 5.648000000000000000e+03
4.329000000000000000e+03 5.786000000000000000e+03
4.662000000000000000e+03 5.691000000000000000e+03
4.995000000000000000e+03 5.721000000000000000e+03
5.328000000000000000e+03 5.846000000000000000e+03
5.661000000000000000e+03 5.993000000000000000e+03
5.994000000000000000e+03 5.670000000000000000e+03
6.327000000000000000e+03 5.745000000000000000e+03
6.660000000000000000e+03 5.652000000000000000e+03
6.993000000000000000e+03 5.988000000000000000e+03
7.326000000000000000e+03 5.736000000000000000e+03
7.659000000000000000e+03 5.792000000000000000e+03
7.992000000000000000e+03 5.759000000000000000e+03
8.325000000000000000e+03 5.802000000000000000e+03
8.658000000000000000e+03 5.823000000000000000e+03
8.991000000000000000e+03 5.583000000000000000e+03
9.324000000000000000e+03 5.397000000000000000e+03
9.657000000000000000e+03 5.526000000000000000e+03
9.990000000000000000e+03 5.518000000000000000e+03
1.032300000000000000e+04 5.528000000000000000e+03
1.065600000000000000e+04 5.519000000000000000e+03
1.098900000000000000e+04 5.363000000000000000e+03
1.132200000000000000e+04 5.367000000000000000e+03
1.165500000000000000e+04 5.226000000000000000e+03
1.198800000000000000e+04 5.160000000000000000e+03
1.232100000000000000e+04 5.167000000000000000e+03
1.265400000000000000e+04 4.927000000000000000e+03
1.298700000000000000e+04 4.841000000000000000e+03
1.332000000000000000e+04 4.815000000000000000e+03
1.365300000000000000e+04 4.666000000000000000e+03
1.398600000000000000e+04 4.599000000000000000e+03
1.431900000000000000e+04 4.531000000000000000e+03
1.465200000000000000e+04 4.343000000000000000e+03
1.498500000000000000e+04 4.303000000000000000e+03
1.531800000000000000e+04 4.057000000000000000e+03
1.565100000000000000e+04 3.868000000000000000e+03
1.598400000000000000e+04 3.754000000000000000e+03
1.631700000000000000e+04 3.714000000000000000e+03
1.665000000000000000e+04 3.320000000000000000e+03
1.698300000000000000e+04 3.412000000000000000e+03
1.731600000000000000e+04 3.142000000000000000e+03
1.764900000000000000e+04 3.082000000000000000e+03
1.798200000000000000e+04 2.831000000000000000e+03
1.831500000000000000e+04 2.626000000000000000e+03
1.864800000000000000e+04 2.632000000000000000e+03
1.898100000000000000e+04 2.352000000000000000e+03
1.931400000000000000e+04 2.250000000000000000e+03
1.964700000000000000e+04 2.074000000000000000e+03
1.998000000000000000e+04 1.947000000000000000e+03
2.031300000000000000e+04 1.899000000000000000e+03
2.064600000000000000e+04 1.813000000000000000e+03
2.097900000000000000e+04 1.671000000000000000e+03
2.131200000000000000e+04 1.609000000000000000e+03
2.164500000000000000e+04 1.527000000000000000e+03
2.197800000000000000e+04 1.596000000000000000e+03
2.231100000000000000e+04 1.401000000000000000e+03
2.264400000000000000e+04 1.487000000000000000e+03
2.297700000000000000e+04 1.421000000000000000e+03
2.331000000000000000e+04 1.479000000000000000e+03
2.364300000000000000e+04 1.523000000000000000e+03
2.397600000000000000e+04 1.460000000000000000e+03
2.430900000000000000e+04 1.531000000000000000e+03
2.464200000000000000e+04 1.586000000000000000e+03
2.497500000000000000e+04 1.670000000000000000e+03
2.530800000000000000e+04 1.628000000000000000e+03
2.564100000000000000e+04 1.792000000000000000e+03
2.597400000000000000e+04 1.846000000000000000e+03
2.630700000000000000e+04 1.944000000000000000e+03
2.664000000000000000e+04 2.244000000000000000e+03
2.697300000000000000e+04 2.300000000000000000e+03
2.730600000000000000e+04 2.365000000000000000e+03
2.763900000000000000e+04 2.550000000000000000e+03
2.797200000000000000e+04 2.773000000000000000e+03
2.830500000000000000e+04 2.837000000000000000e+03
2.863800000000000000e+04 2.979000000000000000e+03
2.897100000000000000e+04 3.034000000000000000e+03
2.930400000000000000e+04 3.354000000000000000e+03
2.963700000000000000e+04 3.524000000000000000e+03
2.997000000000000000e+04 3.715000000000000000e+03
3.030300000000000000e+04 3.849000000000000000e+03
3.063600000000000000e+04 4.012000000000000000e+03
3.096900000000000000e+04 4.142000000000000000e+03
3.130200000000000000e+04 4.186000000000000000e+03
3.163500000000000000e+04 4.453000000000000000e+03
3.196800000000000000e+04 4.528000000000000000e+03
3.230100000000000000e+04 4.682000000000000000e+03
3.263400000000000000e+04 4.725000000000000000e+03
3.296700000000000000e+04 4.880000000000000000e+03
3.330000000000000000e+04 4.978000000000000000e+03
3.363300000000000000e+04 5.134000000000000000e+03
3.396600000000000000e+04 5.126000000000000000e+03
3.429900000000000000e+04 5.293000000000000000e+03
3.463200000000000000e+04 5.365000000000000000e+03
3.496500000000000000e+04 5.476000000000000000e+03
3.529800000000000000e+04 5.402000000000000000e+03
3.563100000000000000e+04 5.400000000000000000e+03
3.596400000000000000e+04 5.577000000000000000e+03
3.629700000000000000e+04 5.617000000000000000e+03
3.663000000000000000e+04 5.600000000000000000e+03
3.696300000000000000e+04 5.910000000000000000e+03
3.729600000000000000e+04 5.853000000000000000e+03
3.762900000000000000e+04 5.816000000000000000e+03
3.796200000000000000e+04 5.743000000000000000e+03
3.829500000000000000e+04 5.728000000000000000e+03
3.862800000000000000e+04 5.764000000000000000e+03
3.896100000000000000e+04 5.768000000000000000e+03
3.929400000000000000e+04 5.815000000000000000e+03
3.962700000000000000e+04 5.967000000000000000e+03
3.996000000000000000e+04 5.940000000000000000e+03
4.029300000000000000e+04 5.837000000000000000e+03
4.062600000000000000e+04 5.703000000000000000e+03
4.095900000000000000e+04 5.869000000000000000e+03
4.129200000000000000e+04 5.924000000000000000e+03
4.162500000000000000e+04 5.812000000000000000e+03
4.195800000000000000e+04 5.844000000000000000e+03
4.229100000000000000e+04 5.694000000000000000e+03
4.262400000000000000e+04 5.692000000000000000e+03
4.295700000000000000e+04 5.635000000000000000e+03
4.329000000000000000e+04 5.591000000000000000e+03
4.362300000000000000e+04 5.614000000000000000e+03
4.395600000000000000e+04 5.533000000000000000e+03
4.428900000000000000e+04 5.579000000000000000e+03
4.462200000000000000e+04 5.310000000000000000e+03
4.495500000000000000e+04 5.196000000000000000e+03
4.528800000000000000e+04 5.324000000000000000e+03
4.562100000000000000e+04 5.055000000000000000e+03
4.595400000000000000e+04 5.094000000000000000e+03
4.628700000000000000e+04 4.902000000000000000e+03
4.662000000000000000e+04 4.739000000000000000e+03
4.695300000000000000e+04 4.694000000000000000e+03
4.728600000000000000e+04 4.750000000000000000e+03
4.761900000000000000e+04 4.499000000000000000e+03
4.795200000000000000e+04 4.417000000000000000e+03
4.828500000000000000e+04 4.262000000000000000e+03
4.861800000000000000e+04 4.066000000000000000e+03
4.895100000000000000e+04 3.989000000000000000e+03
4.928400000000000000e+04 3.839000000000000000e+03
4.961700000000000000e+04 3.625000000000000000e+03
4.995000000000000000e+04 3.429000000000000000e+03
5.028300000000000000e+04 3.335000000000000000e+03
5.061600000000000000e+04 3.094000000000000000e+03
5.094900000000000000e+04 2.983000000000000000e+03
5.128200000000000000e+04 2.839000000000000000e+03
5.161500000000000000e+04 2.721000000000000000e+03
5.194800000000000000e+04 2.511000000000000000e+03
5.228100000000000000e+04 2.381000000000000000e+03
5.261400000000000000e+04 2.253000000000000000e+03
5.294700000000000000e+04 2.178000000000000000e+03
5.328000000000000000e+04 2.001000000000000000e+03
5.361300000000000000e+04 1.933000000000000000e+03
5.394600000000000000e+04 1.804000000000000000e+03
5.427900000000000000e+04 1.705000000000000000e+03
5.461200000000000000e+04 1.639000000000000000e+03
5.494500000000000000e+04 1.588000000000000000e+03
5.527800000000000000e+04 1.525000000000000000e+03
5.561100000000000000e+04 1.445000000000000000e+03
5.594400000000000000e+04 1.412000000000000000e+03
5.627700000000000000e+04 1.460000000000000000e+03
5.661000000000000000e+04 1.509000000000000000e+03
5.694300000000000000e+04 1.457000000000000000e+03
5.727600000000000000e+04 1.567000000000000000e+03
5.760900000000000000e+04 1.493000000000000000e+03
5.794200000000000000e+04 1.541000000000000000e+03
5.827500000000000000e+04 1.588000000000000000e+03
5.860800000000000000e+04 1.637000000000000000e+03
5.894100000000000000e+04 1.763000000000000000e+03
5.927400000000000000e+04 1.888000000000000000e+03
5.960700000000000000e+04 1.948000000000000000e+03
5.994000000000000000e+04 2.158000000000000000e+03
6.027300000000000000e+04 2.339000000000000000e+03
6.060600000000000000e+04 2.354000000000000000e+03
6.093900000000000000e+04 2.524000000000000000e+03
6.127200000000000000e+04 2.665000000000000000e+03
6.160500000000000000e+04 2.909000000000000000e+03
6.193800000000000000e+04 3.003000000000000000e+03
6.227100000000000000e+04 3.138000000000000000e+03
6.260400000000000000e+04 3.364000000000000000e+03
6.293700000000000000e+04 3.586000000000000000e+03
6.327000000000000000e+04 3.606000000000000000e+03
6.360300000000000000e+04 3.716000000000000000e+03
6.393600000000000000e+04 3.931000000000000000e+03
6.426900000000000000e+04 4.069000000000000000e+03
6.460200000000000000e+04 4.191000000000000000e+03
6.493500000000000000e+04 4.328000000000000000e+03
6.526800000000000000e+04 4.547000000000000000e+03
6.560100000000000000e+04 4.617000000000000000e+03
6.593400000000000000e+04 4.626000000000000000e+03
6.626700000000000000e+04 4.903000000000000000e+03
