0.000000000000000000e+00 5.485300000000000000e+04
1.000000000000000000e+04 6.088900000000000000e+04
2.000000000000000000e+04 6.314900000000000000e+04
3.000000000000000000e+04 6.516400000000000000e+04
4.000000000000000000e+04 6.696600000000000000e+04
5.000000000000000000e+04 6.839700000000000000e+04
6.000000000000000000e+04 6.941200000000000000e+04
7.000000000000000000e+04 7.113500000000000000e+04
8.000000000000000000e+04 7.242500000000000000e+04
9.000000000000000000e+04 7.316400000000000000e+04
1.000000000000000000e+05 7.498400000000000000e+04
1.100000000000000000e+05 7.564000000000000000e+04
1.200000000000000000e+05 7.617400000000000000e+04
1.300000000000000000e+05 7.632200000000000000e+04
1.400000000000000000e+05 7.695800000000000000e+04
1.500000000000000000e+05 7.784300000000000000e+04
1.600000000000000000e+05 7.826000000000000000e+04
1.700000000000000000e+05 7.854900000000000000e+04
1.800000000000000000e+05 7.839000000000000000e+04
1.900000000000000000e+05 7.861100000000000000e+04
2.000000000000000000e+05 7.847900000000000000e+04
2.100000000000000000e+05 7.855100000000000000e+04
2.200000000000000000e+05 7.801500000000000000e+04
2.300000000000000000e+05 7.801300000000000000e+04
2.400000000000000000e+05 7.800900000000000000e+04
2.500000000000000000e+05 7.719200000000000000e+04
2.600000000000000000e+05 7.627800000000000000e+04
2.700000000000000000e+05 7.533400000000000000e+04
2.800000000000000000e+05 7.518200000000000000e+04
2.900000000000000000e+05 7.416100000000000000e+04
3.000000000000000000e+05 7.287100000000000000e+04
3.100000000000000000e+05 7.242700000000000000e+04
3.200000000000000000e+05 7.058100000000000000e+04
3.300000000000000000e+05 6.921500000000000000e+04
3.400000000000000000e+05 6.734400000000000000e+04
3.500000000000000000e+05 6.628200000000000000e+04
3.600000000000000000e+05 6.419100000000000000e+04
3.700000000000000000e+05 6.237700000000000000e+04
3.800000000000000000e+05 6.027100000000000000e+04
3.900000000000000000e+05 5.827700000000000000e+04
4.000000000000000000e+05 5.589800000000000000e+04
4.100000000000000000e+05 5.359100000000000000e+04
4.200000000000000000e+05 5.168200000000000000e+04
4.300000000000000000e+05 4.887100000000000000e+04
4.400000000000000000e+05 4.694200000000000000e+04
4.500000000000000000e+05 4.403200000000000000e+04
4.600000000000000000e+05 4.179100000000000000e+04
4.700000000000000000e+05 3.907400000000000000e+04
4.800000000000000000e+05 3.689600000000000000e+04
4.900000000000000000e+05 3.454800000000000000e+04
5.000000000000000000e+05 3.238300000000000000e+04
5.100000000000000000e+05 2.981000000000000000e+04
5.200000000000000000e+05 2.751400000000000000e+04
5.300000000000000000e+05 2.551700000000000000e+04
5.400000000000000000e+05 2.386900000000000000e+04
5.500000000000000000e+05 2.180100000000000000e+04
5.600000000000000000e+05 2.001500000000000000e+04
5.700000000000000000e+05 1.836400000000000000e+04
5.800000000000000000e+05 1.722800000000000000e+04
5.900000000000000000e+05 1.554200000000000000e+04
6.000000000000000000e+05 1.470400000000000000e+04
6.100000000000000000e+05 1.369300000000000000e+04
6.200000000000000000e+05 1.287300000000000000e+04
6.300000000000000000e+05 1.206900000000000000e+04
6.400000000000000000e+05 1.138400000000000000e+04
6.500000000000000000e+05 1.067000000000000000e+04
6.600000000000000000e+05 1.021400000000000000e+04
6.700000000000000000e+05 1.010500000000000000e+04
6.800000000000000000e+05 9.996000000000000000e+03
6.900000000000000000e+05 9.861000000000000000e+03
7.000000000000000000e+05 9.687000000000000000e+03
7.100000000000000000e+05 9.749000000000000000e+03
7.200000000000000000e+05 1.008900000000000000e+04
7.300000000000000000e+05 1.043600000000000000e+04
7.400000000000000000e+05 1.106100000000000000e+04
7.500000000000000000e+05 1.139200000000000000e+04
7.600000000000000000e+05 1.249500000000000000e+04
7.700000000000000000e+05 1.318200000000000000e+04
7.800000000000000000e+05 1.383100000000000000e+04
7.900000000000000000e+05 1.519400000000000000e+04
8.000000000000000000e+05 1.647400000000000000e+04
8.100000000000000000e+05 1.783100000000000000e+04
8.200000000000000000e+05 1.928500000000000000e+04
8.300000000000000000e+05 2.082100000000000000e+04
8.400000000000000000e+05 2.264600000000000000e+04
8.500000000000000000e+05 2.458100000000000000e+04
8.600000000000000000e+05 2.682800000000000000e+04
8.700000000000000000e+05 2.870100000000000000e+04
8.800000000000000000e+05 3.128300000000000000e+04
8.900000000000000000e+05 3.356900000000000000e+04
9.000000000000000000e+05 3.601200000000000000e+04
9.100000000000000000e+05 3.821100000000000000e+04
9.200000000000000000e+05 4.061500000000000000e+04
9.300000000000000000e+05 4.343200000000000000e+04
9.400000000000000000e+05 4.581500000000000000e+04
9.500000000000000000e+05 4.811500000000000000e+04
9.600000000000000000e+05 5.076400000000000000e+04
9.700000000000000000e+05 5.338400000000000000e+04
9.800000000000000000e+05 5.526400000000000000e+04
9.900000000000000000e+05 5.746400000000000000e+04
1.000000000000000000e+06 5.972900000000000000e+04
1.010000000000000000e+06 6.173100000000000000e+04
1.020000000000000000e+06 6.365900000000000000e+04
1.030000000000000000e+06 6.517900000000000000e+04
1.040000000000000000e+06 6.719700000000000000e+04
1.050000000000000000e+06 6.834900000000000000e+04
1.060000000000000000e+06 6.982200000000000000e+04
1.070000000000000000e+06 7.132100000000000000e+04
1.080000000000000000e+06 7.270500000000000000e+04
1.090000000000000000e+06 7.399700000000000000e+04
1.100000000000000000e+06 7.481800000000000000e+04
1.110000000000000000e+06 7.574000000000000000e+04
1.120000000000000000e+06 7.617400000000000000e+04
1.130000000000000000e+06 7.696300000000000000e+04
1.140000000000000000e+06 7.777000000000000000e+04
1.150000000000000000e+06 7.768200000000000000e+04
1.160000000000000000e+06 7.838000000000000000e+04
1.170000000000000000e+06 7.862000000000000000e+04
1.180000000000000000e+06 7.860500000000000000e+04
1.190000000000000000e+06 7.832800000000000000e+04
1.200000000000000000e+06 7.831200000000000000e+04
1.210000000000000000e+06 7.822100000000000000e+04
1.220000000000000000e+06 7.828400000000000000e+04
1.230000000000000000e+06 7.795400000000000000e+04
1.240000000000000000e+06 7.791400000000000000e+04
1.250000000000000000e+06 7.697900000000000000e+04
1.260000000000000000e+06 7.650500000000000000e+04
1.270000000000000000e+06 7.563600000000000000e+04
1.280000000000000000e+06 7.475300000000000000e+04
1.290000000000000000e+06 7.356800000000000000e+04
1.300000000000000000e+06 7.272100000000000000e+04
1.310000000000000000e+06 7.208500000000000000e+04
1.320000000000000000e+06 7.033500000000000000e+04
1.330000000000000000e+06 6.917000000000000000e+04
1.340000000000000000e+06 6.756500000000000000e+04
1.350000000000000000e+06 6.552800000000000000e+04
1.360000000000000000e+06 6.436800000000000000e+04
1.370000000000000000e+06 6.206600000000000000e+04
1.380000000000000000e+06 6.082800000000000000e+04
1.390000000000000000e+06 5.850900000000000000e+04
1.400000000000000000e+06 5.610200000000000000e+04
1.410000000000000000e+06 5.397500000000000000e+04
1.420000000000000000e+06 5.167800000000000000e+04
1.430000000000000000e+06 4.940500000000000000e+04
1.440000000000000000e+06 4.716400000000000000e+04
1.450000000000000000e+06 4.466900000000000000e+04
1.460000000000000000e+06 4.177500000000000000e+04
1.470000000000000000e+06 3.946100000000000000e+04
1.480000000000000000e+06 3.690500000000000000e+04
1.490000000000000000e+06 3.460200000000000000e+04
1.500000000000000000e+06 3.232700000000000000e+04
1.510000000000000000e+06 2.985400000000000000e+04
1.520000000000000000e+06 2.794800000000000000e+04
1.530000000000000000e+06 2.562600000000000000e+04
1.540000000000000000e+06 2.358500000000000000e+04
1.550000000000000000e+06 2.161600000000000000e+04
1.560000000000000000e+06 2.027300000000000000e+04
1.570000000000000000e+06 1.857800000000000000e+04
1.580000000000000000e+06 1.729200000000000000e+04
1.590000000000000000e+06 1.575800000000000000e+04
1.600000000000000000e+06 1.477100000000000000e+04
1.610000000000000000e+06 1.367600000000000000e+04
1.620000000000000000e+06 1.271200000000000000e+04
1.630000000000000000e+06 1.191900000000000000e+04
1.640000000000000000e+06 1.129800000000000000e+04
1.650000000000000000e+06 1.065400000000000000e+04
1.660000000000000000e+06 1.035000000000000000e+04
1.670000000000000000e+06 1.015100000000000000e+04
1.680000000000000000e+06 9.871000000000000000e+03
1.690000000000000000e+06 9.822000000000000000e+03
1.700000000000000000e+06 9.860000000000000000e+03
1.710000000000000000e+06 9.821000000000000000e+03
1.720000000000000000e+06 1.045200000000000000e+04
1.730000000000000000e+06 1.066100000000000000e+04
1.740000000000000000e+06 1.110900000000000000e+04
1.750000000000000000e+06 1.141900000000000000e+04
1.760000000000000000e+06 1.227900000000000000e+04
1.770000000000000000e+06 1.295500000000000000e+04
1.780000000000000000e+06 1.430700000000000000e+04
1.790000000000000000e+06 1.525600000000000000e+04
1.800000000000000000e+06 1.636000000000000000e+04
1.810000000000000000e+06 1.783000000000000000e+04
1.820000000000000000e+06 1.936600000000000000e+04
1.830000000000000000e+06 2.107100000000000000e+04
1.840000000000000000e+06 2.281500000000000000e+04
1.850000000000000000e+06 2.480400000000000000e+04
1.860000000000000000e+06 2.691900000000000000e+04
1.870000000000000000e+06 2.915300000000000000e+04
1.880000000000000000e+06 3.107500000000000000e+04
1.890000000000000000e+06 3.350700000000000000e+04
1.900000000000000000e+06 3.566900000000000000e+04
1.910000000000000000e+06 3.845900000000000000e+04
1.920000000000000000e+06 4.083300000000000000e+04
1.930000000000000000e+06 4.302000000000000000e+04
1.940000000000000000e+06 4.570700000000000000e+04
1.950000000000000000e+06 4.802300000000000000e+04
1.960000000000000000e+06 5.038800000000000000e+04
1.970000000000000000e+06 5.307100000000000000e+04
1.980000000000000000e+06 5.484400000000000000e+04
1.990000000000000000e+06 5.737600000000000000e+04
