0.000000000000000000e+00 2.326500000000000000e+04
2.000000000000000000e+02 2.438100000000000000e+04
4.000000000000000000e+02 2.494700000000000000e+04
6.000000000000000000e+02 2.566200000000000000e+04
8.000000000000000000e+02 2.605500000000000000e+04
1.000000000000000000e+03 2.677800000000000000e+04
1.200000000000000000e+03 2.756300000000000000e+04
1.400000000000000000e+03 2.779900000000000000e+04
1.600000000000000000e+03 2.833000000000000000e+04
1.800000000000000000e+03 2.860300000000000000e+04
2.000000000000000000e+03 2.906600000000000000e+04
2.200000000000000000e+03 2.926800000000000000e+04
2.400000000000000000e+03 3.010000000000000000e+04
2.600000000000000000e+03 3.008300000000000000e+04
2.800000000000000000e+03 3.036400000000000000e+04
3.000000000000000000e+03 3.059000000000000000e+04
3.200000000000000000e+03 3.082000000000000000e+04
3.400000000000000000e+03 3.068900000000000000e+04
3.600000000000000000e+03 3.069000000000000000e+04
3.800000000000000000e+03 3.040300000000000000e+04
4.000000000000000000e+03 3.087700000000000000e+04
4.200000000000000000e+03 3.054100000000000000e+04
4.400000000000000000e+03 3.071800000000000000e+04
4.600000000000000000e+03 3.060300000000000000e+04
4.800000000000000000e+03 3.039900000000000000e+04
5.000000000000000000e+03 3.016800000000000000e+04
5.200000000000000000e+03 2.980600000000000000e+04
5.400000000000000000e+03 2.974700000000000000e+04
5.600000000000000000e+03 2.927600000000000000e+04
5.800000000000000000e+03 2.899700000000000000e+04
6.000000000000000000e+03 2.874600000000000000e+04
6.200000000000000000e+03 2.830800000000000000e+04
6.400000000000000000e+03 2.761800000000000000e+04
6.600000000000000000e+03 2.685700000000000000e+04
6.800000000000000000e+03 2.669000000000000000e+04
7.000000000000000000e+03 2.581600000000000000e+04
7.200000000000000000e+03 2.489200000000000000e+04
7.400000000000000000e+03 2.403800000000000000e+04
7.600000000000000000e+03 2.350700000000000000e+04
7.800000000000000000e+03 2.252700000000000000e+04
8.000000000000000000e+03 2.230200000000000000e+04
8.200000000000000000e+03 2.106000000000000000e+04
8.400000000000000000e+03 2.010400000000000000e+04
8.600000000000000000e+03 1.932900000000000000e+04
8.800000000000000000e+03 1.816400000000000000e+04
9.000000000000000000e+03 1.723300000000000000e+04
9.200000000000000000e+03 1.640500000000000000e+04
9.400000000000000000e+03 1.548900000000000000e+04
9.600000000000000000e+03 1.449000000000000000e+04
9.800000000000000000e+03 1.359000000000000000e+04
1.000000000000000000e+04 1.248300000000000000e+04
1.020000000000000000e+04 1.174100000000000000e+04
1.040000000000000000e+04 1.089600000000000000e+04
1.060000000000000000e+04 1.025200000000000000e+04
1.080000000000000000e+04 9.243000000000000000e+03
1.100000000000000000e+04 8.448000000000000000e+03
1.120000000000000000e+04 7.957000000000000000e+03
1.140000000000000000e+04 7.227000000000000000e+03
1.160000000000000000e+04 6.666000000000000000e+03
1.180000000000000000e+04 6.120000000000000000e+03
1.200000000000000000e+04 5.646000000000000000e+03
1.220000000000000000e+04 5.459000000000000000e+03
1.240000000000000000e+04 5.117000000000000000e+03
1.260000000000000000e+04 4.765000000000000000e+03
1.280000000000000000e+04 4.569000000000000000e+03
1.300000000000000000e+04 4.298000000000000000e+03
1.320000000000000000e+04 4.153000000000000000e+03
1.340000000000000000e+04 3.991000000000000000e+03
1.360000000000000000e+04 4.120000000000000000e+03
1.380000000000000000e+04 3.777000000000000000e+03
1.400000000000000000e+04 3.949000000000000000e+03
1.420000000000000000e+04 4.031000000000000000e+03
1.440000000000000000e+04 4.226000000000000000e+03
1.460000000000000000e+04 4.367000000000000000e+03
1.480000000000000000e+04 4.292000000000000000e+03
1.500000000000000000e+04 4.599000000000000000e+03
1.520000000000000000e+04 4.882000000000000000e+03
1.540000000000000000e+04 5.379000000000000000e+03
1.560000000000000000e+04 5.622000000000000000e+03
1.580000000000000000e+04 6.002000000000000000e+03
1.600000000000000000e+04 6.603000000000000000e+03
1.620000000000000000e+04 7.019000000000000000e+03
1.640000000000000000e+04 7.614000000000000000e+03
1.660000000000000000e+04 8.429000000000000000e+03
1.680000000000000000e+04 9.167000000000000000e+03
1.700000000000000000e+04 9.828000000000000000e+03
1.720000000000000000e+04 1.072400000000000000e+04
1.740000000000000000e+04 1.146300000000000000e+04
1.760000000000000000e+04 1.248400000000000000e+04
1.780000000000000000e+04 1.316100000000000000e+04
1.800000000000000000e+04 1.428400000000000000e+04
1.820000000000000000e+04 1.513300000000000000e+04
1.840000000000000000e+04 1.629400000000000000e+04
1.860000000000000000e+04 1.711300000000000000e+04
1.880000000000000000e+04 1.815200000000000000e+04
1.900000000000000000e+04 1.896800000000000000e+04
1.920000000000000000e+04 1.978600000000000000e+04
1.940000000000000000e+04 2.102300000000000000e+04
1.960000000000000000e+04 2.171300000000000000e+04
1.980000000000000000e+04 2.274800000000000000e+04
2.000000000000000000e+04 2.335500000000000000e+04
2.020000000000000000e+04 2.419200000000000000e+04
2.040000000000000000e+04 2.515900000000000000e+04
2.060000000000000000e+04 2.557800000000000000e+04
2.080000000000000000e+04 2.631100000000000000e+04
2.100000000000000000e+04 2.677900000000000000e+04
2.120000000000000000e+04 2.737100000000000000e+04
2.140000000000000000e+04 2.802700000000000000e+04
2.160000000000000000e+04 2.851500000000000000e+04
2.180000000000000000e+04 2.884700000000000000e+04
2.200000000000000000e+04 2.885600000000000000e+04
2.220000000000000000e+04 2.960700000000000000e+04
2.240000000000000000e+04 2.963700000000000000e+04
2.260000000000000000e+04 3.023200000000000000e+04
2.280000000000000000e+04 2.987700000000000000e+04
2.300000000000000000e+04 3.044200000000000000e+04
2.320000000000000000e+04 3.024300000000000000e+04
2.340000000000000000e+04 3.082700000000000000e+04
2.360000000000000000e+04 3.054300000000000000e+04
2.380000000000000000e+04 3.088300000000000000e+04
2.400000000000000000e+04 3.044700000000000000e+04
2.420000000000000000e+04 3.089900000000000000e+04
2.440000000000000000e+04 3.047300000000000000e+04
2.460000000000000000e+04 3.005100000000000000e+04
2.480000000000000000e+04 3.044600000000000000e+04
2.500000000000000000e+04 3.013700000000000000e+04
2.520000000000000000e+04 2.983700000000000000e+04
2.540000000000000000e+04 2.986900000000000000e+04
2.560000000000000000e+04 2.932900000000000000e+04
2.580000000000000000e+04 2.904200000000000000e+04
2.600000000000000000e+04 2.841100000000000000e+04
2.620000000000000000e+04 2.779700000000000000e+04
2.640000000000000000e+04 2.746400000000000000e+04
2.660000000000000000e+04 2.688500000000000000e+04
2.680000000000000000e+04 2.629200000000000000e+04
2.700000000000000000e+04 2.583600000000000000e+04
2.720000000000000000e+04 2.503100000000000000e+04
2.740000000000000000e+04 2.428400000000000000e+04
2.760000000000000000e+04 2.383800000000000000e+04
2.780000000000000000e+04 2.288100000000000000e+04
2.800000000000000000e+04 2.178900000000000000e+04
2.820000000000000000e+04 2.108800000000000000e+04
2.840000000000000000e+04 2.001100000000000000e+04
2.860000000000000000e+04 1.906500000000000000e+04
2.880000000000000000e+04 1.841500000000000000e+04
2.900000000000000000e+04 1.716700000000000000e+04
2.920000000000000000e+04 1.621700000000000000e+04
2.940000000000000000e+04 1.536000000000000000e+04
2.960000000000000000e+04 1.427800000000000000e+04
2.980000000000000000e+04 1.369000000000000000e+04
3.000000000000000000e+04 1.252100000000000000e+04
3.020000000000000000e+04 1.194300000000000000e+04
3.040000000000000000e+04 1.095500000000000000e+04
3.060000000000000000e+04 1.005600000000000000e+04
3.080000000000000000e+04 9.366000000000000000e+03
3.100000000000000000e+04 8.640000000000000000e+03
3.120000000000000000e+04 7.860000000000000000e+03
3.140000000000000000e+04 7.313000000000000000e+03
3.160000000000000000e+04 6.776000000000000000e+03
3.180000000000000000e+04 6.195000000000000000e+03
3.200000000000000000e+04 5.794000000000000000e+03
3.220000000000000000e+04 5.224000000000000000e+03
3.240000000000000000e+04 5.211000000000000000e+03
3.260000000000000000e+04 4.590000000000000000e+03
3.280000000000000000e+04 4.443000000000000000e+03
3.300000000000000000e+04 4.173000000000000000e+03
3.320000000000000000e+04 4.120000000000000000e+03
3.340000000000000000e+04 3.872000000000000000e+03
3.360000000000000000e+04 3.816000000000000000e+03
3.380000000000000000e+04 3.829000000000000000e+03
3.400000000000000000e+04 3.995000000000000000e+03
3.420000000000000000e+04 3.972000000000000000e+03
3.440000000000000000e+04 4.053000000000000000e+03
3.460000000000000000e+04 4.115000000000000000e+03
3.480000000000000000e+04 4.360000000000000000e+03
3.500000000000000000e+04 4.568000000000000000e+03
3.520000000000000000e+04 4.946000000000000000e+03
3.540000000000000000e+04 5.241000000000000000e+03
3.560000000000000000e+04 5.795000000000000000e+03
3.580000000000000000e+04 5.959000000000000000e+03
3.600000000000000000e+04 6.578000000000000000e+03
3.620000000000000000e+04 7.021000000000000000e+03
3.640000000000000000e+04 7.765000000000000000e+03
3.660000000000000000e+04 8.280000000000000000e+03
3.680000000000000000e+04 9.006000000000000000e+03
3.700000000000000000e+04 9.817000000000000000e+03
3.720000000000000000e+04 1.074000000000000000e+04
3.740000000000000000e+04 1.150100000000000000e+04
3.760000000000000000e+04 1.250300000000000000e+04
3.780000000000000000e+04 1.315000000000000000e+04
3.800000000000000000e+04 1.425000000000000000e+04
3.820000000000000000e+04 1.506300000000000000e+04
3.840000000000000000e+04 1.622600000000000000e+04
3.860000000000000000e+04 1.713600000000000000e+04
3.880000000000000000e+04 1.801100000000000000e+04
3.900000000000000000e+04 1.902400000000000000e+04
3.920000000000000000e+04 2.002500000000000000e+04
3.940000000000000000e+04 2.088000000000000000e+04
3.960000000000000000e+04 2.166800000000000000e+04
3.980000000000000000e+04 2.266400000000000000e+04
