0.000000000000000000e+00 9.500000000000000000e+01
1.700000000000000000e+01 8.800000000000000000e+01
3.400000000000000000e+01 8.500000000000000000e+01
5.100000000000000000e+01 9.500000000000000000e+01
6.800000000000000000e+01 9.500000000000000000e+01
8.500000000000000000e+01 1.160000000000000000e+02
1.020000000000000000e+02 9.800000000000000000e+01
1.190000000000000000e+02 1.130000000000000000e+02
1.360000000000000000e+02 1.080000000000000000e+02
1.530000000000000000e+02 1.040000000000000000e+02
1.700000000000000000e+02 1.160000000000000000e+02
1.870000000000000000e+02 8.800000000000000000e+01
2.040000000000000000e+02 1.060000000000000000e+02
2.210000000000000000e+02 1.040000000000000000e+02
2.380000000000000000e+02 9.300000000000000000e+01
2.550000000000000000e+02 1.130000000000000000e+02
2.720000000000000000e+02 1.060000000000000000e+02
2.890000000000000000e+02 9.400000000000000000e+01
3.060000000000000000e+02 1.050000000000000000e+02
3.230000000000000000e+02 7.900000000000000000e+01
3.400000000000000000e+02 8.500000000000000000e+01
3.570000000000000000e+02 9.300000000000000000e+01
3.740000000000000000e+02 9.700000000000000000e+01
3.910000000000000000e+02 1.110000000000000000e+02
4.080000000000000000e+02 9.000000000000000000e+01
4.250000000000000000e+02 9.200000000000000000e+01
4.420000000000000000e+02 9.200000000000000000e+01
4.590000000000000000e+02 9.700000000000000000e+01
4.760000000000000000e+02 9.700000000000000000e+01
4.930000000000000000e+02 9.000000000000000000e+01
5.100000000000000000e+02 1.020000000000000000e+02
5.270000000000000000e+02 8.300000000000000000e+01
5.440000000000000000e+02 1.050000000000000000e+02
5.610000000000000000e+02 9.700000000000000000e+01
5.780000000000000000e+02 1.010000000000000000e+02
5.950000000000000000e+02 9.300000000000000000e+01
6.120000000000000000e+02 9.900000000000000000e+01
6.290000000000000000e+02 9.300000000000000000e+01
6.460000000000000000e+02 9.200000000000000000e+01
6.630000000000000000e+02 8.700000000000000000e+01
6.800000000000000000e+02 7.800000000000000000e+01
6.970000000000000000e+02 9.500000000000000000e+01
7.140000000000000000e+02 9.200000000000000000e+01
7.310000000000000000e+02 1.180000000000000000e+02
7.480000000000000000e+02 1.150000000000000000e+02
7.650000000000000000e+02 9.100000000000000000e+01
7.820000000000000000e+02 1.040000000000000000e+02
7.990000000000000000e+02 1.010000000000000000e+02
8.160000000000000000e+02 8.300000000000000000e+01
8.330000000000000000e+02 9.900000000000000000e+01
8.500000000000000000e+02 8.600000000000000000e+01
8.670000000000000000e+02 8.900000000000000000e+01
8.840000000000000000e+02 9.800000000000000000e+01
9.010000000000000000e+02 9.100000000000000000e+01
9.180000000000000000e+02 1.110000000000000000e+02
9.350000000000000000e+02 9.600000000000000000e+01
9.520000000000000000e+02 8.700000000000000000e+01
9.690000000000000000e+02 9.500000000000000000e+01
9.860000000000000000e+02 1.050000000000000000e+02
1.003000000000000000e+03 9.600000000000000000e+01
1.020000000000000000e+03 1.000000000000000000e+02
1.037000000000000000e+03 7.800000000000000000e+01
1.054000000000000000e+03 9.000000000000000000e+01
1.071000000000000000e+03 9.600000000000000000e+01
1.088000000000000000e+03 1.070000000000000000e+02
1.105000000000000000e+03 1.070000000000000000e+02
1.122000000000000000e+03 8.800000000000000000e+01
1.139000000000000000e+03 1.040000000000000000e+02
1.156000000000000000e+03 1.020000000000000000e+02
1.173000000000000000e+03 1.110000000000000000e+02
1.190000000000000000e+03 8.500000000000000000e+01
1.207000000000000000e+03 1.210000000000000000e+02
1.224000000000000000e+03 7.800000000000000000e+01
1.241000000000000000e+03 1.050000000000000000e+02
1.258000000000000000e+03 9.900000000000000000e+01
1.275000000000000000e+03 1.030000000000000000e+02
1.292000000000000000e+03 1.020000000000000000e+02
1.309000000000000000e+03 1.110000000000000000e+02
1.326000000000000000e+03 9.700000000000000000e+01
1.343000000000000000e+03 1.030000000000000000e+02
1.360000000000000000e+03 9.500000000000000000e+01
1.377000000000000000e+03 9.100000000000000000e+01
1.394000000000000000e+03 9.700000000000000000e+01
1.411000000000000000e+03 9.800000000000000000e+01
1.428000000000000000e+03 1.080000000000000000e+02
1.445000000000000000e+03 1.180000000000000000e+02
1.462000000000000000e+03 1.160000000000000000e+02
1.479000000000000000e+03 1.070000000000000000e+02
1.496000000000000000e+03 1.240000000000000000e+02
1.513000000000000000e+03 9.900000000000000000e+01
1.530000000000000000e+03 9.800000000000000000e+01
1.547000000000000000e+03 9.600000000000000000e+01
1.564000000000000000e+03 9.700000000000000000e+01
1.581000000000000000e+03 1.000000000000000000e+02
1.598000000000000000e+03 1.030000000000000000e+02
1.615000000000000000e+03 8.000000000000000000e+01
1.632000000000000000e+03 1.100000000000000000e+02
1.649000000000000000e+03 1.010000000000000000e+02
1.666000000000000000e+03 9.100000000000000000e+01
1.683000000000000000e+03 1.180000000000000000e+02
1.700000000000000000e+03 1.110000000000000000e+02
1.717000000000000000e+03 9.800000000000000000e+01
1.734000000000000000e+03 9.100000000000000000e+01
1.751000000000000000e+03 8.800000000000000000e+01
1.768000000000000000e+03 9.400000000000000000e+01
1.785000000000000000e+03 1.180000000000000000e+02
1.802000000000000000e+03 1.210000000000000000e+02
1.819000000000000000e+03 8.900000000000000000e+01
1.836000000000000000e+03 1.130000000000000000e+02
1.853000000000000000e+03 9.500000000000000000e+01
1.870000000000000000e+03 7.400000000000000000e+01
1.887000000000000000e+03 7.700000000000000000e+01
1.904000000000000000e+03 7.800000000000000000e+01
1.921000000000000000e+03 1.100000000000000000e+02
1.938000000000000000e+03 8.300000000000000000e+01
1.955000000000000000e+03 1.050000000000000000e+02
1.972000000000000000e+03 9.100000000000000000e+01
1.989000000000000000e+03 9.600000000000000000e+01
2.006000000000000000e+03 9.000000000000000000e+01
2.023000000000000000e+03 9.000000000000000000e+01
2.040000000000000000e+03 9.200000000000000000e+01
2.057000000000000000e+03 1.040000000000000000e+02
2.074000000000000000e+03 9.500000000000000000e+01
2.091000000000000000e+03 1.030000000000000000e+02
2.108000000000000000e+03 1.150000000000000000e+02
2.125000000000000000e+03 9.900000000000000000e+01
2.142000000000000000e+03 1.130000000000000000e+02
2.159000000000000000e+03 9.200000000000000000e+01
2.176000000000000000e+03 1.100000000000000000e+02
2.193000000000000000e+03 9.000000000000000000e+01
2.210000000000000000e+03 1.170000000000000000e+02
2.227000000000000000e+03 9.900000000000000000e+01
2.244000000000000000e+03 9.700000000000000000e+01
2.261000000000000000e+03 8.000000000000000000e+01
2.278000000000000000e+03 9.900000000000000000e+01
2.295000000000000000e+03 9.900000000000000000e+01
2.312000000000000000e+03 9.400000000000000000e+01
2.329000000000000000e+03 9.800000000000000000e+01
2.346000000000000000e+03 9.600000000000000000e+01
2.363000000000000000e+03 8.900000000000000000e+01
2.380000000000000000e+03 8.700000000000000000e+01
2.397000000000000000e+03 1.030000000000000000e+02
2.414000000000000000e+03 9.100000000000000000e+01
2.431000000000000000e+03 9.000000000000000000e+01
2.448000000000000000e+03 8.800000000000000000e+01
2.465000000000000000e+03 1.000000000000000000e+02
2.482000000000000000e+03 9.800000000000000000e+01
2.499000000000000000e+03 8.900000000000000000e+01
2.516000000000000000e+03 9.800000000000000000e+01
2.533000000000000000e+03 8.800000000000000000e+01
2.550000000000000000e+03 9.000000000000000000e+01
2.567000000000000000e+03 9.500000000000000000e+01
2.584000000000000000e+03 1.000000000000000000e+02
2.601000000000000000e+03 1.270000000000000000e+02
2.618000000000000000e+03 1.110000000000000000e+02
2.635000000000000000e+03 1.090000000000000000e+02
2.652000000000000000e+03 1.220000000000000000e+02
2.669000000000000000e+03 9.700000000000000000e+01
2.686000000000000000e+03 8.600000000000000000e+01
2.703000000000000000e+03 9.900000000000000000e+01
2.720000000000000000e+03 9.100000000000000000e+01
2.737000000000000000e+03 8.600000000000000000e+01
2.754000000000000000e+03 9.600000000000000000e+01
2.771000000000000000e+03 8.700000000000000000e+01
2.788000000000000000e+03 9.600000000000000000e+01
2.805000000000000000e+03 1.130000000000000000e+02
2.822000000000000000e+03 9.100000000000000000e+01
2.839000000000000000e+03 8.500000000000000000e+01
2.856000000000000000e+03 1.040000000000000000e+02
2.873000000000000000e+03 9.500000000000000000e+01
2.890000000000000000e+03 8.800000000000000000e+01
2.907000000000000000e+03 1.080000000000000000e+02
2.924000000000000000e+03 1.110000000000000000e+02
2.941000000000000000e+03 1.060000000000000000e+02
2.958000000000000000e+03 9.200000000000000000e+01
2.975000000000000000e+03 9.200000000000000000e+01
2.992000000000000000e+03 1.110000000000000000e+02
3.009000000000000000e+03 9.100000000000000000e+01
3.026000000000000000e+03 1.010000000000000000e+02
3.043000000000000000e+03 1.090000000000000000e+02
3.060000000000000000e+03 1.000000000000000000e+02
3.077000000000000000e+03 1.000000000000000000e+02
3.094000000000000000e+03 9.700000000000000000e+01
3.111000000000000000e+03 8.500000000000000000e+01
3.128000000000000000e+03 1.010000000000000000e+02
3.145000000000000000e+03 9.300000000000000000e+01
3.162000000000000000e+03 9.900000000000000000e+01
3.179000000000000000e+03 1.030000000000000000e+02
3.196000000000000000e+03 7.100000000000000000e+01
3.213000000000000000e+03 1.180000000000000000e+02
3.230000000000000000e+03 7.500000000000000000e+01
3.247000000000000000e+03 9.700000000000000000e+01
3.264000000000000000e+03 1.040000000000000000e+02
3.281000000000000000e+03 1.020000000000000000e+02
3.298000000000000000e+03 8.800000000000000000e+01
3.315000000000000000e+03 7.400000000000000000e+01
