0.000000000000000000e+00 1.415000000000000000e+03
1.700000000000000000e+01 1.547000000000000000e+03
3.400000000000000000e+01 1.514000000000000000e+03
5.100000000000000000e+01 1.578000000000000000e+03
6.800000000000000000e+01 1.595000000000000000e+03
8.500000000000000000e+01 1.713000000000000000e+03
1.020000000000000000e+02 1.769000000000000000e+03
1.190000000000000000e+02 1.777000000000000000e+03
1.360000000000000000e+02 1.806000000000000000e+03
1.530000000000000000e+02 1.932000000000000000e+03
1.700000000000000000e+02 1.980000000000000000e+03
1.870000000000000000e+02 2.087000000000000000e+03
2.040000000000000000e+02 2.106000000000000000e+03
2.210000000000000000e+02 2.097000000000000000e+03
2.380000000000000000e+02 2.252000000000000000e+03
2.550000000000000000e+02 2.117000000000000000e+03
2.720000000000000000e+02 2.202000000000000000e+03
2.890000000000000000e+02 2.258000000000000000e+03
3.060000000000000000e+02 2.354000000000000000e+03
3.230000000000000000e+02 2.361000000000000000e+03
3.400000000000000000e+02 2.368000000000000000e+03
3.570000000000000000e+02 2.384000000000000000e+03
3.740000000000000000e+02 2.567000000000000000e+03
3.910000000000000000e+02 2.425000000000000000e+03
4.080000000000000000e+02 2.491000000000000000e+03
4.250000000000000000e+02 2.475000000000000000e+03
4.420000000000000000e+02 2.465000000000000000e+03
4.590000000000000000e+02 2.521000000000000000e+03
4.760000000000000000e+02 2.521000000000000000e+03
4.930000000000000000e+02 2.592000000000000000e+03
5.100000000000000000e+02 2.568000000000000000e+03
5.270000000000000000e+02 2.505000000000000000e+03
5.440000000000000000e+02 2.576000000000000000e+03
5.610000000000000000e+02 2.553000000000000000e+03
5.780000000000000000e+02 2.525000000000000000e+03
5.950000000000000000e+02 2.419000000000000000e+03
6.120000000000000000e+02 2.459000000000000000e+03
6.290000000000000000e+02 2.373000000000000000e+03
6.460000000000000000e+02 2.469000000000000000e+03
6.630000000000000000e+02 2.446000000000000000e+03
6.800000000000000000e+02 2.338000000000000000e+03
6.970000000000000000e+02 2.370000000000000000e+03
7.140000000000000000e+02 2.345000000000000000e+03
7.310000000000000000e+02 2.382000000000000000e+03
7.480000000000000000e+02 2.324000000000000000e+03
7.650000000000000000e+02 2.203000000000000000e+03
7.820000000000000000e+02 2.235000000000000000e+03
7.990000000000000000e+02 2.207000000000000000e+03
8.160000000000000000e+02 2.198000000000000000e+03
8.330000000000000000e+02 2.079000000000000000e+03
8.500000000000000000e+02 2.066000000000000000e+03
8.670000000000000000e+02 1.934000000000000000e+03
8.840000000000000000e+02 2.033000000000000000e+03
9.010000000000000000e+02 1.807000000000000000e+03
9.180000000000000000e+02 1.805000000000000000e+03
9.350000000000000000e+02 1.751000000000000000e+03
9.520000000000000000e+02 1.741000000000000000e+03
9.690000000000000000e+02 1.605000000000000000e+03
9.860000000000000000e+02 1.729000000000000000e+03
1.003000000000000000e+03 1.584000000000000000e+03
1.020000000000000000e+03 1.627000000000000000e+03
1.037000000000000000e+03 1.455000000000000000e+03
1.054000000000000000e+03 1.461000000000000000e+03
1.071000000000000000e+03 1.439000000000000000e+03
1.088000000000000000e+03 1.412000000000000000e+03
1.105000000000000000e+03 1.364000000000000000e+03
1.122000000000000000e+03 1.338000000000000000e+03
1.139000000000000000e+03 1.271000000000000000e+03
1.156000000000000000e+03 1.240000000000000000e+03
1.173000000000000000e+03 1.278000000000000000e+03
1.190000000000000000e+03 1.217000000000000000e+03
1.207000000000000000e+03 1.163000000000000000e+03
1.224000000000000000e+03 1.151000000000000000e+03
1.241000000000000000e+03 1.107000000000000000e+03
1.258000000000000000e+03 1.076000000000000000e+03
1.275000000000000000e+03 1.047000000000000000e+03
1.292000000000000000e+03 1.053000000000000000e+03
1.309000000000000000e+03 1.043000000000000000e+03
1.326000000000000000e+03 1.042000000000000000e+03
1.343000000000000000e+03 1.015000000000000000e+03
1.360000000000000000e+03 1.022000000000000000e+03
1.377000000000000000e+03 1.051000000000000000e+03
1.394000000000000000e+03 1.027000000000000000e+03
1.411000000000000000e+03 1.093000000000000000e+03
1.428000000000000000e+03 1.024000000000000000e+03
1.445000000000000000e+03 1.006000000000000000e+03
1.462000000000000000e+03 1.046000000000000000e+03
1.479000000000000000e+03 1.071000000000000000e+03
1.496000000000000000e+03 1.009000000000000000e+03
1.513000000000000000e+03 1.108000000000000000e+03
1.530000000000000000e+03 1.104000000000000000e+03
1.547000000000000000e+03 1.177000000000000000e+03
1.564000000000000000e+03 1.133000000000000000e+03
1.581000000000000000e+03 1.232000000000000000e+03
1.598000000000000000e+03 1.259000000000000000e+03
1.615000000000000000e+03 1.321000000000000000e+03
1.632000000000000000e+03 1.380000000000000000e+03
1.649000000000000000e+03 1.455000000000000000e+03
1.666000000000000000e+03 1.489000000000000000e+03
1.683000000000000000e+03 1.511000000000000000e+03
1.700000000000000000e+03 1.574000000000000000e+03
1.717000000000000000e+03 1.603000000000000000e+03
1.734000000000000000e+03 1.690000000000000000e+03
1.751000000000000000e+03 1.690000000000000000e+03
1.768000000000000000e+03 1.800000000000000000e+03
1.785000000000000000e+03 1.903000000000000000e+03
1.802000000000000000e+03 1.816000000000000000e+03
1.819000000000000000e+03 1.918000000000000000e+03
1.836000000000000000e+03 2.020000000000000000e+03
1.853000000000000000e+03 1.982000000000000000e+03
1.870000000000000000e+03 2.165000000000000000e+03
1.887000000000000000e+03 2.098000000000000000e+03
1.904000000000000000e+03 2.197000000000000000e+03
1.921000000000000000e+03 2.128000000000000000e+03
1.938000000000000000e+03 2.222000000000000000e+03
1.955000000000000000e+03 2.210000000000000000e+03
1.972000000000000000e+03 2.310000000000000000e+03
1.989000000000000000e+03 2.364000000000000000e+03
2.006000000000000000e+03 2.311000000000000000e+03
2.023000000000000000e+03 2.398000000000000000e+03
2.040000000000000000e+03 2.512000000000000000e+03
2.057000000000000000e+03 2.422000000000000000e+03
2.074000000000000000e+03 2.408000000000000000e+03
2.091000000000000000e+03 2.491000000000000000e+03
2.108000000000000000e+03 2.493000000000000000e+03
2.125000000000000000e+03 2.508000000000000000e+03
2.142000000000000000e+03 2.505000000000000000e+03
2.159000000000000000e+03 2.512000000000000000e+03
2.176000000000000000e+03 2.513000000000000000e+03
2.193000000000000000e+03 2.570000000000000000e+03
2.210000000000000000e+03 2.483000000000000000e+03
2.227000000000000000e+03 2.408000000000000000e+03
2.244000000000000000e+03 2.463000000000000000e+03
2.261000000000000000e+03 2.466000000000000000e+03
2.278000000000000000e+03 2.534000000000000000e+03
2.295000000000000000e+03 2.484000000000000000e+03
2.312000000000000000e+03 2.464000000000000000e+03
2.329000000000000000e+03 2.439000000000000000e+03
2.346000000000000000e+03 2.427000000000000000e+03
2.363000000000000000e+03 2.315000000000000000e+03
2.380000000000000000e+03 2.301000000000000000e+03
2.397000000000000000e+03 2.297000000000000000e+03
2.414000000000000000e+03 2.304000000000000000e+03
2.431000000000000000e+03 2.295000000000000000e+03
2.448000000000000000e+03 2.166000000000000000e+03
2.465000000000000000e+03 2.138000000000000000e+03
2.482000000000000000e+03 2.062000000000000000e+03
2.499000000000000000e+03 2.122000000000000000e+03
2.516000000000000000e+03 1.930000000000000000e+03
2.533000000000000000e+03 1.960000000000000000e+03
2.550000000000000000e+03 1.929000000000000000e+03
2.567000000000000000e+03 1.880000000000000000e+03
2.584000000000000000e+03 1.824000000000000000e+03
2.601000000000000000e+03 1.739000000000000000e+03
2.618000000000000000e+03 1.700000000000000000e+03
2.635000000000000000e+03 1.759000000000000000e+03
2.652000000000000000e+03 1.687000000000000000e+03
2.669000000000000000e+03 1.638000000000000000e+03
2.686000000000000000e+03 1.595000000000000000e+03
2.703000000000000000e+03 1.461000000000000000e+03
2.720000000000000000e+03 1.456000000000000000e+03
2.737000000000000000e+03 1.454000000000000000e+03
2.754000000000000000e+03 1.403000000000000000e+03
2.771000000000000000e+03 1.417000000000000000e+03
2.788000000000000000e+03 1.335000000000000000e+03
2.805000000000000000e+03 1.362000000000000000e+03
2.822000000000000000e+03 1.209000000000000000e+03
2.839000000000000000e+03 1.274000000000000000e+03
2.856000000000000000e+03 1.213000000000000000e+03
2.873000000000000000e+03 1.197000000000000000e+03
2.890000000000000000e+03 1.148000000000000000e+03
2.907000000000000000e+03 1.134000000000000000e+03
2.924000000000000000e+03 1.132000000000000000e+03
2.941000000000000000e+03 1.049000000000000000e+03
2.958000000000000000e+03 1.086000000000000000e+03
2.975000000000000000e+03 1.059000000000000000e+03
2.992000000000000000e+03 1.067000000000000000e+03
3.009000000000000000e+03 1.075000000000000000e+03
3.026000000000000000e+03 1.036000000000000000e+03
3.043000000000000000e+03 1.010000000000000000e+03
3.060000000000000000e+03 1.009000000000000000e+03
3.077000000000000000e+03 1.004000000000000000e+03
3.094000000000000000e+03 1.033000000000000000e+03
3.111000000000000000e+03 1.039000000000000000e+03
3.128000000000000000e+03 1.055000000000000000e+03
3.145000000000000000e+03 9.980000000000000000e+02
3.162000000000000000e+03 1.081000000000000000e+03
3.179000000000000000e+03 1.101000000000000000e+03
3.196000000000000000e+03 1.129000000000000000e+03
3.213000000000000000e+03 1.141000000000000000e+03
3.230000000000000000e+03 1.274000000000000000e+03
3.247000000000000000e+03 1.249000000000000000e+03
3.264000000000000000e+03 1.240000000000000000e+03
3.281000000000000000e+03 1.337000000000000000e+03
3.298000000000000000e+03 1.325000000000000000e+03
3.315000000000000000e+03 1.382000000000000000e+03
