0.000000000000000000e+00 2.820000000000000000e+03
3.330000000000000000e+02 2.879000000000000000e+03
6.660000000000000000e+02 2.938000000000000000e+03
9.990000000000000000e+02 2.938000000000000000e+03
1.332000000000000000e+03 3.160000000000000000e+03
1.665000000000000000e+03 3.133000000000000000e+03
1.998000000000000000e+03 3.332000000000000000e+03
2.331000000000000000e+03 3.200000000000000000e+03
2.664000000000000000e+03 3.315000000000000000e+03
2.997000000000000000e+03 3.300000000000000000e+03
3.330000000000000000e+03 3.335000000000000000e+03
3.663000000000000000e+03 3.451000000000000000e+03
3.996000000000000000e+03 3.686000000000000000e+03
4.329000000000000000e+03 3.538000000000000000e+03
4.662000000000000000e+03 3.539000000000000000e+03
4.995000000000000000e+03 3.507000000000000000e+03
5.328000000000000000e+03 3.614000000000000000e+03
5.661000000000000000e+03 3.513000000000000000e+03
5.994000000000000000e+03 3.534000000000000000e+03
6.327000000000000000e+03 3.581000000000000000e+03
6.660000000000000000e+03 3.670000000000000000e+03
6.993000000000000000e+03 3.661000000000000000e+03
7.326000000000000000e+03 3.552000000000000000e+03
7.659000000000000000e+03 3.564000000000000000e+03
7.992000000000000000e+03 3.554000000000000000e+03
8.325000000000000000e+03 3.474000000000000000e+03
8.658000000000000000e+03 3.458000000000000000e+03
8.991000000000000000e+03 3.512000000000000000e+03
9.324000000000000000e+03 3.555000000000000000e+03
9.657000000000000000e+03 3.444000000000000000e+03
9.990000000000000000e+03 3.367000000000000000e+03
1.032300000000000000e+04 3.345000000000000000e+03
1.065600000000000000e+04 3.344000000000000000e+03
1.098900000000000000e+04 3.267000000000000000e+03
1.132200000000000000e+04 3.157000000000000000e+03
1.165500000000000000e+04 3.083000000000000000e+03
1.198800000000000000e+04 3.074000000000000000e+03
1.232100000000000000e+04 2.982000000000000000e+03
1.265400000000000000e+04 3.024000000000000000e+03
1.298700000000000000e+04 2.957000000000000000e+03
1.332000000000000000e+04 2.710000000000000000e+03
1.365300000000000000e+04 2.708000000000000000e+03
1.398600000000000000e+04 2.638000000000000000e+03
1.431900000000000000e+04 2.626000000000000000e+03
1.465200000000000000e+04 2.458000000000000000e+03
1.498500000000000000e+04 2.263000000000000000e+03
1.531800000000000000e+04 2.247000000000000000e+03
1.565100000000000000e+04 2.102000000000000000e+03
1.598400000000000000e+04 2.021000000000000000e+03
1.631700000000000000e+04 1.920000000000000000e+03
1.665000000000000000e+04 1.894000000000000000e+03
1.698300000000000000e+04 1.773000000000000000e+03
1.731600000000000000e+04 1.694000000000000000e+03
1.764900000000000000e+04 1.472000000000000000e+03
1.798200000000000000e+04 1.449000000000000000e+03
1.831500000000000000e+04 1.308000000000000000e+03
1.864800000000000000e+04 1.192000000000000000e+03
1.898100000000000000e+04 1.160000000000000000e+03
1.931400000000000000e+04 1.051000000000000000e+03
1.964700000000000000e+04 9.580000000000000000e+02
1.998000000000000000e+04 8.870000000000000000e+02
2.031300000000000000e+04 9.010000000000000000e+02
2.064600000000000000e+04 7.620000000000000000e+02
2.097900000000000000e+04 7.660000000000000000e+02
2.131200000000000000e+04 7.360000000000000000e+02
2.164500000000000000e+04 6.940000000000000000e+02
2.197800000000000000e+04 6.320000000000000000e+02
2.231100000000000000e+04 5.960000000000000000e+02
2.264400000000000000e+04 5.490000000000000000e+02
2.297700000000000000e+04 5.410000000000000000e+02
2.331000000000000000e+04 5.510000000000000000e+02
2.364300000000000000e+04 5.460000000000000000e+02
2.397600000000000000e+04 5.280000000000000000e+02
2.430900000000000000e+04 5.510000000000000000e+02
2.464200000000000000e+04 5.880000000000000000e+02
2.497500000000000000e+04 5.640000000000000000e+02
2.530800000000000000e+04 5.940000000000000000e+02
2.564100000000000000e+04 5.900000000000000000e+02
2.597400000000000000e+04 6.840000000000000000e+02
2.630700000000000000e+04 6.660000000000000000e+02
2.664000000000000000e+04 7.240000000000000000e+02
2.697300000000000000e+04 8.320000000000000000e+02
2.730600000000000000e+04 9.480000000000000000e+02
2.763900000000000000e+04 1.022000000000000000e+03
2.797200000000000000e+04 1.106000000000000000e+03
2.830500000000000000e+04 1.243000000000000000e+03
2.863800000000000000e+04 1.314000000000000000e+03
2.897100000000000000e+04 1.385000000000000000e+03
2.930400000000000000e+04 1.514000000000000000e+03
2.963700000000000000e+04 1.744000000000000000e+03
2.997000000000000000e+04 1.768000000000000000e+03
3.030300000000000000e+04 1.869000000000000000e+03
3.063600000000000000e+04 2.082000000000000000e+03
3.096900000000000000e+04 2.018000000000000000e+03
3.130200000000000000e+04 2.143000000000000000e+03
3.163500000000000000e+04 2.388000000000000000e+03
3.196800000000000000e+04 2.477000000000000000e+03
3.230100000000000000e+04 2.617000000000000000e+03
3.263400000000000000e+04 2.591000000000000000e+03
3.296700000000000000e+04 2.794000000000000000e+03
3.330000000000000000e+04 2.850000000000000000e+03
3.363300000000000000e+04 2.877000000000000000e+03
3.396600000000000000e+04 3.064000000000000000e+03
3.429900000000000000e+04 3.028000000000000000e+03
3.463200000000000000e+04 3.100000000000000000e+03
3.496500000000000000e+04 3.219000000000000000e+03
3.529800000000000000e+04 3.283000000000000000e+03
3.563100000000000000e+04 3.269000000000000000e+03
3.596400000000000000e+04 3.356000000000000000e+03
3.629700000000000000e+04 3.347000000000000000e+03
3.663000000000000000e+04 3.371000000000000000e+03
3.696300000000000000e+04 3.443000000000000000e+03
3.729600000000000000e+04 3.462000000000000000e+03
3.762900000000000000e+04 3.473000000000000000e+03
3.796200000000000000e+04 3.693000000000000000e+03
3.829500000000000000e+04 3.536000000000000000e+03
3.862800000000000000e+04 3.577000000000000000e+03
3.896100000000000000e+04 3.498000000000000000e+03
3.929400000000000000e+04 3.649000000000000000e+03
3.962700000000000000e+04 3.574000000000000000e+03
3.996000000000000000e+04 3.618000000000000000e+03
4.029300000000000000e+04 3.604000000000000000e+03
4.062600000000000000e+04 3.530000000000000000e+03
4.095900000000000000e+04 3.634000000000000000e+03
4.129200000000000000e+04 3.633000000000000000e+03
4.162500000000000000e+04 3.532000000000000000e+03
4.195800000000000000e+04 3.487000000000000000e+03
4.229100000000000000e+04 3.502000000000000000e+03
4.262400000000000000e+04 3.600000000000000000e+03
4.295700000000000000e+04 3.478000000000000000e+03
4.329000000000000000e+04 3.401000000000000000e+03
4.362300000000000000e+04 3.355000000000000000e+03
4.395600000000000000e+04 3.373000000000000000e+03
4.428900000000000000e+04 3.290000000000000000e+03
4.462200000000000000e+04 3.221000000000000000e+03
4.495500000000000000e+04 3.201000000000000000e+03
4.528800000000000000e+04 3.135000000000000000e+03
4.562100000000000000e+04 3.150000000000000000e+03
4.595400000000000000e+04 2.957000000000000000e+03
4.628700000000000000e+04 2.872000000000000000e+03
4.662000000000000000e+04 2.767000000000000000e+03
4.695300000000000000e+04 2.787000000000000000e+03
4.728600000000000000e+04 2.561000000000000000e+03
4.761900000000000000e+04 2.522000000000000000e+03
4.795200000000000000e+04 2.464000000000000000e+03
4.828500000000000000e+04 2.306000000000000000e+03
4.861800000000000000e+04 2.355000000000000000e+03
4.895100000000000000e+04 2.192000000000000000e+03
4.928400000000000000e+04 2.077000000000000000e+03
4.961700000000000000e+04 1.931000000000000000e+03
4.995000000000000000e+04 1.852000000000000000e+03
5.028300000000000000e+04 1.848000000000000000e+03
5.061600000000000000e+04 1.606000000000000000e+03
5.094900000000000000e+04 1.547000000000000000e+03
5.128200000000000000e+04 1.394000000000000000e+03
5.161500000000000000e+04 1.304000000000000000e+03
5.194800000000000000e+04 1.291000000000000000e+03
5.228100000000000000e+04 1.186000000000000000e+03
5.261400000000000000e+04 1.062000000000000000e+03
5.294700000000000000e+04 1.047000000000000000e+03
5.328000000000000000e+04 9.950000000000000000e+02
5.361300000000000000e+04 8.120000000000000000e+02
5.394600000000000000e+04 7.890000000000000000e+02
5.427900000000000000e+04 7.690000000000000000e+02
5.461200000000000000e+04 6.950000000000000000e+02
5.494500000000000000e+04 6.690000000000000000e+02
5.527800000000000000e+04 6.590000000000000000e+02
5.561100000000000000e+04 5.810000000000000000e+02
5.594400000000000000e+04 5.450000000000000000e+02
5.627700000000000000e+04 5.880000000000000000e+02
5.661000000000000000e+04 5.800000000000000000e+02
5.694300000000000000e+04 5.680000000000000000e+02
5.727600000000000000e+04 5.470000000000000000e+02
5.760900000000000000e+04 5.490000000000000000e+02
5.794200000000000000e+04 5.260000000000000000e+02
5.827500000000000000e+04 6.020000000000000000e+02
5.860800000000000000e+04 6.060000000000000000e+02
5.894100000000000000e+04 6.430000000000000000e+02
5.927400000000000000e+04 6.870000000000000000e+02
5.960700000000000000e+04 7.430000000000000000e+02
5.994000000000000000e+04 8.060000000000000000e+02
6.027300000000000000e+04 9.110000000000000000e+02
6.060600000000000000e+04 9.530000000000000000e+02
6.093900000000000000e+04 1.049000000000000000e+03
6.127200000000000000e+04 1.080000000000000000e+03
6.160500000000000000e+04 1.165000000000000000e+03
6.193800000000000000e+04 1.304000000000000000e+03
6.227100000000000000e+04 1.415000000000000000e+03
6.260400000000000000e+04 1.580000000000000000e+03
6.293700000000000000e+04 1.625000000000000000e+03
6.327000000000000000e+04 1.686000000000000000e+03
6.360300000000000000e+04 1.907000000000000000e+03
6.393600000000000000e+04 2.054000000000000000e+03
6.426900000000000000e+04 2.113000000000000000e+03
6.460200000000000000e+04 2.283000000000000000e+03
6.493500000000000000e+04 2.290000000000000000e+03
6.526800000000000000e+04 2.283000000000000000e+03
6.560100000000000000e+04 2.487000000000000000e+03
6.593400000000000000e+04 2.742000000000000000e+03
6.626700000000000000e+04 2.698000000000000000e+03
