0.000000000000000000e+00 3.936000000000000000e+03
2.500000000000000000e+03 4.102000000000000000e+03
5.000000000000000000e+03 4.018000000000000000e+03
7.500000000000000000e+03 4.157000000000000000e+03
1.000000000000000000e+04 4.256000000000000000e+03
1.250000000000000000e+04 4.491000000000000000e+03
1.500000000000000000e+04 4.555000000000000000e+03
1.750000000000000000e+04 4.605000000000000000e+03
2.000000000000000000e+04 4.627000000000000000e+03
2.250000000000000000e+04 4.755000000000000000e+03
2.500000000000000000e+04 4.745000000000000000e+03
2.750000000000000000e+04 4.800000000000000000e+03
3.000000000000000000e+04 4.886000000000000000e+03
3.250000000000000000e+04 4.733000000000000000e+03
3.500000000000000000e+04 4.775000000000000000e+03
3.750000000000000000e+04 4.786000000000000000e+03
4.000000000000000000e+04 4.955000000000000000e+03
4.250000000000000000e+04 4.961000000000000000e+03
4.500000000000000000e+04 4.941000000000000000e+03
4.750000000000000000e+04 4.976000000000000000e+03
5.000000000000000000e+04 5.063000000000000000e+03
5.250000000000000000e+04 4.954000000000000000e+03
5.500000000000000000e+04 4.765000000000000000e+03
5.750000000000000000e+04 4.940000000000000000e+03
6.000000000000000000e+04 5.021000000000000000e+03
6.250000000000000000e+04 5.037000000000000000e+03
6.500000000000000000e+04 4.942000000000000000e+03
6.750000000000000000e+04 4.856000000000000000e+03
7.000000000000000000e+04 4.737000000000000000e+03
7.250000000000000000e+04 4.886000000000000000e+03
7.500000000000000000e+04 4.585000000000000000e+03
7.750000000000000000e+04 4.568000000000000000e+03
8.000000000000000000e+04 4.455000000000000000e+03
8.250000000000000000e+04 4.667000000000000000e+03
8.500000000000000000e+04 4.435000000000000000e+03
8.750000000000000000e+04 4.437000000000000000e+03
9.000000000000000000e+04 4.307000000000000000e+03
9.250000000000000000e+04 4.216000000000000000e+03
9.500000000000000000e+04 4.014000000000000000e+03
9.750000000000000000e+04 3.846000000000000000e+03
1.000000000000000000e+05 3.738000000000000000e+03
1.025000000000000000e+05 3.607000000000000000e+03
1.050000000000000000e+05 3.576000000000000000e+03
1.075000000000000000e+05 3.488000000000000000e+03
1.100000000000000000e+05 3.300000000000000000e+03
1.125000000000000000e+05 3.082000000000000000e+03
1.150000000000000000e+05 2.927000000000000000e+03
1.175000000000000000e+05 2.839000000000000000e+03
1.200000000000000000e+05 2.641000000000000000e+03
1.225000000000000000e+05 2.481000000000000000e+03
1.250000000000000000e+05 2.288000000000000000e+03
1.275000000000000000e+05 2.142000000000000000e+03
1.300000000000000000e+05 2.111000000000000000e+03
1.325000000000000000e+05 1.883000000000000000e+03
1.350000000000000000e+05 1.624000000000000000e+03
1.375000000000000000e+05 1.621000000000000000e+03
1.400000000000000000e+05 1.506000000000000000e+03
1.425000000000000000e+05 1.355000000000000000e+03
1.450000000000000000e+05 1.257000000000000000e+03
1.475000000000000000e+05 1.072000000000000000e+03
1.500000000000000000e+05 1.091000000000000000e+03
1.525000000000000000e+05 9.420000000000000000e+02
1.550000000000000000e+05 9.230000000000000000e+02
1.575000000000000000e+05 8.940000000000000000e+02
1.600000000000000000e+05 8.160000000000000000e+02
1.625000000000000000e+05 7.680000000000000000e+02
1.650000000000000000e+05 7.110000000000000000e+02
1.675000000000000000e+05 7.170000000000000000e+02
1.700000000000000000e+05 6.620000000000000000e+02
1.725000000000000000e+05 6.650000000000000000e+02
1.750000000000000000e+05 7.070000000000000000e+02
1.775000000000000000e+05 7.010000000000000000e+02
1.800000000000000000e+05 7.440000000000000000e+02
1.825000000000000000e+05 7.450000000000000000e+02
1.850000000000000000e+05 7.750000000000000000e+02
1.875000000000000000e+05 7.810000000000000000e+02
1.900000000000000000e+05 8.050000000000000000e+02
1.925000000000000000e+05 9.200000000000000000e+02
1.950000000000000000e+05 9.770000000000000000e+02
1.975000000000000000e+05 1.050000000000000000e+03
2.000000000000000000e+05 1.176000000000000000e+03
2.025000000000000000e+05 1.251000000000000000e+03
2.050000000000000000e+05 1.333000000000000000e+03
2.075000000000000000e+05 1.521000000000000000e+03
2.100000000000000000e+05 1.638000000000000000e+03
2.125000000000000000e+05 1.887000000000000000e+03
2.150000000000000000e+05 1.869000000000000000e+03
2.175000000000000000e+05 2.077000000000000000e+03
2.200000000000000000e+05 2.210000000000000000e+03
2.225000000000000000e+05 2.384000000000000000e+03
2.250000000000000000e+05 2.475000000000000000e+03
2.275000000000000000e+05 2.681000000000000000e+03
2.300000000000000000e+05 2.825000000000000000e+03
2.325000000000000000e+05 3.017000000000000000e+03
2.350000000000000000e+05 3.114000000000000000e+03
2.375000000000000000e+05 3.285000000000000000e+03
2.400000000000000000e+05 3.484000000000000000e+03
2.425000000000000000e+05 3.545000000000000000e+03
2.450000000000000000e+05 3.639000000000000000e+03
2.475000000000000000e+05 3.861000000000000000e+03
2.500000000000000000e+05 4.072000000000000000e+03
2.525000000000000000e+05 4.079000000000000000e+03
2.550000000000000000e+05 4.099000000000000000e+03
2.575000000000000000e+05 4.298000000000000000e+03
2.600000000000000000e+05 4.224000000000000000e+03
2.625000000000000000e+05 4.467000000000000000e+03
2.650000000000000000e+05 4.540000000000000000e+03
2.675000000000000000e+05 4.607000000000000000e+03
2.700000000000000000e+05 4.523000000000000000e+03
2.725000000000000000e+05 4.783000000000000000e+03
2.750000000000000000e+05 4.761000000000000000e+03
2.775000000000000000e+05 4.838000000000000000e+03
2.800000000000000000e+05 4.927000000000000000e+03
2.825000000000000000e+05 4.952000000000000000e+03
2.850000000000000000e+05 4.827000000000000000e+03
2.875000000000000000e+05 4.733000000000000000e+03
2.900000000000000000e+05 4.844000000000000000e+03
2.925000000000000000e+05 4.923000000000000000e+03
2.950000000000000000e+05 5.022000000000000000e+03
2.975000000000000000e+05 4.979000000000000000e+03
3.000000000000000000e+05 5.019000000000000000e+03
3.025000000000000000e+05 4.989000000000000000e+03
3.050000000000000000e+05 4.984000000000000000e+03
3.075000000000000000e+05 4.925000000000000000e+03
3.100000000000000000e+05 4.954000000000000000e+03
3.125000000000000000e+05 5.070000000000000000e+03
3.150000000000000000e+05 4.916000000000000000e+03
3.175000000000000000e+05 4.777000000000000000e+03
3.200000000000000000e+05 4.809000000000000000e+03
3.225000000000000000e+05 4.720000000000000000e+03
3.250000000000000000e+05 4.751000000000000000e+03
3.275000000000000000e+05 4.737000000000000000e+03
3.300000000000000000e+05 4.496000000000000000e+03
3.325000000000000000e+05 4.416000000000000000e+03
3.350000000000000000e+05 4.462000000000000000e+03
3.375000000000000000e+05 4.361000000000000000e+03
3.400000000000000000e+05 4.282000000000000000e+03
3.425000000000000000e+05 4.057000000000000000e+03
3.450000000000000000e+05 3.970000000000000000e+03
3.475000000000000000e+05 3.875000000000000000e+03
3.500000000000000000e+05 3.739000000000000000e+03
3.525000000000000000e+05 3.669000000000000000e+03
3.550000000000000000e+05 3.542000000000000000e+03
3.575000000000000000e+05 3.367000000000000000e+03
3.600000000000000000e+05 3.215000000000000000e+03
3.625000000000000000e+05 3.042000000000000000e+03
3.650000000000000000e+05 2.950000000000000000e+03
3.675000000000000000e+05 2.714000000000000000e+03
3.700000000000000000e+05 2.552000000000000000e+03
3.725000000000000000e+05 2.452000000000000000e+03
3.750000000000000000e+05 2.216000000000000000e+03
3.775000000000000000e+05 2.117000000000000000e+03
3.800000000000000000e+05 1.981000000000000000e+03
3.825000000000000000e+05 1.892000000000000000e+03
3.850000000000000000e+05 1.627000000000000000e+03
3.875000000000000000e+05 1.569000000000000000e+03
3.900000000000000000e+05 1.503000000000000000e+03
3.925000000000000000e+05 1.376000000000000000e+03
3.950000000000000000e+05 1.287000000000000000e+03
3.975000000000000000e+05 1.146000000000000000e+03
4.000000000000000000e+05 1.080000000000000000e+03
4.025000000000000000e+05 9.530000000000000000e+02
4.050000000000000000e+05 9.050000000000000000e+02
4.075000000000000000e+05 8.470000000000000000e+02
4.100000000000000000e+05 7.550000000000000000e+02
4.125000000000000000e+05 7.820000000000000000e+02
4.150000000000000000e+05 7.180000000000000000e+02
4.175000000000000000e+05 6.740000000000000000e+02
4.200000000000000000e+05 7.070000000000000000e+02
4.225000000000000000e+05 7.150000000000000000e+02
4.250000000000000000e+05 6.730000000000000000e+02
4.275000000000000000e+05 6.890000000000000000e+02
4.300000000000000000e+05 6.860000000000000000e+02
4.325000000000000000e+05 7.310000000000000000e+02
4.350000000000000000e+05 7.880000000000000000e+02
4.375000000000000000e+05 8.410000000000000000e+02
4.400000000000000000e+05 8.310000000000000000e+02
4.425000000000000000e+05 9.610000000000000000e+02
4.450000000000000000e+05 9.540000000000000000e+02
4.475000000000000000e+05 1.062000000000000000e+03
4.500000000000000000e+05 1.164000000000000000e+03
4.525000000000000000e+05 1.249000000000000000e+03
4.550000000000000000e+05 1.432000000000000000e+03
4.575000000000000000e+05 1.500000000000000000e+03
4.600000000000000000e+05 1.676000000000000000e+03
4.625000000000000000e+05 1.762000000000000000e+03
4.650000000000000000e+05 1.828000000000000000e+03
4.675000000000000000e+05 1.978000000000000000e+03
4.700000000000000000e+05 2.147000000000000000e+03
4.725000000000000000e+05 2.278000000000000000e+03
4.750000000000000000e+05 2.449000000000000000e+03
4.775000000000000000e+05 2.649000000000000000e+03
4.800000000000000000e+05 2.888000000000000000e+03
4.825000000000000000e+05 3.013000000000000000e+03
4.850000000000000000e+05 3.160000000000000000e+03
4.875000000000000000e+05 3.083000000000000000e+03
4.900000000000000000e+05 3.506000000000000000e+03
4.925000000000000000e+05 3.601000000000000000e+03
4.950000000000000000e+05 3.699000000000000000e+03
4.975000000000000000e+05 3.864000000000000000e+03
