0.000000000000000000e+00 7.661000000000000000e+03
1.000000000000000000e+04 8.505000000000000000e+03
2.000000000000000000e+04 8.406000000000000000e+03
3.000000000000000000e+04 8.817000000000000000e+03
4.000000000000000000e+04 8.880000000000000000e+03
5.000000000000000000e+04 9.030000000000000000e+03
6.000000000000000000e+04 9.214000000000000000e+03
7.000000000000000000e+04 9.203000000000000000e+03
8.000000000000000000e+04 9.541000000000000000e+03
9.000000000000000000e+04 9.541000000000000000e+03
1.000000000000000000e+05 9.717000000000000000e+03
1.100000000000000000e+05 9.718000000000000000e+03
1.200000000000000000e+05 9.981000000000000000e+03
1.300000000000000000e+05 1.001700000000000000e+04
1.400000000000000000e+05 9.941000000000000000e+03
1.500000000000000000e+05 9.955000000000000000e+03
1.600000000000000000e+05 9.927000000000000000e+03
1.700000000000000000e+05 1.027600000000000000e+04
1.800000000000000000e+05 9.908000000000000000e+03
1.900000000000000000e+05 1.007700000000000000e+04
2.000000000000000000e+05 1.010800000000000000e+04
2.100000000000000000e+05 1.014600000000000000e+04
2.200000000000000000e+05 1.005900000000000000e+04
2.300000000000000000e+05 9.968000000000000000e+03
2.400000000000000000e+05 9.877000000000000000e+03
2.500000000000000000e+05 1.001200000000000000e+04
2.600000000000000000e+05 9.944000000000000000e+03
2.700000000000000000e+05 9.646000000000000000e+03
2.800000000000000000e+05 9.661000000000000000e+03
2.900000000000000000e+05 9.602000000000000000e+03
3.000000000000000000e+05 9.490000000000000000e+03
3.100000000000000000e+05 9.425000000000000000e+03
3.200000000000000000e+05 9.196000000000000000e+03
3.300000000000000000e+05 9.032000000000000000e+03
3.400000000000000000e+05 8.816000000000000000e+03
3.500000000000000000e+05 8.795000000000000000e+03
3.600000000000000000e+05 8.586000000000000000e+03
3.700000000000000000e+05 8.442000000000000000e+03
3.800000000000000000e+05 8.087000000000000000e+03
3.900000000000000000e+05 7.831000000000000000e+03
4.000000000000000000e+05 7.780000000000000000e+03
4.100000000000000000e+05 7.271000000000000000e+03
4.200000000000000000e+05 7.003000000000000000e+03
4.300000000000000000e+05 6.824000000000000000e+03
4.400000000000000000e+05 6.461000000000000000e+03
4.500000000000000000e+05 6.120000000000000000e+03
4.600000000000000000e+05 5.910000000000000000e+03
4.700000000000000000e+05 5.574000000000000000e+03
4.800000000000000000e+05 5.380000000000000000e+03
4.900000000000000000e+05 4.883000000000000000e+03
5.000000000000000000e+05 4.677000000000000000e+03
5.100000000000000000e+05 4.421000000000000000e+03
5.200000000000000000e+05 3.992000000000000000e+03
5.300000000000000000e+05 3.779000000000000000e+03
5.400000000000000000e+05 3.416000000000000000e+03
5.500000000000000000e+05 3.263000000000000000e+03
5.600000000000000000e+05 2.891000000000000000e+03
5.700000000000000000e+05 2.723000000000000000e+03
5.800000000000000000e+05 2.526000000000000000e+03
5.900000000000000000e+05 2.336000000000000000e+03
6.000000000000000000e+05 2.157000000000000000e+03
6.100000000000000000e+05 1.869000000000000000e+03
6.200000000000000000e+05 1.707000000000000000e+03
6.300000000000000000e+05 1.676000000000000000e+03
6.400000000000000000e+05 1.605000000000000000e+03
6.500000000000000000e+05 1.571000000000000000e+03
6.600000000000000000e+05 1.493000000000000000e+03
6.700000000000000000e+05 1.412000000000000000e+03
6.800000000000000000e+05 1.444000000000000000e+03
6.900000000000000000e+05 1.330000000000000000e+03
7.000000000000000000e+05 1.258000000000000000e+03
7.100000000000000000e+05 1.356000000000000000e+03
7.200000000000000000e+05 1.429000000000000000e+03
7.300000000000000000e+05 1.510000000000000000e+03
7.400000000000000000e+05 1.509000000000000000e+03
7.500000000000000000e+05 1.574000000000000000e+03
7.600000000000000000e+05 1.789000000000000000e+03
7.700000000000000000e+05 1.845000000000000000e+03
7.800000000000000000e+05 2.049000000000000000e+03
7.900000000000000000e+05 2.156000000000000000e+03
8.000000000000000000e+05 2.360000000000000000e+03
8.100000000000000000e+05 2.541000000000000000e+03
8.200000000000000000e+05 2.904000000000000000e+03
8.300000000000000000e+05 3.011000000000000000e+03
8.400000000000000000e+05 3.473000000000000000e+03
8.500000000000000000e+05 3.634000000000000000e+03
8.600000000000000000e+05 3.901000000000000000e+03
8.700000000000000000e+05 4.237000000000000000e+03
8.800000000000000000e+05 4.503000000000000000e+03
8.900000000000000000e+05 4.985000000000000000e+03
9.000000000000000000e+05 5.135000000000000000e+03
9.100000000000000000e+05 5.323000000000000000e+03
9.200000000000000000e+05 5.766000000000000000e+03
9.300000000000000000e+05 6.067000000000000000e+03
9.400000000000000000e+05 6.306000000000000000e+03
9.500000000000000000e+05 6.622000000000000000e+03
9.600000000000000000e+05 6.796000000000000000e+03
9.700000000000000000e+05 7.165000000000000000e+03
9.800000000000000000e+05 7.430000000000000000e+03
9.900000000000000000e+05 7.915000000000000000e+03
1.000000000000000000e+06 7.944000000000000000e+03
1.010000000000000000e+06 8.177000000000000000e+03
1.020000000000000000e+06 8.362000000000000000e+03
1.030000000000000000e+06 8.650000000000000000e+03
1.040000000000000000e+06 8.840000000000000000e+03
1.050000000000000000e+06 9.092000000000000000e+03
1.060000000000000000e+06 9.297000000000000000e+03
1.070000000000000000e+06 9.307000000000000000e+03
1.080000000000000000e+06 9.384000000000000000e+03
1.090000000000000000e+06 9.299000000000000000e+03
1.100000000000000000e+06 9.660000000000000000e+03
1.110000000000000000e+06 9.653000000000000000e+03
1.120000000000000000e+06 9.782000000000000000e+03
1.130000000000000000e+06 9.869000000000000000e+03
1.140000000000000000e+06 9.877000000000000000e+03
1.150000000000000000e+06 9.941000000000000000e+03
1.160000000000000000e+06 9.926000000000000000e+03
1.170000000000000000e+06 1.001100000000000000e+04
1.180000000000000000e+06 9.984000000000000000e+03
1.190000000000000000e+06 1.012300000000000000e+04
1.200000000000000000e+06 1.004700000000000000e+04
1.210000000000000000e+06 1.002900000000000000e+04
1.220000000000000000e+06 1.001500000000000000e+04
1.230000000000000000e+06 1.014300000000000000e+04
1.240000000000000000e+06 9.956000000000000000e+03
1.250000000000000000e+06 9.872000000000000000e+03
1.260000000000000000e+06 9.889000000000000000e+03
1.270000000000000000e+06 9.685000000000000000e+03
1.280000000000000000e+06 9.819000000000000000e+03
1.290000000000000000e+06 9.580000000000000000e+03
1.300000000000000000e+06 9.497000000000000000e+03
1.310000000000000000e+06 9.491000000000000000e+03
1.320000000000000000e+06 9.350000000000000000e+03
1.330000000000000000e+06 9.053000000000000000e+03
1.340000000000000000e+06 8.929000000000000000e+03
1.350000000000000000e+06 8.720000000000000000e+03
1.360000000000000000e+06 8.586000000000000000e+03
1.370000000000000000e+06 8.351000000000000000e+03
1.380000000000000000e+06 7.994000000000000000e+03
1.390000000000000000e+06 7.861000000000000000e+03
1.400000000000000000e+06 7.636000000000000000e+03
1.410000000000000000e+06 7.387000000000000000e+03
1.420000000000000000e+06 7.284000000000000000e+03
1.430000000000000000e+06 6.857000000000000000e+03
1.440000000000000000e+06 6.560000000000000000e+03
1.450000000000000000e+06 6.274000000000000000e+03
1.460000000000000000e+06 5.941000000000000000e+03
1.470000000000000000e+06 5.745000000000000000e+03
1.480000000000000000e+06 5.379000000000000000e+03
1.490000000000000000e+06 4.899000000000000000e+03
1.500000000000000000e+06 4.689000000000000000e+03
1.510000000000000000e+06 4.194000000000000000e+03
1.520000000000000000e+06 3.956000000000000000e+03
1.530000000000000000e+06 3.761000000000000000e+03
1.540000000000000000e+06 3.483000000000000000e+03
1.550000000000000000e+06 3.351000000000000000e+03
1.560000000000000000e+06 2.980000000000000000e+03
1.570000000000000000e+06 2.570000000000000000e+03
1.580000000000000000e+06 2.536000000000000000e+03
1.590000000000000000e+06 2.239000000000000000e+03
1.600000000000000000e+06 2.157000000000000000e+03
1.610000000000000000e+06 1.902000000000000000e+03
1.620000000000000000e+06 1.803000000000000000e+03
1.630000000000000000e+06 1.705000000000000000e+03
1.640000000000000000e+06 1.610000000000000000e+03
1.650000000000000000e+06 1.526000000000000000e+03
1.660000000000000000e+06 1.461000000000000000e+03
1.670000000000000000e+06 1.395000000000000000e+03
1.680000000000000000e+06 1.361000000000000000e+03
1.690000000000000000e+06 1.318000000000000000e+03
1.700000000000000000e+06 1.339000000000000000e+03
1.710000000000000000e+06 1.430000000000000000e+03
1.720000000000000000e+06 1.448000000000000000e+03
1.730000000000000000e+06 1.499000000000000000e+03
1.740000000000000000e+06 1.585000000000000000e+03
1.750000000000000000e+06 1.668000000000000000e+03
1.760000000000000000e+06 1.754000000000000000e+03
1.770000000000000000e+06 1.801000000000000000e+03
1.780000000000000000e+06 2.074000000000000000e+03
1.790000000000000000e+06 2.192000000000000000e+03
1.800000000000000000e+06 2.371000000000000000e+03
1.810000000000000000e+06 2.651000000000000000e+03
1.820000000000000000e+06 2.710000000000000000e+03
1.830000000000000000e+06 2.975000000000000000e+03
1.840000000000000000e+06 3.369000000000000000e+03
1.850000000000000000e+06 3.507000000000000000e+03
1.860000000000000000e+06 3.935000000000000000e+03
1.870000000000000000e+06 4.096000000000000000e+03
1.880000000000000000e+06 4.490000000000000000e+03
1.890000000000000000e+06 4.847000000000000000e+03
1.900000000000000000e+06 4.952000000000000000e+03
1.910000000000000000e+06 5.421000000000000000e+03
1.920000000000000000e+06 5.770000000000000000e+03
1.930000000000000000e+06 6.107000000000000000e+03
1.940000000000000000e+06 6.317000000000000000e+03
1.950000000000000000e+06 6.741000000000000000e+03
1.960000000000000000e+06 7.129000000000000000e+03
1.970000000000000000e+06 7.082000000000000000e+03
1.980000000000000000e+06 7.411000000000000000e+03
1.990000000000000000e+06 7.825000000000000000e+03
