0.000000000000000000e+00 3.878000000000000000e+03
5.000000000000000000e+03 3.968000000000000000e+03
1.000000000000000000e+04 3.979000000000000000e+03
1.500000000000000000e+04 4.082000000000000000e+03
2.000000000000000000e+04 4.369000000000000000e+03
2.500000000000000000e+04 4.168000000000000000e+03
3.000000000000000000e+04 4.317000000000000000e+03
3.500000000000000000e+04 4.479000000000000000e+03
4.000000000000000000e+04 4.509000000000000000e+03
4.500000000000000000e+04 4.494000000000000000e+03
5.000000000000000000e+04 4.697000000000000000e+03
5.500000000000000000e+04 4.627000000000000000e+03
6.000000000000000000e+04 4.645000000000000000e+03
6.500000000000000000e+04 4.846000000000000000e+03
7.000000000000000000e+04 4.777000000000000000e+03
7.500000000000000000e+04 4.864000000000000000e+03
8.000000000000000000e+04 4.816000000000000000e+03
8.500000000000000000e+04 4.893000000000000000e+03
9.000000000000000000e+04 4.824000000000000000e+03
9.500000000000000000e+04 4.818000000000000000e+03
1.000000000000000000e+05 4.886000000000000000e+03
1.050000000000000000e+05 4.966000000000000000e+03
1.100000000000000000e+05 4.876000000000000000e+03
1.150000000000000000e+05 4.783000000000000000e+03
1.200000000000000000e+05 4.937000000000000000e+03
1.250000000000000000e+05 4.762000000000000000e+03
1.300000000000000000e+05 4.684000000000000000e+03
1.350000000000000000e+05 4.651000000000000000e+03
1.400000000000000000e+05 4.645000000000000000e+03
1.450000000000000000e+05 4.603000000000000000e+03
1.500000000000000000e+05 4.536000000000000000e+03
1.550000000000000000e+05 4.637000000000000000e+03
1.600000000000000000e+05 4.469000000000000000e+03
1.650000000000000000e+05 4.355000000000000000e+03
1.700000000000000000e+05 4.333000000000000000e+03
1.750000000000000000e+05 4.251000000000000000e+03
1.800000000000000000e+05 4.031000000000000000e+03
1.850000000000000000e+05 3.982000000000000000e+03
1.900000000000000000e+05 3.906000000000000000e+03
1.950000000000000000e+05 3.731000000000000000e+03
2.000000000000000000e+05 3.751000000000000000e+03
2.050000000000000000e+05 3.530000000000000000e+03
2.100000000000000000e+05 3.423000000000000000e+03
2.150000000000000000e+05 3.208000000000000000e+03
2.200000000000000000e+05 3.236000000000000000e+03
2.250000000000000000e+05 2.944000000000000000e+03
2.300000000000000000e+05 2.839000000000000000e+03
2.350000000000000000e+05 2.763000000000000000e+03
2.400000000000000000e+05 2.435000000000000000e+03
2.450000000000000000e+05 2.369000000000000000e+03
2.500000000000000000e+05 2.223000000000000000e+03
2.550000000000000000e+05 2.128000000000000000e+03
2.600000000000000000e+05 1.892000000000000000e+03
2.650000000000000000e+05 1.733000000000000000e+03
2.700000000000000000e+05 1.663000000000000000e+03
2.750000000000000000e+05 1.516000000000000000e+03
2.800000000000000000e+05 1.345000000000000000e+03
2.850000000000000000e+05 1.275000000000000000e+03
2.900000000000000000e+05 1.147000000000000000e+03
2.950000000000000000e+05 1.068000000000000000e+03
3.000000000000000000e+05 9.340000000000000000e+02
3.050000000000000000e+05 8.910000000000000000e+02
3.100000000000000000e+05 8.930000000000000000e+02
3.150000000000000000e+05 7.790000000000000000e+02
3.200000000000000000e+05 6.850000000000000000e+02
3.250000000000000000e+05 6.830000000000000000e+02
3.300000000000000000e+05 6.890000000000000000e+02
3.350000000000000000e+05 6.940000000000000000e+02
3.400000000000000000e+05 6.690000000000000000e+02
3.450000000000000000e+05 6.550000000000000000e+02
3.500000000000000000e+05 6.050000000000000000e+02
3.550000000000000000e+05 5.980000000000000000e+02
3.600000000000000000e+05 6.890000000000000000e+02
3.650000000000000000e+05 7.090000000000000000e+02
3.700000000000000000e+05 7.530000000000000000e+02
3.750000000000000000e+05 7.680000000000000000e+02
3.800000000000000000e+05 7.660000000000000000e+02
3.850000000000000000e+05 8.170000000000000000e+02
3.900000000000000000e+05 9.190000000000000000e+02
3.950000000000000000e+05 9.740000000000000000e+02
4.000000000000000000e+05 1.068000000000000000e+03
4.050000000000000000e+05 1.208000000000000000e+03
4.100000000000000000e+05 1.383000000000000000e+03
4.150000000000000000e+05 1.393000000000000000e+03
4.200000000000000000e+05 1.606000000000000000e+03
4.250000000000000000e+05 1.823000000000000000e+03
4.300000000000000000e+05 1.746000000000000000e+03
4.350000000000000000e+05 2.023000000000000000e+03
4.400000000000000000e+05 2.123000000000000000e+03
4.450000000000000000e+05 2.222000000000000000e+03
4.500000000000000000e+05 2.447000000000000000e+03
4.550000000000000000e+05 2.589000000000000000e+03
4.600000000000000000e+05 2.798000000000000000e+03
4.650000000000000000e+05 2.888000000000000000e+03
4.700000000000000000e+05 3.113000000000000000e+03
4.750000000000000000e+05 3.188000000000000000e+03
4.800000000000000000e+05 3.296000000000000000e+03
4.850000000000000000e+05 3.363000000000000000e+03
4.900000000000000000e+05 3.535000000000000000e+03
4.950000000000000000e+05 3.609000000000000000e+03
5.000000000000000000e+05 3.861000000000000000e+03
5.050000000000000000e+05 3.932000000000000000e+03
5.100000000000000000e+05 4.108000000000000000e+03
5.150000000000000000e+05 4.134000000000000000e+03
5.200000000000000000e+05 4.174000000000000000e+03
5.250000000000000000e+05 4.258000000000000000e+03
5.300000000000000000e+05 4.451000000000000000e+03
5.350000000000000000e+05 4.554000000000000000e+03
5.400000000000000000e+05 4.512000000000000000e+03
5.450000000000000000e+05 4.641000000000000000e+03
5.500000000000000000e+05 4.807000000000000000e+03
5.550000000000000000e+05 4.790000000000000000e+03
5.600000000000000000e+05 4.675000000000000000e+03
5.650000000000000000e+05 4.782000000000000000e+03
5.700000000000000000e+05 4.752000000000000000e+03
5.750000000000000000e+05 4.872000000000000000e+03
5.800000000000000000e+05 4.831000000000000000e+03
5.850000000000000000e+05 4.700000000000000000e+03
5.900000000000000000e+05 4.879000000000000000e+03
5.950000000000000000e+05 4.930000000000000000e+03
6.000000000000000000e+05 4.912000000000000000e+03
6.050000000000000000e+05 4.700000000000000000e+03
6.100000000000000000e+05 4.708000000000000000e+03
6.150000000000000000e+05 4.901000000000000000e+03
6.200000000000000000e+05 4.884000000000000000e+03
6.250000000000000000e+05 4.706000000000000000e+03
6.300000000000000000e+05 4.829000000000000000e+03
6.350000000000000000e+05 4.799000000000000000e+03
6.400000000000000000e+05 4.674000000000000000e+03
6.450000000000000000e+05 4.667000000000000000e+03
6.500000000000000000e+05 4.500000000000000000e+03
6.550000000000000000e+05 4.508000000000000000e+03
6.600000000000000000e+05 4.387000000000000000e+03
6.650000000000000000e+05 4.345000000000000000e+03
6.700000000000000000e+05 4.373000000000000000e+03
6.750000000000000000e+05 4.078000000000000000e+03
6.800000000000000000e+05 4.167000000000000000e+03
6.850000000000000000e+05 3.922000000000000000e+03
6.900000000000000000e+05 3.767000000000000000e+03
6.950000000000000000e+05 3.870000000000000000e+03
7.000000000000000000e+05 3.608000000000000000e+03
7.050000000000000000e+05 3.612000000000000000e+03
7.100000000000000000e+05 3.379000000000000000e+03
7.150000000000000000e+05 3.217000000000000000e+03
7.200000000000000000e+05 3.028000000000000000e+03
7.250000000000000000e+05 2.951000000000000000e+03
7.300000000000000000e+05 2.804000000000000000e+03
7.350000000000000000e+05 2.660000000000000000e+03
7.400000000000000000e+05 2.548000000000000000e+03
7.450000000000000000e+05 2.366000000000000000e+03
7.500000000000000000e+05 2.141000000000000000e+03
7.550000000000000000e+05 1.963000000000000000e+03
7.600000000000000000e+05 1.934000000000000000e+03
7.650000000000000000e+05 1.800000000000000000e+03
7.700000000000000000e+05 1.568000000000000000e+03
7.750000000000000000e+05 1.501000000000000000e+03
7.800000000000000000e+05 1.337000000000000000e+03
7.850000000000000000e+05 1.278000000000000000e+03
7.900000000000000000e+05 1.129000000000000000e+03
7.950000000000000000e+05 1.076000000000000000e+03
8.000000000000000000e+05 9.920000000000000000e+02
8.050000000000000000e+05 8.850000000000000000e+02
8.100000000000000000e+05 9.160000000000000000e+02
8.150000000000000000e+05 8.170000000000000000e+02
8.200000000000000000e+05 7.650000000000000000e+02
8.250000000000000000e+05 7.230000000000000000e+02
8.300000000000000000e+05 6.820000000000000000e+02
8.350000000000000000e+05 6.810000000000000000e+02
8.400000000000000000e+05 6.210000000000000000e+02
8.450000000000000000e+05 6.700000000000000000e+02
8.500000000000000000e+05 6.040000000000000000e+02
8.550000000000000000e+05 6.170000000000000000e+02
8.600000000000000000e+05 6.660000000000000000e+02
8.650000000000000000e+05 7.050000000000000000e+02
8.700000000000000000e+05 6.640000000000000000e+02
8.750000000000000000e+05 7.160000000000000000e+02
8.800000000000000000e+05 8.240000000000000000e+02
8.850000000000000000e+05 8.740000000000000000e+02
8.900000000000000000e+05 9.430000000000000000e+02
8.950000000000000000e+05 1.020000000000000000e+03
9.000000000000000000e+05 1.095000000000000000e+03
9.050000000000000000e+05 1.193000000000000000e+03
9.100000000000000000e+05 1.322000000000000000e+03
9.150000000000000000e+05 1.449000000000000000e+03
9.200000000000000000e+05 1.609000000000000000e+03
9.250000000000000000e+05 1.728000000000000000e+03
9.300000000000000000e+05 1.788000000000000000e+03
9.350000000000000000e+05 1.911000000000000000e+03
9.400000000000000000e+05 2.101000000000000000e+03
9.450000000000000000e+05 2.252000000000000000e+03
9.500000000000000000e+05 2.406000000000000000e+03
9.550000000000000000e+05 2.580000000000000000e+03
9.600000000000000000e+05 2.806000000000000000e+03
9.650000000000000000e+05 2.889000000000000000e+03
9.700000000000000000e+05 2.980000000000000000e+03
9.750000000000000000e+05 3.188000000000000000e+03
9.800000000000000000e+05 3.299000000000000000e+03
9.850000000000000000e+05 3.472000000000000000e+03
9.900000000000000000e+05 3.570000000000000000e+03
9.950000000000000000e+05 3.566000000000000000e+03
