0.000000000000000000e+00 1.310000000000000000e+03
2.500000000000000000e+01 1.407000000000000000e+03
5.000000000000000000e+01 1.368000000000000000e+03
7.500000000000000000e+01 1.492000000000000000e+03
1.000000000000000000e+02 1.502000000000000000e+03
1.250000000000000000e+02 1.544000000000000000e+03
1.500000000000000000e+02 1.575000000000000000e+03
1.750000000000000000e+02 1.620000000000000000e+03
2.000000000000000000e+02 1.672000000000000000e+03
2.250000000000000000e+02 1.690000000000000000e+03
2.500000000000000000e+02 1.759000000000000000e+03
2.750000000000000000e+02 1.763000000000000000e+03
3.000000000000000000e+02 1.818000000000000000e+03
3.250000000000000000e+02 1.778000000000000000e+03
3.500000000000000000e+02 1.876000000000000000e+03
3.750000000000000000e+02 1.880000000000000000e+03
4.000000000000000000e+02 1.900000000000000000e+03
4.250000000000000000e+02 1.958000000000000000e+03
4.500000000000000000e+02 1.986000000000000000e+03
4.750000000000000000e+02 1.975000000000000000e+03
5.000000000000000000e+02 1.940000000000000000e+03
5.250000000000000000e+02 2.041000000000000000e+03
5.500000000000000000e+02 1.944000000000000000e+03
5.750000000000000000e+02 1.886000000000000000e+03
6.000000000000000000e+02 2.048000000000000000e+03
6.250000000000000000e+02 2.019000000000000000e+03
6.500000000000000000e+02 2.149000000000000000e+03
6.750000000000000000e+02 2.008000000000000000e+03
7.000000000000000000e+02 2.034000000000000000e+03
7.250000000000000000e+02 1.929000000000000000e+03
7.500000000000000000e+02 1.951000000000000000e+03
7.750000000000000000e+02 2.050000000000000000e+03
8.000000000000000000e+02 1.976000000000000000e+03
8.250000000000000000e+02 1.994000000000000000e+03
8.500000000000000000e+02 1.891000000000000000e+03
8.750000000000000000e+02 1.957000000000000000e+03
9.000000000000000000e+02 1.961000000000000000e+03
9.250000000000000000e+02 1.966000000000000000e+03
9.500000000000000000e+02 1.893000000000000000e+03
9.750000000000000000e+02 1.930000000000000000e+03
1.000000000000000000e+03 1.825000000000000000e+03
1.025000000000000000e+03 1.857000000000000000e+03
1.050000000000000000e+03 1.837000000000000000e+03
1.075000000000000000e+03 1.794000000000000000e+03
1.100000000000000000e+03 1.737000000000000000e+03
1.125000000000000000e+03 1.728000000000000000e+03
1.150000000000000000e+03 1.768000000000000000e+03
1.175000000000000000e+03 1.651000000000000000e+03
1.200000000000000000e+03 1.575000000000000000e+03
1.225000000000000000e+03 1.543000000000000000e+03
1.250000000000000000e+03 1.487000000000000000e+03
1.275000000000000000e+03 1.527000000000000000e+03
1.300000000000000000e+03 1.418000000000000000e+03
1.325000000000000000e+03 1.362000000000000000e+03
1.350000000000000000e+03 1.331000000000000000e+03
1.375000000000000000e+03 1.260000000000000000e+03
1.400000000000000000e+03 1.346000000000000000e+03
1.425000000000000000e+03 1.204000000000000000e+03
1.450000000000000000e+03 1.211000000000000000e+03
1.475000000000000000e+03 1.159000000000000000e+03
1.500000000000000000e+03 1.089000000000000000e+03
1.525000000000000000e+03 9.870000000000000000e+02
1.550000000000000000e+03 1.095000000000000000e+03
1.575000000000000000e+03 9.660000000000000000e+02
1.600000000000000000e+03 9.460000000000000000e+02
1.625000000000000000e+03 9.180000000000000000e+02
1.650000000000000000e+03 8.620000000000000000e+02
1.675000000000000000e+03 9.040000000000000000e+02
1.700000000000000000e+03 8.520000000000000000e+02
1.725000000000000000e+03 8.180000000000000000e+02
1.750000000000000000e+03 8.020000000000000000e+02
1.775000000000000000e+03 7.880000000000000000e+02
1.800000000000000000e+03 7.960000000000000000e+02
1.825000000000000000e+03 7.550000000000000000e+02
1.850000000000000000e+03 7.560000000000000000e+02
1.875000000000000000e+03 6.990000000000000000e+02
1.900000000000000000e+03 6.900000000000000000e+02
1.925000000000000000e+03 6.490000000000000000e+02
1.950000000000000000e+03 7.070000000000000000e+02
1.975000000000000000e+03 7.220000000000000000e+02
2.000000000000000000e+03 6.890000000000000000e+02
2.025000000000000000e+03 6.810000000000000000e+02
2.050000000000000000e+03 6.800000000000000000e+02
2.075000000000000000e+03 6.940000000000000000e+02
2.100000000000000000e+03 6.930000000000000000e+02
2.125000000000000000e+03 7.180000000000000000e+02
2.150000000000000000e+03 7.210000000000000000e+02
2.175000000000000000e+03 7.770000000000000000e+02
2.200000000000000000e+03 8.150000000000000000e+02
2.225000000000000000e+03 8.280000000000000000e+02
2.250000000000000000e+03 8.200000000000000000e+02
2.275000000000000000e+03 9.070000000000000000e+02
2.300000000000000000e+03 8.870000000000000000e+02
2.325000000000000000e+03 9.900000000000000000e+02
2.350000000000000000e+03 9.740000000000000000e+02
2.375000000000000000e+03 1.081000000000000000e+03
2.400000000000000000e+03 1.130000000000000000e+03
2.425000000000000000e+03 1.107000000000000000e+03
2.450000000000000000e+03 1.258000000000000000e+03
2.475000000000000000e+03 1.230000000000000000e+03
2.500000000000000000e+03 1.323000000000000000e+03
2.525000000000000000e+03 1.356000000000000000e+03
2.550000000000000000e+03 1.435000000000000000e+03
2.575000000000000000e+03 1.468000000000000000e+03
2.600000000000000000e+03 1.525000000000000000e+03
2.625000000000000000e+03 1.531000000000000000e+03
2.650000000000000000e+03 1.622000000000000000e+03
2.675000000000000000e+03 1.641000000000000000e+03
2.700000000000000000e+03 1.692000000000000000e+03
2.725000000000000000e+03 1.753000000000000000e+03
2.750000000000000000e+03 1.703000000000000000e+03
2.775000000000000000e+03 1.805000000000000000e+03
2.800000000000000000e+03 1.794000000000000000e+03
2.825000000000000000e+03 1.893000000000000000e+03
2.850000000000000000e+03 1.948000000000000000e+03
2.875000000000000000e+03 1.951000000000000000e+03
2.900000000000000000e+03 1.846000000000000000e+03
2.925000000000000000e+03 2.001000000000000000e+03
2.950000000000000000e+03 1.922000000000000000e+03
2.975000000000000000e+03 1.885000000000000000e+03
3.000000000000000000e+03 2.046000000000000000e+03
3.025000000000000000e+03 1.938000000000000000e+03
3.050000000000000000e+03 1.928000000000000000e+03
3.075000000000000000e+03 1.917000000000000000e+03
3.100000000000000000e+03 2.021000000000000000e+03
3.125000000000000000e+03 1.955000000000000000e+03
3.150000000000000000e+03 2.059000000000000000e+03
3.175000000000000000e+03 2.018000000000000000e+03
3.200000000000000000e+03 2.100000000000000000e+03
3.225000000000000000e+03 2.074000000000000000e+03
3.250000000000000000e+03 1.968000000000000000e+03
3.275000000000000000e+03 2.003000000000000000e+03
3.300000000000000000e+03 2.018000000000000000e+03
3.325000000000000000e+03 2.016000000000000000e+03
3.350000000000000000e+03 1.820000000000000000e+03
3.375000000000000000e+03 1.936000000000000000e+03
3.400000000000000000e+03 1.965000000000000000e+03
3.425000000000000000e+03 1.874000000000000000e+03
3.450000000000000000e+03 1.971000000000000000e+03
3.475000000000000000e+03 1.931000000000000000e+03
3.500000000000000000e+03 1.849000000000000000e+03
3.525000000000000000e+03 1.832000000000000000e+03
3.550000000000000000e+03 1.796000000000000000e+03
3.575000000000000000e+03 1.725000000000000000e+03
3.600000000000000000e+03 1.712000000000000000e+03
3.625000000000000000e+03 1.730000000000000000e+03
3.650000000000000000e+03 1.666000000000000000e+03
3.675000000000000000e+03 1.597000000000000000e+03
3.700000000000000000e+03 1.658000000000000000e+03
3.725000000000000000e+03 1.560000000000000000e+03
3.750000000000000000e+03 1.515000000000000000e+03
3.775000000000000000e+03 1.417000000000000000e+03
3.800000000000000000e+03 1.408000000000000000e+03
3.825000000000000000e+03 1.377000000000000000e+03
3.850000000000000000e+03 1.287000000000000000e+03
3.875000000000000000e+03 1.363000000000000000e+03
3.900000000000000000e+03 1.320000000000000000e+03
3.925000000000000000e+03 1.241000000000000000e+03
3.950000000000000000e+03 1.155000000000000000e+03
3.975000000000000000e+03 1.114000000000000000e+03
4.000000000000000000e+03 1.114000000000000000e+03
4.025000000000000000e+03 1.057000000000000000e+03
4.050000000000000000e+03 1.070000000000000000e+03
4.075000000000000000e+03 9.480000000000000000e+02
4.100000000000000000e+03 9.560000000000000000e+02
4.125000000000000000e+03 9.050000000000000000e+02
4.150000000000000000e+03 9.000000000000000000e+02
4.175000000000000000e+03 8.800000000000000000e+02
4.200000000000000000e+03 8.430000000000000000e+02
4.225000000000000000e+03 8.110000000000000000e+02
4.250000000000000000e+03 7.700000000000000000e+02
4.275000000000000000e+03 7.250000000000000000e+02
4.300000000000000000e+03 7.490000000000000000e+02
4.325000000000000000e+03 7.340000000000000000e+02
4.350000000000000000e+03 7.270000000000000000e+02
4.375000000000000000e+03 6.810000000000000000e+02
4.400000000000000000e+03 7.090000000000000000e+02
4.425000000000000000e+03 7.010000000000000000e+02
4.450000000000000000e+03 6.960000000000000000e+02
4.475000000000000000e+03 7.420000000000000000e+02
4.500000000000000000e+03 7.030000000000000000e+02
4.525000000000000000e+03 6.560000000000000000e+02
4.550000000000000000e+03 7.410000000000000000e+02
4.575000000000000000e+03 6.660000000000000000e+02
4.600000000000000000e+03 6.800000000000000000e+02
4.625000000000000000e+03 7.120000000000000000e+02
4.650000000000000000e+03 7.510000000000000000e+02
4.675000000000000000e+03 8.160000000000000000e+02
4.700000000000000000e+03 8.100000000000000000e+02
4.725000000000000000e+03 8.340000000000000000e+02
4.750000000000000000e+03 8.300000000000000000e+02
4.775000000000000000e+03 8.980000000000000000e+02
4.800000000000000000e+03 9.180000000000000000e+02
4.825000000000000000e+03 9.960000000000000000e+02
4.850000000000000000e+03 1.060000000000000000e+03
4.875000000000000000e+03 1.049000000000000000e+03
4.900000000000000000e+03 1.121000000000000000e+03
4.925000000000000000e+03 1.158000000000000000e+03
4.950000000000000000e+03 1.202000000000000000e+03
4.975000000000000000e+03 1.248000000000000000e+03
