0.000000000000000000e+00 2.403000000000000000e+03
5.000000000000000000e+01 2.470000000000000000e+03
1.000000000000000000e+02 2.547000000000000000e+03
1.500000000000000000e+02 2.600000000000000000e+03
2.000000000000000000e+02 2.703000000000000000e+03
2.500000000000000000e+02 2.838000000000000000e+03
3.000000000000000000e+02 2.929000000000000000e+03
3.500000000000000000e+02 3.020000000000000000e+03
4.000000000000000000e+02 2.948000000000000000e+03
4.500000000000000000e+02 3.098000000000000000e+03
5.000000000000000000e+02 3.120000000000000000e+03
5.500000000000000000e+02 3.122000000000000000e+03
6.000000000000000000e+02 3.179000000000000000e+03
6.500000000000000000e+02 3.267000000000000000e+03
7.000000000000000000e+02 3.248000000000000000e+03
7.500000000000000000e+02 3.293000000000000000e+03
8.000000000000000000e+02 3.395000000000000000e+03
8.500000000000000000e+02 3.460000000000000000e+03
9.000000000000000000e+02 3.422000000000000000e+03
9.500000000000000000e+02 3.369000000000000000e+03
1.000000000000000000e+03 3.440000000000000000e+03
1.050000000000000000e+03 3.480000000000000000e+03
1.100000000000000000e+03 3.551000000000000000e+03
1.150000000000000000e+03 3.483000000000000000e+03
1.200000000000000000e+03 3.529000000000000000e+03
1.250000000000000000e+03 3.605000000000000000e+03
1.300000000000000000e+03 3.505000000000000000e+03
1.350000000000000000e+03 3.567000000000000000e+03
1.400000000000000000e+03 3.599000000000000000e+03
1.450000000000000000e+03 3.503000000000000000e+03
1.500000000000000000e+03 3.474000000000000000e+03
1.550000000000000000e+03 3.365000000000000000e+03
1.600000000000000000e+03 3.382000000000000000e+03
1.650000000000000000e+03 3.391000000000000000e+03
1.700000000000000000e+03 3.365000000000000000e+03
1.750000000000000000e+03 3.225000000000000000e+03
1.800000000000000000e+03 3.298000000000000000e+03
1.850000000000000000e+03 3.281000000000000000e+03
1.900000000000000000e+03 3.111000000000000000e+03
1.950000000000000000e+03 2.993000000000000000e+03
2.000000000000000000e+03 3.018000000000000000e+03
2.050000000000000000e+03 2.983000000000000000e+03
2.100000000000000000e+03 2.840000000000000000e+03
2.150000000000000000e+03 2.976000000000000000e+03
2.200000000000000000e+03 2.819000000000000000e+03
2.250000000000000000e+03 2.609000000000000000e+03
2.300000000000000000e+03 2.607000000000000000e+03
2.350000000000000000e+03 2.452000000000000000e+03
2.400000000000000000e+03 2.410000000000000000e+03
2.450000000000000000e+03 2.319000000000000000e+03
2.500000000000000000e+03 2.228000000000000000e+03
2.550000000000000000e+03 2.212000000000000000e+03
2.600000000000000000e+03 2.078000000000000000e+03
2.650000000000000000e+03 2.107000000000000000e+03
2.700000000000000000e+03 1.919000000000000000e+03
2.750000000000000000e+03 1.934000000000000000e+03
2.800000000000000000e+03 1.804000000000000000e+03
2.850000000000000000e+03 1.638000000000000000e+03
2.900000000000000000e+03 1.672000000000000000e+03
2.950000000000000000e+03 1.578000000000000000e+03
3.000000000000000000e+03 1.513000000000000000e+03
3.050000000000000000e+03 1.398000000000000000e+03
3.100000000000000000e+03 1.393000000000000000e+03
3.150000000000000000e+03 1.346000000000000000e+03
3.200000000000000000e+03 1.263000000000000000e+03
3.250000000000000000e+03 1.182000000000000000e+03
3.300000000000000000e+03 1.241000000000000000e+03
3.350000000000000000e+03 1.032000000000000000e+03
3.400000000000000000e+03 1.085000000000000000e+03
3.450000000000000000e+03 1.016000000000000000e+03
3.500000000000000000e+03 1.008000000000000000e+03
3.550000000000000000e+03 9.670000000000000000e+02
3.600000000000000000e+03 9.370000000000000000e+02
3.650000000000000000e+03 9.110000000000000000e+02
3.700000000000000000e+03 9.520000000000000000e+02
3.750000000000000000e+03 8.880000000000000000e+02
3.800000000000000000e+03 8.630000000000000000e+02
3.850000000000000000e+03 8.810000000000000000e+02
3.900000000000000000e+03 8.600000000000000000e+02
3.950000000000000000e+03 8.780000000000000000e+02
4.000000000000000000e+03 9.050000000000000000e+02
4.050000000000000000e+03 9.150000000000000000e+02
4.100000000000000000e+03 8.740000000000000000e+02
4.150000000000000000e+03 9.380000000000000000e+02
4.200000000000000000e+03 9.820000000000000000e+02
4.250000000000000000e+03 1.022000000000000000e+03
4.300000000000000000e+03 1.044000000000000000e+03
4.350000000000000000e+03 1.170000000000000000e+03
4.400000000000000000e+03 1.276000000000000000e+03
4.450000000000000000e+03 1.347000000000000000e+03
4.500000000000000000e+03 1.344000000000000000e+03
4.550000000000000000e+03 1.537000000000000000e+03
4.600000000000000000e+03 1.545000000000000000e+03
4.650000000000000000e+03 1.695000000000000000e+03
4.700000000000000000e+03 1.808000000000000000e+03
4.750000000000000000e+03 1.911000000000000000e+03
4.800000000000000000e+03 1.992000000000000000e+03
4.850000000000000000e+03 2.024000000000000000e+03
4.900000000000000000e+03 2.095000000000000000e+03
4.950000000000000000e+03 2.312000000000000000e+03
5.000000000000000000e+03 2.263000000000000000e+03
5.050000000000000000e+03 2.445000000000000000e+03
5.100000000000000000e+03 2.492000000000000000e+03
5.150000000000000000e+03 2.735000000000000000e+03
5.200000000000000000e+03 2.721000000000000000e+03
5.250000000000000000e+03 2.782000000000000000e+03
5.300000000000000000e+03 2.879000000000000000e+03
5.350000000000000000e+03 2.998000000000000000e+03
5.400000000000000000e+03 3.077000000000000000e+03
5.450000000000000000e+03 3.022000000000000000e+03
5.500000000000000000e+03 3.109000000000000000e+03
5.550000000000000000e+03 3.190000000000000000e+03
5.600000000000000000e+03 3.237000000000000000e+03
5.650000000000000000e+03 3.374000000000000000e+03
5.700000000000000000e+03 3.258000000000000000e+03
5.750000000000000000e+03 3.301000000000000000e+03
5.800000000000000000e+03 3.259000000000000000e+03
5.850000000000000000e+03 3.350000000000000000e+03
5.900000000000000000e+03 3.421000000000000000e+03
5.950000000000000000e+03 3.529000000000000000e+03
6.000000000000000000e+03 3.545000000000000000e+03
6.050000000000000000e+03 3.414000000000000000e+03
6.100000000000000000e+03 3.444000000000000000e+03
6.150000000000000000e+03 3.551000000000000000e+03
6.200000000000000000e+03 3.483000000000000000e+03
6.250000000000000000e+03 3.481000000000000000e+03
6.300000000000000000e+03 3.489000000000000000e+03
6.350000000000000000e+03 3.477000000000000000e+03
6.400000000000000000e+03 3.445000000000000000e+03
6.450000000000000000e+03 3.496000000000000000e+03
6.500000000000000000e+03 3.562000000000000000e+03
6.550000000000000000e+03 3.551000000000000000e+03
6.600000000000000000e+03 3.402000000000000000e+03
6.650000000000000000e+03 3.363000000000000000e+03
6.700000000000000000e+03 3.378000000000000000e+03
6.750000000000000000e+03 3.257000000000000000e+03
6.800000000000000000e+03 3.228000000000000000e+03
6.850000000000000000e+03 3.189000000000000000e+03
6.900000000000000000e+03 3.097000000000000000e+03
6.950000000000000000e+03 3.073000000000000000e+03
7.000000000000000000e+03 3.146000000000000000e+03
7.050000000000000000e+03 3.063000000000000000e+03
7.100000000000000000e+03 2.843000000000000000e+03
7.150000000000000000e+03 2.878000000000000000e+03
7.200000000000000000e+03 2.859000000000000000e+03
7.250000000000000000e+03 2.654000000000000000e+03
7.300000000000000000e+03 2.599000000000000000e+03
7.350000000000000000e+03 2.626000000000000000e+03
7.400000000000000000e+03 2.489000000000000000e+03
7.450000000000000000e+03 2.393000000000000000e+03
7.500000000000000000e+03 2.329000000000000000e+03
7.550000000000000000e+03 2.136000000000000000e+03
7.600000000000000000e+03 2.094000000000000000e+03
7.650000000000000000e+03 2.028000000000000000e+03
7.700000000000000000e+03 1.927000000000000000e+03
7.750000000000000000e+03 1.912000000000000000e+03
7.800000000000000000e+03 1.812000000000000000e+03
7.850000000000000000e+03 1.677000000000000000e+03
7.900000000000000000e+03 1.686000000000000000e+03
7.950000000000000000e+03 1.650000000000000000e+03
8.000000000000000000e+03 1.472000000000000000e+03
8.050000000000000000e+03 1.475000000000000000e+03
8.100000000000000000e+03 1.367000000000000000e+03
8.150000000000000000e+03 1.305000000000000000e+03
8.200000000000000000e+03 1.253000000000000000e+03
8.250000000000000000e+03 1.187000000000000000e+03
8.300000000000000000e+03 1.110000000000000000e+03
8.350000000000000000e+03 1.160000000000000000e+03
8.400000000000000000e+03 1.049000000000000000e+03
8.450000000000000000e+03 9.600000000000000000e+02
8.500000000000000000e+03 9.610000000000000000e+02
8.550000000000000000e+03 9.500000000000000000e+02
8.600000000000000000e+03 9.750000000000000000e+02
8.650000000000000000e+03 9.310000000000000000e+02
8.700000000000000000e+03 8.690000000000000000e+02
8.750000000000000000e+03 8.660000000000000000e+02
8.800000000000000000e+03 8.760000000000000000e+02
8.850000000000000000e+03 8.650000000000000000e+02
8.900000000000000000e+03 8.620000000000000000e+02
8.950000000000000000e+03 8.920000000000000000e+02
9.000000000000000000e+03 8.940000000000000000e+02
9.050000000000000000e+03 9.110000000000000000e+02
9.100000000000000000e+03 9.790000000000000000e+02
9.150000000000000000e+03 9.320000000000000000e+02
9.200000000000000000e+03 9.690000000000000000e+02
9.250000000000000000e+03 1.090000000000000000e+03
9.300000000000000000e+03 1.046000000000000000e+03
9.350000000000000000e+03 1.101000000000000000e+03
9.400000000000000000e+03 1.266000000000000000e+03
9.450000000000000000e+03 1.340000000000000000e+03
9.500000000000000000e+03 1.347000000000000000e+03
9.550000000000000000e+03 1.553000000000000000e+03
9.600000000000000000e+03 1.541000000000000000e+03
9.650000000000000000e+03 1.738000000000000000e+03
9.700000000000000000e+03 1.745000000000000000e+03
9.750000000000000000e+03 1.861000000000000000e+03
9.800000000000000000e+03 1.990000000000000000e+03
9.850000000000000000e+03 2.151000000000000000e+03
9.900000000000000000e+03 2.181000000000000000e+03
9.950000000000000000e+03 2.200000000000000000e+03
