0.000000000000000000e+00 3.695000000000000000e+03
5.000000000000000000e+03 4.005000000000000000e+03
1.000000000000000000e+04 3.928000000000000000e+03
1.500000000000000000e+04 3.974000000000000000e+03
2.000000000000000000e+04 4.169000000000000000e+03
2.500000000000000000e+04 4.171000000000000000e+03
3.000000000000000000e+04 4.295000000000000000e+03
3.500000000000000000e+04 4.329000000000000000e+03
4.000000000000000000e+04 4.400000000000000000e+03
4.500000000000000000e+04 4.509000000000000000e+03
5.000000000000000000e+04 4.566000000000000000e+03
5.500000000000000000e+04 4.447000000000000000e+03
6.000000000000000000e+04 4.508000000000000000e+03
6.500000000000000000e+04 4.520000000000000000e+03
7.000000000000000000e+04 4.595000000000000000e+03
7.500000000000000000e+04 4.524000000000000000e+03
8.000000000000000000e+04 4.574000000000000000e+03
8.500000000000000000e+04 4.756000000000000000e+03
9.000000000000000000e+04 4.590000000000000000e+03
9.500000000000000000e+04 4.700000000000000000e+03
1.000000000000000000e+05 4.550000000000000000e+03
1.050000000000000000e+05 4.651000000000000000e+03
1.100000000000000000e+05 4.639000000000000000e+03
1.150000000000000000e+05 4.618000000000000000e+03
1.200000000000000000e+05 4.476000000000000000e+03
1.250000000000000000e+05 4.483000000000000000e+03
1.300000000000000000e+05 4.564000000000000000e+03
1.350000000000000000e+05 4.473000000000000000e+03
1.400000000000000000e+05 4.430000000000000000e+03
1.450000000000000000e+05 4.433000000000000000e+03
1.500000000000000000e+05 4.238000000000000000e+03
1.550000000000000000e+05 4.326000000000000000e+03
1.600000000000000000e+05 4.248000000000000000e+03
1.650000000000000000e+05 4.200000000000000000e+03
1.700000000000000000e+05 4.162000000000000000e+03
1.750000000000000000e+05 4.019000000000000000e+03
1.800000000000000000e+05 4.053000000000000000e+03
1.850000000000000000e+05 3.998000000000000000e+03
1.900000000000000000e+05 3.843000000000000000e+03
1.950000000000000000e+05 3.741000000000000000e+03
2.000000000000000000e+05 3.728000000000000000e+03
2.050000000000000000e+05 3.495000000000000000e+03
2.100000000000000000e+05 3.381000000000000000e+03
2.150000000000000000e+05 3.245000000000000000e+03
2.200000000000000000e+05 3.215000000000000000e+03
2.250000000000000000e+05 3.055000000000000000e+03
2.300000000000000000e+05 2.762000000000000000e+03
2.350000000000000000e+05 2.828000000000000000e+03
2.400000000000000000e+05 2.701000000000000000e+03
2.450000000000000000e+05 2.487000000000000000e+03
2.500000000000000000e+05 2.470000000000000000e+03
2.550000000000000000e+05 2.275000000000000000e+03
2.600000000000000000e+05 2.010000000000000000e+03
2.650000000000000000e+05 2.053000000000000000e+03
2.700000000000000000e+05 1.859000000000000000e+03
2.750000000000000000e+05 1.723000000000000000e+03
2.800000000000000000e+05 1.660000000000000000e+03
2.850000000000000000e+05 1.515000000000000000e+03
2.900000000000000000e+05 1.374000000000000000e+03
2.950000000000000000e+05 1.281000000000000000e+03
3.000000000000000000e+05 1.188000000000000000e+03
3.050000000000000000e+05 1.164000000000000000e+03
3.100000000000000000e+05 1.129000000000000000e+03
3.150000000000000000e+05 9.790000000000000000e+02
3.200000000000000000e+05 9.640000000000000000e+02
3.250000000000000000e+05 8.700000000000000000e+02
3.300000000000000000e+05 8.510000000000000000e+02
3.350000000000000000e+05 8.430000000000000000e+02
3.400000000000000000e+05 8.390000000000000000e+02
3.450000000000000000e+05 8.930000000000000000e+02
3.500000000000000000e+05 8.230000000000000000e+02
3.550000000000000000e+05 7.980000000000000000e+02
3.600000000000000000e+05 8.950000000000000000e+02
3.650000000000000000e+05 9.540000000000000000e+02
3.700000000000000000e+05 9.210000000000000000e+02
3.750000000000000000e+05 9.800000000000000000e+02
3.800000000000000000e+05 9.590000000000000000e+02
3.850000000000000000e+05 1.078000000000000000e+03
3.900000000000000000e+05 1.128000000000000000e+03
3.950000000000000000e+05 1.240000000000000000e+03
4.000000000000000000e+05 1.393000000000000000e+03
4.050000000000000000e+05 1.538000000000000000e+03
4.100000000000000000e+05 1.534000000000000000e+03
4.150000000000000000e+05 1.702000000000000000e+03
4.200000000000000000e+05 1.863000000000000000e+03
4.250000000000000000e+05 1.941000000000000000e+03
4.300000000000000000e+05 2.145000000000000000e+03
4.350000000000000000e+05 2.248000000000000000e+03
4.400000000000000000e+05 2.319000000000000000e+03
4.450000000000000000e+05 2.455000000000000000e+03
4.500000000000000000e+05 2.600000000000000000e+03
4.550000000000000000e+05 2.793000000000000000e+03
4.600000000000000000e+05 2.869000000000000000e+03
4.650000000000000000e+05 2.977000000000000000e+03
4.700000000000000000e+05 3.161000000000000000e+03
4.750000000000000000e+05 3.289000000000000000e+03
4.800000000000000000e+05 3.481000000000000000e+03
4.850000000000000000e+05 3.567000000000000000e+03
4.900000000000000000e+05 3.672000000000000000e+03
4.950000000000000000e+05 3.691000000000000000e+03
5.000000000000000000e+05 3.765000000000000000e+03
5.050000000000000000e+05 3.785000000000000000e+03
5.100000000000000000e+05 4.013000000000000000e+03
5.150000000000000000e+05 4.066000000000000000e+03
5.200000000000000000e+05 4.124000000000000000e+03
5.250000000000000000e+05 4.217000000000000000e+03
5.300000000000000000e+05 4.230000000000000000e+03
5.350000000000000000e+05 4.347000000000000000e+03
5.400000000000000000e+05 4.366000000000000000e+03
5.450000000000000000e+05 4.310000000000000000e+03
5.500000000000000000e+05 4.450000000000000000e+03
5.550000000000000000e+05 4.350000000000000000e+03
5.600000000000000000e+05 4.445000000000000000e+03
5.650000000000000000e+05 4.503000000000000000e+03
5.700000000000000000e+05 4.632000000000000000e+03
5.750000000000000000e+05 4.687000000000000000e+03
5.800000000000000000e+05 4.507000000000000000e+03
5.850000000000000000e+05 4.665000000000000000e+03
5.900000000000000000e+05 4.545000000000000000e+03
5.950000000000000000e+05 4.729000000000000000e+03
6.000000000000000000e+05 4.663000000000000000e+03
6.050000000000000000e+05 4.607000000000000000e+03
6.100000000000000000e+05 4.644000000000000000e+03
6.150000000000000000e+05 4.500000000000000000e+03
6.200000000000000000e+05 4.521000000000000000e+03
6.250000000000000000e+05 4.559000000000000000e+03
6.300000000000000000e+05 4.556000000000000000e+03
6.350000000000000000e+05 4.524000000000000000e+03
6.400000000000000000e+05 4.478000000000000000e+03
6.450000000000000000e+05 4.507000000000000000e+03
6.500000000000000000e+05 4.410000000000000000e+03
6.550000000000000000e+05 4.305000000000000000e+03
6.600000000000000000e+05 4.350000000000000000e+03
6.650000000000000000e+05 4.208000000000000000e+03
6.700000000000000000e+05 4.216000000000000000e+03
6.750000000000000000e+05 3.998000000000000000e+03
6.800000000000000000e+05 4.076000000000000000e+03
6.850000000000000000e+05 4.019000000000000000e+03
6.900000000000000000e+05 3.909000000000000000e+03
6.950000000000000000e+05 3.791000000000000000e+03
7.000000000000000000e+05 3.633000000000000000e+03
7.050000000000000000e+05 3.470000000000000000e+03
7.100000000000000000e+05 3.397000000000000000e+03
7.150000000000000000e+05 3.195000000000000000e+03
7.200000000000000000e+05 3.208000000000000000e+03
7.250000000000000000e+05 3.026000000000000000e+03
7.300000000000000000e+05 3.025000000000000000e+03
7.350000000000000000e+05 2.727000000000000000e+03
7.400000000000000000e+05 2.698000000000000000e+03
7.450000000000000000e+05 2.546000000000000000e+03
7.500000000000000000e+05 2.369000000000000000e+03
7.550000000000000000e+05 2.347000000000000000e+03
7.600000000000000000e+05 2.116000000000000000e+03
7.650000000000000000e+05 1.947000000000000000e+03
7.700000000000000000e+05 1.822000000000000000e+03
7.750000000000000000e+05 1.629000000000000000e+03
7.800000000000000000e+05 1.534000000000000000e+03
7.850000000000000000e+05 1.547000000000000000e+03
7.900000000000000000e+05 1.366000000000000000e+03
7.950000000000000000e+05 1.260000000000000000e+03
8.000000000000000000e+05 1.230000000000000000e+03
8.050000000000000000e+05 1.187000000000000000e+03
8.100000000000000000e+05 1.066000000000000000e+03
8.150000000000000000e+05 1.056000000000000000e+03
8.200000000000000000e+05 9.480000000000000000e+02
8.250000000000000000e+05 9.770000000000000000e+02
8.300000000000000000e+05 8.970000000000000000e+02
8.350000000000000000e+05 8.910000000000000000e+02
8.400000000000000000e+05 8.650000000000000000e+02
8.450000000000000000e+05 8.160000000000000000e+02
8.500000000000000000e+05 8.300000000000000000e+02
8.550000000000000000e+05 8.160000000000000000e+02
8.600000000000000000e+05 8.650000000000000000e+02
8.650000000000000000e+05 8.860000000000000000e+02
8.700000000000000000e+05 9.570000000000000000e+02
8.750000000000000000e+05 9.680000000000000000e+02
8.800000000000000000e+05 1.101000000000000000e+03
8.850000000000000000e+05 1.113000000000000000e+03
8.900000000000000000e+05 1.154000000000000000e+03
8.950000000000000000e+05 1.237000000000000000e+03
9.000000000000000000e+05 1.374000000000000000e+03
9.050000000000000000e+05 1.332000000000000000e+03
9.100000000000000000e+05 1.562000000000000000e+03
9.150000000000000000e+05 1.661000000000000000e+03
9.200000000000000000e+05 1.868000000000000000e+03
9.250000000000000000e+05 1.966000000000000000e+03
9.300000000000000000e+05 2.180000000000000000e+03
9.350000000000000000e+05 2.255000000000000000e+03
9.400000000000000000e+05 2.356000000000000000e+03
9.450000000000000000e+05 2.437000000000000000e+03
9.500000000000000000e+05 2.533000000000000000e+03
9.550000000000000000e+05 2.755000000000000000e+03
9.600000000000000000e+05 2.944000000000000000e+03
9.650000000000000000e+05 2.991000000000000000e+03
9.700000000000000000e+05 3.117000000000000000e+03
9.750000000000000000e+05 3.220000000000000000e+03
9.800000000000000000e+05 3.401000000000000000e+03
9.850000000000000000e+05 3.495000000000000000e+03
9.900000000000000000e+05 3.631000000000000000e+03
9.950000000000000000e+05 3.745000000000000000e+03
