0.000000000000000000e+00 2.671000000000000000e+03
5.000000000000000000e+02 2.807000000000000000e+03
1.000000000000000000e+03 2.822000000000000000e+03
1.500000000000000000e+03 2.810000000000000000e+03
2.000000000000000000e+03 2.834000000000000000e+03
2.500000000000000000e+03 2.868000000000000000e+03
3.000000000000000000e+03 2.982000000000000000e+03
3.500000000000000000e+03 3.201000000000000000e+03
4.000000000000000000e+03 3.186000000000000000e+03
4.500000000000000000e+03 3.194000000000000000e+03
5.000000000000000000e+03 3.195000000000000000e+03
5.500000000000000000e+03 3.157000000000000000e+03
6.000000000000000000e+03 3.299000000000000000e+03
6.500000000000000000e+03 3.234000000000000000e+03
7.000000000000000000e+03 3.174000000000000000e+03
7.500000000000000000e+03 3.223000000000000000e+03
8.000000000000000000e+03 3.103000000000000000e+03
8.500000000000000000e+03 3.316000000000000000e+03
9.000000000000000000e+03 3.373000000000000000e+03
9.500000000000000000e+03 3.352000000000000000e+03
1.000000000000000000e+04 3.244000000000000000e+03
1.050000000000000000e+04 3.266000000000000000e+03
1.100000000000000000e+04 3.229000000000000000e+03
1.150000000000000000e+04 3.123000000000000000e+03
1.200000000000000000e+04 3.211000000000000000e+03
1.250000000000000000e+04 3.293000000000000000e+03
1.300000000000000000e+04 3.223000000000000000e+03
1.350000000000000000e+04 3.153000000000000000e+03
1.400000000000000000e+04 3.223000000000000000e+03
1.450000000000000000e+04 3.133000000000000000e+03
1.500000000000000000e+04 3.065000000000000000e+03
1.550000000000000000e+04 2.980000000000000000e+03
1.600000000000000000e+04 3.049000000000000000e+03
1.650000000000000000e+04 3.019000000000000000e+03
1.700000000000000000e+04 2.993000000000000000e+03
1.750000000000000000e+04 2.916000000000000000e+03
1.800000000000000000e+04 2.818000000000000000e+03
1.850000000000000000e+04 2.828000000000000000e+03
1.900000000000000000e+04 2.692000000000000000e+03
1.950000000000000000e+04 2.687000000000000000e+03
2.000000000000000000e+04 2.559000000000000000e+03
2.050000000000000000e+04 2.454000000000000000e+03
2.100000000000000000e+04 2.467000000000000000e+03
2.150000000000000000e+04 2.271000000000000000e+03
2.200000000000000000e+04 2.212000000000000000e+03
2.250000000000000000e+04 2.197000000000000000e+03
2.300000000000000000e+04 2.075000000000000000e+03
2.350000000000000000e+04 2.022000000000000000e+03
2.400000000000000000e+04 1.927000000000000000e+03
2.450000000000000000e+04 1.867000000000000000e+03
2.500000000000000000e+04 1.727000000000000000e+03
2.550000000000000000e+04 1.658000000000000000e+03
2.600000000000000000e+04 1.515000000000000000e+03
2.650000000000000000e+04 1.451000000000000000e+03
2.700000000000000000e+04 1.252000000000000000e+03
2.750000000000000000e+04 1.161000000000000000e+03
2.800000000000000000e+04 1.126000000000000000e+03
2.850000000000000000e+04 1.048000000000000000e+03
2.900000000000000000e+04 9.670000000000000000e+02
2.950000000000000000e+04 9.120000000000000000e+02
3.000000000000000000e+04 8.210000000000000000e+02
3.050000000000000000e+04 8.190000000000000000e+02
3.100000000000000000e+04 7.750000000000000000e+02
3.150000000000000000e+04 6.760000000000000000e+02
3.200000000000000000e+04 6.970000000000000000e+02
3.250000000000000000e+04 7.010000000000000000e+02
3.300000000000000000e+04 5.970000000000000000e+02
3.350000000000000000e+04 5.900000000000000000e+02
3.400000000000000000e+04 5.790000000000000000e+02
3.450000000000000000e+04 5.590000000000000000e+02
3.500000000000000000e+04 5.700000000000000000e+02
3.550000000000000000e+04 5.870000000000000000e+02
3.600000000000000000e+04 5.460000000000000000e+02
3.650000000000000000e+04 6.210000000000000000e+02
3.700000000000000000e+04 6.510000000000000000e+02
3.750000000000000000e+04 6.750000000000000000e+02
3.800000000000000000e+04 6.270000000000000000e+02
3.850000000000000000e+04 7.090000000000000000e+02
3.900000000000000000e+04 8.340000000000000000e+02
3.950000000000000000e+04 8.030000000000000000e+02
4.000000000000000000e+04 9.350000000000000000e+02
4.050000000000000000e+04 9.630000000000000000e+02
4.100000000000000000e+04 1.070000000000000000e+03
4.150000000000000000e+04 1.141000000000000000e+03
4.200000000000000000e+04 1.183000000000000000e+03
4.250000000000000000e+04 1.295000000000000000e+03
4.300000000000000000e+04 1.416000000000000000e+03
4.350000000000000000e+04 1.483000000000000000e+03
4.400000000000000000e+04 1.628000000000000000e+03
4.450000000000000000e+04 1.678000000000000000e+03
4.500000000000000000e+04 1.764000000000000000e+03
4.550000000000000000e+04 1.862000000000000000e+03
4.600000000000000000e+04 2.003000000000000000e+03
4.650000000000000000e+04 2.080000000000000000e+03
4.700000000000000000e+04 2.188000000000000000e+03
4.750000000000000000e+04 2.287000000000000000e+03
4.800000000000000000e+04 2.329000000000000000e+03
4.850000000000000000e+04 2.478000000000000000e+03
4.900000000000000000e+04 2.492000000000000000e+03
4.950000000000000000e+04 2.630000000000000000e+03
5.000000000000000000e+04 2.630000000000000000e+03
5.050000000000000000e+04 2.809000000000000000e+03
5.100000000000000000e+04 2.792000000000000000e+03
5.150000000000000000e+04 2.835000000000000000e+03
5.200000000000000000e+04 2.856000000000000000e+03
5.250000000000000000e+04 2.929000000000000000e+03
5.300000000000000000e+04 2.954000000000000000e+03
5.350000000000000000e+04 3.034000000000000000e+03
5.400000000000000000e+04 3.054000000000000000e+03
5.450000000000000000e+04 3.193000000000000000e+03
5.500000000000000000e+04 3.128000000000000000e+03
5.550000000000000000e+04 3.106000000000000000e+03
5.600000000000000000e+04 3.162000000000000000e+03
5.650000000000000000e+04 3.230000000000000000e+03
5.700000000000000000e+04 3.210000000000000000e+03
5.750000000000000000e+04 3.197000000000000000e+03
5.800000000000000000e+04 3.233000000000000000e+03
5.850000000000000000e+04 3.182000000000000000e+03
5.900000000000000000e+04 3.331000000000000000e+03
5.950000000000000000e+04 3.391000000000000000e+03
6.000000000000000000e+04 3.289000000000000000e+03
6.050000000000000000e+04 3.281000000000000000e+03
6.100000000000000000e+04 3.271000000000000000e+03
6.150000000000000000e+04 3.312000000000000000e+03
6.200000000000000000e+04 3.324000000000000000e+03
6.250000000000000000e+04 3.239000000000000000e+03
6.300000000000000000e+04 3.241000000000000000e+03
6.350000000000000000e+04 3.131000000000000000e+03
6.400000000000000000e+04 3.223000000000000000e+03
6.450000000000000000e+04 3.098000000000000000e+03
6.500000000000000000e+04 3.182000000000000000e+03
6.550000000000000000e+04 3.061000000000000000e+03
6.600000000000000000e+04 3.022000000000000000e+03
6.650000000000000000e+04 3.027000000000000000e+03
6.700000000000000000e+04 2.951000000000000000e+03
6.750000000000000000e+04 2.855000000000000000e+03
6.800000000000000000e+04 2.921000000000000000e+03
6.850000000000000000e+04 2.868000000000000000e+03
6.900000000000000000e+04 2.688000000000000000e+03
6.950000000000000000e+04 2.579000000000000000e+03
7.000000000000000000e+04 2.665000000000000000e+03
7.050000000000000000e+04 2.553000000000000000e+03
7.100000000000000000e+04 2.470000000000000000e+03
7.150000000000000000e+04 2.282000000000000000e+03
7.200000000000000000e+04 2.366000000000000000e+03
7.250000000000000000e+04 2.209000000000000000e+03
7.300000000000000000e+04 2.031000000000000000e+03
7.350000000000000000e+04 1.985000000000000000e+03
7.400000000000000000e+04 1.928000000000000000e+03
7.450000000000000000e+04 1.810000000000000000e+03
7.500000000000000000e+04 1.651000000000000000e+03
7.550000000000000000e+04 1.600000000000000000e+03
7.600000000000000000e+04 1.478000000000000000e+03
7.650000000000000000e+04 1.375000000000000000e+03
7.700000000000000000e+04 1.333000000000000000e+03
7.750000000000000000e+04 1.243000000000000000e+03
7.800000000000000000e+04 1.149000000000000000e+03
7.850000000000000000e+04 1.070000000000000000e+03
7.900000000000000000e+04 9.950000000000000000e+02
7.950000000000000000e+04 9.140000000000000000e+02
8.000000000000000000e+04 8.500000000000000000e+02
8.050000000000000000e+04 7.870000000000000000e+02
8.100000000000000000e+04 7.320000000000000000e+02
8.150000000000000000e+04 7.630000000000000000e+02
8.200000000000000000e+04 6.420000000000000000e+02
8.250000000000000000e+04 6.580000000000000000e+02
8.300000000000000000e+04 6.120000000000000000e+02
8.350000000000000000e+04 6.000000000000000000e+02
8.400000000000000000e+04 5.100000000000000000e+02
8.450000000000000000e+04 5.530000000000000000e+02
8.500000000000000000e+04 5.850000000000000000e+02
8.550000000000000000e+04 5.900000000000000000e+02
8.600000000000000000e+04 5.750000000000000000e+02
8.650000000000000000e+04 6.010000000000000000e+02
8.700000000000000000e+04 6.170000000000000000e+02
8.750000000000000000e+04 6.330000000000000000e+02
8.800000000000000000e+04 6.730000000000000000e+02
8.850000000000000000e+04 7.300000000000000000e+02
8.900000000000000000e+04 7.560000000000000000e+02
8.950000000000000000e+04 9.110000000000000000e+02
9.000000000000000000e+04 8.900000000000000000e+02
9.050000000000000000e+04 9.660000000000000000e+02
9.100000000000000000e+04 1.067000000000000000e+03
9.150000000000000000e+04 1.127000000000000000e+03
9.200000000000000000e+04 1.232000000000000000e+03
9.250000000000000000e+04 1.295000000000000000e+03
9.300000000000000000e+04 1.384000000000000000e+03
9.350000000000000000e+04 1.579000000000000000e+03
9.400000000000000000e+04 1.642000000000000000e+03
9.450000000000000000e+04 1.771000000000000000e+03
9.500000000000000000e+04 1.881000000000000000e+03
9.550000000000000000e+04 1.941000000000000000e+03
9.600000000000000000e+04 2.030000000000000000e+03
9.650000000000000000e+04 2.085000000000000000e+03
9.700000000000000000e+04 2.103000000000000000e+03
9.750000000000000000e+04 2.270000000000000000e+03
9.800000000000000000e+04 2.357000000000000000e+03
9.850000000000000000e+04 2.472000000000000000e+03
9.900000000000000000e+04 2.531000000000000000e+03
9.950000000000000000e+04 2.555000000000000000e+03
