0.000000000000000000e+00 5.554000000000000000e+03
3.333000000000000000e+03 5.696000000000000000e+03
6.666000000000000000e+03 5.819000000000000000e+03
9.999000000000000000e+03 5.857000000000000000e+03
1.333200000000000000e+04 6.145000000000000000e+03
1.666500000000000000e+04 6.262000000000000000e+03
1.999800000000000000e+04 6.265000000000000000e+03
2.333100000000000000e+04 6.375000000000000000e+03
2.666400000000000000e+04 6.369000000000000000e+03
2.999700000000000000e+04 6.537000000000000000e+03
3.333000000000000000e+04 6.575000000000000000e+03
3.666300000000000000e+04 6.611000000000000000e+03
3.999600000000000000e+04 6.683000000000000000e+03
4.332900000000000000e+04 6.629000000000000000e+03
4.666200000000000000e+04 6.762000000000000000e+03
4.999500000000000000e+04 6.918000000000000000e+03
5.332800000000000000e+04 6.779000000000000000e+03
5.666100000000000000e+04 6.776000000000000000e+03
5.999400000000000000e+04 6.900000000000000000e+03
6.332700000000000000e+04 6.932000000000000000e+03
6.666000000000000000e+04 6.871000000000000000e+03
6.999300000000000000e+04 6.876000000000000000e+03
7.332600000000000000e+04 6.723000000000000000e+03
7.665900000000000000e+04 6.816000000000000000e+03
7.999200000000000000e+04 6.674000000000000000e+03
8.332500000000000000e+04 6.559000000000000000e+03
8.665800000000000000e+04 6.676000000000000000e+03
8.999100000000000000e+04 6.521000000000000000e+03
9.332400000000000000e+04 6.506000000000000000e+03
9.665700000000000000e+04 6.319000000000000000e+03
9.999000000000000000e+04 6.383000000000000000e+03
1.033230000000000000e+05 6.383000000000000000e+03
1.066560000000000000e+05 6.361000000000000000e+03
1.099890000000000000e+05 6.262000000000000000e+03
1.133220000000000000e+05 6.122000000000000000e+03
1.166550000000000000e+05 6.030000000000000000e+03
1.199880000000000000e+05 5.948000000000000000e+03
1.233210000000000000e+05 5.788000000000000000e+03
1.266540000000000000e+05 5.748000000000000000e+03
1.299870000000000000e+05 5.473000000000000000e+03
1.333200000000000000e+05 5.424000000000000000e+03
1.366530000000000000e+05 5.090000000000000000e+03
1.399860000000000000e+05 5.030000000000000000e+03
1.433190000000000000e+05 5.046000000000000000e+03
1.466520000000000000e+05 4.771000000000000000e+03
1.499850000000000000e+05 4.493000000000000000e+03
1.533180000000000000e+05 4.344000000000000000e+03
1.566510000000000000e+05 4.144000000000000000e+03
1.599840000000000000e+05 3.913000000000000000e+03
1.633170000000000000e+05 3.726000000000000000e+03
1.666500000000000000e+05 3.521000000000000000e+03
1.699830000000000000e+05 3.345000000000000000e+03
1.733160000000000000e+05 3.240000000000000000e+03
1.766490000000000000e+05 2.878000000000000000e+03
1.799820000000000000e+05 2.677000000000000000e+03
1.833150000000000000e+05 2.558000000000000000e+03
1.866480000000000000e+05 2.347000000000000000e+03
1.899810000000000000e+05 2.407000000000000000e+03
1.933140000000000000e+05 2.061000000000000000e+03
1.966470000000000000e+05 1.917000000000000000e+03
1.999800000000000000e+05 1.760000000000000000e+03
2.033130000000000000e+05 1.636000000000000000e+03
2.066460000000000000e+05 1.543000000000000000e+03
2.099790000000000000e+05 1.489000000000000000e+03
2.133120000000000000e+05 1.447000000000000000e+03
2.166450000000000000e+05 1.383000000000000000e+03
2.199780000000000000e+05 1.310000000000000000e+03
2.233110000000000000e+05 1.273000000000000000e+03
2.266440000000000000e+05 1.246000000000000000e+03
2.299770000000000000e+05 1.283000000000000000e+03
2.333100000000000000e+05 1.278000000000000000e+03
2.366430000000000000e+05 1.320000000000000000e+03
2.399760000000000000e+05 1.299000000000000000e+03
2.433090000000000000e+05 1.299000000000000000e+03
2.466420000000000000e+05 1.446000000000000000e+03
2.499750000000000000e+05 1.528000000000000000e+03
2.533080000000000000e+05 1.553000000000000000e+03
2.566410000000000000e+05 1.587000000000000000e+03
2.599740000000000000e+05 1.796000000000000000e+03
2.633070000000000000e+05 1.886000000000000000e+03
2.666400000000000000e+05 2.086000000000000000e+03
2.699730000000000000e+05 2.164000000000000000e+03
2.733060000000000000e+05 2.331000000000000000e+03
2.766390000000000000e+05 2.511000000000000000e+03
2.799720000000000000e+05 2.674000000000000000e+03
2.833050000000000000e+05 2.874000000000000000e+03
2.866380000000000000e+05 3.107000000000000000e+03
2.899710000000000000e+05 3.352000000000000000e+03
2.933040000000000000e+05 3.581000000000000000e+03
2.966370000000000000e+05 3.660000000000000000e+03
2.999700000000000000e+05 3.953000000000000000e+03
3.033030000000000000e+05 4.098000000000000000e+03
3.066360000000000000e+05 4.219000000000000000e+03
3.099690000000000000e+05 4.622000000000000000e+03
3.133020000000000000e+05 4.646000000000000000e+03
3.166350000000000000e+05 4.854000000000000000e+03
3.199680000000000000e+05 4.973000000000000000e+03
3.233010000000000000e+05 5.173000000000000000e+03
3.266340000000000000e+05 5.292000000000000000e+03
3.299670000000000000e+05 5.539000000000000000e+03
3.333000000000000000e+05 5.732000000000000000e+03
3.366330000000000000e+05 5.671000000000000000e+03
3.399660000000000000e+05 5.843000000000000000e+03
3.432990000000000000e+05 5.988000000000000000e+03
3.466320000000000000e+05 5.963000000000000000e+03
3.499650000000000000e+05 6.212000000000000000e+03
3.532980000000000000e+05 6.315000000000000000e+03
3.566310000000000000e+05 6.336000000000000000e+03
3.599640000000000000e+05 6.473000000000000000e+03
3.632970000000000000e+05 6.626000000000000000e+03
3.666300000000000000e+05 6.503000000000000000e+03
3.699630000000000000e+05 6.665000000000000000e+03
3.732960000000000000e+05 6.648000000000000000e+03
3.766290000000000000e+05 6.721000000000000000e+03
3.799620000000000000e+05 6.759000000000000000e+03
3.832950000000000000e+05 6.723000000000000000e+03
3.866280000000000000e+05 7.018000000000000000e+03
3.899610000000000000e+05 6.664000000000000000e+03
3.932940000000000000e+05 6.884000000000000000e+03
3.966270000000000000e+05 6.651000000000000000e+03
3.999600000000000000e+05 6.790000000000000000e+03
4.032930000000000000e+05 6.719000000000000000e+03
4.066260000000000000e+05 6.700000000000000000e+03
4.099590000000000000e+05 6.720000000000000000e+03
4.132920000000000000e+05 6.595000000000000000e+03
4.166250000000000000e+05 6.762000000000000000e+03
4.199580000000000000e+05 6.623000000000000000e+03
4.232910000000000000e+05 6.763000000000000000e+03
4.266240000000000000e+05 6.592000000000000000e+03
4.299570000000000000e+05 6.354000000000000000e+03
4.332900000000000000e+05 6.422000000000000000e+03
4.366230000000000000e+05 6.379000000000000000e+03
4.399560000000000000e+05 6.347000000000000000e+03
4.432890000000000000e+05 6.365000000000000000e+03
4.466220000000000000e+05 6.136000000000000000e+03
4.499550000000000000e+05 6.014000000000000000e+03
4.532880000000000000e+05 5.941000000000000000e+03
4.566210000000000000e+05 5.920000000000000000e+03
4.599540000000000000e+05 5.694000000000000000e+03
4.632870000000000000e+05 5.347000000000000000e+03
4.666200000000000000e+05 5.395000000000000000e+03
4.699530000000000000e+05 5.173000000000000000e+03
4.732860000000000000e+05 5.056000000000000000e+03
4.766190000000000000e+05 4.872000000000000000e+03
4.799520000000000000e+05 4.586000000000000000e+03
4.832850000000000000e+05 4.651000000000000000e+03
4.866180000000000000e+05 4.470000000000000000e+03
4.899510000000000000e+05 4.116000000000000000e+03
4.932840000000000000e+05 3.930000000000000000e+03
4.966170000000000000e+05 3.739000000000000000e+03
4.999500000000000000e+05 3.562000000000000000e+03
5.032830000000000000e+05 3.291000000000000000e+03
5.066160000000000000e+05 3.241000000000000000e+03
5.099490000000000000e+05 2.893000000000000000e+03
5.132820000000000000e+05 2.789000000000000000e+03
5.166150000000000000e+05 2.583000000000000000e+03
5.199480000000000000e+05 2.463000000000000000e+03
5.232810000000000000e+05 2.129000000000000000e+03
5.266140000000000000e+05 2.004000000000000000e+03
5.299470000000000000e+05 2.024000000000000000e+03
5.332800000000000000e+05 1.808000000000000000e+03
5.366130000000000000e+05 1.759000000000000000e+03
5.399460000000000000e+05 1.624000000000000000e+03
5.432790000000000000e+05 1.417000000000000000e+03
5.466120000000000000e+05 1.416000000000000000e+03
5.499450000000000000e+05 1.387000000000000000e+03
5.532780000000000000e+05 1.336000000000000000e+03
5.566110000000000000e+05 1.259000000000000000e+03
5.599440000000000000e+05 1.289000000000000000e+03
5.632770000000000000e+05 1.307000000000000000e+03
5.666100000000000000e+05 1.248000000000000000e+03
5.699430000000000000e+05 1.317000000000000000e+03
5.732760000000000000e+05 1.317000000000000000e+03
5.766090000000000000e+05 1.408000000000000000e+03
5.799420000000000000e+05 1.402000000000000000e+03
5.832750000000000000e+05 1.392000000000000000e+03
5.866080000000000000e+05 1.537000000000000000e+03
5.899410000000000000e+05 1.633000000000000000e+03
5.932740000000000000e+05 1.671000000000000000e+03
5.966070000000000000e+05 1.915000000000000000e+03
5.999400000000000000e+05 2.055000000000000000e+03
6.032730000000000000e+05 2.234000000000000000e+03
6.066060000000000000e+05 2.384000000000000000e+03
6.099390000000000000e+05 2.464000000000000000e+03
6.132720000000000000e+05 2.737000000000000000e+03
6.166050000000000000e+05 2.891000000000000000e+03
6.199380000000000000e+05 3.153000000000000000e+03
6.232710000000000000e+05 3.249000000000000000e+03
6.266040000000000000e+05 3.532000000000000000e+03
6.299370000000000000e+05 3.721000000000000000e+03
6.332700000000000000e+05 3.831000000000000000e+03
6.366030000000000000e+05 3.909000000000000000e+03
6.399360000000000000e+05 4.231000000000000000e+03
6.432690000000000000e+05 4.361000000000000000e+03
6.466020000000000000e+05 4.794000000000000000e+03
6.499350000000000000e+05 4.778000000000000000e+03
6.532680000000000000e+05 4.951000000000000000e+03
6.566010000000000000e+05 5.191000000000000000e+03
6.599340000000000000e+05 5.377000000000000000e+03
6.632670000000000000e+05 5.403000000000000000e+03
