0.000000000000000000e+00 6.779000000000000000e+03
1.000000000000000000e+04 7.414000000000000000e+03
2.000000000000000000e+04 7.712000000000000000e+03
3.000000000000000000e+04 7.492000000000000000e+03
4.000000000000000000e+04 7.596000000000000000e+03
5.000000000000000000e+04 7.902000000000000000e+03
6.000000000000000000e+04 7.969000000000000000e+03
7.000000000000000000e+04 7.942000000000000000e+03
8.000000000000000000e+04 8.269000000000000000e+03
9.000000000000000000e+04 8.235000000000000000e+03
1.000000000000000000e+05 8.248000000000000000e+03
1.100000000000000000e+05 8.409000000000000000e+03
1.200000000000000000e+05 8.539000000000000000e+03
1.300000000000000000e+05 8.604000000000000000e+03
1.400000000000000000e+05 8.460000000000000000e+03
1.500000000000000000e+05 8.525000000000000000e+03
1.600000000000000000e+05 8.770000000000000000e+03
1.700000000000000000e+05 8.567000000000000000e+03
1.800000000000000000e+05 8.587000000000000000e+03
1.900000000000000000e+05 8.499000000000000000e+03
2.000000000000000000e+05 8.721000000000000000e+03
2.100000000000000000e+05 8.715000000000000000e+03
2.200000000000000000e+05 8.519000000000000000e+03
2.300000000000000000e+05 8.547000000000000000e+03
2.400000000000000000e+05 8.783000000000000000e+03
2.500000000000000000e+05 8.504000000000000000e+03
2.600000000000000000e+05 8.454000000000000000e+03
2.700000000000000000e+05 8.493000000000000000e+03
2.800000000000000000e+05 8.343000000000000000e+03
2.900000000000000000e+05 8.342000000000000000e+03
3.000000000000000000e+05 8.297000000000000000e+03
3.100000000000000000e+05 8.031000000000000000e+03
3.200000000000000000e+05 8.127000000000000000e+03
3.300000000000000000e+05 7.841000000000000000e+03
3.400000000000000000e+05 7.782000000000000000e+03
3.500000000000000000e+05 7.706000000000000000e+03
3.600000000000000000e+05 7.422000000000000000e+03
3.700000000000000000e+05 7.213000000000000000e+03
3.800000000000000000e+05 7.129000000000000000e+03
3.900000000000000000e+05 6.897000000000000000e+03
4.000000000000000000e+05 6.745000000000000000e+03
4.100000000000000000e+05 6.708000000000000000e+03
4.200000000000000000e+05 6.270000000000000000e+03
4.300000000000000000e+05 6.104000000000000000e+03
4.400000000000000000e+05 5.971000000000000000e+03
4.500000000000000000e+05 5.702000000000000000e+03
4.600000000000000000e+05 5.423000000000000000e+03
4.700000000000000000e+05 5.094000000000000000e+03
4.800000000000000000e+05 4.816000000000000000e+03
4.900000000000000000e+05 4.602000000000000000e+03
5.000000000000000000e+05 4.263000000000000000e+03
5.100000000000000000e+05 4.011000000000000000e+03
5.200000000000000000e+05 3.898000000000000000e+03
5.300000000000000000e+05 3.504000000000000000e+03
5.400000000000000000e+05 3.412000000000000000e+03
5.500000000000000000e+05 3.176000000000000000e+03
5.600000000000000000e+05 2.823000000000000000e+03
5.700000000000000000e+05 2.599000000000000000e+03
5.800000000000000000e+05 2.440000000000000000e+03
5.900000000000000000e+05 2.227000000000000000e+03
6.000000000000000000e+05 2.163000000000000000e+03
6.100000000000000000e+05 1.919000000000000000e+03
6.200000000000000000e+05 1.886000000000000000e+03
6.300000000000000000e+05 1.697000000000000000e+03
6.400000000000000000e+05 1.636000000000000000e+03
6.500000000000000000e+05 1.579000000000000000e+03
6.600000000000000000e+05 1.497000000000000000e+03
6.700000000000000000e+05 1.454000000000000000e+03
6.800000000000000000e+05 1.473000000000000000e+03
6.900000000000000000e+05 1.389000000000000000e+03
7.000000000000000000e+05 1.367000000000000000e+03
7.100000000000000000e+05 1.346000000000000000e+03
7.200000000000000000e+05 1.501000000000000000e+03
7.300000000000000000e+05 1.434000000000000000e+03
7.400000000000000000e+05 1.600000000000000000e+03
7.500000000000000000e+05 1.671000000000000000e+03
7.600000000000000000e+05 1.733000000000000000e+03
7.700000000000000000e+05 1.811000000000000000e+03
7.800000000000000000e+05 1.989000000000000000e+03
7.900000000000000000e+05 2.091000000000000000e+03
8.000000000000000000e+05 2.512000000000000000e+03
8.100000000000000000e+05 2.537000000000000000e+03
8.200000000000000000e+05 2.597000000000000000e+03
8.300000000000000000e+05 2.929000000000000000e+03
8.400000000000000000e+05 3.065000000000000000e+03
8.500000000000000000e+05 3.492000000000000000e+03
8.600000000000000000e+05 3.670000000000000000e+03
8.700000000000000000e+05 3.909000000000000000e+03
8.800000000000000000e+05 4.217000000000000000e+03
8.900000000000000000e+05 4.396000000000000000e+03
9.000000000000000000e+05 4.649000000000000000e+03
9.100000000000000000e+05 4.943000000000000000e+03
9.200000000000000000e+05 5.138000000000000000e+03
9.300000000000000000e+05 5.526000000000000000e+03
9.400000000000000000e+05 5.786000000000000000e+03
9.500000000000000000e+05 6.013000000000000000e+03
9.600000000000000000e+05 6.183000000000000000e+03
9.700000000000000000e+05 6.445000000000000000e+03
9.800000000000000000e+05 6.568000000000000000e+03
9.900000000000000000e+05 6.856000000000000000e+03
1.000000000000000000e+06 7.076000000000000000e+03
1.010000000000000000e+06 7.119000000000000000e+03
1.020000000000000000e+06 7.487000000000000000e+03
1.030000000000000000e+06 7.535000000000000000e+03
1.040000000000000000e+06 7.718000000000000000e+03
1.050000000000000000e+06 7.926000000000000000e+03
1.060000000000000000e+06 8.061000000000000000e+03
1.070000000000000000e+06 8.076000000000000000e+03
1.080000000000000000e+06 8.227000000000000000e+03
1.090000000000000000e+06 8.251000000000000000e+03
1.100000000000000000e+06 8.150000000000000000e+03
1.110000000000000000e+06 8.470000000000000000e+03
1.120000000000000000e+06 8.465000000000000000e+03
1.130000000000000000e+06 8.546000000000000000e+03
1.140000000000000000e+06 8.575000000000000000e+03
1.150000000000000000e+06 8.729000000000000000e+03
1.160000000000000000e+06 8.632000000000000000e+03
1.170000000000000000e+06 8.687000000000000000e+03
1.180000000000000000e+06 8.495000000000000000e+03
1.190000000000000000e+06 8.715000000000000000e+03
1.200000000000000000e+06 8.655000000000000000e+03
1.210000000000000000e+06 8.701000000000000000e+03
1.220000000000000000e+06 8.837000000000000000e+03
1.230000000000000000e+06 8.533000000000000000e+03
1.240000000000000000e+06 8.407000000000000000e+03
1.250000000000000000e+06 8.525000000000000000e+03
1.260000000000000000e+06 8.467000000000000000e+03
1.270000000000000000e+06 8.348000000000000000e+03
1.280000000000000000e+06 8.323000000000000000e+03
1.290000000000000000e+06 8.289000000000000000e+03
1.300000000000000000e+06 8.218000000000000000e+03
1.310000000000000000e+06 8.120000000000000000e+03
1.320000000000000000e+06 8.034000000000000000e+03
1.330000000000000000e+06 7.838000000000000000e+03
1.340000000000000000e+06 7.702000000000000000e+03
1.350000000000000000e+06 7.463000000000000000e+03
1.360000000000000000e+06 7.248000000000000000e+03
1.370000000000000000e+06 7.270000000000000000e+03
1.380000000000000000e+06 7.014000000000000000e+03
1.390000000000000000e+06 6.948000000000000000e+03
1.400000000000000000e+06 6.799000000000000000e+03
1.410000000000000000e+06 6.447000000000000000e+03
1.420000000000000000e+06 6.344000000000000000e+03
1.430000000000000000e+06 6.005000000000000000e+03
1.440000000000000000e+06 5.849000000000000000e+03
1.450000000000000000e+06 5.602000000000000000e+03
1.460000000000000000e+06 5.380000000000000000e+03
1.470000000000000000e+06 5.089000000000000000e+03
1.480000000000000000e+06 4.758000000000000000e+03
1.490000000000000000e+06 4.601000000000000000e+03
1.500000000000000000e+06 4.325000000000000000e+03
1.510000000000000000e+06 4.010000000000000000e+03
1.520000000000000000e+06 3.756000000000000000e+03
1.530000000000000000e+06 3.619000000000000000e+03
1.540000000000000000e+06 3.293000000000000000e+03
1.550000000000000000e+06 3.094000000000000000e+03
1.560000000000000000e+06 2.851000000000000000e+03
1.570000000000000000e+06 2.636000000000000000e+03
1.580000000000000000e+06 2.401000000000000000e+03
1.590000000000000000e+06 2.246000000000000000e+03
1.600000000000000000e+06 2.062000000000000000e+03
1.610000000000000000e+06 1.913000000000000000e+03
1.620000000000000000e+06 1.885000000000000000e+03
1.630000000000000000e+06 1.861000000000000000e+03
1.640000000000000000e+06 1.626000000000000000e+03
1.650000000000000000e+06 1.480000000000000000e+03
1.660000000000000000e+06 1.480000000000000000e+03
1.670000000000000000e+06 1.411000000000000000e+03
1.680000000000000000e+06 1.449000000000000000e+03
1.690000000000000000e+06 1.419000000000000000e+03
1.700000000000000000e+06 1.395000000000000000e+03
1.710000000000000000e+06 1.477000000000000000e+03
1.720000000000000000e+06 1.418000000000000000e+03
1.730000000000000000e+06 1.470000000000000000e+03
1.740000000000000000e+06 1.600000000000000000e+03
1.750000000000000000e+06 1.653000000000000000e+03
1.760000000000000000e+06 1.789000000000000000e+03
1.770000000000000000e+06 1.880000000000000000e+03
1.780000000000000000e+06 2.075000000000000000e+03
1.790000000000000000e+06 2.085000000000000000e+03
1.800000000000000000e+06 2.319000000000000000e+03
1.810000000000000000e+06 2.491000000000000000e+03
1.820000000000000000e+06 2.793000000000000000e+03
1.830000000000000000e+06 2.880000000000000000e+03
1.840000000000000000e+06 3.083000000000000000e+03
1.850000000000000000e+06 3.326000000000000000e+03
1.860000000000000000e+06 3.595000000000000000e+03
1.870000000000000000e+06 3.901000000000000000e+03
1.880000000000000000e+06 4.312000000000000000e+03
1.890000000000000000e+06 4.368000000000000000e+03
1.900000000000000000e+06 4.731000000000000000e+03
1.910000000000000000e+06 4.713000000000000000e+03
1.920000000000000000e+06 5.239000000000000000e+03
1.930000000000000000e+06 5.490000000000000000e+03
1.940000000000000000e+06 5.664000000000000000e+03
1.950000000000000000e+06 5.817000000000000000e+03
1.960000000000000000e+06 6.198000000000000000e+03
1.970000000000000000e+06 6.412000000000000000e+03
1.980000000000000000e+06 6.541000000000000000e+03
1.990000000000000000e+06 6.874000000000000000e+03
