0.000000000000000000e+00 3.249000000000000000e+03
1.000000000000000000e+03 3.340000000000000000e+03
2.000000000000000000e+03 3.287000000000000000e+03
3.000000000000000000e+03 3.495000000000000000e+03
4.000000000000000000e+03 3.493000000000000000e+03
5.000000000000000000e+03 3.737000000000000000e+03
6.000000000000000000e+03 3.716000000000000000e+03
7.000000000000000000e+03 3.732000000000000000e+03
8.000000000000000000e+03 3.702000000000000000e+03
9.000000000000000000e+03 3.777000000000000000e+03
1.000000000000000000e+04 3.826000000000000000e+03
1.100000000000000000e+04 3.966000000000000000e+03
1.200000000000000000e+04 3.954000000000000000e+03
1.300000000000000000e+04 3.937000000000000000e+03
1.400000000000000000e+04 3.965000000000000000e+03
1.500000000000000000e+04 3.805000000000000000e+03
1.600000000000000000e+04 3.951000000000000000e+03
1.700000000000000000e+04 3.916000000000000000e+03
1.800000000000000000e+04 4.003000000000000000e+03
1.900000000000000000e+04 3.922000000000000000e+03
2.000000000000000000e+04 3.899000000000000000e+03
2.100000000000000000e+04 4.035000000000000000e+03
2.200000000000000000e+04 4.050000000000000000e+03
2.300000000000000000e+04 3.952000000000000000e+03
2.400000000000000000e+04 4.035000000000000000e+03
2.500000000000000000e+04 3.930000000000000000e+03
2.600000000000000000e+04 4.014000000000000000e+03
2.700000000000000000e+04 3.867000000000000000e+03
2.800000000000000000e+04 3.824000000000000000e+03
2.900000000000000000e+04 3.885000000000000000e+03
3.000000000000000000e+04 3.739000000000000000e+03
3.100000000000000000e+04 3.758000000000000000e+03
3.200000000000000000e+04 3.790000000000000000e+03
3.300000000000000000e+04 3.712000000000000000e+03
3.400000000000000000e+04 3.749000000000000000e+03
3.500000000000000000e+04 3.610000000000000000e+03
3.600000000000000000e+04 3.516000000000000000e+03
3.700000000000000000e+04 3.456000000000000000e+03
3.800000000000000000e+04 3.383000000000000000e+03
3.900000000000000000e+04 3.153000000000000000e+03
4.000000000000000000e+04 3.187000000000000000e+03
4.100000000000000000e+04 3.204000000000000000e+03
4.200000000000000000e+04 3.009000000000000000e+03
4.300000000000000000e+04 3.035000000000000000e+03
4.400000000000000000e+04 2.788000000000000000e+03
4.500000000000000000e+04 2.632000000000000000e+03
4.600000000000000000e+04 2.526000000000000000e+03
4.700000000000000000e+04 2.393000000000000000e+03
4.800000000000000000e+04 2.379000000000000000e+03
4.900000000000000000e+04 2.192000000000000000e+03
5.000000000000000000e+04 2.075000000000000000e+03
5.100000000000000000e+04 1.978000000000000000e+03
5.200000000000000000e+04 1.779000000000000000e+03
5.300000000000000000e+04 1.812000000000000000e+03
5.400000000000000000e+04 1.749000000000000000e+03
5.500000000000000000e+04 1.484000000000000000e+03
5.600000000000000000e+04 1.423000000000000000e+03
5.700000000000000000e+04 1.307000000000000000e+03
5.800000000000000000e+04 1.270000000000000000e+03
5.900000000000000000e+04 1.146000000000000000e+03
6.000000000000000000e+04 1.111000000000000000e+03
6.100000000000000000e+04 1.048000000000000000e+03
6.200000000000000000e+04 9.670000000000000000e+02
6.300000000000000000e+04 9.180000000000000000e+02
6.400000000000000000e+04 9.010000000000000000e+02
6.500000000000000000e+04 7.960000000000000000e+02
6.600000000000000000e+04 8.250000000000000000e+02
6.700000000000000000e+04 7.720000000000000000e+02
6.800000000000000000e+04 6.960000000000000000e+02
6.900000000000000000e+04 7.830000000000000000e+02
7.000000000000000000e+04 7.120000000000000000e+02
7.100000000000000000e+04 7.730000000000000000e+02
7.200000000000000000e+04 7.850000000000000000e+02
7.300000000000000000e+04 7.890000000000000000e+02
7.400000000000000000e+04 8.220000000000000000e+02
7.500000000000000000e+04 9.240000000000000000e+02
7.600000000000000000e+04 8.910000000000000000e+02
7.700000000000000000e+04 1.014000000000000000e+03
7.800000000000000000e+04 1.010000000000000000e+03
7.900000000000000000e+04 1.072000000000000000e+03
8.000000000000000000e+04 1.176000000000000000e+03
8.100000000000000000e+04 1.225000000000000000e+03
8.200000000000000000e+04 1.343000000000000000e+03
8.300000000000000000e+04 1.509000000000000000e+03
8.400000000000000000e+04 1.549000000000000000e+03
8.500000000000000000e+04 1.718000000000000000e+03
8.600000000000000000e+04 1.825000000000000000e+03
8.700000000000000000e+04 1.925000000000000000e+03
8.800000000000000000e+04 2.050000000000000000e+03
8.900000000000000000e+04 2.084000000000000000e+03
9.000000000000000000e+04 2.227000000000000000e+03
9.100000000000000000e+04 2.354000000000000000e+03
9.200000000000000000e+04 2.439000000000000000e+03
9.300000000000000000e+04 2.480000000000000000e+03
9.400000000000000000e+04 2.658000000000000000e+03
9.500000000000000000e+04 2.830000000000000000e+03
9.600000000000000000e+04 2.934000000000000000e+03
9.700000000000000000e+04 3.077000000000000000e+03
9.800000000000000000e+04 3.182000000000000000e+03
9.900000000000000000e+04 3.286000000000000000e+03
1.000000000000000000e+05 3.384000000000000000e+03
1.010000000000000000e+05 3.450000000000000000e+03
1.020000000000000000e+05 3.472000000000000000e+03
1.030000000000000000e+05 3.561000000000000000e+03
1.040000000000000000e+05 3.678000000000000000e+03
1.050000000000000000e+05 3.617000000000000000e+03
1.060000000000000000e+05 3.639000000000000000e+03
1.070000000000000000e+05 3.882000000000000000e+03
1.080000000000000000e+05 3.813000000000000000e+03
1.090000000000000000e+05 3.702000000000000000e+03
1.100000000000000000e+05 3.898000000000000000e+03
1.110000000000000000e+05 3.803000000000000000e+03
1.120000000000000000e+05 3.953000000000000000e+03
1.130000000000000000e+05 3.962000000000000000e+03
1.140000000000000000e+05 4.022000000000000000e+03
1.150000000000000000e+05 4.046000000000000000e+03
1.160000000000000000e+05 4.123000000000000000e+03
1.170000000000000000e+05 3.875000000000000000e+03
1.180000000000000000e+05 4.013000000000000000e+03
1.190000000000000000e+05 4.051000000000000000e+03
1.200000000000000000e+05 3.940000000000000000e+03
1.210000000000000000e+05 4.018000000000000000e+03
1.220000000000000000e+05 4.112000000000000000e+03
1.230000000000000000e+05 3.857000000000000000e+03
1.240000000000000000e+05 3.880000000000000000e+03
1.250000000000000000e+05 3.955000000000000000e+03
1.260000000000000000e+05 3.933000000000000000e+03
1.270000000000000000e+05 3.933000000000000000e+03
1.280000000000000000e+05 3.879000000000000000e+03
1.290000000000000000e+05 3.825000000000000000e+03
1.300000000000000000e+05 3.831000000000000000e+03
1.310000000000000000e+05 3.731000000000000000e+03
1.320000000000000000e+05 3.719000000000000000e+03
1.330000000000000000e+05 3.659000000000000000e+03
1.340000000000000000e+05 3.560000000000000000e+03
1.350000000000000000e+05 3.594000000000000000e+03
1.360000000000000000e+05 3.469000000000000000e+03
1.370000000000000000e+05 3.463000000000000000e+03
1.380000000000000000e+05 3.387000000000000000e+03
1.390000000000000000e+05 3.279000000000000000e+03
1.400000000000000000e+05 3.177000000000000000e+03
1.410000000000000000e+05 3.000000000000000000e+03
1.420000000000000000e+05 2.958000000000000000e+03
1.430000000000000000e+05 2.896000000000000000e+03
1.440000000000000000e+05 2.740000000000000000e+03
1.450000000000000000e+05 2.665000000000000000e+03
1.460000000000000000e+05 2.465000000000000000e+03
1.470000000000000000e+05 2.495000000000000000e+03
1.480000000000000000e+05 2.401000000000000000e+03
1.490000000000000000e+05 2.293000000000000000e+03
1.500000000000000000e+05 2.085000000000000000e+03
1.510000000000000000e+05 1.989000000000000000e+03
1.520000000000000000e+05 1.928000000000000000e+03
1.530000000000000000e+05 1.762000000000000000e+03
1.540000000000000000e+05 1.664000000000000000e+03
1.550000000000000000e+05 1.515000000000000000e+03
1.560000000000000000e+05 1.480000000000000000e+03
1.570000000000000000e+05 1.411000000000000000e+03
1.580000000000000000e+05 1.280000000000000000e+03
1.590000000000000000e+05 1.200000000000000000e+03
1.600000000000000000e+05 1.064000000000000000e+03
1.610000000000000000e+05 1.005000000000000000e+03
1.620000000000000000e+05 1.014000000000000000e+03
1.630000000000000000e+05 9.380000000000000000e+02
1.640000000000000000e+05 8.740000000000000000e+02
1.650000000000000000e+05 8.200000000000000000e+02
1.660000000000000000e+05 8.450000000000000000e+02
1.670000000000000000e+05 7.640000000000000000e+02
1.680000000000000000e+05 7.180000000000000000e+02
1.690000000000000000e+05 7.510000000000000000e+02
1.700000000000000000e+05 7.280000000000000000e+02
1.710000000000000000e+05 7.220000000000000000e+02
1.720000000000000000e+05 7.380000000000000000e+02
1.730000000000000000e+05 7.770000000000000000e+02
1.740000000000000000e+05 8.860000000000000000e+02
1.750000000000000000e+05 8.610000000000000000e+02
1.760000000000000000e+05 9.220000000000000000e+02
1.770000000000000000e+05 1.014000000000000000e+03
1.780000000000000000e+05 9.980000000000000000e+02
1.790000000000000000e+05 1.072000000000000000e+03
1.800000000000000000e+05 1.198000000000000000e+03
1.810000000000000000e+05 1.265000000000000000e+03
1.820000000000000000e+05 1.340000000000000000e+03
1.830000000000000000e+05 1.479000000000000000e+03
1.840000000000000000e+05 1.620000000000000000e+03
1.850000000000000000e+05 1.688000000000000000e+03
1.860000000000000000e+05 1.841000000000000000e+03
1.870000000000000000e+05 1.929000000000000000e+03
1.880000000000000000e+05 2.007000000000000000e+03
1.890000000000000000e+05 2.190000000000000000e+03
1.900000000000000000e+05 2.257000000000000000e+03
1.910000000000000000e+05 2.324000000000000000e+03
1.920000000000000000e+05 2.549000000000000000e+03
1.930000000000000000e+05 2.695000000000000000e+03
1.940000000000000000e+05 2.728000000000000000e+03
1.950000000000000000e+05 2.776000000000000000e+03
1.960000000000000000e+05 2.824000000000000000e+03
1.970000000000000000e+05 2.978000000000000000e+03
1.980000000000000000e+05 3.184000000000000000e+03
1.990000000000000000e+05 3.153000000000000000e+03
