0.000000000000000000e+00 2.418000000000000000e+03
2.000000000000000000e+03 2.412000000000000000e+03
4.000000000000000000e+03 2.536000000000000000e+03
6.000000000000000000e+03 2.504000000000000000e+03
8.000000000000000000e+03 2.587000000000000000e+03
1.000000000000000000e+04 2.676000000000000000e+03
1.200000000000000000e+04 2.484000000000000000e+03
1.400000000000000000e+04 2.718000000000000000e+03
1.600000000000000000e+04 2.766000000000000000e+03
1.800000000000000000e+04 2.855000000000000000e+03
2.000000000000000000e+04 2.806000000000000000e+03
2.200000000000000000e+04 2.731000000000000000e+03
2.400000000000000000e+04 2.864000000000000000e+03
2.600000000000000000e+04 2.869000000000000000e+03
2.800000000000000000e+04 2.817000000000000000e+03
3.000000000000000000e+04 2.975000000000000000e+03
3.200000000000000000e+04 2.941000000000000000e+03
3.400000000000000000e+04 2.905000000000000000e+03
3.600000000000000000e+04 2.876000000000000000e+03
3.800000000000000000e+04 2.921000000000000000e+03
4.000000000000000000e+04 2.854000000000000000e+03
4.200000000000000000e+04 3.079000000000000000e+03
4.400000000000000000e+04 2.952000000000000000e+03
4.600000000000000000e+04 2.868000000000000000e+03
4.800000000000000000e+04 2.880000000000000000e+03
5.000000000000000000e+04 2.797000000000000000e+03
5.200000000000000000e+04 2.776000000000000000e+03
5.400000000000000000e+04 2.712000000000000000e+03
5.600000000000000000e+04 2.802000000000000000e+03
5.800000000000000000e+04 2.730000000000000000e+03
6.000000000000000000e+04 2.601000000000000000e+03
6.200000000000000000e+04 2.705000000000000000e+03
6.400000000000000000e+04 2.659000000000000000e+03
6.600000000000000000e+04 2.656000000000000000e+03
6.800000000000000000e+04 2.660000000000000000e+03
7.000000000000000000e+04 2.573000000000000000e+03
7.200000000000000000e+04 2.446000000000000000e+03
7.400000000000000000e+04 2.449000000000000000e+03
7.600000000000000000e+04 2.431000000000000000e+03
7.800000000000000000e+04 2.268000000000000000e+03
8.000000000000000000e+04 2.191000000000000000e+03
8.200000000000000000e+04 2.164000000000000000e+03
8.400000000000000000e+04 2.110000000000000000e+03
8.600000000000000000e+04 1.959000000000000000e+03
8.800000000000000000e+04 1.945000000000000000e+03
9.000000000000000000e+04 1.743000000000000000e+03
9.200000000000000000e+04 1.723000000000000000e+03
9.400000000000000000e+04 1.700000000000000000e+03
9.600000000000000000e+04 1.633000000000000000e+03
9.800000000000000000e+04 1.438000000000000000e+03
1.000000000000000000e+05 1.424000000000000000e+03
1.020000000000000000e+05 1.286000000000000000e+03
1.040000000000000000e+05 1.232000000000000000e+03
1.060000000000000000e+05 1.144000000000000000e+03
1.080000000000000000e+05 1.118000000000000000e+03
1.100000000000000000e+05 1.049000000000000000e+03
1.120000000000000000e+05 9.210000000000000000e+02
1.140000000000000000e+05 8.640000000000000000e+02
1.160000000000000000e+05 8.100000000000000000e+02
1.180000000000000000e+05 7.400000000000000000e+02
1.200000000000000000e+05 6.820000000000000000e+02
1.220000000000000000e+05 6.740000000000000000e+02
1.240000000000000000e+05 5.680000000000000000e+02
1.260000000000000000e+05 5.800000000000000000e+02
1.280000000000000000e+05 5.450000000000000000e+02
1.300000000000000000e+05 5.080000000000000000e+02
1.320000000000000000e+05 5.090000000000000000e+02
1.340000000000000000e+05 4.960000000000000000e+02
1.360000000000000000e+05 4.400000000000000000e+02
1.380000000000000000e+05 4.400000000000000000e+02
1.400000000000000000e+05 4.730000000000000000e+02
1.420000000000000000e+05 4.800000000000000000e+02
1.440000000000000000e+05 5.270000000000000000e+02
1.460000000000000000e+05 5.420000000000000000e+02
1.480000000000000000e+05 4.840000000000000000e+02
1.500000000000000000e+05 5.780000000000000000e+02
1.520000000000000000e+05 5.940000000000000000e+02
1.540000000000000000e+05 5.660000000000000000e+02
1.560000000000000000e+05 6.360000000000000000e+02
1.580000000000000000e+05 6.940000000000000000e+02
1.600000000000000000e+05 7.630000000000000000e+02
1.620000000000000000e+05 8.160000000000000000e+02
1.640000000000000000e+05 9.190000000000000000e+02
1.660000000000000000e+05 9.470000000000000000e+02
1.680000000000000000e+05 9.810000000000000000e+02
1.700000000000000000e+05 1.110000000000000000e+03
1.720000000000000000e+05 1.170000000000000000e+03
1.740000000000000000e+05 1.302000000000000000e+03
1.760000000000000000e+05 1.332000000000000000e+03
1.780000000000000000e+05 1.442000000000000000e+03
1.800000000000000000e+05 1.577000000000000000e+03
1.820000000000000000e+05 1.618000000000000000e+03
1.840000000000000000e+05 1.709000000000000000e+03
1.860000000000000000e+05 1.802000000000000000e+03
1.880000000000000000e+05 1.829000000000000000e+03
1.900000000000000000e+05 2.076000000000000000e+03
1.920000000000000000e+05 2.111000000000000000e+03
1.940000000000000000e+05 2.083000000000000000e+03
1.960000000000000000e+05 2.152000000000000000e+03
1.980000000000000000e+05 2.341000000000000000e+03
2.000000000000000000e+05 2.325000000000000000e+03
2.020000000000000000e+05 2.353000000000000000e+03
2.040000000000000000e+05 2.441000000000000000e+03
2.060000000000000000e+05 2.504000000000000000e+03
2.080000000000000000e+05 2.557000000000000000e+03
2.100000000000000000e+05 2.653000000000000000e+03
2.120000000000000000e+05 2.634000000000000000e+03
2.140000000000000000e+05 2.624000000000000000e+03
2.160000000000000000e+05 2.830000000000000000e+03
2.180000000000000000e+05 2.750000000000000000e+03
2.200000000000000000e+05 2.743000000000000000e+03
2.220000000000000000e+05 2.842000000000000000e+03
2.240000000000000000e+05 2.755000000000000000e+03
2.260000000000000000e+05 2.848000000000000000e+03
2.280000000000000000e+05 2.845000000000000000e+03
2.300000000000000000e+05 2.764000000000000000e+03
2.320000000000000000e+05 2.832000000000000000e+03
2.340000000000000000e+05 2.966000000000000000e+03
2.360000000000000000e+05 2.959000000000000000e+03
2.380000000000000000e+05 2.989000000000000000e+03
2.400000000000000000e+05 2.967000000000000000e+03
2.420000000000000000e+05 2.940000000000000000e+03
2.440000000000000000e+05 2.895000000000000000e+03
2.460000000000000000e+05 2.944000000000000000e+03
2.480000000000000000e+05 2.839000000000000000e+03
2.500000000000000000e+05 2.848000000000000000e+03
2.520000000000000000e+05 2.893000000000000000e+03
2.540000000000000000e+05 2.752000000000000000e+03
2.560000000000000000e+05 2.832000000000000000e+03
2.580000000000000000e+05 2.809000000000000000e+03
2.600000000000000000e+05 2.767000000000000000e+03
2.620000000000000000e+05 2.700000000000000000e+03
2.640000000000000000e+05 2.542000000000000000e+03
2.660000000000000000e+05 2.616000000000000000e+03
2.680000000000000000e+05 2.545000000000000000e+03
2.700000000000000000e+05 2.567000000000000000e+03
2.720000000000000000e+05 2.525000000000000000e+03
2.740000000000000000e+05 2.450000000000000000e+03
2.760000000000000000e+05 2.450000000000000000e+03
2.780000000000000000e+05 2.239000000000000000e+03
2.800000000000000000e+05 2.151000000000000000e+03
2.820000000000000000e+05 2.230000000000000000e+03
2.840000000000000000e+05 2.076000000000000000e+03
2.860000000000000000e+05 1.934000000000000000e+03
2.880000000000000000e+05 1.990000000000000000e+03
2.900000000000000000e+05 1.824000000000000000e+03
2.920000000000000000e+05 1.751000000000000000e+03
2.940000000000000000e+05 1.628000000000000000e+03
2.960000000000000000e+05 1.510000000000000000e+03
2.980000000000000000e+05 1.484000000000000000e+03
3.000000000000000000e+05 1.418000000000000000e+03
3.020000000000000000e+05 1.323000000000000000e+03
3.040000000000000000e+05 1.292000000000000000e+03
3.060000000000000000e+05 1.182000000000000000e+03
3.080000000000000000e+05 1.064000000000000000e+03
3.100000000000000000e+05 1.012000000000000000e+03
3.120000000000000000e+05 8.630000000000000000e+02
3.140000000000000000e+05 8.440000000000000000e+02
3.160000000000000000e+05 7.860000000000000000e+02
3.180000000000000000e+05 6.810000000000000000e+02
3.200000000000000000e+05 6.870000000000000000e+02
3.220000000000000000e+05 6.510000000000000000e+02
3.240000000000000000e+05 6.010000000000000000e+02
3.260000000000000000e+05 5.740000000000000000e+02
3.280000000000000000e+05 5.170000000000000000e+02
3.300000000000000000e+05 5.300000000000000000e+02
3.320000000000000000e+05 4.840000000000000000e+02
3.340000000000000000e+05 4.600000000000000000e+02
3.360000000000000000e+05 4.990000000000000000e+02
3.380000000000000000e+05 4.560000000000000000e+02
3.400000000000000000e+05 4.680000000000000000e+02
3.420000000000000000e+05 5.120000000000000000e+02
3.440000000000000000e+05 4.630000000000000000e+02
3.460000000000000000e+05 4.830000000000000000e+02
3.480000000000000000e+05 5.050000000000000000e+02
3.500000000000000000e+05 5.740000000000000000e+02
3.520000000000000000e+05 5.800000000000000000e+02
3.540000000000000000e+05 6.340000000000000000e+02
3.560000000000000000e+05 6.630000000000000000e+02
3.580000000000000000e+05 7.810000000000000000e+02
3.600000000000000000e+05 7.790000000000000000e+02
3.620000000000000000e+05 7.750000000000000000e+02
3.640000000000000000e+05 9.330000000000000000e+02
3.660000000000000000e+05 9.770000000000000000e+02
3.680000000000000000e+05 1.033000000000000000e+03
3.700000000000000000e+05 1.078000000000000000e+03
3.720000000000000000e+05 1.185000000000000000e+03
3.740000000000000000e+05 1.271000000000000000e+03
3.760000000000000000e+05 1.416000000000000000e+03
3.780000000000000000e+05 1.462000000000000000e+03
3.800000000000000000e+05 1.626000000000000000e+03
3.820000000000000000e+05 1.696000000000000000e+03
3.840000000000000000e+05 1.693000000000000000e+03
3.860000000000000000e+05 1.810000000000000000e+03
3.880000000000000000e+05 1.868000000000000000e+03
3.900000000000000000e+05 1.923000000000000000e+03
3.920000000000000000e+05 1.959000000000000000e+03
3.940000000000000000e+05 2.094000000000000000e+03
3.960000000000000000e+05 2.119000000000000000e+03
3.980000000000000000e+05 2.312000000000000000e+03
