0.000000000000000000e+00 2.337000000000000000e+03
5.000000000000000000e+01 2.536000000000000000e+03
1.000000000000000000e+02 2.510000000000000000e+03
1.500000000000000000e+02 2.599000000000000000e+03
2.000000000000000000e+02 2.678000000000000000e+03
2.500000000000000000e+02 2.692000000000000000e+03
3.000000000000000000e+02 2.832000000000000000e+03
3.500000000000000000e+02 2.963000000000000000e+03
4.000000000000000000e+02 2.859000000000000000e+03
4.500000000000000000e+02 2.978000000000000000e+03
5.000000000000000000e+02 2.993000000000000000e+03
5.500000000000000000e+02 3.041000000000000000e+03
6.000000000000000000e+02 2.964000000000000000e+03
6.500000000000000000e+02 3.016000000000000000e+03
7.000000000000000000e+02 3.099000000000000000e+03
7.500000000000000000e+02 3.030000000000000000e+03
8.000000000000000000e+02 3.178000000000000000e+03
8.500000000000000000e+02 3.269000000000000000e+03
9.000000000000000000e+02 3.180000000000000000e+03
9.500000000000000000e+02 3.187000000000000000e+03
1.000000000000000000e+03 3.292000000000000000e+03
1.050000000000000000e+03 3.306000000000000000e+03
1.100000000000000000e+03 3.166000000000000000e+03
1.150000000000000000e+03 3.044000000000000000e+03
1.200000000000000000e+03 3.094000000000000000e+03
1.250000000000000000e+03 3.234000000000000000e+03
1.300000000000000000e+03 3.218000000000000000e+03
1.350000000000000000e+03 3.045000000000000000e+03
1.400000000000000000e+03 3.085000000000000000e+03
1.450000000000000000e+03 3.008000000000000000e+03
1.500000000000000000e+03 3.012000000000000000e+03
1.550000000000000000e+03 3.089000000000000000e+03
1.600000000000000000e+03 3.052000000000000000e+03
1.650000000000000000e+03 2.938000000000000000e+03
1.700000000000000000e+03 2.947000000000000000e+03
1.750000000000000000e+03 2.825000000000000000e+03
1.800000000000000000e+03 2.849000000000000000e+03
1.850000000000000000e+03 2.785000000000000000e+03
1.900000000000000000e+03 2.699000000000000000e+03
1.950000000000000000e+03 2.625000000000000000e+03
2.000000000000000000e+03 2.645000000000000000e+03
2.050000000000000000e+03 2.584000000000000000e+03
2.100000000000000000e+03 2.493000000000000000e+03
2.150000000000000000e+03 2.507000000000000000e+03
2.200000000000000000e+03 2.293000000000000000e+03
2.250000000000000000e+03 2.306000000000000000e+03
2.300000000000000000e+03 2.240000000000000000e+03
2.350000000000000000e+03 2.131000000000000000e+03
2.400000000000000000e+03 2.027000000000000000e+03
2.450000000000000000e+03 1.942000000000000000e+03
2.500000000000000000e+03 1.896000000000000000e+03
2.550000000000000000e+03 1.728000000000000000e+03
2.600000000000000000e+03 1.702000000000000000e+03
2.650000000000000000e+03 1.601000000000000000e+03
2.700000000000000000e+03 1.572000000000000000e+03
2.750000000000000000e+03 1.471000000000000000e+03
2.800000000000000000e+03 1.374000000000000000e+03
2.850000000000000000e+03 1.255000000000000000e+03
2.900000000000000000e+03 1.244000000000000000e+03
2.950000000000000000e+03 1.132000000000000000e+03
3.000000000000000000e+03 1.089000000000000000e+03
3.050000000000000000e+03 1.062000000000000000e+03
3.100000000000000000e+03 9.690000000000000000e+02
3.150000000000000000e+03 8.830000000000000000e+02
3.200000000000000000e+03 8.540000000000000000e+02
3.250000000000000000e+03 8.460000000000000000e+02
3.300000000000000000e+03 8.380000000000000000e+02
3.350000000000000000e+03 7.410000000000000000e+02
3.400000000000000000e+03 7.540000000000000000e+02
3.450000000000000000e+03 6.380000000000000000e+02
3.500000000000000000e+03 6.600000000000000000e+02
3.550000000000000000e+03 6.230000000000000000e+02
3.600000000000000000e+03 6.610000000000000000e+02
3.650000000000000000e+03 6.470000000000000000e+02
3.700000000000000000e+03 6.410000000000000000e+02
3.750000000000000000e+03 6.080000000000000000e+02
3.800000000000000000e+03 6.600000000000000000e+02
3.850000000000000000e+03 6.130000000000000000e+02
3.900000000000000000e+03 6.830000000000000000e+02
3.950000000000000000e+03 6.520000000000000000e+02
4.000000000000000000e+03 7.170000000000000000e+02
4.050000000000000000e+03 7.900000000000000000e+02
4.100000000000000000e+03 8.040000000000000000e+02
4.150000000000000000e+03 8.770000000000000000e+02
4.200000000000000000e+03 9.290000000000000000e+02
4.250000000000000000e+03 9.690000000000000000e+02
4.300000000000000000e+03 1.064000000000000000e+03
4.350000000000000000e+03 1.133000000000000000e+03
4.400000000000000000e+03 1.200000000000000000e+03
4.450000000000000000e+03 1.304000000000000000e+03
4.500000000000000000e+03 1.444000000000000000e+03
4.550000000000000000e+03 1.563000000000000000e+03
4.600000000000000000e+03 1.650000000000000000e+03
4.650000000000000000e+03 1.796000000000000000e+03
4.700000000000000000e+03 1.888000000000000000e+03
4.750000000000000000e+03 1.955000000000000000e+03
4.800000000000000000e+03 1.975000000000000000e+03
4.850000000000000000e+03 2.112000000000000000e+03
4.900000000000000000e+03 2.220000000000000000e+03
4.950000000000000000e+03 2.272000000000000000e+03
5.000000000000000000e+03 2.340000000000000000e+03
5.050000000000000000e+03 2.518000000000000000e+03
5.100000000000000000e+03 2.583000000000000000e+03
5.150000000000000000e+03 2.642000000000000000e+03
5.200000000000000000e+03 2.610000000000000000e+03
5.250000000000000000e+03 2.691000000000000000e+03
5.300000000000000000e+03 2.774000000000000000e+03
5.350000000000000000e+03 2.789000000000000000e+03
5.400000000000000000e+03 2.885000000000000000e+03
5.450000000000000000e+03 3.042000000000000000e+03
5.500000000000000000e+03 2.948000000000000000e+03
5.550000000000000000e+03 2.993000000000000000e+03
5.600000000000000000e+03 3.013000000000000000e+03
5.650000000000000000e+03 3.067000000000000000e+03
5.700000000000000000e+03 3.091000000000000000e+03
5.750000000000000000e+03 3.114000000000000000e+03
5.800000000000000000e+03 3.079000000000000000e+03
5.850000000000000000e+03 3.143000000000000000e+03
5.900000000000000000e+03 3.143000000000000000e+03
5.950000000000000000e+03 3.116000000000000000e+03
6.000000000000000000e+03 3.262000000000000000e+03
6.050000000000000000e+03 3.213000000000000000e+03
6.100000000000000000e+03 2.969000000000000000e+03
6.150000000000000000e+03 3.225000000000000000e+03
6.200000000000000000e+03 3.117000000000000000e+03
6.250000000000000000e+03 3.149000000000000000e+03
6.300000000000000000e+03 3.162000000000000000e+03
6.350000000000000000e+03 3.123000000000000000e+03
6.400000000000000000e+03 3.058000000000000000e+03
6.450000000000000000e+03 3.122000000000000000e+03
6.500000000000000000e+03 3.100000000000000000e+03
6.550000000000000000e+03 3.183000000000000000e+03
6.600000000000000000e+03 3.082000000000000000e+03
6.650000000000000000e+03 3.005000000000000000e+03
6.700000000000000000e+03 2.924000000000000000e+03
6.750000000000000000e+03 2.826000000000000000e+03
6.800000000000000000e+03 2.788000000000000000e+03
6.850000000000000000e+03 2.743000000000000000e+03
6.900000000000000000e+03 2.634000000000000000e+03
6.950000000000000000e+03 2.677000000000000000e+03
7.000000000000000000e+03 2.627000000000000000e+03
7.050000000000000000e+03 2.519000000000000000e+03
7.100000000000000000e+03 2.504000000000000000e+03
7.150000000000000000e+03 2.400000000000000000e+03
7.200000000000000000e+03 2.429000000000000000e+03
7.250000000000000000e+03 2.273000000000000000e+03
7.300000000000000000e+03 2.143000000000000000e+03
7.350000000000000000e+03 2.127000000000000000e+03
7.400000000000000000e+03 1.991000000000000000e+03
7.450000000000000000e+03 1.983000000000000000e+03
7.500000000000000000e+03 1.934000000000000000e+03
7.550000000000000000e+03 1.752000000000000000e+03
7.600000000000000000e+03 1.785000000000000000e+03
7.650000000000000000e+03 1.650000000000000000e+03
7.700000000000000000e+03 1.590000000000000000e+03
7.750000000000000000e+03 1.463000000000000000e+03
7.800000000000000000e+03 1.373000000000000000e+03
7.850000000000000000e+03 1.294000000000000000e+03
7.900000000000000000e+03 1.192000000000000000e+03
7.950000000000000000e+03 1.110000000000000000e+03
8.000000000000000000e+03 1.147000000000000000e+03
8.050000000000000000e+03 1.090000000000000000e+03
8.100000000000000000e+03 9.950000000000000000e+02
8.150000000000000000e+03 9.210000000000000000e+02
8.200000000000000000e+03 8.410000000000000000e+02
8.250000000000000000e+03 7.990000000000000000e+02
8.300000000000000000e+03 7.510000000000000000e+02
8.350000000000000000e+03 7.730000000000000000e+02
8.400000000000000000e+03 7.390000000000000000e+02
8.450000000000000000e+03 6.870000000000000000e+02
8.500000000000000000e+03 6.490000000000000000e+02
8.550000000000000000e+03 6.260000000000000000e+02
8.600000000000000000e+03 6.360000000000000000e+02
8.650000000000000000e+03 6.160000000000000000e+02
8.700000000000000000e+03 5.910000000000000000e+02
8.750000000000000000e+03 6.310000000000000000e+02
8.800000000000000000e+03 6.270000000000000000e+02
8.850000000000000000e+03 6.790000000000000000e+02
8.900000000000000000e+03 6.620000000000000000e+02
8.950000000000000000e+03 7.190000000000000000e+02
9.000000000000000000e+03 7.050000000000000000e+02
9.050000000000000000e+03 7.740000000000000000e+02
9.100000000000000000e+03 8.020000000000000000e+02
9.150000000000000000e+03 8.730000000000000000e+02
9.200000000000000000e+03 9.180000000000000000e+02
9.250000000000000000e+03 1.009000000000000000e+03
9.300000000000000000e+03 9.930000000000000000e+02
9.350000000000000000e+03 1.076000000000000000e+03
9.400000000000000000e+03 1.273000000000000000e+03
9.450000000000000000e+03 1.329000000000000000e+03
9.500000000000000000e+03 1.418000000000000000e+03
9.550000000000000000e+03 1.466000000000000000e+03
9.600000000000000000e+03 1.698000000000000000e+03
9.650000000000000000e+03 1.697000000000000000e+03
9.700000000000000000e+03 1.854000000000000000e+03
9.750000000000000000e+03 1.885000000000000000e+03
9.800000000000000000e+03 2.037000000000000000e+03
9.850000000000000000e+03 2.098000000000000000e+03
9.900000000000000000e+03 2.254000000000000000e+03
9.950000000000000000e+03 2.239000000000000000e+03
