0.000000000000000000e+00 3.461000000000000000e+03
2.500000000000000000e+03 3.541000000000000000e+03
5.000000000000000000e+03 3.620000000000000000e+03
7.500000000000000000e+03 3.721000000000000000e+03
1.000000000000000000e+04 3.911000000000000000e+03
1.250000000000000000e+04 3.958000000000000000e+03
1.500000000000000000e+04 3.909000000000000000e+03
1.750000000000000000e+04 4.031000000000000000e+03
2.000000000000000000e+04 4.111000000000000000e+03
2.250000000000000000e+04 4.169000000000000000e+03
2.500000000000000000e+04 4.198000000000000000e+03
2.750000000000000000e+04 4.117000000000000000e+03
3.000000000000000000e+04 4.279000000000000000e+03
3.250000000000000000e+04 4.258000000000000000e+03
3.500000000000000000e+04 4.287000000000000000e+03
3.750000000000000000e+04 4.362000000000000000e+03
4.000000000000000000e+04 4.490000000000000000e+03
4.250000000000000000e+04 4.446000000000000000e+03
4.500000000000000000e+04 4.445000000000000000e+03
4.750000000000000000e+04 4.505000000000000000e+03
5.000000000000000000e+04 4.342000000000000000e+03
5.250000000000000000e+04 4.392000000000000000e+03
5.500000000000000000e+04 4.565000000000000000e+03
5.750000000000000000e+04 4.503000000000000000e+03
6.000000000000000000e+04 4.480000000000000000e+03
6.250000000000000000e+04 4.310000000000000000e+03
6.500000000000000000e+04 4.355000000000000000e+03
6.750000000000000000e+04 4.322000000000000000e+03
7.000000000000000000e+04 4.210000000000000000e+03
7.250000000000000000e+04 4.316000000000000000e+03
7.500000000000000000e+04 4.143000000000000000e+03
7.750000000000000000e+04 4.117000000000000000e+03
8.000000000000000000e+04 4.131000000000000000e+03
8.250000000000000000e+04 3.974000000000000000e+03
8.500000000000000000e+04 3.834000000000000000e+03
8.750000000000000000e+04 3.933000000000000000e+03
9.000000000000000000e+04 3.714000000000000000e+03
9.250000000000000000e+04 3.636000000000000000e+03
9.500000000000000000e+04 3.564000000000000000e+03
9.750000000000000000e+04 3.374000000000000000e+03
1.000000000000000000e+05 3.339000000000000000e+03
1.025000000000000000e+05 3.136000000000000000e+03
1.050000000000000000e+05 3.135000000000000000e+03
1.075000000000000000e+05 2.918000000000000000e+03
1.100000000000000000e+05 2.762000000000000000e+03
1.125000000000000000e+05 2.625000000000000000e+03
1.150000000000000000e+05 2.387000000000000000e+03
1.175000000000000000e+05 2.252000000000000000e+03
1.200000000000000000e+05 2.222000000000000000e+03
1.225000000000000000e+05 2.060000000000000000e+03
1.250000000000000000e+05 1.937000000000000000e+03
1.275000000000000000e+05 1.715000000000000000e+03
1.300000000000000000e+05 1.644000000000000000e+03
1.325000000000000000e+05 1.556000000000000000e+03
1.350000000000000000e+05 1.316000000000000000e+03
1.375000000000000000e+05 1.272000000000000000e+03
1.400000000000000000e+05 1.133000000000000000e+03
1.425000000000000000e+05 1.008000000000000000e+03
1.450000000000000000e+05 1.003000000000000000e+03
1.475000000000000000e+05 8.840000000000000000e+02
1.500000000000000000e+05 7.900000000000000000e+02
1.525000000000000000e+05 7.420000000000000000e+02
1.550000000000000000e+05 7.030000000000000000e+02
1.575000000000000000e+05 6.080000000000000000e+02
1.600000000000000000e+05 5.900000000000000000e+02
1.625000000000000000e+05 5.590000000000000000e+02
1.650000000000000000e+05 5.270000000000000000e+02
1.675000000000000000e+05 5.360000000000000000e+02
1.700000000000000000e+05 4.460000000000000000e+02
1.725000000000000000e+05 4.810000000000000000e+02
1.750000000000000000e+05 4.350000000000000000e+02
1.775000000000000000e+05 4.460000000000000000e+02
1.800000000000000000e+05 5.120000000000000000e+02
1.825000000000000000e+05 5.190000000000000000e+02
1.850000000000000000e+05 5.020000000000000000e+02
1.875000000000000000e+05 5.330000000000000000e+02
1.900000000000000000e+05 6.030000000000000000e+02
1.925000000000000000e+05 6.310000000000000000e+02
1.950000000000000000e+05 7.120000000000000000e+02
1.975000000000000000e+05 7.750000000000000000e+02
2.000000000000000000e+05 8.600000000000000000e+02
2.025000000000000000e+05 9.810000000000000000e+02
2.050000000000000000e+05 1.075000000000000000e+03
2.075000000000000000e+05 1.134000000000000000e+03
2.100000000000000000e+05 1.268000000000000000e+03
2.125000000000000000e+05 1.320000000000000000e+03
2.150000000000000000e+05 1.516000000000000000e+03
2.175000000000000000e+05 1.643000000000000000e+03
2.200000000000000000e+05 1.804000000000000000e+03
2.225000000000000000e+05 1.883000000000000000e+03
2.250000000000000000e+05 2.119000000000000000e+03
2.275000000000000000e+05 2.196000000000000000e+03
2.300000000000000000e+05 2.436000000000000000e+03
2.325000000000000000e+05 2.530000000000000000e+03
2.350000000000000000e+05 2.749000000000000000e+03
2.375000000000000000e+05 2.821000000000000000e+03
2.400000000000000000e+05 3.010000000000000000e+03
2.425000000000000000e+05 3.033000000000000000e+03
2.450000000000000000e+05 3.173000000000000000e+03
2.475000000000000000e+05 3.236000000000000000e+03
2.500000000000000000e+05 3.440000000000000000e+03
2.525000000000000000e+05 3.632000000000000000e+03
2.550000000000000000e+05 3.702000000000000000e+03
2.575000000000000000e+05 3.779000000000000000e+03
2.600000000000000000e+05 3.824000000000000000e+03
2.625000000000000000e+05 3.959000000000000000e+03
2.650000000000000000e+05 3.978000000000000000e+03
2.675000000000000000e+05 4.025000000000000000e+03
2.700000000000000000e+05 4.011000000000000000e+03
2.725000000000000000e+05 4.233000000000000000e+03
2.750000000000000000e+05 4.190000000000000000e+03
2.775000000000000000e+05 4.231000000000000000e+03
2.800000000000000000e+05 4.321000000000000000e+03
2.825000000000000000e+05 4.290000000000000000e+03
2.850000000000000000e+05 4.339000000000000000e+03
2.875000000000000000e+05 4.311000000000000000e+03
2.900000000000000000e+05 4.389000000000000000e+03
2.925000000000000000e+05 4.327000000000000000e+03
2.950000000000000000e+05 4.473000000000000000e+03
2.975000000000000000e+05 4.471000000000000000e+03
3.000000000000000000e+05 4.672000000000000000e+03
3.025000000000000000e+05 4.292000000000000000e+03
3.050000000000000000e+05 4.387000000000000000e+03
3.075000000000000000e+05 4.421000000000000000e+03
3.100000000000000000e+05 4.423000000000000000e+03
3.125000000000000000e+05 4.328000000000000000e+03
3.150000000000000000e+05 4.384000000000000000e+03
3.175000000000000000e+05 4.331000000000000000e+03
3.200000000000000000e+05 4.125000000000000000e+03
3.225000000000000000e+05 4.178000000000000000e+03
3.250000000000000000e+05 4.169000000000000000e+03
3.275000000000000000e+05 4.137000000000000000e+03
3.300000000000000000e+05 4.008000000000000000e+03
3.325000000000000000e+05 3.862000000000000000e+03
3.350000000000000000e+05 3.845000000000000000e+03
3.375000000000000000e+05 3.873000000000000000e+03
3.400000000000000000e+05 3.676000000000000000e+03
3.425000000000000000e+05 3.562000000000000000e+03
3.450000000000000000e+05 3.574000000000000000e+03
3.475000000000000000e+05 3.423000000000000000e+03
3.500000000000000000e+05 3.393000000000000000e+03
3.525000000000000000e+05 3.199000000000000000e+03
3.550000000000000000e+05 3.073000000000000000e+03
3.575000000000000000e+05 2.838000000000000000e+03
3.600000000000000000e+05 2.826000000000000000e+03
3.625000000000000000e+05 2.664000000000000000e+03
3.650000000000000000e+05 2.512000000000000000e+03
3.675000000000000000e+05 2.347000000000000000e+03
3.700000000000000000e+05 2.133000000000000000e+03
3.725000000000000000e+05 2.004000000000000000e+03
3.750000000000000000e+05 1.906000000000000000e+03
3.775000000000000000e+05 1.766000000000000000e+03
3.800000000000000000e+05 1.689000000000000000e+03
3.825000000000000000e+05 1.510000000000000000e+03
3.850000000000000000e+05 1.351000000000000000e+03
3.875000000000000000e+05 1.219000000000000000e+03
3.900000000000000000e+05 1.132000000000000000e+03
3.925000000000000000e+05 9.940000000000000000e+02
3.950000000000000000e+05 9.780000000000000000e+02
3.975000000000000000e+05 8.890000000000000000e+02
4.000000000000000000e+05 7.840000000000000000e+02
4.025000000000000000e+05 7.150000000000000000e+02
4.050000000000000000e+05 6.340000000000000000e+02
4.075000000000000000e+05 6.270000000000000000e+02
4.100000000000000000e+05 5.560000000000000000e+02
4.125000000000000000e+05 5.080000000000000000e+02
4.150000000000000000e+05 5.290000000000000000e+02
4.175000000000000000e+05 5.200000000000000000e+02
4.200000000000000000e+05 5.060000000000000000e+02
4.225000000000000000e+05 4.740000000000000000e+02
4.250000000000000000e+05 4.490000000000000000e+02
4.275000000000000000e+05 5.160000000000000000e+02
4.300000000000000000e+05 4.890000000000000000e+02
4.325000000000000000e+05 5.490000000000000000e+02
4.350000000000000000e+05 5.170000000000000000e+02
4.375000000000000000e+05 5.440000000000000000e+02
4.400000000000000000e+05 6.600000000000000000e+02
4.425000000000000000e+05 7.030000000000000000e+02
4.450000000000000000e+05 7.200000000000000000e+02
4.475000000000000000e+05 7.660000000000000000e+02
4.500000000000000000e+05 8.640000000000000000e+02
4.525000000000000000e+05 9.580000000000000000e+02
4.550000000000000000e+05 1.072000000000000000e+03
4.575000000000000000e+05 1.192000000000000000e+03
4.600000000000000000e+05 1.265000000000000000e+03
4.625000000000000000e+05 1.321000000000000000e+03
4.650000000000000000e+05 1.562000000000000000e+03
4.675000000000000000e+05 1.655000000000000000e+03
4.700000000000000000e+05 1.849000000000000000e+03
4.725000000000000000e+05 1.971000000000000000e+03
4.750000000000000000e+05 2.145000000000000000e+03
4.775000000000000000e+05 2.201000000000000000e+03
4.800000000000000000e+05 2.328000000000000000e+03
4.825000000000000000e+05 2.515000000000000000e+03
4.850000000000000000e+05 2.729000000000000000e+03
4.875000000000000000e+05 2.855000000000000000e+03
4.900000000000000000e+05 2.831000000000000000e+03
4.925000000000000000e+05 3.141000000000000000e+03
4.950000000000000000e+05 3.174000000000000000e+03
4.975000000000000000e+05 3.434000000000000000e+03
