0.000000000000000000e+00 3.099000000000000000e+03
5.000000000000000000e+03 3.178000000000000000e+03
1.000000000000000000e+04 3.254000000000000000e+03
1.500000000000000000e+04 3.396000000000000000e+03
2.000000000000000000e+04 3.592000000000000000e+03
2.500000000000000000e+04 3.449000000000000000e+03
3.000000000000000000e+04 3.536000000000000000e+03
3.500000000000000000e+04 3.697000000000000000e+03
4.000000000000000000e+04 3.542000000000000000e+03
4.500000000000000000e+04 3.772000000000000000e+03
5.000000000000000000e+04 3.733000000000000000e+03
5.500000000000000000e+04 3.820000000000000000e+03
6.000000000000000000e+04 3.809000000000000000e+03
6.500000000000000000e+04 3.794000000000000000e+03
7.000000000000000000e+04 3.935000000000000000e+03
7.500000000000000000e+04 3.894000000000000000e+03
8.000000000000000000e+04 3.867000000000000000e+03
8.500000000000000000e+04 3.894000000000000000e+03
9.000000000000000000e+04 3.947000000000000000e+03
9.500000000000000000e+04 3.959000000000000000e+03
1.000000000000000000e+05 4.011000000000000000e+03
1.050000000000000000e+05 3.943000000000000000e+03
1.100000000000000000e+05 3.959000000000000000e+03
1.150000000000000000e+05 4.065000000000000000e+03
1.200000000000000000e+05 3.943000000000000000e+03
1.250000000000000000e+05 3.970000000000000000e+03
1.300000000000000000e+05 4.002000000000000000e+03
1.350000000000000000e+05 3.977000000000000000e+03
1.400000000000000000e+05 3.675000000000000000e+03
1.450000000000000000e+05 3.848000000000000000e+03
1.500000000000000000e+05 3.815000000000000000e+03
1.550000000000000000e+05 3.659000000000000000e+03
1.600000000000000000e+05 3.630000000000000000e+03
1.650000000000000000e+05 3.552000000000000000e+03
1.700000000000000000e+05 3.407000000000000000e+03
1.750000000000000000e+05 3.470000000000000000e+03
1.800000000000000000e+05 3.324000000000000000e+03
1.850000000000000000e+05 3.197000000000000000e+03
1.900000000000000000e+05 3.083000000000000000e+03
1.950000000000000000e+05 3.051000000000000000e+03
2.000000000000000000e+05 2.977000000000000000e+03
2.050000000000000000e+05 2.817000000000000000e+03
2.100000000000000000e+05 2.787000000000000000e+03
2.150000000000000000e+05 2.582000000000000000e+03
2.200000000000000000e+05 2.508000000000000000e+03
2.250000000000000000e+05 2.460000000000000000e+03
2.300000000000000000e+05 2.298000000000000000e+03
2.350000000000000000e+05 2.169000000000000000e+03
2.400000000000000000e+05 1.960000000000000000e+03
2.450000000000000000e+05 1.845000000000000000e+03
2.500000000000000000e+05 1.754000000000000000e+03
2.550000000000000000e+05 1.649000000000000000e+03
2.600000000000000000e+05 1.506000000000000000e+03
2.650000000000000000e+05 1.379000000000000000e+03
2.700000000000000000e+05 1.319000000000000000e+03
2.750000000000000000e+05 1.113000000000000000e+03
2.800000000000000000e+05 9.900000000000000000e+02
2.850000000000000000e+05 9.360000000000000000e+02
2.900000000000000000e+05 8.470000000000000000e+02
2.950000000000000000e+05 8.060000000000000000e+02
3.000000000000000000e+05 7.350000000000000000e+02
3.050000000000000000e+05 6.500000000000000000e+02
3.100000000000000000e+05 6.510000000000000000e+02
3.150000000000000000e+05 5.840000000000000000e+02
3.200000000000000000e+05 5.430000000000000000e+02
3.250000000000000000e+05 5.390000000000000000e+02
3.300000000000000000e+05 4.710000000000000000e+02
3.350000000000000000e+05 4.350000000000000000e+02
3.400000000000000000e+05 4.270000000000000000e+02
3.450000000000000000e+05 4.600000000000000000e+02
3.500000000000000000e+05 4.510000000000000000e+02
3.550000000000000000e+05 4.540000000000000000e+02
3.600000000000000000e+05 5.160000000000000000e+02
3.650000000000000000e+05 4.610000000000000000e+02
3.700000000000000000e+05 5.200000000000000000e+02
3.750000000000000000e+05 5.720000000000000000e+02
3.800000000000000000e+05 5.900000000000000000e+02
3.850000000000000000e+05 6.660000000000000000e+02
3.900000000000000000e+05 6.850000000000000000e+02
3.950000000000000000e+05 7.220000000000000000e+02
4.000000000000000000e+05 8.450000000000000000e+02
4.050000000000000000e+05 9.370000000000000000e+02
4.100000000000000000e+05 9.520000000000000000e+02
4.150000000000000000e+05 1.098000000000000000e+03
4.200000000000000000e+05 1.186000000000000000e+03
4.250000000000000000e+05 1.286000000000000000e+03
4.300000000000000000e+05 1.489000000000000000e+03
4.350000000000000000e+05 1.547000000000000000e+03
4.400000000000000000e+05 1.633000000000000000e+03
4.450000000000000000e+05 1.800000000000000000e+03
4.500000000000000000e+05 1.985000000000000000e+03
4.550000000000000000e+05 2.060000000000000000e+03
4.600000000000000000e+05 2.264000000000000000e+03
4.650000000000000000e+05 2.321000000000000000e+03
4.700000000000000000e+05 2.475000000000000000e+03
4.750000000000000000e+05 2.589000000000000000e+03
4.800000000000000000e+05 2.767000000000000000e+03
4.850000000000000000e+05 2.793000000000000000e+03
4.900000000000000000e+05 2.978000000000000000e+03
4.950000000000000000e+05 3.143000000000000000e+03
5.000000000000000000e+05 3.078000000000000000e+03
5.050000000000000000e+05 3.319000000000000000e+03
5.100000000000000000e+05 3.253000000000000000e+03
5.150000000000000000e+05 3.475000000000000000e+03
5.200000000000000000e+05 3.438000000000000000e+03
5.250000000000000000e+05 3.481000000000000000e+03
5.300000000000000000e+05 3.590000000000000000e+03
5.350000000000000000e+05 3.604000000000000000e+03
5.400000000000000000e+05 3.723000000000000000e+03
5.450000000000000000e+05 3.654000000000000000e+03
5.500000000000000000e+05 3.762000000000000000e+03
5.550000000000000000e+05 3.811000000000000000e+03
5.600000000000000000e+05 3.838000000000000000e+03
5.650000000000000000e+05 4.001000000000000000e+03
5.700000000000000000e+05 3.924000000000000000e+03
5.750000000000000000e+05 3.996000000000000000e+03
5.800000000000000000e+05 3.993000000000000000e+03
5.850000000000000000e+05 3.909000000000000000e+03
5.900000000000000000e+05 4.053000000000000000e+03
5.950000000000000000e+05 4.060000000000000000e+03
6.000000000000000000e+05 4.160000000000000000e+03
6.050000000000000000e+05 3.961000000000000000e+03
6.100000000000000000e+05 4.042000000000000000e+03
6.150000000000000000e+05 3.915000000000000000e+03
6.200000000000000000e+05 3.805000000000000000e+03
6.250000000000000000e+05 3.887000000000000000e+03
6.300000000000000000e+05 3.972000000000000000e+03
6.350000000000000000e+05 3.841000000000000000e+03
6.400000000000000000e+05 3.814000000000000000e+03
6.450000000000000000e+05 3.874000000000000000e+03
6.500000000000000000e+05 3.760000000000000000e+03
6.550000000000000000e+05 3.717000000000000000e+03
6.600000000000000000e+05 3.618000000000000000e+03
6.650000000000000000e+05 3.563000000000000000e+03
6.700000000000000000e+05 3.480000000000000000e+03
6.750000000000000000e+05 3.310000000000000000e+03
6.800000000000000000e+05 3.374000000000000000e+03
6.850000000000000000e+05 3.297000000000000000e+03
6.900000000000000000e+05 3.091000000000000000e+03
6.950000000000000000e+05 3.076000000000000000e+03
7.000000000000000000e+05 2.927000000000000000e+03
7.050000000000000000e+05 2.853000000000000000e+03
7.100000000000000000e+05 2.804000000000000000e+03
7.150000000000000000e+05 2.610000000000000000e+03
7.200000000000000000e+05 2.481000000000000000e+03
7.250000000000000000e+05 2.415000000000000000e+03
7.300000000000000000e+05 2.265000000000000000e+03
7.350000000000000000e+05 2.111000000000000000e+03
7.400000000000000000e+05 1.994000000000000000e+03
7.450000000000000000e+05 1.821000000000000000e+03
7.500000000000000000e+05 1.709000000000000000e+03
7.550000000000000000e+05 1.626000000000000000e+03
7.600000000000000000e+05 1.472000000000000000e+03
7.650000000000000000e+05 1.403000000000000000e+03
7.700000000000000000e+05 1.291000000000000000e+03
7.750000000000000000e+05 1.223000000000000000e+03
7.800000000000000000e+05 1.035000000000000000e+03
7.850000000000000000e+05 1.003000000000000000e+03
7.900000000000000000e+05 8.790000000000000000e+02
7.950000000000000000e+05 8.450000000000000000e+02
8.000000000000000000e+05 7.140000000000000000e+02
8.050000000000000000e+05 6.920000000000000000e+02
8.100000000000000000e+05 5.900000000000000000e+02
8.150000000000000000e+05 5.510000000000000000e+02
8.200000000000000000e+05 5.210000000000000000e+02
8.250000000000000000e+05 5.300000000000000000e+02
8.300000000000000000e+05 4.920000000000000000e+02
8.350000000000000000e+05 4.540000000000000000e+02
8.400000000000000000e+05 4.580000000000000000e+02
8.450000000000000000e+05 4.350000000000000000e+02
8.500000000000000000e+05 4.470000000000000000e+02
8.550000000000000000e+05 4.370000000000000000e+02
8.600000000000000000e+05 4.530000000000000000e+02
8.650000000000000000e+05 4.840000000000000000e+02
8.700000000000000000e+05 4.920000000000000000e+02
8.750000000000000000e+05 4.980000000000000000e+02
8.800000000000000000e+05 5.900000000000000000e+02
8.850000000000000000e+05 5.630000000000000000e+02
8.900000000000000000e+05 6.880000000000000000e+02
8.950000000000000000e+05 7.480000000000000000e+02
9.000000000000000000e+05 8.440000000000000000e+02
9.050000000000000000e+05 8.850000000000000000e+02
9.100000000000000000e+05 1.001000000000000000e+03
9.150000000000000000e+05 1.147000000000000000e+03
9.200000000000000000e+05 1.204000000000000000e+03
9.250000000000000000e+05 1.288000000000000000e+03
9.300000000000000000e+05 1.403000000000000000e+03
9.350000000000000000e+05 1.566000000000000000e+03
9.400000000000000000e+05 1.629000000000000000e+03
9.450000000000000000e+05 1.895000000000000000e+03
9.500000000000000000e+05 2.076000000000000000e+03
9.550000000000000000e+05 1.996000000000000000e+03
9.600000000000000000e+05 2.170000000000000000e+03
9.650000000000000000e+05 2.299000000000000000e+03
9.700000000000000000e+05 2.490000000000000000e+03
9.750000000000000000e+05 2.569000000000000000e+03
9.800000000000000000e+05 2.730000000000000000e+03
9.850000000000000000e+05 2.807000000000000000e+03
9.900000000000000000e+05 2.958000000000000000e+03
9.950000000000000000e+05 3.022000000000000000e+03
