0.000000000000000000e+00 3.777000000000000000e+03
5.000000000000000000e+02 3.989000000000000000e+03
1.000000000000000000e+03 4.136000000000000000e+03
1.500000000000000000e+03 4.357000000000000000e+03
2.000000000000000000e+03 4.391000000000000000e+03
2.500000000000000000e+03 4.558000000000000000e+03
3.000000000000000000e+03 4.671000000000000000e+03
3.500000000000000000e+03 4.768000000000000000e+03
4.000000000000000000e+03 4.887000000000000000e+03
4.500000000000000000e+03 4.862000000000000000e+03
5.000000000000000000e+03 5.014000000000000000e+03
5.500000000000000000e+03 5.037000000000000000e+03
6.000000000000000000e+03 5.221000000000000000e+03
6.500000000000000000e+03 5.259000000000000000e+03
7.000000000000000000e+03 5.242000000000000000e+03
7.500000000000000000e+03 5.262000000000000000e+03
8.000000000000000000e+03 5.243000000000000000e+03
8.500000000000000000e+03 5.287000000000000000e+03
9.000000000000000000e+03 5.369000000000000000e+03
9.500000000000000000e+03 5.144000000000000000e+03
1.000000000000000000e+04 5.266000000000000000e+03
1.050000000000000000e+04 5.478000000000000000e+03
1.100000000000000000e+04 5.304000000000000000e+03
1.150000000000000000e+04 5.222000000000000000e+03
1.200000000000000000e+04 5.225000000000000000e+03
1.250000000000000000e+04 5.186000000000000000e+03
1.300000000000000000e+04 5.189000000000000000e+03
1.350000000000000000e+04 5.147000000000000000e+03
1.400000000000000000e+04 5.041000000000000000e+03
1.450000000000000000e+04 4.960000000000000000e+03
1.500000000000000000e+04 4.925000000000000000e+03
1.550000000000000000e+04 4.755000000000000000e+03
1.600000000000000000e+04 4.841000000000000000e+03
1.650000000000000000e+04 4.789000000000000000e+03
1.700000000000000000e+04 4.604000000000000000e+03
1.750000000000000000e+04 4.523000000000000000e+03
1.800000000000000000e+04 4.482000000000000000e+03
1.850000000000000000e+04 4.345000000000000000e+03
1.900000000000000000e+04 4.198000000000000000e+03
1.950000000000000000e+04 4.075000000000000000e+03
2.000000000000000000e+04 3.732000000000000000e+03
2.050000000000000000e+04 3.778000000000000000e+03
2.100000000000000000e+04 3.693000000000000000e+03
2.150000000000000000e+04 3.418000000000000000e+03
2.200000000000000000e+04 3.281000000000000000e+03
2.250000000000000000e+04 3.135000000000000000e+03
2.300000000000000000e+04 2.946000000000000000e+03
2.350000000000000000e+04 2.731000000000000000e+03
2.400000000000000000e+04 2.460000000000000000e+03
2.450000000000000000e+04 2.373000000000000000e+03
2.500000000000000000e+04 2.145000000000000000e+03
2.550000000000000000e+04 2.003000000000000000e+03
2.600000000000000000e+04 1.916000000000000000e+03
2.650000000000000000e+04 1.720000000000000000e+03
2.700000000000000000e+04 1.589000000000000000e+03
2.750000000000000000e+04 1.415000000000000000e+03
2.800000000000000000e+04 1.321000000000000000e+03
2.850000000000000000e+04 1.203000000000000000e+03
2.900000000000000000e+04 1.119000000000000000e+03
2.950000000000000000e+04 1.041000000000000000e+03
3.000000000000000000e+04 9.100000000000000000e+02
3.050000000000000000e+04 7.900000000000000000e+02
3.100000000000000000e+04 7.270000000000000000e+02
3.150000000000000000e+04 6.730000000000000000e+02
3.200000000000000000e+04 6.020000000000000000e+02
3.250000000000000000e+04 6.030000000000000000e+02
3.300000000000000000e+04 5.150000000000000000e+02
3.350000000000000000e+04 4.790000000000000000e+02
3.400000000000000000e+04 4.900000000000000000e+02
3.450000000000000000e+04 4.380000000000000000e+02
3.500000000000000000e+04 4.460000000000000000e+02
3.550000000000000000e+04 4.400000000000000000e+02
3.600000000000000000e+04 4.550000000000000000e+02
3.650000000000000000e+04 4.930000000000000000e+02
3.700000000000000000e+04 4.690000000000000000e+02
3.750000000000000000e+04 5.290000000000000000e+02
3.800000000000000000e+04 5.230000000000000000e+02
3.850000000000000000e+04 5.680000000000000000e+02
3.900000000000000000e+04 6.390000000000000000e+02
3.950000000000000000e+04 7.440000000000000000e+02
4.000000000000000000e+04 7.040000000000000000e+02
4.050000000000000000e+04 7.890000000000000000e+02
4.100000000000000000e+04 9.650000000000000000e+02
4.150000000000000000e+04 1.058000000000000000e+03
4.200000000000000000e+04 1.131000000000000000e+03
4.250000000000000000e+04 1.306000000000000000e+03
4.300000000000000000e+04 1.529000000000000000e+03
4.350000000000000000e+04 1.596000000000000000e+03
4.400000000000000000e+04 1.794000000000000000e+03
4.450000000000000000e+04 1.973000000000000000e+03
4.500000000000000000e+04 2.172000000000000000e+03
4.550000000000000000e+04 2.287000000000000000e+03
4.600000000000000000e+04 2.482000000000000000e+03
4.650000000000000000e+04 2.748000000000000000e+03
4.700000000000000000e+04 2.915000000000000000e+03
4.750000000000000000e+04 3.052000000000000000e+03
4.800000000000000000e+04 3.172000000000000000e+03
4.850000000000000000e+04 3.461000000000000000e+03
4.900000000000000000e+04 3.641000000000000000e+03
4.950000000000000000e+04 3.805000000000000000e+03
5.000000000000000000e+04 3.932000000000000000e+03
5.050000000000000000e+04 4.041000000000000000e+03
5.100000000000000000e+04 4.144000000000000000e+03
5.150000000000000000e+04 4.336000000000000000e+03
5.200000000000000000e+04 4.500000000000000000e+03
5.250000000000000000e+04 4.574000000000000000e+03
5.300000000000000000e+04 4.668000000000000000e+03
5.350000000000000000e+04 4.791000000000000000e+03
5.400000000000000000e+04 4.774000000000000000e+03
5.450000000000000000e+04 4.935000000000000000e+03
5.500000000000000000e+04 5.019000000000000000e+03
5.550000000000000000e+04 4.911000000000000000e+03
5.600000000000000000e+04 5.138000000000000000e+03
5.650000000000000000e+04 5.030000000000000000e+03
5.700000000000000000e+04 5.130000000000000000e+03
5.750000000000000000e+04 5.160000000000000000e+03
5.800000000000000000e+04 5.387000000000000000e+03
5.850000000000000000e+04 5.356000000000000000e+03
5.900000000000000000e+04 5.278000000000000000e+03
5.950000000000000000e+04 5.286000000000000000e+03
6.000000000000000000e+04 5.326000000000000000e+03
6.050000000000000000e+04 5.311000000000000000e+03
6.100000000000000000e+04 5.098000000000000000e+03
6.150000000000000000e+04 5.274000000000000000e+03
6.200000000000000000e+04 5.266000000000000000e+03
6.250000000000000000e+04 5.308000000000000000e+03
6.300000000000000000e+04 5.146000000000000000e+03
6.350000000000000000e+04 5.199000000000000000e+03
6.400000000000000000e+04 5.072000000000000000e+03
6.450000000000000000e+04 5.044000000000000000e+03
6.500000000000000000e+04 4.921000000000000000e+03
6.550000000000000000e+04 4.908000000000000000e+03
6.600000000000000000e+04 4.798000000000000000e+03
6.650000000000000000e+04 4.636000000000000000e+03
6.700000000000000000e+04 4.767000000000000000e+03
6.750000000000000000e+04 4.619000000000000000e+03
6.800000000000000000e+04 4.405000000000000000e+03
6.850000000000000000e+04 4.301000000000000000e+03
6.900000000000000000e+04 4.116000000000000000e+03
6.950000000000000000e+04 4.042000000000000000e+03
7.000000000000000000e+04 3.869000000000000000e+03
7.050000000000000000e+04 3.709000000000000000e+03
7.100000000000000000e+04 3.670000000000000000e+03
7.150000000000000000e+04 3.468000000000000000e+03
7.200000000000000000e+04 3.300000000000000000e+03
7.250000000000000000e+04 3.097000000000000000e+03
7.300000000000000000e+04 2.963000000000000000e+03
7.350000000000000000e+04 2.707000000000000000e+03
7.400000000000000000e+04 2.555000000000000000e+03
7.450000000000000000e+04 2.375000000000000000e+03
7.500000000000000000e+04 2.227000000000000000e+03
7.550000000000000000e+04 2.066000000000000000e+03
7.600000000000000000e+04 1.932000000000000000e+03
7.650000000000000000e+04 1.766000000000000000e+03
7.700000000000000000e+04 1.607000000000000000e+03
7.750000000000000000e+04 1.467000000000000000e+03
7.800000000000000000e+04 1.399000000000000000e+03
7.850000000000000000e+04 1.137000000000000000e+03
7.900000000000000000e+04 1.116000000000000000e+03
7.950000000000000000e+04 9.550000000000000000e+02
8.000000000000000000e+04 9.550000000000000000e+02
8.050000000000000000e+04 8.070000000000000000e+02
8.100000000000000000e+04 7.590000000000000000e+02
8.150000000000000000e+04 6.570000000000000000e+02
8.200000000000000000e+04 5.730000000000000000e+02
8.250000000000000000e+04 5.570000000000000000e+02
8.300000000000000000e+04 5.080000000000000000e+02
8.350000000000000000e+04 5.030000000000000000e+02
8.400000000000000000e+04 4.360000000000000000e+02
8.450000000000000000e+04 4.120000000000000000e+02
8.500000000000000000e+04 4.310000000000000000e+02
8.550000000000000000e+04 4.180000000000000000e+02
8.600000000000000000e+04 4.580000000000000000e+02
8.650000000000000000e+04 5.000000000000000000e+02
8.700000000000000000e+04 4.610000000000000000e+02
8.750000000000000000e+04 5.030000000000000000e+02
8.800000000000000000e+04 5.490000000000000000e+02
8.850000000000000000e+04 6.100000000000000000e+02
8.900000000000000000e+04 6.520000000000000000e+02
8.950000000000000000e+04 6.510000000000000000e+02
9.000000000000000000e+04 7.740000000000000000e+02
9.050000000000000000e+04 8.440000000000000000e+02
9.100000000000000000e+04 9.770000000000000000e+02
9.150000000000000000e+04 9.970000000000000000e+02
9.200000000000000000e+04 1.123000000000000000e+03
9.250000000000000000e+04 1.252000000000000000e+03
9.300000000000000000e+04 1.495000000000000000e+03
9.350000000000000000e+04 1.556000000000000000e+03
9.400000000000000000e+04 1.817000000000000000e+03
9.450000000000000000e+04 1.957000000000000000e+03
9.500000000000000000e+04 2.150000000000000000e+03
9.550000000000000000e+04 2.230000000000000000e+03
9.600000000000000000e+04 2.576000000000000000e+03
9.650000000000000000e+04 2.672000000000000000e+03
9.700000000000000000e+04 2.722000000000000000e+03
9.750000000000000000e+04 2.992000000000000000e+03
9.800000000000000000e+04 3.268000000000000000e+03
9.850000000000000000e+04 3.406000000000000000e+03
9.900000000000000000e+04 3.558000000000000000e+03
9.950000000000000000e+04 3.709000000000000000e+03
