0.000000000000000000e+00 4.455000000000000000e+03
2.500000000000000000e+02 4.547000000000000000e+03
5.000000000000000000e+02 4.856000000000000000e+03
7.500000000000000000e+02 5.086000000000000000e+03
1.000000000000000000e+03 5.395000000000000000e+03
1.250000000000000000e+03 5.435000000000000000e+03
1.500000000000000000e+03 5.511000000000000000e+03
1.750000000000000000e+03 5.748000000000000000e+03
2.000000000000000000e+03 5.858000000000000000e+03
2.250000000000000000e+03 5.958000000000000000e+03
2.500000000000000000e+03 6.141000000000000000e+03
2.750000000000000000e+03 6.085000000000000000e+03
3.000000000000000000e+03 6.286000000000000000e+03
3.250000000000000000e+03 6.404000000000000000e+03
3.500000000000000000e+03 6.557000000000000000e+03
3.750000000000000000e+03 6.603000000000000000e+03
4.000000000000000000e+03 6.514000000000000000e+03
4.250000000000000000e+03 6.692000000000000000e+03
4.500000000000000000e+03 6.735000000000000000e+03
4.750000000000000000e+03 6.703000000000000000e+03
5.000000000000000000e+03 6.693000000000000000e+03
5.250000000000000000e+03 6.745000000000000000e+03
5.500000000000000000e+03 6.883000000000000000e+03
5.750000000000000000e+03 6.657000000000000000e+03
6.000000000000000000e+03 6.671000000000000000e+03
6.250000000000000000e+03 6.707000000000000000e+03
6.500000000000000000e+03 6.517000000000000000e+03
6.750000000000000000e+03 6.508000000000000000e+03
7.000000000000000000e+03 6.547000000000000000e+03
7.250000000000000000e+03 6.487000000000000000e+03
7.500000000000000000e+03 6.334000000000000000e+03
7.750000000000000000e+03 6.180000000000000000e+03
8.000000000000000000e+03 6.249000000000000000e+03
8.250000000000000000e+03 6.006000000000000000e+03
8.500000000000000000e+03 5.874000000000000000e+03
8.750000000000000000e+03 5.791000000000000000e+03
9.000000000000000000e+03 5.733000000000000000e+03
9.250000000000000000e+03 5.507000000000000000e+03
9.500000000000000000e+03 5.409000000000000000e+03
9.750000000000000000e+03 4.970000000000000000e+03
1.000000000000000000e+04 4.996000000000000000e+03
1.025000000000000000e+04 4.930000000000000000e+03
1.050000000000000000e+04 4.554000000000000000e+03
1.075000000000000000e+04 4.440000000000000000e+03
1.100000000000000000e+04 4.106000000000000000e+03
1.125000000000000000e+04 3.993000000000000000e+03
1.150000000000000000e+04 3.731000000000000000e+03
1.175000000000000000e+04 3.499000000000000000e+03
1.200000000000000000e+04 3.403000000000000000e+03
1.225000000000000000e+04 3.124000000000000000e+03
1.250000000000000000e+04 2.932000000000000000e+03
1.275000000000000000e+04 2.739000000000000000e+03
1.300000000000000000e+04 2.426000000000000000e+03
1.325000000000000000e+04 2.338000000000000000e+03
1.350000000000000000e+04 2.184000000000000000e+03
1.375000000000000000e+04 1.906000000000000000e+03
1.400000000000000000e+04 1.702000000000000000e+03
1.425000000000000000e+04 1.557000000000000000e+03
1.450000000000000000e+04 1.364000000000000000e+03
1.475000000000000000e+04 1.321000000000000000e+03
1.500000000000000000e+04 1.214000000000000000e+03
1.525000000000000000e+04 1.048000000000000000e+03
1.550000000000000000e+04 9.650000000000000000e+02
1.575000000000000000e+04 8.910000000000000000e+02
1.600000000000000000e+04 8.120000000000000000e+02
1.625000000000000000e+04 7.270000000000000000e+02
1.650000000000000000e+04 7.330000000000000000e+02
1.675000000000000000e+04 6.530000000000000000e+02
1.700000000000000000e+04 5.980000000000000000e+02
1.725000000000000000e+04 6.390000000000000000e+02
1.750000000000000000e+04 5.580000000000000000e+02
1.775000000000000000e+04 5.120000000000000000e+02
1.800000000000000000e+04 5.400000000000000000e+02
1.825000000000000000e+04 5.000000000000000000e+02
1.850000000000000000e+04 5.130000000000000000e+02
1.875000000000000000e+04 5.210000000000000000e+02
1.900000000000000000e+04 5.280000000000000000e+02
1.925000000000000000e+04 5.900000000000000000e+02
1.950000000000000000e+04 5.990000000000000000e+02
1.975000000000000000e+04 6.580000000000000000e+02
2.000000000000000000e+04 6.840000000000000000e+02
2.025000000000000000e+04 7.860000000000000000e+02
2.050000000000000000e+04 8.790000000000000000e+02
2.075000000000000000e+04 9.490000000000000000e+02
2.100000000000000000e+04 1.015000000000000000e+03
2.125000000000000000e+04 1.236000000000000000e+03
2.150000000000000000e+04 1.399000000000000000e+03
2.175000000000000000e+04 1.509000000000000000e+03
2.200000000000000000e+04 1.822000000000000000e+03
2.225000000000000000e+04 1.889000000000000000e+03
2.250000000000000000e+04 2.155000000000000000e+03
2.275000000000000000e+04 2.287000000000000000e+03
2.300000000000000000e+04 2.425000000000000000e+03
2.325000000000000000e+04 2.788000000000000000e+03
2.350000000000000000e+04 3.076000000000000000e+03
2.375000000000000000e+04 3.305000000000000000e+03
2.400000000000000000e+04 3.523000000000000000e+03
2.425000000000000000e+04 3.689000000000000000e+03
2.450000000000000000e+04 4.100000000000000000e+03
2.475000000000000000e+04 4.168000000000000000e+03
2.500000000000000000e+04 4.431000000000000000e+03
2.525000000000000000e+04 4.660000000000000000e+03
2.550000000000000000e+04 4.850000000000000000e+03
2.575000000000000000e+04 5.047000000000000000e+03
2.600000000000000000e+04 5.308000000000000000e+03
2.625000000000000000e+04 5.396000000000000000e+03
2.650000000000000000e+04 5.718000000000000000e+03
2.675000000000000000e+04 5.808000000000000000e+03
2.700000000000000000e+04 5.980000000000000000e+03
2.725000000000000000e+04 5.902000000000000000e+03
2.750000000000000000e+04 6.223000000000000000e+03
2.775000000000000000e+04 6.248000000000000000e+03
2.800000000000000000e+04 6.225000000000000000e+03
2.825000000000000000e+04 6.309000000000000000e+03
2.850000000000000000e+04 6.575000000000000000e+03
2.875000000000000000e+04 6.408000000000000000e+03
2.900000000000000000e+04 6.689000000000000000e+03
2.925000000000000000e+04 6.769000000000000000e+03
2.950000000000000000e+04 6.709000000000000000e+03
2.975000000000000000e+04 6.558000000000000000e+03
3.000000000000000000e+04 6.635000000000000000e+03
3.025000000000000000e+04 6.728000000000000000e+03
3.050000000000000000e+04 6.707000000000000000e+03
3.075000000000000000e+04 6.491000000000000000e+03
3.100000000000000000e+04 6.729000000000000000e+03
3.125000000000000000e+04 6.594000000000000000e+03
3.150000000000000000e+04 6.550000000000000000e+03
3.175000000000000000e+04 6.517000000000000000e+03
3.200000000000000000e+04 6.293000000000000000e+03
3.225000000000000000e+04 6.427000000000000000e+03
3.250000000000000000e+04 6.336000000000000000e+03
3.275000000000000000e+04 6.315000000000000000e+03
3.300000000000000000e+04 6.076000000000000000e+03
3.325000000000000000e+04 6.064000000000000000e+03
3.350000000000000000e+04 5.977000000000000000e+03
3.375000000000000000e+04 5.767000000000000000e+03
3.400000000000000000e+04 5.540000000000000000e+03
3.425000000000000000e+04 5.489000000000000000e+03
3.450000000000000000e+04 5.308000000000000000e+03
3.475000000000000000e+04 5.280000000000000000e+03
3.500000000000000000e+04 4.883000000000000000e+03
3.525000000000000000e+04 4.786000000000000000e+03
3.550000000000000000e+04 4.673000000000000000e+03
3.575000000000000000e+04 4.461000000000000000e+03
3.600000000000000000e+04 4.092000000000000000e+03
3.625000000000000000e+04 4.075000000000000000e+03
3.650000000000000000e+04 3.793000000000000000e+03
3.675000000000000000e+04 3.561000000000000000e+03
3.700000000000000000e+04 3.323000000000000000e+03
3.725000000000000000e+04 3.073000000000000000e+03
3.750000000000000000e+04 2.851000000000000000e+03
3.775000000000000000e+04 2.670000000000000000e+03
3.800000000000000000e+04 2.535000000000000000e+03
3.825000000000000000e+04 2.324000000000000000e+03
3.850000000000000000e+04 2.100000000000000000e+03
3.875000000000000000e+04 1.832000000000000000e+03
3.900000000000000000e+04 1.686000000000000000e+03
3.925000000000000000e+04 1.621000000000000000e+03
3.950000000000000000e+04 1.449000000000000000e+03
3.975000000000000000e+04 1.260000000000000000e+03
4.000000000000000000e+04 1.189000000000000000e+03
4.025000000000000000e+04 1.108000000000000000e+03
4.050000000000000000e+04 9.550000000000000000e+02
4.075000000000000000e+04 9.070000000000000000e+02
4.100000000000000000e+04 8.410000000000000000e+02
4.125000000000000000e+04 8.020000000000000000e+02
4.150000000000000000e+04 7.200000000000000000e+02
4.175000000000000000e+04 6.400000000000000000e+02
4.200000000000000000e+04 5.790000000000000000e+02
4.225000000000000000e+04 5.630000000000000000e+02
4.250000000000000000e+04 5.750000000000000000e+02
4.275000000000000000e+04 5.730000000000000000e+02
4.300000000000000000e+04 5.120000000000000000e+02
4.325000000000000000e+04 5.090000000000000000e+02
4.350000000000000000e+04 4.840000000000000000e+02
4.375000000000000000e+04 5.240000000000000000e+02
4.400000000000000000e+04 5.290000000000000000e+02
4.425000000000000000e+04 5.850000000000000000e+02
4.450000000000000000e+04 6.090000000000000000e+02
4.475000000000000000e+04 6.660000000000000000e+02
4.500000000000000000e+04 7.160000000000000000e+02
4.525000000000000000e+04 8.270000000000000000e+02
4.550000000000000000e+04 8.670000000000000000e+02
4.575000000000000000e+04 9.970000000000000000e+02
4.600000000000000000e+04 1.038000000000000000e+03
4.625000000000000000e+04 1.173000000000000000e+03
4.650000000000000000e+04 1.369000000000000000e+03
4.675000000000000000e+04 1.569000000000000000e+03
4.700000000000000000e+04 1.714000000000000000e+03
4.725000000000000000e+04 1.884000000000000000e+03
4.750000000000000000e+04 2.073000000000000000e+03
4.775000000000000000e+04 2.318000000000000000e+03
4.800000000000000000e+04 2.469000000000000000e+03
4.825000000000000000e+04 2.738000000000000000e+03
4.850000000000000000e+04 3.042000000000000000e+03
4.875000000000000000e+04 3.235000000000000000e+03
4.900000000000000000e+04 3.448000000000000000e+03
4.925000000000000000e+04 3.869000000000000000e+03
4.950000000000000000e+04 4.036000000000000000e+03
4.975000000000000000e+04 4.246000000000000000e+03
