0.000000000000000000e+00 3.097000000000000000e+03
3.330000000000000000e+02 3.188000000000000000e+03
6.660000000000000000e+02 3.233000000000000000e+03
9.990000000000000000e+02 3.247000000000000000e+03
1.332000000000000000e+03 3.363000000000000000e+03
1.665000000000000000e+03 3.351000000000000000e+03
1.998000000000000000e+03 3.445000000000000000e+03
2.331000000000000000e+03 3.407000000000000000e+03
2.664000000000000000e+03 3.588000000000000000e+03
2.997000000000000000e+03 3.604000000000000000e+03
3.330000000000000000e+03 3.580000000000000000e+03
3.663000000000000000e+03 3.774000000000000000e+03
3.996000000000000000e+03 3.730000000000000000e+03
4.329000000000000000e+03 3.566000000000000000e+03
4.662000000000000000e+03 3.739000000000000000e+03
4.995000000000000000e+03 3.641000000000000000e+03
5.328000000000000000e+03 3.728000000000000000e+03
5.661000000000000000e+03 3.789000000000000000e+03
5.994000000000000000e+03 3.786000000000000000e+03
6.327000000000000000e+03 3.758000000000000000e+03
6.660000000000000000e+03 3.738000000000000000e+03
6.993000000000000000e+03 3.739000000000000000e+03
7.326000000000000000e+03 3.833000000000000000e+03
7.659000000000000000e+03 3.697000000000000000e+03
7.992000000000000000e+03 3.669000000000000000e+03
8.325000000000000000e+03 3.600000000000000000e+03
8.658000000000000000e+03 3.662000000000000000e+03
8.991000000000000000e+03 3.740000000000000000e+03
9.324000000000000000e+03 3.677000000000000000e+03
9.657000000000000000e+03 3.599000000000000000e+03
9.990000000000000000e+03 3.541000000000000000e+03
1.032300000000000000e+04 3.511000000000000000e+03
1.065600000000000000e+04 3.385000000000000000e+03
1.098900000000000000e+04 3.409000000000000000e+03
1.132200000000000000e+04 3.285000000000000000e+03
1.165500000000000000e+04 3.296000000000000000e+03
1.198800000000000000e+04 3.142000000000000000e+03
1.232100000000000000e+04 3.204000000000000000e+03
1.265400000000000000e+04 3.179000000000000000e+03
1.298700000000000000e+04 3.026000000000000000e+03
1.332000000000000000e+04 3.068000000000000000e+03
1.365300000000000000e+04 2.912000000000000000e+03
1.398600000000000000e+04 2.826000000000000000e+03
1.431900000000000000e+04 2.678000000000000000e+03
1.465200000000000000e+04 2.628000000000000000e+03
1.498500000000000000e+04 2.583000000000000000e+03
1.531800000000000000e+04 2.413000000000000000e+03
1.565100000000000000e+04 2.325000000000000000e+03
1.598400000000000000e+04 2.272000000000000000e+03
1.631700000000000000e+04 2.182000000000000000e+03
1.665000000000000000e+04 1.955000000000000000e+03
1.698300000000000000e+04 1.929000000000000000e+03
1.731600000000000000e+04 1.736000000000000000e+03
1.764900000000000000e+04 1.681000000000000000e+03
1.798200000000000000e+04 1.628000000000000000e+03
1.831500000000000000e+04 1.467000000000000000e+03
1.864800000000000000e+04 1.352000000000000000e+03
1.898100000000000000e+04 1.286000000000000000e+03
1.931400000000000000e+04 1.222000000000000000e+03
1.964700000000000000e+04 1.172000000000000000e+03
1.998000000000000000e+04 1.030000000000000000e+03
2.031300000000000000e+04 9.670000000000000000e+02
2.064600000000000000e+04 9.500000000000000000e+02
2.097900000000000000e+04 9.140000000000000000e+02
2.131200000000000000e+04 7.530000000000000000e+02
2.164500000000000000e+04 7.930000000000000000e+02
2.197800000000000000e+04 7.610000000000000000e+02
2.231100000000000000e+04 7.250000000000000000e+02
2.264400000000000000e+04 6.960000000000000000e+02
2.297700000000000000e+04 7.410000000000000000e+02
2.331000000000000000e+04 7.020000000000000000e+02
2.364300000000000000e+04 7.390000000000000000e+02
2.397600000000000000e+04 6.790000000000000000e+02
2.430900000000000000e+04 7.090000000000000000e+02
2.464200000000000000e+04 7.500000000000000000e+02
2.497500000000000000e+04 7.860000000000000000e+02
2.530800000000000000e+04 8.660000000000000000e+02
2.564100000000000000e+04 9.100000000000000000e+02
2.597400000000000000e+04 9.640000000000000000e+02
2.630700000000000000e+04 9.930000000000000000e+02
2.664000000000000000e+04 1.077000000000000000e+03
2.697300000000000000e+04 1.139000000000000000e+03
2.730600000000000000e+04 1.252000000000000000e+03
2.763900000000000000e+04 1.373000000000000000e+03
2.797200000000000000e+04 1.389000000000000000e+03
2.830500000000000000e+04 1.556000000000000000e+03
2.863800000000000000e+04 1.686000000000000000e+03
2.897100000000000000e+04 1.776000000000000000e+03
2.930400000000000000e+04 1.934000000000000000e+03
2.963700000000000000e+04 2.064000000000000000e+03
2.997000000000000000e+04 2.035000000000000000e+03
3.030300000000000000e+04 2.242000000000000000e+03
3.063600000000000000e+04 2.233000000000000000e+03
3.096900000000000000e+04 2.545000000000000000e+03
3.130200000000000000e+04 2.596000000000000000e+03
3.163500000000000000e+04 2.605000000000000000e+03
3.196800000000000000e+04 2.743000000000000000e+03
3.230100000000000000e+04 2.858000000000000000e+03
3.263400000000000000e+04 3.030000000000000000e+03
3.296700000000000000e+04 3.156000000000000000e+03
3.330000000000000000e+04 3.094000000000000000e+03
3.363300000000000000e+04 3.051000000000000000e+03
3.396600000000000000e+04 3.125000000000000000e+03
3.429900000000000000e+04 3.371000000000000000e+03
3.463200000000000000e+04 3.360000000000000000e+03
3.496500000000000000e+04 3.329000000000000000e+03
3.529800000000000000e+04 3.323000000000000000e+03
3.563100000000000000e+04 3.454000000000000000e+03
3.596400000000000000e+04 3.417000000000000000e+03
3.629700000000000000e+04 3.552000000000000000e+03
3.663000000000000000e+04 3.482000000000000000e+03
3.696300000000000000e+04 3.569000000000000000e+03
3.729600000000000000e+04 3.631000000000000000e+03
3.762900000000000000e+04 3.611000000000000000e+03
3.796200000000000000e+04 3.732000000000000000e+03
3.829500000000000000e+04 3.704000000000000000e+03
3.862800000000000000e+04 3.828000000000000000e+03
3.896100000000000000e+04 3.688000000000000000e+03
3.929400000000000000e+04 3.718000000000000000e+03
3.962700000000000000e+04 3.780000000000000000e+03
3.996000000000000000e+04 3.707000000000000000e+03
4.029300000000000000e+04 3.741000000000000000e+03
4.062600000000000000e+04 3.757000000000000000e+03
4.095900000000000000e+04 3.853000000000000000e+03
4.129200000000000000e+04 3.723000000000000000e+03
4.162500000000000000e+04 3.734000000000000000e+03
4.195800000000000000e+04 3.719000000000000000e+03
4.229100000000000000e+04 3.681000000000000000e+03
4.262400000000000000e+04 3.645000000000000000e+03
4.295700000000000000e+04 3.661000000000000000e+03
4.329000000000000000e+04 3.511000000000000000e+03
4.362300000000000000e+04 3.498000000000000000e+03
4.395600000000000000e+04 3.339000000000000000e+03
4.428900000000000000e+04 3.513000000000000000e+03
4.462200000000000000e+04 3.402000000000000000e+03
4.495500000000000000e+04 3.364000000000000000e+03
4.528800000000000000e+04 3.217000000000000000e+03
4.562100000000000000e+04 3.236000000000000000e+03
4.595400000000000000e+04 3.090000000000000000e+03
4.628700000000000000e+04 3.014000000000000000e+03
4.662000000000000000e+04 2.990000000000000000e+03
4.695300000000000000e+04 2.925000000000000000e+03
4.728600000000000000e+04 2.850000000000000000e+03
4.761900000000000000e+04 2.759000000000000000e+03
4.795200000000000000e+04 2.688000000000000000e+03
4.828500000000000000e+04 2.534000000000000000e+03
4.861800000000000000e+04 2.537000000000000000e+03
4.895100000000000000e+04 2.308000000000000000e+03
4.928400000000000000e+04 2.227000000000000000e+03
4.961700000000000000e+04 2.097000000000000000e+03
4.995000000000000000e+04 1.917000000000000000e+03
5.028300000000000000e+04 1.880000000000000000e+03
5.061600000000000000e+04 1.745000000000000000e+03
5.094900000000000000e+04 1.644000000000000000e+03
5.128200000000000000e+04 1.518000000000000000e+03
5.161500000000000000e+04 1.494000000000000000e+03
5.194800000000000000e+04 1.404000000000000000e+03
5.228100000000000000e+04 1.287000000000000000e+03
5.261400000000000000e+04 1.186000000000000000e+03
5.294700000000000000e+04 1.199000000000000000e+03
5.328000000000000000e+04 1.119000000000000000e+03
5.361300000000000000e+04 1.014000000000000000e+03
5.394600000000000000e+04 9.550000000000000000e+02
5.427900000000000000e+04 8.960000000000000000e+02
5.461200000000000000e+04 7.960000000000000000e+02
5.494500000000000000e+04 7.360000000000000000e+02
5.527800000000000000e+04 7.070000000000000000e+02
5.561100000000000000e+04 7.230000000000000000e+02
5.594400000000000000e+04 7.080000000000000000e+02
5.627700000000000000e+04 7.090000000000000000e+02
5.661000000000000000e+04 7.180000000000000000e+02
5.694300000000000000e+04 7.090000000000000000e+02
5.727600000000000000e+04 7.970000000000000000e+02
5.760900000000000000e+04 7.450000000000000000e+02
5.794200000000000000e+04 7.230000000000000000e+02
5.827500000000000000e+04 7.830000000000000000e+02
5.860800000000000000e+04 8.410000000000000000e+02
5.894100000000000000e+04 8.820000000000000000e+02
5.927400000000000000e+04 9.560000000000000000e+02
5.960700000000000000e+04 9.550000000000000000e+02
5.994000000000000000e+04 1.076000000000000000e+03
6.027300000000000000e+04 1.111000000000000000e+03
6.060600000000000000e+04 1.165000000000000000e+03
6.093900000000000000e+04 1.315000000000000000e+03
6.127200000000000000e+04 1.356000000000000000e+03
6.160500000000000000e+04 1.572000000000000000e+03
6.193800000000000000e+04 1.573000000000000000e+03
6.227100000000000000e+04 1.688000000000000000e+03
6.260400000000000000e+04 1.847000000000000000e+03
6.293700000000000000e+04 2.034000000000000000e+03
6.327000000000000000e+04 2.045000000000000000e+03
6.360300000000000000e+04 2.147000000000000000e+03
6.393600000000000000e+04 2.328000000000000000e+03
6.426900000000000000e+04 2.474000000000000000e+03
6.460200000000000000e+04 2.567000000000000000e+03
6.493500000000000000e+04 2.630000000000000000e+03
6.526800000000000000e+04 2.823000000000000000e+03
6.560100000000000000e+04 2.854000000000000000e+03
6.593400000000000000e+04 2.927000000000000000e+03
6.626700000000000000e+04 2.943000000000000000e+03
