0.000000000000000000e+00 3.463000000000000000e+03
1.420000000000000000e+02 3.573000000000000000e+03
2.840000000000000000e+02 3.648000000000000000e+03
4.260000000000000000e+02 3.768000000000000000e+03
5.680000000000000000e+02 3.754000000000000000e+03
7.100000000000000000e+02 3.908000000000000000e+03
8.520000000000000000e+02 3.965000000000000000e+03
9.940000000000000000e+02 3.996000000000000000e+03
1.136000000000000000e+03 3.950000000000000000e+03
1.278000000000000000e+03 4.012000000000000000e+03
1.420000000000000000e+03 3.939000000000000000e+03
1.562000000000000000e+03 4.101000000000000000e+03
1.704000000000000000e+03 4.111000000000000000e+03
1.846000000000000000e+03 4.092000000000000000e+03
1.988000000000000000e+03 4.161000000000000000e+03
2.130000000000000000e+03 4.247000000000000000e+03
2.272000000000000000e+03 4.143000000000000000e+03
2.414000000000000000e+03 4.165000000000000000e+03
2.556000000000000000e+03 4.301000000000000000e+03
2.698000000000000000e+03 4.100000000000000000e+03
2.840000000000000000e+03 4.198000000000000000e+03
2.982000000000000000e+03 4.195000000000000000e+03
3.124000000000000000e+03 4.302000000000000000e+03
3.266000000000000000e+03 4.067000000000000000e+03
3.408000000000000000e+03 4.210000000000000000e+03
3.550000000000000000e+03 4.149000000000000000e+03
3.692000000000000000e+03 4.226000000000000000e+03
3.834000000000000000e+03 4.142000000000000000e+03
3.976000000000000000e+03 3.988000000000000000e+03
4.118000000000000000e+03 4.078000000000000000e+03
4.260000000000000000e+03 4.045000000000000000e+03
4.402000000000000000e+03 4.103000000000000000e+03
4.544000000000000000e+03 3.955000000000000000e+03
4.686000000000000000e+03 3.958000000000000000e+03
4.828000000000000000e+03 3.876000000000000000e+03
4.970000000000000000e+03 3.667000000000000000e+03
5.112000000000000000e+03 3.755000000000000000e+03
5.254000000000000000e+03 3.774000000000000000e+03
5.396000000000000000e+03 3.553000000000000000e+03
5.538000000000000000e+03 3.404000000000000000e+03
5.680000000000000000e+03 3.345000000000000000e+03
5.822000000000000000e+03 3.262000000000000000e+03
5.964000000000000000e+03 3.294000000000000000e+03
6.106000000000000000e+03 3.114000000000000000e+03
6.248000000000000000e+03 3.063000000000000000e+03
6.390000000000000000e+03 2.931000000000000000e+03
6.532000000000000000e+03 2.883000000000000000e+03
6.674000000000000000e+03 2.743000000000000000e+03
6.816000000000000000e+03 2.544000000000000000e+03
6.958000000000000000e+03 2.496000000000000000e+03
7.100000000000000000e+03 2.351000000000000000e+03
7.242000000000000000e+03 2.288000000000000000e+03
7.384000000000000000e+03 2.196000000000000000e+03
7.526000000000000000e+03 2.079000000000000000e+03
7.668000000000000000e+03 1.951000000000000000e+03
7.810000000000000000e+03 1.864000000000000000e+03
7.952000000000000000e+03 1.643000000000000000e+03
8.094000000000000000e+03 1.624000000000000000e+03
8.236000000000000000e+03 1.591000000000000000e+03
8.378000000000000000e+03 1.453000000000000000e+03
8.520000000000000000e+03 1.387000000000000000e+03
8.662000000000000000e+03 1.181000000000000000e+03
8.804000000000000000e+03 1.204000000000000000e+03
8.946000000000000000e+03 1.165000000000000000e+03
9.088000000000000000e+03 1.038000000000000000e+03
9.230000000000000000e+03 1.042000000000000000e+03
9.372000000000000000e+03 9.690000000000000000e+02
9.514000000000000000e+03 9.140000000000000000e+02
9.656000000000000000e+03 8.850000000000000000e+02
9.798000000000000000e+03 8.570000000000000000e+02
9.940000000000000000e+03 8.420000000000000000e+02
1.008200000000000000e+04 8.680000000000000000e+02
1.022400000000000000e+04 8.870000000000000000e+02
1.036600000000000000e+04 8.850000000000000000e+02
1.050800000000000000e+04 9.030000000000000000e+02
1.065000000000000000e+04 9.080000000000000000e+02
1.079200000000000000e+04 9.090000000000000000e+02
1.093400000000000000e+04 9.470000000000000000e+02
1.107600000000000000e+04 1.031000000000000000e+03
1.121800000000000000e+04 1.130000000000000000e+03
1.136000000000000000e+04 1.164000000000000000e+03
1.150200000000000000e+04 1.282000000000000000e+03
1.164400000000000000e+04 1.305000000000000000e+03
1.178600000000000000e+04 1.445000000000000000e+03
1.192800000000000000e+04 1.509000000000000000e+03
1.207000000000000000e+04 1.630000000000000000e+03
1.221200000000000000e+04 1.748000000000000000e+03
1.235400000000000000e+04 1.951000000000000000e+03
1.249600000000000000e+04 2.047000000000000000e+03
1.263800000000000000e+04 2.182000000000000000e+03
1.278000000000000000e+04 2.296000000000000000e+03
1.292200000000000000e+04 2.490000000000000000e+03
1.306400000000000000e+04 2.503000000000000000e+03
1.320600000000000000e+04 2.649000000000000000e+03
1.334800000000000000e+04 2.719000000000000000e+03
1.349000000000000000e+04 2.773000000000000000e+03
1.363200000000000000e+04 2.964000000000000000e+03
1.377400000000000000e+04 3.211000000000000000e+03
1.391600000000000000e+04 3.222000000000000000e+03
1.405800000000000000e+04 3.362000000000000000e+03
1.420000000000000000e+04 3.401000000000000000e+03
1.434200000000000000e+04 3.587000000000000000e+03
1.448400000000000000e+04 3.596000000000000000e+03
1.462600000000000000e+04 3.725000000000000000e+03
1.476800000000000000e+04 3.576000000000000000e+03
1.491000000000000000e+04 3.857000000000000000e+03
1.505200000000000000e+04 3.796000000000000000e+03
1.519400000000000000e+04 3.923000000000000000e+03
1.533600000000000000e+04 4.010000000000000000e+03
1.547800000000000000e+04 3.980000000000000000e+03
1.562000000000000000e+04 3.989000000000000000e+03
1.576200000000000000e+04 4.157000000000000000e+03
1.590400000000000000e+04 4.077000000000000000e+03
1.604600000000000000e+04 4.061000000000000000e+03
1.618800000000000000e+04 4.100000000000000000e+03
1.633000000000000000e+04 4.046000000000000000e+03
1.647200000000000000e+04 4.105000000000000000e+03
1.661400000000000000e+04 4.190000000000000000e+03
1.675600000000000000e+04 4.197000000000000000e+03
1.689800000000000000e+04 4.262000000000000000e+03
1.704000000000000000e+04 4.181000000000000000e+03
1.718200000000000000e+04 4.273000000000000000e+03
1.732400000000000000e+04 4.183000000000000000e+03
1.746600000000000000e+04 4.132000000000000000e+03
1.760800000000000000e+04 4.176000000000000000e+03
1.775000000000000000e+04 4.155000000000000000e+03
1.789200000000000000e+04 4.279000000000000000e+03
1.803400000000000000e+04 4.160000000000000000e+03
1.817600000000000000e+04 4.133000000000000000e+03
1.831800000000000000e+04 4.177000000000000000e+03
1.846000000000000000e+04 4.082000000000000000e+03
1.860200000000000000e+04 3.967000000000000000e+03
1.874400000000000000e+04 3.986000000000000000e+03
1.888600000000000000e+04 4.015000000000000000e+03
1.902800000000000000e+04 3.869000000000000000e+03
1.917000000000000000e+04 3.876000000000000000e+03
1.931200000000000000e+04 3.668000000000000000e+03
1.945400000000000000e+04 3.751000000000000000e+03
1.959600000000000000e+04 3.609000000000000000e+03
1.973800000000000000e+04 3.655000000000000000e+03
1.988000000000000000e+04 3.475000000000000000e+03
2.002200000000000000e+04 3.486000000000000000e+03
2.016400000000000000e+04 3.330000000000000000e+03
2.030600000000000000e+04 3.168000000000000000e+03
2.044800000000000000e+04 3.202000000000000000e+03
2.059000000000000000e+04 3.014000000000000000e+03
2.073200000000000000e+04 3.061000000000000000e+03
2.087400000000000000e+04 2.785000000000000000e+03
2.101600000000000000e+04 2.646000000000000000e+03
2.115800000000000000e+04 2.582000000000000000e+03
2.130000000000000000e+04 2.501000000000000000e+03
2.144200000000000000e+04 2.383000000000000000e+03
2.158400000000000000e+04 2.203000000000000000e+03
2.172600000000000000e+04 2.135000000000000000e+03
2.186800000000000000e+04 2.020000000000000000e+03
2.201000000000000000e+04 1.933000000000000000e+03
2.215200000000000000e+04 1.854000000000000000e+03
2.229400000000000000e+04 1.696000000000000000e+03
2.243600000000000000e+04 1.678000000000000000e+03
2.257800000000000000e+04 1.487000000000000000e+03
2.272000000000000000e+04 1.391000000000000000e+03
2.286200000000000000e+04 1.309000000000000000e+03
2.300400000000000000e+04 1.268000000000000000e+03
2.314600000000000000e+04 1.107000000000000000e+03
2.328800000000000000e+04 1.098000000000000000e+03
2.343000000000000000e+04 1.090000000000000000e+03
2.357200000000000000e+04 1.003000000000000000e+03
2.371400000000000000e+04 9.000000000000000000e+02
2.385600000000000000e+04 9.590000000000000000e+02
2.399800000000000000e+04 9.080000000000000000e+02
2.414000000000000000e+04 8.610000000000000000e+02
2.428200000000000000e+04 8.370000000000000000e+02
2.442400000000000000e+04 8.360000000000000000e+02
2.456600000000000000e+04 8.260000000000000000e+02
2.470800000000000000e+04 8.190000000000000000e+02
2.485000000000000000e+04 8.920000000000000000e+02
2.499200000000000000e+04 9.330000000000000000e+02
2.513400000000000000e+04 1.012000000000000000e+03
2.527600000000000000e+04 9.570000000000000000e+02
2.541800000000000000e+04 1.039000000000000000e+03
2.556000000000000000e+04 1.147000000000000000e+03
2.570200000000000000e+04 1.153000000000000000e+03
2.584400000000000000e+04 1.294000000000000000e+03
2.598600000000000000e+04 1.288000000000000000e+03
2.612800000000000000e+04 1.465000000000000000e+03
2.627000000000000000e+04 1.651000000000000000e+03
2.641200000000000000e+04 1.672000000000000000e+03
2.655400000000000000e+04 1.840000000000000000e+03
2.669600000000000000e+04 2.004000000000000000e+03
2.683800000000000000e+04 2.057000000000000000e+03
2.698000000000000000e+04 2.178000000000000000e+03
2.712200000000000000e+04 2.280000000000000000e+03
2.726400000000000000e+04 2.537000000000000000e+03
2.740600000000000000e+04 2.687000000000000000e+03
2.754800000000000000e+04 2.762000000000000000e+03
2.769000000000000000e+04 2.842000000000000000e+03
2.783200000000000000e+04 3.007000000000000000e+03
2.797400000000000000e+04 3.122000000000000000e+03
2.811600000000000000e+04 3.083000000000000000e+03
2.825800000000000000e+04 3.251000000000000000e+03
2.840000000000000000e+04 3.288000000000000000e+03
