0.000000000000000000e+00 2.592000000000000000e+03
1.400000000000000000e+01 2.668000000000000000e+03
2.800000000000000000e+01 2.887000000000000000e+03
4.200000000000000000e+01 2.951000000000000000e+03
5.600000000000000000e+01 2.984000000000000000e+03
7.000000000000000000e+01 3.121000000000000000e+03
8.400000000000000000e+01 3.220000000000000000e+03
9.800000000000000000e+01 3.241000000000000000e+03
1.120000000000000000e+02 3.308000000000000000e+03
1.260000000000000000e+02 3.437000000000000000e+03
1.400000000000000000e+02 3.529000000000000000e+03
1.540000000000000000e+02 3.648000000000000000e+03
1.680000000000000000e+02 3.668000000000000000e+03
1.820000000000000000e+02 3.760000000000000000e+03
1.960000000000000000e+02 3.690000000000000000e+03
2.100000000000000000e+02 3.729000000000000000e+03
2.240000000000000000e+02 3.787000000000000000e+03
2.380000000000000000e+02 3.880000000000000000e+03
2.520000000000000000e+02 3.925000000000000000e+03
2.660000000000000000e+02 4.005000000000000000e+03
2.800000000000000000e+02 4.028000000000000000e+03
2.940000000000000000e+02 3.980000000000000000e+03
3.080000000000000000e+02 3.943000000000000000e+03
3.220000000000000000e+02 4.065000000000000000e+03
3.360000000000000000e+02 4.050000000000000000e+03
3.500000000000000000e+02 4.078000000000000000e+03
3.640000000000000000e+02 4.054000000000000000e+03
3.780000000000000000e+02 3.946000000000000000e+03
3.920000000000000000e+02 4.079000000000000000e+03
4.060000000000000000e+02 3.951000000000000000e+03
4.200000000000000000e+02 4.034000000000000000e+03
4.340000000000000000e+02 3.914000000000000000e+03
4.480000000000000000e+02 4.064000000000000000e+03
4.620000000000000000e+02 3.982000000000000000e+03
4.760000000000000000e+02 3.944000000000000000e+03
4.900000000000000000e+02 4.098000000000000000e+03
5.040000000000000000e+02 3.928000000000000000e+03
5.180000000000000000e+02 3.836000000000000000e+03
5.320000000000000000e+02 3.825000000000000000e+03
5.460000000000000000e+02 3.745000000000000000e+03
5.600000000000000000e+02 3.767000000000000000e+03
5.740000000000000000e+02 3.579000000000000000e+03
5.880000000000000000e+02 3.601000000000000000e+03
6.020000000000000000e+02 3.588000000000000000e+03
6.160000000000000000e+02 3.670000000000000000e+03
6.300000000000000000e+02 3.481000000000000000e+03
6.440000000000000000e+02 3.317000000000000000e+03
6.580000000000000000e+02 3.239000000000000000e+03
6.720000000000000000e+02 3.187000000000000000e+03
6.860000000000000000e+02 3.158000000000000000e+03
7.000000000000000000e+02 3.041000000000000000e+03
7.140000000000000000e+02 3.106000000000000000e+03
7.280000000000000000e+02 2.821000000000000000e+03
7.420000000000000000e+02 2.870000000000000000e+03
7.560000000000000000e+02 2.721000000000000000e+03
7.700000000000000000e+02 2.592000000000000000e+03
7.840000000000000000e+02 2.612000000000000000e+03
7.980000000000000000e+02 2.563000000000000000e+03
8.120000000000000000e+02 2.413000000000000000e+03
8.260000000000000000e+02 2.385000000000000000e+03
8.400000000000000000e+02 2.198000000000000000e+03
8.540000000000000000e+02 2.184000000000000000e+03
8.680000000000000000e+02 2.123000000000000000e+03
8.820000000000000000e+02 1.918000000000000000e+03
8.960000000000000000e+02 1.965000000000000000e+03
9.100000000000000000e+02 1.992000000000000000e+03
9.240000000000000000e+02 1.800000000000000000e+03
9.380000000000000000e+02 1.793000000000000000e+03
9.520000000000000000e+02 1.658000000000000000e+03
9.660000000000000000e+02 1.599000000000000000e+03
9.800000000000000000e+02 1.583000000000000000e+03
9.940000000000000000e+02 1.474000000000000000e+03
1.008000000000000000e+03 1.497000000000000000e+03
1.022000000000000000e+03 1.422000000000000000e+03
1.036000000000000000e+03 1.376000000000000000e+03
1.050000000000000000e+03 1.424000000000000000e+03
1.064000000000000000e+03 1.347000000000000000e+03
1.078000000000000000e+03 1.324000000000000000e+03
1.092000000000000000e+03 1.262000000000000000e+03
1.106000000000000000e+03 1.235000000000000000e+03
1.120000000000000000e+03 1.332000000000000000e+03
1.134000000000000000e+03 1.321000000000000000e+03
1.148000000000000000e+03 1.277000000000000000e+03
1.162000000000000000e+03 1.250000000000000000e+03
1.176000000000000000e+03 1.282000000000000000e+03
1.190000000000000000e+03 1.313000000000000000e+03
1.204000000000000000e+03 1.388000000000000000e+03
1.218000000000000000e+03 1.275000000000000000e+03
1.232000000000000000e+03 1.402000000000000000e+03
1.246000000000000000e+03 1.376000000000000000e+03
1.260000000000000000e+03 1.495000000000000000e+03
1.274000000000000000e+03 1.576000000000000000e+03
1.288000000000000000e+03 1.707000000000000000e+03
1.302000000000000000e+03 1.765000000000000000e+03
1.316000000000000000e+03 1.874000000000000000e+03
1.330000000000000000e+03 1.927000000000000000e+03
1.344000000000000000e+03 1.949000000000000000e+03
1.358000000000000000e+03 2.179000000000000000e+03
1.372000000000000000e+03 2.224000000000000000e+03
1.386000000000000000e+03 2.316000000000000000e+03
1.400000000000000000e+03 2.454000000000000000e+03
1.414000000000000000e+03 2.482000000000000000e+03
1.428000000000000000e+03 2.560000000000000000e+03
1.442000000000000000e+03 2.730000000000000000e+03
1.456000000000000000e+03 2.770000000000000000e+03
1.470000000000000000e+03 3.011000000000000000e+03
1.484000000000000000e+03 3.154000000000000000e+03
1.498000000000000000e+03 3.253000000000000000e+03
1.512000000000000000e+03 3.308000000000000000e+03
1.526000000000000000e+03 3.216000000000000000e+03
1.540000000000000000e+03 3.331000000000000000e+03
1.554000000000000000e+03 3.450000000000000000e+03
1.568000000000000000e+03 3.559000000000000000e+03
1.582000000000000000e+03 3.518000000000000000e+03
1.596000000000000000e+03 3.685000000000000000e+03
1.610000000000000000e+03 3.731000000000000000e+03
1.624000000000000000e+03 3.699000000000000000e+03
1.638000000000000000e+03 3.801000000000000000e+03
1.652000000000000000e+03 3.899000000000000000e+03
1.666000000000000000e+03 3.850000000000000000e+03
1.680000000000000000e+03 4.003000000000000000e+03
1.694000000000000000e+03 4.078000000000000000e+03
1.708000000000000000e+03 3.964000000000000000e+03
1.722000000000000000e+03 3.918000000000000000e+03
1.736000000000000000e+03 3.978000000000000000e+03
1.750000000000000000e+03 4.113000000000000000e+03
1.764000000000000000e+03 4.079000000000000000e+03
1.778000000000000000e+03 4.104000000000000000e+03
1.792000000000000000e+03 4.036000000000000000e+03
1.806000000000000000e+03 4.015000000000000000e+03
1.820000000000000000e+03 4.110000000000000000e+03
1.834000000000000000e+03 4.121000000000000000e+03
1.848000000000000000e+03 4.058000000000000000e+03
1.862000000000000000e+03 4.085000000000000000e+03
1.876000000000000000e+03 3.999000000000000000e+03
1.890000000000000000e+03 4.037000000000000000e+03
1.904000000000000000e+03 3.979000000000000000e+03
1.918000000000000000e+03 4.048000000000000000e+03
1.932000000000000000e+03 3.830000000000000000e+03
1.946000000000000000e+03 3.781000000000000000e+03
1.960000000000000000e+03 3.788000000000000000e+03
1.974000000000000000e+03 3.866000000000000000e+03
1.988000000000000000e+03 3.740000000000000000e+03
2.002000000000000000e+03 3.695000000000000000e+03
2.016000000000000000e+03 3.623000000000000000e+03
2.030000000000000000e+03 3.583000000000000000e+03
2.044000000000000000e+03 3.609000000000000000e+03
2.058000000000000000e+03 3.443000000000000000e+03
2.072000000000000000e+03 3.340000000000000000e+03
2.086000000000000000e+03 3.152000000000000000e+03
2.100000000000000000e+03 3.166000000000000000e+03
2.114000000000000000e+03 3.198000000000000000e+03
2.128000000000000000e+03 3.156000000000000000e+03
2.142000000000000000e+03 3.043000000000000000e+03
2.156000000000000000e+03 2.896000000000000000e+03
2.170000000000000000e+03 2.808000000000000000e+03
2.184000000000000000e+03 2.715000000000000000e+03
2.198000000000000000e+03 2.680000000000000000e+03
2.212000000000000000e+03 2.631000000000000000e+03
2.226000000000000000e+03 2.586000000000000000e+03
2.240000000000000000e+03 2.463000000000000000e+03
2.254000000000000000e+03 2.320000000000000000e+03
2.268000000000000000e+03 2.227000000000000000e+03
2.282000000000000000e+03 2.197000000000000000e+03
2.296000000000000000e+03 2.028000000000000000e+03
2.310000000000000000e+03 2.032000000000000000e+03
2.324000000000000000e+03 1.957000000000000000e+03
2.338000000000000000e+03 1.897000000000000000e+03
2.352000000000000000e+03 1.882000000000000000e+03
2.366000000000000000e+03 1.678000000000000000e+03
2.380000000000000000e+03 1.669000000000000000e+03
2.394000000000000000e+03 1.631000000000000000e+03
2.408000000000000000e+03 1.605000000000000000e+03
2.422000000000000000e+03 1.451000000000000000e+03
2.436000000000000000e+03 1.436000000000000000e+03
2.450000000000000000e+03 1.375000000000000000e+03
2.464000000000000000e+03 1.318000000000000000e+03
2.478000000000000000e+03 1.326000000000000000e+03
2.492000000000000000e+03 1.340000000000000000e+03
2.506000000000000000e+03 1.315000000000000000e+03
2.520000000000000000e+03 1.374000000000000000e+03
2.534000000000000000e+03 1.267000000000000000e+03
2.548000000000000000e+03 1.326000000000000000e+03
2.562000000000000000e+03 1.271000000000000000e+03
2.576000000000000000e+03 1.190000000000000000e+03
2.590000000000000000e+03 1.212000000000000000e+03
2.604000000000000000e+03 1.264000000000000000e+03
2.618000000000000000e+03 1.302000000000000000e+03
2.632000000000000000e+03 1.295000000000000000e+03
2.646000000000000000e+03 1.390000000000000000e+03
2.660000000000000000e+03 1.428000000000000000e+03
2.674000000000000000e+03 1.475000000000000000e+03
2.688000000000000000e+03 1.546000000000000000e+03
2.702000000000000000e+03 1.559000000000000000e+03
2.716000000000000000e+03 1.619000000000000000e+03
2.730000000000000000e+03 1.767000000000000000e+03
2.744000000000000000e+03 1.750000000000000000e+03
2.758000000000000000e+03 1.869000000000000000e+03
2.772000000000000000e+03 1.930000000000000000e+03
2.786000000000000000e+03 2.089000000000000000e+03
2.800000000000000000e+03 2.124000000000000000e+03
2.814000000000000000e+03 2.317000000000000000e+03
2.828000000000000000e+03 2.330000000000000000e+03
2.842000000000000000e+03 2.483000000000000000e+03
