0.000000000000000000e+00 3.515000000000000000e+03
2.000000000000000000e+02 3.706000000000000000e+03
4.000000000000000000e+02 3.663000000000000000e+03
6.000000000000000000e+02 3.730000000000000000e+03
8.000000000000000000e+02 3.817000000000000000e+03
1.000000000000000000e+03 3.828000000000000000e+03
1.200000000000000000e+03 4.031000000000000000e+03
1.400000000000000000e+03 4.114000000000000000e+03
1.600000000000000000e+03 4.095000000000000000e+03
1.800000000000000000e+03 4.044000000000000000e+03
2.000000000000000000e+03 4.120000000000000000e+03
2.200000000000000000e+03 4.103000000000000000e+03
2.400000000000000000e+03 4.136000000000000000e+03
2.600000000000000000e+03 4.150000000000000000e+03
2.800000000000000000e+03 4.323000000000000000e+03
3.000000000000000000e+03 4.156000000000000000e+03
3.200000000000000000e+03 4.292000000000000000e+03
3.400000000000000000e+03 4.312000000000000000e+03
3.600000000000000000e+03 4.193000000000000000e+03
3.800000000000000000e+03 4.278000000000000000e+03
4.000000000000000000e+03 4.304000000000000000e+03
4.200000000000000000e+03 4.334000000000000000e+03
4.400000000000000000e+03 4.268000000000000000e+03
4.600000000000000000e+03 4.175000000000000000e+03
4.800000000000000000e+03 4.304000000000000000e+03
5.000000000000000000e+03 4.302000000000000000e+03
5.200000000000000000e+03 4.311000000000000000e+03
5.400000000000000000e+03 4.249000000000000000e+03
5.600000000000000000e+03 4.102000000000000000e+03
5.800000000000000000e+03 4.111000000000000000e+03
6.000000000000000000e+03 4.080000000000000000e+03
6.200000000000000000e+03 4.133000000000000000e+03
6.400000000000000000e+03 3.906000000000000000e+03
6.600000000000000000e+03 3.903000000000000000e+03
6.800000000000000000e+03 3.849000000000000000e+03
7.000000000000000000e+03 3.817000000000000000e+03
7.200000000000000000e+03 3.646000000000000000e+03
7.400000000000000000e+03 3.658000000000000000e+03
7.600000000000000000e+03 3.543000000000000000e+03
7.800000000000000000e+03 3.479000000000000000e+03
8.000000000000000000e+03 3.481000000000000000e+03
8.200000000000000000e+03 3.391000000000000000e+03
8.400000000000000000e+03 3.346000000000000000e+03
8.600000000000000000e+03 3.204000000000000000e+03
8.800000000000000000e+03 3.240000000000000000e+03
9.000000000000000000e+03 3.020000000000000000e+03
9.200000000000000000e+03 2.914000000000000000e+03
9.400000000000000000e+03 2.765000000000000000e+03
9.600000000000000000e+03 2.661000000000000000e+03
9.800000000000000000e+03 2.541000000000000000e+03
1.000000000000000000e+04 2.380000000000000000e+03
1.020000000000000000e+04 2.239000000000000000e+03
1.040000000000000000e+04 2.110000000000000000e+03
1.060000000000000000e+04 2.082000000000000000e+03
1.080000000000000000e+04 1.953000000000000000e+03
1.100000000000000000e+04 1.835000000000000000e+03
1.120000000000000000e+04 1.743000000000000000e+03
1.140000000000000000e+04 1.536000000000000000e+03
1.160000000000000000e+04 1.474000000000000000e+03
1.180000000000000000e+04 1.456000000000000000e+03
1.200000000000000000e+04 1.348000000000000000e+03
1.220000000000000000e+04 1.250000000000000000e+03
1.240000000000000000e+04 1.193000000000000000e+03
1.260000000000000000e+04 1.115000000000000000e+03
1.280000000000000000e+04 1.055000000000000000e+03
1.300000000000000000e+04 9.510000000000000000e+02
1.320000000000000000e+04 9.610000000000000000e+02
1.340000000000000000e+04 8.830000000000000000e+02
1.360000000000000000e+04 9.330000000000000000e+02
1.380000000000000000e+04 9.300000000000000000e+02
1.400000000000000000e+04 8.510000000000000000e+02
1.420000000000000000e+04 8.270000000000000000e+02
1.440000000000000000e+04 8.450000000000000000e+02
1.460000000000000000e+04 9.070000000000000000e+02
1.480000000000000000e+04 1.022000000000000000e+03
1.500000000000000000e+04 1.028000000000000000e+03
1.520000000000000000e+04 1.011000000000000000e+03
1.540000000000000000e+04 1.053000000000000000e+03
1.560000000000000000e+04 1.096000000000000000e+03
1.580000000000000000e+04 1.291000000000000000e+03
1.600000000000000000e+04 1.306000000000000000e+03
1.620000000000000000e+04 1.442000000000000000e+03
1.640000000000000000e+04 1.496000000000000000e+03
1.660000000000000000e+04 1.604000000000000000e+03
1.680000000000000000e+04 1.630000000000000000e+03
1.700000000000000000e+04 1.862000000000000000e+03
1.720000000000000000e+04 2.032000000000000000e+03
1.740000000000000000e+04 2.027000000000000000e+03
1.760000000000000000e+04 2.220000000000000000e+03
1.780000000000000000e+04 2.385000000000000000e+03
1.800000000000000000e+04 2.459000000000000000e+03
1.820000000000000000e+04 2.637000000000000000e+03
1.840000000000000000e+04 2.791000000000000000e+03
1.860000000000000000e+04 2.901000000000000000e+03
1.880000000000000000e+04 2.889000000000000000e+03
1.900000000000000000e+04 3.103000000000000000e+03
1.920000000000000000e+04 3.125000000000000000e+03
1.940000000000000000e+04 3.227000000000000000e+03
1.960000000000000000e+04 3.433000000000000000e+03
1.980000000000000000e+04 3.534000000000000000e+03
2.000000000000000000e+04 3.584000000000000000e+03
2.020000000000000000e+04 3.752000000000000000e+03
2.040000000000000000e+04 3.695000000000000000e+03
2.060000000000000000e+04 3.762000000000000000e+03
2.080000000000000000e+04 3.856000000000000000e+03
2.100000000000000000e+04 3.906000000000000000e+03
2.120000000000000000e+04 4.016000000000000000e+03
2.140000000000000000e+04 4.026000000000000000e+03
2.160000000000000000e+04 3.997000000000000000e+03
2.180000000000000000e+04 4.127000000000000000e+03
2.200000000000000000e+04 4.103000000000000000e+03
2.220000000000000000e+04 3.997000000000000000e+03
2.240000000000000000e+04 4.252000000000000000e+03
2.260000000000000000e+04 4.185000000000000000e+03
2.280000000000000000e+04 4.180000000000000000e+03
2.300000000000000000e+04 4.224000000000000000e+03
2.320000000000000000e+04 4.195000000000000000e+03
2.340000000000000000e+04 4.224000000000000000e+03
2.360000000000000000e+04 4.268000000000000000e+03
2.380000000000000000e+04 4.406000000000000000e+03
2.400000000000000000e+04 4.414000000000000000e+03
2.420000000000000000e+04 4.187000000000000000e+03
2.440000000000000000e+04 4.267000000000000000e+03
2.460000000000000000e+04 4.186000000000000000e+03
2.480000000000000000e+04 4.160000000000000000e+03
2.500000000000000000e+04 4.299000000000000000e+03
2.520000000000000000e+04 4.263000000000000000e+03
2.540000000000000000e+04 4.216000000000000000e+03
2.560000000000000000e+04 4.147000000000000000e+03
2.580000000000000000e+04 4.094000000000000000e+03
2.600000000000000000e+04 4.289000000000000000e+03
2.620000000000000000e+04 3.946000000000000000e+03
2.640000000000000000e+04 3.981000000000000000e+03
2.660000000000000000e+04 3.935000000000000000e+03
2.680000000000000000e+04 3.784000000000000000e+03
2.700000000000000000e+04 3.875000000000000000e+03
2.720000000000000000e+04 3.688000000000000000e+03
2.740000000000000000e+04 3.719000000000000000e+03
2.760000000000000000e+04 3.565000000000000000e+03
2.780000000000000000e+04 3.548000000000000000e+03
2.800000000000000000e+04 3.460000000000000000e+03
2.820000000000000000e+04 3.353000000000000000e+03
2.840000000000000000e+04 3.309000000000000000e+03
2.860000000000000000e+04 3.133000000000000000e+03
2.880000000000000000e+04 3.144000000000000000e+03
2.900000000000000000e+04 2.942000000000000000e+03
2.920000000000000000e+04 2.810000000000000000e+03
2.940000000000000000e+04 2.781000000000000000e+03
2.960000000000000000e+04 2.650000000000000000e+03
2.980000000000000000e+04 2.472000000000000000e+03
3.000000000000000000e+04 2.416000000000000000e+03
3.020000000000000000e+04 2.204000000000000000e+03
3.040000000000000000e+04 2.202000000000000000e+03
3.060000000000000000e+04 2.021000000000000000e+03
3.080000000000000000e+04 1.879000000000000000e+03
3.100000000000000000e+04 1.802000000000000000e+03
3.120000000000000000e+04 1.664000000000000000e+03
3.140000000000000000e+04 1.549000000000000000e+03
3.160000000000000000e+04 1.500000000000000000e+03
3.180000000000000000e+04 1.392000000000000000e+03
3.200000000000000000e+04 1.335000000000000000e+03
3.220000000000000000e+04 1.244000000000000000e+03
3.240000000000000000e+04 1.207000000000000000e+03
3.260000000000000000e+04 1.114000000000000000e+03
3.280000000000000000e+04 1.093000000000000000e+03
3.300000000000000000e+04 1.008000000000000000e+03
3.320000000000000000e+04 9.390000000000000000e+02
3.340000000000000000e+04 9.570000000000000000e+02
3.360000000000000000e+04 9.440000000000000000e+02
3.380000000000000000e+04 9.570000000000000000e+02
3.400000000000000000e+04 8.900000000000000000e+02
3.420000000000000000e+04 9.220000000000000000e+02
3.440000000000000000e+04 9.290000000000000000e+02
3.460000000000000000e+04 8.540000000000000000e+02
3.480000000000000000e+04 9.150000000000000000e+02
3.500000000000000000e+04 1.005000000000000000e+03
3.520000000000000000e+04 9.620000000000000000e+02
3.540000000000000000e+04 1.059000000000000000e+03
3.560000000000000000e+04 1.200000000000000000e+03
3.580000000000000000e+04 1.189000000000000000e+03
3.600000000000000000e+04 1.290000000000000000e+03
3.620000000000000000e+04 1.391000000000000000e+03
3.640000000000000000e+04 1.492000000000000000e+03
3.660000000000000000e+04 1.525000000000000000e+03
3.680000000000000000e+04 1.796000000000000000e+03
3.700000000000000000e+04 1.859000000000000000e+03
3.720000000000000000e+04 2.001000000000000000e+03
3.740000000000000000e+04 2.156000000000000000e+03
3.760000000000000000e+04 2.195000000000000000e+03
3.780000000000000000e+04 2.357000000000000000e+03
3.800000000000000000e+04 2.438000000000000000e+03
3.820000000000000000e+04 2.578000000000000000e+03
3.840000000000000000e+04 2.703000000000000000e+03
3.860000000000000000e+04 2.773000000000000000e+03
3.880000000000000000e+04 2.944000000000000000e+03
3.900000000000000000e+04 3.161000000000000000e+03
3.920000000000000000e+04 3.231000000000000000e+03
3.940000000000000000e+04 3.256000000000000000e+03
3.960000000000000000e+04 3.427000000000000000e+03
3.980000000000000000e+04 3.509000000000000000e+03
