0.000000000000000000e+00 3.742000000000000000e+03
5.000000000000000000e+02 3.706000000000000000e+03
1.000000000000000000e+03 3.879000000000000000e+03
1.500000000000000000e+03 3.843000000000000000e+03
2.000000000000000000e+03 4.018000000000000000e+03
2.500000000000000000e+03 4.080000000000000000e+03
3.000000000000000000e+03 4.053000000000000000e+03
3.500000000000000000e+03 4.204000000000000000e+03
4.000000000000000000e+03 4.068000000000000000e+03
4.500000000000000000e+03 4.254000000000000000e+03
5.000000000000000000e+03 4.270000000000000000e+03
5.500000000000000000e+03 4.381000000000000000e+03
6.000000000000000000e+03 4.370000000000000000e+03
6.500000000000000000e+03 4.383000000000000000e+03
7.000000000000000000e+03 4.207000000000000000e+03
7.500000000000000000e+03 4.359000000000000000e+03
8.000000000000000000e+03 4.421000000000000000e+03
8.500000000000000000e+03 4.481000000000000000e+03
9.000000000000000000e+03 4.378000000000000000e+03
9.500000000000000000e+03 4.325000000000000000e+03
1.000000000000000000e+04 4.372000000000000000e+03
1.050000000000000000e+04 4.200000000000000000e+03
1.100000000000000000e+04 4.402000000000000000e+03
1.150000000000000000e+04 4.412000000000000000e+03
1.200000000000000000e+04 4.255000000000000000e+03
1.250000000000000000e+04 4.377000000000000000e+03
1.300000000000000000e+04 4.234000000000000000e+03
1.350000000000000000e+04 4.259000000000000000e+03
1.400000000000000000e+04 4.273000000000000000e+03
1.450000000000000000e+04 4.171000000000000000e+03
1.500000000000000000e+04 4.083000000000000000e+03
1.550000000000000000e+04 4.052000000000000000e+03
1.600000000000000000e+04 4.140000000000000000e+03
1.650000000000000000e+04 4.116000000000000000e+03
1.700000000000000000e+04 4.055000000000000000e+03
1.750000000000000000e+04 3.943000000000000000e+03
1.800000000000000000e+04 3.747000000000000000e+03
1.850000000000000000e+04 3.791000000000000000e+03
1.900000000000000000e+04 3.612000000000000000e+03
1.950000000000000000e+04 3.596000000000000000e+03
2.000000000000000000e+04 3.560000000000000000e+03
2.050000000000000000e+04 3.548000000000000000e+03
2.100000000000000000e+04 3.284000000000000000e+03
2.150000000000000000e+04 3.244000000000000000e+03
2.200000000000000000e+04 3.108000000000000000e+03
2.250000000000000000e+04 2.985000000000000000e+03
2.300000000000000000e+04 2.929000000000000000e+03
2.350000000000000000e+04 2.739000000000000000e+03
2.400000000000000000e+04 2.720000000000000000e+03
2.450000000000000000e+04 2.507000000000000000e+03
2.500000000000000000e+04 2.398000000000000000e+03
2.550000000000000000e+04 2.293000000000000000e+03
2.600000000000000000e+04 2.268000000000000000e+03
2.650000000000000000e+04 2.056000000000000000e+03
2.700000000000000000e+04 1.977000000000000000e+03
2.750000000000000000e+04 1.773000000000000000e+03
2.800000000000000000e+04 1.611000000000000000e+03
2.850000000000000000e+04 1.637000000000000000e+03
2.900000000000000000e+04 1.462000000000000000e+03
2.950000000000000000e+04 1.443000000000000000e+03
3.000000000000000000e+04 1.376000000000000000e+03
3.050000000000000000e+04 1.209000000000000000e+03
3.100000000000000000e+04 1.200000000000000000e+03
3.150000000000000000e+04 1.192000000000000000e+03
3.200000000000000000e+04 1.096000000000000000e+03
3.250000000000000000e+04 9.370000000000000000e+02
3.300000000000000000e+04 9.640000000000000000e+02
3.350000000000000000e+04 9.680000000000000000e+02
3.400000000000000000e+04 9.530000000000000000e+02
3.450000000000000000e+04 9.690000000000000000e+02
3.500000000000000000e+04 9.560000000000000000e+02
3.550000000000000000e+04 8.970000000000000000e+02
3.600000000000000000e+04 9.460000000000000000e+02
3.650000000000000000e+04 1.014000000000000000e+03
3.700000000000000000e+04 9.360000000000000000e+02
3.750000000000000000e+04 9.950000000000000000e+02
3.800000000000000000e+04 1.169000000000000000e+03
3.850000000000000000e+04 1.182000000000000000e+03
3.900000000000000000e+04 1.271000000000000000e+03
3.950000000000000000e+04 1.264000000000000000e+03
4.000000000000000000e+04 1.433000000000000000e+03
4.050000000000000000e+04 1.491000000000000000e+03
4.100000000000000000e+04 1.567000000000000000e+03
4.150000000000000000e+04 1.743000000000000000e+03
4.200000000000000000e+04 1.852000000000000000e+03
4.250000000000000000e+04 1.890000000000000000e+03
4.300000000000000000e+04 2.102000000000000000e+03
4.350000000000000000e+04 2.199000000000000000e+03
4.400000000000000000e+04 2.291000000000000000e+03
4.450000000000000000e+04 2.534000000000000000e+03
4.500000000000000000e+04 2.620000000000000000e+03
4.550000000000000000e+04 2.676000000000000000e+03
4.600000000000000000e+04 2.826000000000000000e+03
4.650000000000000000e+04 2.950000000000000000e+03
4.700000000000000000e+04 3.019000000000000000e+03
4.750000000000000000e+04 3.085000000000000000e+03
4.800000000000000000e+04 3.201000000000000000e+03
4.850000000000000000e+04 3.430000000000000000e+03
4.900000000000000000e+04 3.446000000000000000e+03
4.950000000000000000e+04 3.481000000000000000e+03
5.000000000000000000e+04 3.698000000000000000e+03
5.050000000000000000e+04 3.755000000000000000e+03
5.100000000000000000e+04 3.694000000000000000e+03
5.150000000000000000e+04 3.897000000000000000e+03
5.200000000000000000e+04 3.960000000000000000e+03
5.250000000000000000e+04 4.089000000000000000e+03
5.300000000000000000e+04 4.004000000000000000e+03
5.350000000000000000e+04 4.172000000000000000e+03
5.400000000000000000e+04 4.077000000000000000e+03
5.450000000000000000e+04 4.140000000000000000e+03
5.500000000000000000e+04 4.250000000000000000e+03
5.550000000000000000e+04 4.291000000000000000e+03
5.600000000000000000e+04 4.302000000000000000e+03
5.650000000000000000e+04 4.396000000000000000e+03
5.700000000000000000e+04 4.279000000000000000e+03
5.750000000000000000e+04 4.315000000000000000e+03
5.800000000000000000e+04 4.368000000000000000e+03
5.850000000000000000e+04 4.372000000000000000e+03
5.900000000000000000e+04 4.347000000000000000e+03
5.950000000000000000e+04 4.414000000000000000e+03
6.000000000000000000e+04 4.263000000000000000e+03
6.050000000000000000e+04 4.446000000000000000e+03
6.100000000000000000e+04 4.392000000000000000e+03
6.150000000000000000e+04 4.342000000000000000e+03
6.200000000000000000e+04 4.451000000000000000e+03
6.250000000000000000e+04 4.355000000000000000e+03
6.300000000000000000e+04 4.223000000000000000e+03
6.350000000000000000e+04 4.276000000000000000e+03
6.400000000000000000e+04 4.279000000000000000e+03
6.450000000000000000e+04 4.265000000000000000e+03
6.500000000000000000e+04 4.116000000000000000e+03
6.550000000000000000e+04 4.181000000000000000e+03
6.600000000000000000e+04 3.971000000000000000e+03
6.650000000000000000e+04 4.062000000000000000e+03
6.700000000000000000e+04 3.941000000000000000e+03
6.750000000000000000e+04 3.802000000000000000e+03
6.800000000000000000e+04 3.861000000000000000e+03
6.850000000000000000e+04 3.727000000000000000e+03
6.900000000000000000e+04 3.720000000000000000e+03
6.950000000000000000e+04 3.591000000000000000e+03
7.000000000000000000e+04 3.517000000000000000e+03
7.050000000000000000e+04 3.325000000000000000e+03
7.100000000000000000e+04 3.381000000000000000e+03
7.150000000000000000e+04 3.237000000000000000e+03
7.200000000000000000e+04 3.164000000000000000e+03
7.250000000000000000e+04 3.088000000000000000e+03
7.300000000000000000e+04 2.866000000000000000e+03
7.350000000000000000e+04 2.799000000000000000e+03
7.400000000000000000e+04 2.636000000000000000e+03
7.450000000000000000e+04 2.567000000000000000e+03
7.500000000000000000e+04 2.369000000000000000e+03
7.550000000000000000e+04 2.294000000000000000e+03
7.600000000000000000e+04 2.184000000000000000e+03
7.650000000000000000e+04 2.077000000000000000e+03
7.700000000000000000e+04 1.911000000000000000e+03
7.750000000000000000e+04 1.883000000000000000e+03
7.800000000000000000e+04 1.797000000000000000e+03
7.850000000000000000e+04 1.610000000000000000e+03
7.900000000000000000e+04 1.468000000000000000e+03
7.950000000000000000e+04 1.396000000000000000e+03
8.000000000000000000e+04 1.327000000000000000e+03
8.050000000000000000e+04 1.211000000000000000e+03
8.100000000000000000e+04 1.129000000000000000e+03
8.150000000000000000e+04 1.145000000000000000e+03
8.200000000000000000e+04 1.085000000000000000e+03
8.250000000000000000e+04 9.690000000000000000e+02
8.300000000000000000e+04 9.410000000000000000e+02
8.350000000000000000e+04 9.870000000000000000e+02
8.400000000000000000e+04 9.460000000000000000e+02
8.450000000000000000e+04 9.190000000000000000e+02
8.500000000000000000e+04 8.830000000000000000e+02
8.550000000000000000e+04 8.940000000000000000e+02
8.600000000000000000e+04 8.680000000000000000e+02
8.650000000000000000e+04 9.180000000000000000e+02
8.700000000000000000e+04 9.650000000000000000e+02
8.750000000000000000e+04 1.078000000000000000e+03
8.800000000000000000e+04 1.065000000000000000e+03
8.850000000000000000e+04 1.161000000000000000e+03
8.900000000000000000e+04 1.189000000000000000e+03
8.950000000000000000e+04 1.238000000000000000e+03
9.000000000000000000e+04 1.424000000000000000e+03
9.050000000000000000e+04 1.446000000000000000e+03
9.100000000000000000e+04 1.666000000000000000e+03
9.150000000000000000e+04 1.648000000000000000e+03
9.200000000000000000e+04 1.788000000000000000e+03
9.250000000000000000e+04 1.919000000000000000e+03
9.300000000000000000e+04 2.145000000000000000e+03
9.350000000000000000e+04 2.258000000000000000e+03
9.400000000000000000e+04 2.304000000000000000e+03
9.450000000000000000e+04 2.508000000000000000e+03
9.500000000000000000e+04 2.607000000000000000e+03
9.550000000000000000e+04 2.619000000000000000e+03
9.600000000000000000e+04 2.871000000000000000e+03
9.650000000000000000e+04 2.956000000000000000e+03
9.700000000000000000e+04 2.999000000000000000e+03
9.750000000000000000e+04 3.087000000000000000e+03
9.800000000000000000e+04 3.239000000000000000e+03
9.850000000000000000e+04 3.421000000000000000e+03
9.900000000000000000e+04 3.457000000000000000e+03
9.950000000000000000e+04 3.486000000000000000e+03
