0.000000000000000000e+00 4.214000000000000000e+03
1.000000000000000000e+03 4.293000000000000000e+03
2.000000000000000000e+03 4.456000000000000000e+03
3.000000000000000000e+03 4.547000000000000000e+03
4.000000000000000000e+03 4.619000000000000000e+03
5.000000000000000000e+03 4.682000000000000000e+03
6.000000000000000000e+03 4.756000000000000000e+03
7.000000000000000000e+03 4.908000000000000000e+03
8.000000000000000000e+03 4.961000000000000000e+03
9.000000000000000000e+03 4.880000000000000000e+03
1.000000000000000000e+04 4.855000000000000000e+03
1.100000000000000000e+04 5.012000000000000000e+03
1.200000000000000000e+04 5.031000000000000000e+03
1.300000000000000000e+04 5.044000000000000000e+03
1.400000000000000000e+04 5.033000000000000000e+03
1.500000000000000000e+04 5.013000000000000000e+03
1.600000000000000000e+04 5.044000000000000000e+03
1.700000000000000000e+04 4.955000000000000000e+03
1.800000000000000000e+04 5.089000000000000000e+03
1.900000000000000000e+04 5.036000000000000000e+03
2.000000000000000000e+04 5.022000000000000000e+03
2.100000000000000000e+04 5.051000000000000000e+03
2.200000000000000000e+04 5.199000000000000000e+03
2.300000000000000000e+04 5.116000000000000000e+03
2.400000000000000000e+04 5.063000000000000000e+03
2.500000000000000000e+04 5.069000000000000000e+03
2.600000000000000000e+04 5.053000000000000000e+03
2.700000000000000000e+04 4.911000000000000000e+03
2.800000000000000000e+04 4.912000000000000000e+03
2.900000000000000000e+04 4.910000000000000000e+03
3.000000000000000000e+04 4.848000000000000000e+03
3.100000000000000000e+04 4.914000000000000000e+03
3.200000000000000000e+04 4.848000000000000000e+03
3.300000000000000000e+04 4.785000000000000000e+03
3.400000000000000000e+04 4.437000000000000000e+03
3.500000000000000000e+04 4.431000000000000000e+03
3.600000000000000000e+04 4.518000000000000000e+03
3.700000000000000000e+04 4.319000000000000000e+03
3.800000000000000000e+04 4.342000000000000000e+03
3.900000000000000000e+04 4.193000000000000000e+03
4.000000000000000000e+04 4.182000000000000000e+03
4.100000000000000000e+04 4.086000000000000000e+03
4.200000000000000000e+04 3.819000000000000000e+03
4.300000000000000000e+04 3.751000000000000000e+03
4.400000000000000000e+04 3.585000000000000000e+03
4.500000000000000000e+04 3.469000000000000000e+03
4.600000000000000000e+04 3.489000000000000000e+03
4.700000000000000000e+04 3.181000000000000000e+03
4.800000000000000000e+04 3.009000000000000000e+03
4.900000000000000000e+04 2.924000000000000000e+03
5.000000000000000000e+04 2.769000000000000000e+03
5.100000000000000000e+04 2.604000000000000000e+03
5.200000000000000000e+04 2.406000000000000000e+03
5.300000000000000000e+04 2.389000000000000000e+03
5.400000000000000000e+04 2.144000000000000000e+03
5.500000000000000000e+04 2.040000000000000000e+03
5.600000000000000000e+04 1.940000000000000000e+03
5.700000000000000000e+04 1.858000000000000000e+03
5.800000000000000000e+04 1.716000000000000000e+03
5.900000000000000000e+04 1.579000000000000000e+03
6.000000000000000000e+04 1.530000000000000000e+03
6.100000000000000000e+04 1.463000000000000000e+03
6.200000000000000000e+04 1.334000000000000000e+03
6.300000000000000000e+04 1.229000000000000000e+03
6.400000000000000000e+04 1.224000000000000000e+03
6.500000000000000000e+04 1.146000000000000000e+03
6.600000000000000000e+04 1.023000000000000000e+03
6.700000000000000000e+04 1.043000000000000000e+03
6.800000000000000000e+04 1.092000000000000000e+03
6.900000000000000000e+04 1.079000000000000000e+03
7.000000000000000000e+04 1.059000000000000000e+03
7.100000000000000000e+04 1.082000000000000000e+03
7.200000000000000000e+04 1.107000000000000000e+03
7.300000000000000000e+04 1.088000000000000000e+03
7.400000000000000000e+04 1.156000000000000000e+03
7.500000000000000000e+04 1.203000000000000000e+03
7.600000000000000000e+04 1.254000000000000000e+03
7.700000000000000000e+04 1.312000000000000000e+03
7.800000000000000000e+04 1.461000000000000000e+03
7.900000000000000000e+04 1.493000000000000000e+03
8.000000000000000000e+04 1.580000000000000000e+03
8.100000000000000000e+04 1.759000000000000000e+03
8.200000000000000000e+04 1.924000000000000000e+03
8.300000000000000000e+04 1.973000000000000000e+03
8.400000000000000000e+04 2.035000000000000000e+03
8.500000000000000000e+04 2.224000000000000000e+03
8.600000000000000000e+04 2.412000000000000000e+03
8.700000000000000000e+04 2.601000000000000000e+03
8.800000000000000000e+04 2.741000000000000000e+03
8.900000000000000000e+04 2.871000000000000000e+03
9.000000000000000000e+04 2.982000000000000000e+03
9.100000000000000000e+04 3.087000000000000000e+03
9.200000000000000000e+04 3.310000000000000000e+03
9.300000000000000000e+04 3.384000000000000000e+03
9.400000000000000000e+04 3.622000000000000000e+03
9.500000000000000000e+04 3.718000000000000000e+03
9.600000000000000000e+04 3.849000000000000000e+03
9.700000000000000000e+04 3.891000000000000000e+03
9.800000000000000000e+04 4.073000000000000000e+03
9.900000000000000000e+04 4.232000000000000000e+03
1.000000000000000000e+05 4.296000000000000000e+03
1.010000000000000000e+05 4.343000000000000000e+03
1.020000000000000000e+05 4.347000000000000000e+03
1.030000000000000000e+05 4.411000000000000000e+03
1.040000000000000000e+05 4.608000000000000000e+03
1.050000000000000000e+05 4.754000000000000000e+03
1.060000000000000000e+05 4.733000000000000000e+03
1.070000000000000000e+05 4.794000000000000000e+03
1.080000000000000000e+05 4.878000000000000000e+03
1.090000000000000000e+05 4.861000000000000000e+03
1.100000000000000000e+05 4.992000000000000000e+03
1.110000000000000000e+05 5.000000000000000000e+03
1.120000000000000000e+05 4.980000000000000000e+03
1.130000000000000000e+05 5.117000000000000000e+03
1.140000000000000000e+05 4.915000000000000000e+03
1.150000000000000000e+05 5.109000000000000000e+03
1.160000000000000000e+05 5.024000000000000000e+03
1.170000000000000000e+05 5.166000000000000000e+03
1.180000000000000000e+05 5.036000000000000000e+03
1.190000000000000000e+05 5.049000000000000000e+03
1.200000000000000000e+05 5.166000000000000000e+03
1.210000000000000000e+05 5.128000000000000000e+03
1.220000000000000000e+05 5.102000000000000000e+03
1.230000000000000000e+05 5.049000000000000000e+03
1.240000000000000000e+05 5.201000000000000000e+03
1.250000000000000000e+05 5.011000000000000000e+03
1.260000000000000000e+05 4.952000000000000000e+03
1.270000000000000000e+05 4.896000000000000000e+03
1.280000000000000000e+05 4.998000000000000000e+03
1.290000000000000000e+05 4.849000000000000000e+03
1.300000000000000000e+05 4.903000000000000000e+03
1.310000000000000000e+05 4.762000000000000000e+03
1.320000000000000000e+05 4.764000000000000000e+03
1.330000000000000000e+05 4.716000000000000000e+03
1.340000000000000000e+05 4.729000000000000000e+03
1.350000000000000000e+05 4.574000000000000000e+03
1.360000000000000000e+05 4.558000000000000000e+03
1.370000000000000000e+05 4.498000000000000000e+03
1.380000000000000000e+05 4.289000000000000000e+03
1.390000000000000000e+05 4.300000000000000000e+03
1.400000000000000000e+05 4.152000000000000000e+03
1.410000000000000000e+05 4.031000000000000000e+03
1.420000000000000000e+05 3.856000000000000000e+03
1.430000000000000000e+05 3.930000000000000000e+03
1.440000000000000000e+05 3.598000000000000000e+03
1.450000000000000000e+05 3.408000000000000000e+03
1.460000000000000000e+05 3.326000000000000000e+03
1.470000000000000000e+05 3.227000000000000000e+03
1.480000000000000000e+05 2.997000000000000000e+03
1.490000000000000000e+05 3.051000000000000000e+03
1.500000000000000000e+05 2.783000000000000000e+03
1.510000000000000000e+05 2.692000000000000000e+03
1.520000000000000000e+05 2.496000000000000000e+03
1.530000000000000000e+05 2.424000000000000000e+03
1.540000000000000000e+05 2.132000000000000000e+03
1.550000000000000000e+05 2.133000000000000000e+03
1.560000000000000000e+05 1.950000000000000000e+03
1.570000000000000000e+05 1.725000000000000000e+03
1.580000000000000000e+05 1.712000000000000000e+03
1.590000000000000000e+05 1.589000000000000000e+03
1.600000000000000000e+05 1.562000000000000000e+03
1.610000000000000000e+05 1.393000000000000000e+03
1.620000000000000000e+05 1.388000000000000000e+03
1.630000000000000000e+05 1.305000000000000000e+03
1.640000000000000000e+05 1.149000000000000000e+03
1.650000000000000000e+05 1.176000000000000000e+03
1.660000000000000000e+05 1.153000000000000000e+03
1.670000000000000000e+05 1.040000000000000000e+03
1.680000000000000000e+05 1.047000000000000000e+03
1.690000000000000000e+05 1.098000000000000000e+03
1.700000000000000000e+05 1.053000000000000000e+03
1.710000000000000000e+05 1.068000000000000000e+03
1.720000000000000000e+05 1.114000000000000000e+03
1.730000000000000000e+05 1.140000000000000000e+03
1.740000000000000000e+05 1.091000000000000000e+03
1.750000000000000000e+05 1.213000000000000000e+03
1.760000000000000000e+05 1.268000000000000000e+03
1.770000000000000000e+05 1.355000000000000000e+03
1.780000000000000000e+05 1.416000000000000000e+03
1.790000000000000000e+05 1.561000000000000000e+03
1.800000000000000000e+05 1.601000000000000000e+03
1.810000000000000000e+05 1.713000000000000000e+03
1.820000000000000000e+05 1.812000000000000000e+03
1.830000000000000000e+05 1.990000000000000000e+03
1.840000000000000000e+05 2.150000000000000000e+03
1.850000000000000000e+05 2.237000000000000000e+03
1.860000000000000000e+05 2.442000000000000000e+03
1.870000000000000000e+05 2.644000000000000000e+03
1.880000000000000000e+05 2.650000000000000000e+03
1.890000000000000000e+05 2.899000000000000000e+03
1.900000000000000000e+05 3.056000000000000000e+03
1.910000000000000000e+05 3.172000000000000000e+03
1.920000000000000000e+05 3.365000000000000000e+03
1.930000000000000000e+05 3.414000000000000000e+03
1.940000000000000000e+05 3.584000000000000000e+03
1.950000000000000000e+05 3.686000000000000000e+03
1.960000000000000000e+05 3.846000000000000000e+03
1.970000000000000000e+05 3.901000000000000000e+03
1.980000000000000000e+05 4.032000000000000000e+03
1.990000000000000000e+05 4.205000000000000000e+03
