0.000000000000000000e+00 2.757000000000000000e+03
2.500000000000000000e+02 2.751000000000000000e+03
5.000000000000000000e+02 2.800000000000000000e+03
7.500000000000000000e+02 2.914000000000000000e+03
1.000000000000000000e+03 3.149000000000000000e+03
1.250000000000000000e+03 3.044000000000000000e+03
1.500000000000000000e+03 3.152000000000000000e+03
1.750000000000000000e+03 3.185000000000000000e+03
2.000000000000000000e+03 3.237000000000000000e+03
2.250000000000000000e+03 3.287000000000000000e+03
2.500000000000000000e+03 3.370000000000000000e+03
2.750000000000000000e+03 3.356000000000000000e+03
3.000000000000000000e+03 3.383000000000000000e+03
3.250000000000000000e+03 3.379000000000000000e+03
3.500000000000000000e+03 3.418000000000000000e+03
3.750000000000000000e+03 3.451000000000000000e+03
4.000000000000000000e+03 3.513000000000000000e+03
4.250000000000000000e+03 3.448000000000000000e+03
4.500000000000000000e+03 3.457000000000000000e+03
4.750000000000000000e+03 3.366000000000000000e+03
5.000000000000000000e+03 3.497000000000000000e+03
5.250000000000000000e+03 3.569000000000000000e+03
5.500000000000000000e+03 3.473000000000000000e+03
5.750000000000000000e+03 3.415000000000000000e+03
6.000000000000000000e+03 3.476000000000000000e+03
6.250000000000000000e+03 3.456000000000000000e+03
6.500000000000000000e+03 3.465000000000000000e+03
6.750000000000000000e+03 3.391000000000000000e+03
7.000000000000000000e+03 3.416000000000000000e+03
7.250000000000000000e+03 3.286000000000000000e+03
7.500000000000000000e+03 3.420000000000000000e+03
7.750000000000000000e+03 3.438000000000000000e+03
8.000000000000000000e+03 3.266000000000000000e+03
8.250000000000000000e+03 3.238000000000000000e+03
8.500000000000000000e+03 3.099000000000000000e+03
8.750000000000000000e+03 3.113000000000000000e+03
9.000000000000000000e+03 3.100000000000000000e+03
9.250000000000000000e+03 2.937000000000000000e+03
9.500000000000000000e+03 2.869000000000000000e+03
9.750000000000000000e+03 2.755000000000000000e+03
1.000000000000000000e+04 2.677000000000000000e+03
1.025000000000000000e+04 2.643000000000000000e+03
1.050000000000000000e+04 2.516000000000000000e+03
1.075000000000000000e+04 2.542000000000000000e+03
1.100000000000000000e+04 2.378000000000000000e+03
1.125000000000000000e+04 2.258000000000000000e+03
1.150000000000000000e+04 2.266000000000000000e+03
1.175000000000000000e+04 1.990000000000000000e+03
1.200000000000000000e+04 1.942000000000000000e+03
1.225000000000000000e+04 1.861000000000000000e+03
1.250000000000000000e+04 1.712000000000000000e+03
1.275000000000000000e+04 1.645000000000000000e+03
1.300000000000000000e+04 1.558000000000000000e+03
1.325000000000000000e+04 1.488000000000000000e+03
1.350000000000000000e+04 1.396000000000000000e+03
1.375000000000000000e+04 1.284000000000000000e+03
1.400000000000000000e+04 1.212000000000000000e+03
1.425000000000000000e+04 1.106000000000000000e+03
1.450000000000000000e+04 1.020000000000000000e+03
1.475000000000000000e+04 9.850000000000000000e+02
1.500000000000000000e+04 8.900000000000000000e+02
1.525000000000000000e+04 8.120000000000000000e+02
1.550000000000000000e+04 7.390000000000000000e+02
1.575000000000000000e+04 7.320000000000000000e+02
1.600000000000000000e+04 6.510000000000000000e+02
1.625000000000000000e+04 5.880000000000000000e+02
1.650000000000000000e+04 5.740000000000000000e+02
1.675000000000000000e+04 6.130000000000000000e+02
1.700000000000000000e+04 5.810000000000000000e+02
1.725000000000000000e+04 4.980000000000000000e+02
1.750000000000000000e+04 5.410000000000000000e+02
1.775000000000000000e+04 5.010000000000000000e+02
1.800000000000000000e+04 5.720000000000000000e+02
1.825000000000000000e+04 5.540000000000000000e+02
1.850000000000000000e+04 5.490000000000000000e+02
1.875000000000000000e+04 4.580000000000000000e+02
1.900000000000000000e+04 5.650000000000000000e+02
1.925000000000000000e+04 5.900000000000000000e+02
1.950000000000000000e+04 6.180000000000000000e+02
1.975000000000000000e+04 6.420000000000000000e+02
2.000000000000000000e+04 6.890000000000000000e+02
2.025000000000000000e+04 7.260000000000000000e+02
2.050000000000000000e+04 7.890000000000000000e+02
2.075000000000000000e+04 9.320000000000000000e+02
2.100000000000000000e+04 9.740000000000000000e+02
2.125000000000000000e+04 9.920000000000000000e+02
2.150000000000000000e+04 1.105000000000000000e+03
2.175000000000000000e+04 1.192000000000000000e+03
2.200000000000000000e+04 1.353000000000000000e+03
2.225000000000000000e+04 1.380000000000000000e+03
2.250000000000000000e+04 1.540000000000000000e+03
2.275000000000000000e+04 1.692000000000000000e+03
2.300000000000000000e+04 1.755000000000000000e+03
2.325000000000000000e+04 1.919000000000000000e+03
2.350000000000000000e+04 2.045000000000000000e+03
2.375000000000000000e+04 2.119000000000000000e+03
2.400000000000000000e+04 2.133000000000000000e+03
2.425000000000000000e+04 2.297000000000000000e+03
2.450000000000000000e+04 2.473000000000000000e+03
2.475000000000000000e+04 2.579000000000000000e+03
2.500000000000000000e+04 2.628000000000000000e+03
2.525000000000000000e+04 2.730000000000000000e+03
2.550000000000000000e+04 2.752000000000000000e+03
2.575000000000000000e+04 2.928000000000000000e+03
2.600000000000000000e+04 2.903000000000000000e+03
2.625000000000000000e+04 3.050000000000000000e+03
2.650000000000000000e+04 3.067000000000000000e+03
2.675000000000000000e+04 3.165000000000000000e+03
2.700000000000000000e+04 3.394000000000000000e+03
2.725000000000000000e+04 3.324000000000000000e+03
2.750000000000000000e+04 3.304000000000000000e+03
2.775000000000000000e+04 3.318000000000000000e+03
2.800000000000000000e+04 3.367000000000000000e+03
2.825000000000000000e+04 3.454000000000000000e+03
2.850000000000000000e+04 3.441000000000000000e+03
2.875000000000000000e+04 3.445000000000000000e+03
2.900000000000000000e+04 3.481000000000000000e+03
2.925000000000000000e+04 3.546000000000000000e+03
2.950000000000000000e+04 3.395000000000000000e+03
2.975000000000000000e+04 3.470000000000000000e+03
3.000000000000000000e+04 3.441000000000000000e+03
3.025000000000000000e+04 3.512000000000000000e+03
3.050000000000000000e+04 3.478000000000000000e+03
3.075000000000000000e+04 3.448000000000000000e+03
3.100000000000000000e+04 3.513000000000000000e+03
3.125000000000000000e+04 3.422000000000000000e+03
3.150000000000000000e+04 3.393000000000000000e+03
3.175000000000000000e+04 3.388000000000000000e+03
3.200000000000000000e+04 3.407000000000000000e+03
3.225000000000000000e+04 3.332000000000000000e+03
3.250000000000000000e+04 3.194000000000000000e+03
3.275000000000000000e+04 3.289000000000000000e+03
3.300000000000000000e+04 3.233000000000000000e+03
3.325000000000000000e+04 3.184000000000000000e+03
3.350000000000000000e+04 3.128000000000000000e+03
3.375000000000000000e+04 3.078000000000000000e+03
3.400000000000000000e+04 3.011000000000000000e+03
3.425000000000000000e+04 2.875000000000000000e+03
3.450000000000000000e+04 2.945000000000000000e+03
3.475000000000000000e+04 2.760000000000000000e+03
3.500000000000000000e+04 2.711000000000000000e+03
3.525000000000000000e+04 2.649000000000000000e+03
3.550000000000000000e+04 2.598000000000000000e+03
3.575000000000000000e+04 2.568000000000000000e+03
3.600000000000000000e+04 2.407000000000000000e+03
3.625000000000000000e+04 2.279000000000000000e+03
3.650000000000000000e+04 2.220000000000000000e+03
3.675000000000000000e+04 2.051000000000000000e+03
3.700000000000000000e+04 2.030000000000000000e+03
3.725000000000000000e+04 1.914000000000000000e+03
3.750000000000000000e+04 1.772000000000000000e+03
3.775000000000000000e+04 1.677000000000000000e+03
3.800000000000000000e+04 1.586000000000000000e+03
3.825000000000000000e+04 1.512000000000000000e+03
3.850000000000000000e+04 1.407000000000000000e+03
3.875000000000000000e+04 1.300000000000000000e+03
3.900000000000000000e+04 1.219000000000000000e+03
3.925000000000000000e+04 1.094000000000000000e+03
3.950000000000000000e+04 1.044000000000000000e+03
3.975000000000000000e+04 9.600000000000000000e+02
4.000000000000000000e+04 8.950000000000000000e+02
4.025000000000000000e+04 8.570000000000000000e+02
4.050000000000000000e+04 7.310000000000000000e+02
4.075000000000000000e+04 6.840000000000000000e+02
4.100000000000000000e+04 6.790000000000000000e+02
4.125000000000000000e+04 6.600000000000000000e+02
4.150000000000000000e+04 6.250000000000000000e+02
4.175000000000000000e+04 5.510000000000000000e+02
4.200000000000000000e+04 5.440000000000000000e+02
4.225000000000000000e+04 4.860000000000000000e+02
4.250000000000000000e+04 5.300000000000000000e+02
4.275000000000000000e+04 5.340000000000000000e+02
4.300000000000000000e+04 5.150000000000000000e+02
4.325000000000000000e+04 4.850000000000000000e+02
4.350000000000000000e+04 5.260000000000000000e+02
4.375000000000000000e+04 5.570000000000000000e+02
4.400000000000000000e+04 5.170000000000000000e+02
4.425000000000000000e+04 5.610000000000000000e+02
4.450000000000000000e+04 6.220000000000000000e+02
4.475000000000000000e+04 6.610000000000000000e+02
4.500000000000000000e+04 6.780000000000000000e+02
4.525000000000000000e+04 7.160000000000000000e+02
4.550000000000000000e+04 8.040000000000000000e+02
4.575000000000000000e+04 8.210000000000000000e+02
4.600000000000000000e+04 9.600000000000000000e+02
4.625000000000000000e+04 1.028000000000000000e+03
4.650000000000000000e+04 1.224000000000000000e+03
4.675000000000000000e+04 1.253000000000000000e+03
4.700000000000000000e+04 1.291000000000000000e+03
4.725000000000000000e+04 1.404000000000000000e+03
4.750000000000000000e+04 1.506000000000000000e+03
4.775000000000000000e+04 1.663000000000000000e+03
4.800000000000000000e+04 1.712000000000000000e+03
4.825000000000000000e+04 1.935000000000000000e+03
4.850000000000000000e+04 2.011000000000000000e+03
4.875000000000000000e+04 2.245000000000000000e+03
4.900000000000000000e+04 2.291000000000000000e+03
4.925000000000000000e+04 2.268000000000000000e+03
4.950000000000000000e+04 2.449000000000000000e+03
4.975000000000000000e+04 2.604000000000000000e+03
