0.000000000000000000e+00 1.156000000000000000e+03
2.500000000000000000e+01 1.286000000000000000e+03
5.000000000000000000e+01 1.324000000000000000e+03
7.500000000000000000e+01 1.376000000000000000e+03
1.000000000000000000e+02 1.351000000000000000e+03
1.250000000000000000e+02 1.451000000000000000e+03
1.500000000000000000e+02 1.609000000000000000e+03
1.750000000000000000e+02 1.534000000000000000e+03
2.000000000000000000e+02 1.624000000000000000e+03
2.250000000000000000e+02 1.587000000000000000e+03
2.500000000000000000e+02 1.675000000000000000e+03
2.750000000000000000e+02 1.750000000000000000e+03
3.000000000000000000e+02 1.775000000000000000e+03
3.250000000000000000e+02 1.834000000000000000e+03
3.500000000000000000e+02 1.866000000000000000e+03
3.750000000000000000e+02 1.864000000000000000e+03
4.000000000000000000e+02 1.960000000000000000e+03
4.250000000000000000e+02 1.986000000000000000e+03
4.500000000000000000e+02 2.083000000000000000e+03
4.750000000000000000e+02 1.959000000000000000e+03
5.000000000000000000e+02 1.956000000000000000e+03
5.250000000000000000e+02 2.042000000000000000e+03
5.500000000000000000e+02 2.000000000000000000e+03
5.750000000000000000e+02 2.127000000000000000e+03
6.000000000000000000e+02 2.080000000000000000e+03
6.250000000000000000e+02 2.182000000000000000e+03
6.500000000000000000e+02 2.140000000000000000e+03
6.750000000000000000e+02 2.041000000000000000e+03
7.000000000000000000e+02 2.166000000000000000e+03
7.250000000000000000e+02 2.194000000000000000e+03
7.500000000000000000e+02 2.169000000000000000e+03
7.750000000000000000e+02 2.213000000000000000e+03
8.000000000000000000e+02 2.187000000000000000e+03
8.250000000000000000e+02 2.102000000000000000e+03
8.500000000000000000e+02 2.238000000000000000e+03
8.750000000000000000e+02 2.151000000000000000e+03
9.000000000000000000e+02 2.059000000000000000e+03
9.250000000000000000e+02 2.116000000000000000e+03
9.500000000000000000e+02 2.076000000000000000e+03
9.750000000000000000e+02 2.103000000000000000e+03
1.000000000000000000e+03 2.077000000000000000e+03
1.025000000000000000e+03 1.979000000000000000e+03
1.050000000000000000e+03 1.979000000000000000e+03
1.075000000000000000e+03 2.047000000000000000e+03
1.100000000000000000e+03 1.932000000000000000e+03
1.125000000000000000e+03 1.866000000000000000e+03
1.150000000000000000e+03 1.903000000000000000e+03
1.175000000000000000e+03 1.792000000000000000e+03
1.200000000000000000e+03 1.733000000000000000e+03
1.225000000000000000e+03 1.742000000000000000e+03
1.250000000000000000e+03 1.705000000000000000e+03
1.275000000000000000e+03 1.676000000000000000e+03
1.300000000000000000e+03 1.529000000000000000e+03
1.325000000000000000e+03 1.625000000000000000e+03
1.350000000000000000e+03 1.527000000000000000e+03
1.375000000000000000e+03 1.497000000000000000e+03
1.400000000000000000e+03 1.406000000000000000e+03
1.425000000000000000e+03 1.387000000000000000e+03
1.450000000000000000e+03 1.340000000000000000e+03
1.475000000000000000e+03 1.351000000000000000e+03
1.500000000000000000e+03 1.242000000000000000e+03
1.525000000000000000e+03 1.227000000000000000e+03
1.550000000000000000e+03 1.207000000000000000e+03
1.575000000000000000e+03 1.235000000000000000e+03
1.600000000000000000e+03 1.188000000000000000e+03
1.625000000000000000e+03 1.080000000000000000e+03
1.650000000000000000e+03 1.062000000000000000e+03
1.675000000000000000e+03 1.063000000000000000e+03
1.700000000000000000e+03 1.003000000000000000e+03
1.725000000000000000e+03 9.780000000000000000e+02
1.750000000000000000e+03 9.000000000000000000e+02
1.775000000000000000e+03 9.190000000000000000e+02
1.800000000000000000e+03 8.490000000000000000e+02
1.825000000000000000e+03 8.540000000000000000e+02
1.850000000000000000e+03 7.920000000000000000e+02
1.875000000000000000e+03 8.050000000000000000e+02
1.900000000000000000e+03 7.540000000000000000e+02
1.925000000000000000e+03 7.720000000000000000e+02
1.950000000000000000e+03 7.720000000000000000e+02
1.975000000000000000e+03 7.810000000000000000e+02
2.000000000000000000e+03 7.840000000000000000e+02
2.025000000000000000e+03 7.570000000000000000e+02
2.050000000000000000e+03 7.940000000000000000e+02
2.075000000000000000e+03 7.600000000000000000e+02
2.100000000000000000e+03 7.990000000000000000e+02
2.125000000000000000e+03 7.700000000000000000e+02
2.150000000000000000e+03 7.940000000000000000e+02
2.175000000000000000e+03 7.840000000000000000e+02
2.200000000000000000e+03 8.190000000000000000e+02
2.225000000000000000e+03 8.120000000000000000e+02
2.250000000000000000e+03 8.610000000000000000e+02
2.275000000000000000e+03 8.910000000000000000e+02
2.300000000000000000e+03 9.100000000000000000e+02
2.325000000000000000e+03 8.900000000000000000e+02
2.350000000000000000e+03 9.640000000000000000e+02
2.375000000000000000e+03 9.710000000000000000e+02
2.400000000000000000e+03 1.006000000000000000e+03
2.425000000000000000e+03 1.062000000000000000e+03
2.450000000000000000e+03 1.145000000000000000e+03
2.475000000000000000e+03 1.151000000000000000e+03
2.500000000000000000e+03 1.192000000000000000e+03
2.525000000000000000e+03 1.290000000000000000e+03
2.550000000000000000e+03 1.295000000000000000e+03
2.575000000000000000e+03 1.312000000000000000e+03
2.600000000000000000e+03 1.334000000000000000e+03
2.625000000000000000e+03 1.585000000000000000e+03
2.650000000000000000e+03 1.499000000000000000e+03
2.675000000000000000e+03 1.592000000000000000e+03
2.700000000000000000e+03 1.650000000000000000e+03
2.725000000000000000e+03 1.677000000000000000e+03
2.750000000000000000e+03 1.665000000000000000e+03
2.775000000000000000e+03 1.810000000000000000e+03
2.800000000000000000e+03 1.787000000000000000e+03
2.825000000000000000e+03 1.774000000000000000e+03
2.850000000000000000e+03 1.838000000000000000e+03
2.875000000000000000e+03 1.915000000000000000e+03
2.900000000000000000e+03 1.921000000000000000e+03
2.925000000000000000e+03 1.947000000000000000e+03
2.950000000000000000e+03 2.040000000000000000e+03
2.975000000000000000e+03 1.993000000000000000e+03
3.000000000000000000e+03 2.032000000000000000e+03
3.025000000000000000e+03 2.107000000000000000e+03
3.050000000000000000e+03 2.135000000000000000e+03
3.075000000000000000e+03 2.072000000000000000e+03
3.100000000000000000e+03 2.090000000000000000e+03
3.125000000000000000e+03 2.146000000000000000e+03
3.150000000000000000e+03 2.119000000000000000e+03
3.175000000000000000e+03 2.144000000000000000e+03
3.200000000000000000e+03 2.152000000000000000e+03
3.225000000000000000e+03 2.187000000000000000e+03
3.250000000000000000e+03 2.119000000000000000e+03
3.275000000000000000e+03 2.158000000000000000e+03
3.300000000000000000e+03 2.123000000000000000e+03
3.325000000000000000e+03 2.106000000000000000e+03
3.350000000000000000e+03 2.053000000000000000e+03
3.375000000000000000e+03 2.187000000000000000e+03
3.400000000000000000e+03 2.077000000000000000e+03
3.425000000000000000e+03 2.099000000000000000e+03
3.450000000000000000e+03 2.074000000000000000e+03
3.475000000000000000e+03 2.062000000000000000e+03
3.500000000000000000e+03 2.021000000000000000e+03
3.525000000000000000e+03 1.972000000000000000e+03
3.550000000000000000e+03 1.981000000000000000e+03
3.575000000000000000e+03 1.949000000000000000e+03
3.600000000000000000e+03 1.943000000000000000e+03
3.625000000000000000e+03 1.982000000000000000e+03
3.650000000000000000e+03 1.930000000000000000e+03
3.675000000000000000e+03 1.859000000000000000e+03
3.700000000000000000e+03 1.772000000000000000e+03
3.725000000000000000e+03 1.812000000000000000e+03
3.750000000000000000e+03 1.669000000000000000e+03
3.775000000000000000e+03 1.757000000000000000e+03
3.800000000000000000e+03 1.692000000000000000e+03
3.825000000000000000e+03 1.520000000000000000e+03
3.850000000000000000e+03 1.486000000000000000e+03
3.875000000000000000e+03 1.435000000000000000e+03
3.900000000000000000e+03 1.437000000000000000e+03
3.925000000000000000e+03 1.398000000000000000e+03
3.950000000000000000e+03 1.433000000000000000e+03
3.975000000000000000e+03 1.281000000000000000e+03
4.000000000000000000e+03 1.309000000000000000e+03
4.025000000000000000e+03 1.269000000000000000e+03
4.050000000000000000e+03 1.156000000000000000e+03
4.075000000000000000e+03 1.160000000000000000e+03
4.100000000000000000e+03 1.114000000000000000e+03
4.125000000000000000e+03 1.100000000000000000e+03
4.150000000000000000e+03 1.046000000000000000e+03
4.175000000000000000e+03 9.570000000000000000e+02
4.200000000000000000e+03 9.740000000000000000e+02
4.225000000000000000e+03 9.580000000000000000e+02
4.250000000000000000e+03 9.680000000000000000e+02
4.275000000000000000e+03 9.310000000000000000e+02
4.300000000000000000e+03 9.320000000000000000e+02
4.325000000000000000e+03 8.600000000000000000e+02
4.350000000000000000e+03 8.280000000000000000e+02
4.375000000000000000e+03 8.020000000000000000e+02
4.400000000000000000e+03 7.950000000000000000e+02
4.425000000000000000e+03 8.180000000000000000e+02
4.450000000000000000e+03 7.970000000000000000e+02
4.475000000000000000e+03 7.790000000000000000e+02
4.500000000000000000e+03 8.000000000000000000e+02
4.525000000000000000e+03 7.820000000000000000e+02
4.550000000000000000e+03 7.420000000000000000e+02
4.575000000000000000e+03 7.390000000000000000e+02
4.600000000000000000e+03 7.320000000000000000e+02
4.625000000000000000e+03 7.380000000000000000e+02
4.650000000000000000e+03 7.560000000000000000e+02
4.675000000000000000e+03 7.610000000000000000e+02
4.700000000000000000e+03 8.160000000000000000e+02
4.725000000000000000e+03 8.090000000000000000e+02
4.750000000000000000e+03 8.400000000000000000e+02
4.775000000000000000e+03 8.590000000000000000e+02
4.800000000000000000e+03 9.270000000000000000e+02
4.825000000000000000e+03 9.140000000000000000e+02
4.850000000000000000e+03 1.000000000000000000e+03
4.875000000000000000e+03 9.680000000000000000e+02
4.900000000000000000e+03 1.037000000000000000e+03
4.925000000000000000e+03 1.169000000000000000e+03
4.950000000000000000e+03 1.104000000000000000e+03
4.975000000000000000e+03 1.181000000000000000e+03
