0.000000000000000000e+00 2.799000000000000000e+03
5.000000000000000000e+02 2.796000000000000000e+03
1.000000000000000000e+03 3.068000000000000000e+03
1.500000000000000000e+03 3.068000000000000000e+03
2.000000000000000000e+03 2.968000000000000000e+03
2.500000000000000000e+03 3.180000000000000000e+03
3.000000000000000000e+03 3.179000000000000000e+03
3.500000000000000000e+03 3.242000000000000000e+03
4.000000000000000000e+03 3.530000000000000000e+03
4.500000000000000000e+03 3.356000000000000000e+03
5.000000000000000000e+03 3.405000000000000000e+03
5.500000000000000000e+03 3.418000000000000000e+03
6.000000000000000000e+03 3.386000000000000000e+03
6.500000000000000000e+03 3.493000000000000000e+03
7.000000000000000000e+03 3.494000000000000000e+03
7.500000000000000000e+03 3.513000000000000000e+03
8.000000000000000000e+03 3.592000000000000000e+03
8.500000000000000000e+03 3.602000000000000000e+03
9.000000000000000000e+03 3.498000000000000000e+03
9.500000000000000000e+03 3.568000000000000000e+03
1.000000000000000000e+04 3.535000000000000000e+03
1.050000000000000000e+04 3.551000000000000000e+03
1.100000000000000000e+04 3.417000000000000000e+03
1.150000000000000000e+04 3.458000000000000000e+03
1.200000000000000000e+04 3.524000000000000000e+03
1.250000000000000000e+04 3.512000000000000000e+03
1.300000000000000000e+04 3.569000000000000000e+03
1.350000000000000000e+04 3.512000000000000000e+03
1.400000000000000000e+04 3.484000000000000000e+03
1.450000000000000000e+04 3.389000000000000000e+03
1.500000000000000000e+04 3.247000000000000000e+03
1.550000000000000000e+04 3.330000000000000000e+03
1.600000000000000000e+04 3.244000000000000000e+03
1.650000000000000000e+04 3.342000000000000000e+03
1.700000000000000000e+04 3.237000000000000000e+03
1.750000000000000000e+04 3.208000000000000000e+03
1.800000000000000000e+04 2.998000000000000000e+03
1.850000000000000000e+04 2.939000000000000000e+03
1.900000000000000000e+04 2.938000000000000000e+03
1.950000000000000000e+04 2.753000000000000000e+03
2.000000000000000000e+04 2.789000000000000000e+03
2.050000000000000000e+04 2.702000000000000000e+03
2.100000000000000000e+04 2.615000000000000000e+03
2.150000000000000000e+04 2.526000000000000000e+03
2.200000000000000000e+04 2.356000000000000000e+03
2.250000000000000000e+04 2.270000000000000000e+03
2.300000000000000000e+04 2.185000000000000000e+03
2.350000000000000000e+04 2.143000000000000000e+03
2.400000000000000000e+04 1.910000000000000000e+03
2.450000000000000000e+04 1.948000000000000000e+03
2.500000000000000000e+04 1.767000000000000000e+03
2.550000000000000000e+04 1.664000000000000000e+03
2.600000000000000000e+04 1.615000000000000000e+03
2.650000000000000000e+04 1.479000000000000000e+03
2.700000000000000000e+04 1.339000000000000000e+03
2.750000000000000000e+04 1.212000000000000000e+03
2.800000000000000000e+04 1.189000000000000000e+03
2.850000000000000000e+04 1.077000000000000000e+03
2.900000000000000000e+04 1.011000000000000000e+03
2.950000000000000000e+04 9.260000000000000000e+02
3.000000000000000000e+04 8.130000000000000000e+02
3.050000000000000000e+04 8.050000000000000000e+02
3.100000000000000000e+04 7.460000000000000000e+02
3.150000000000000000e+04 6.980000000000000000e+02
3.200000000000000000e+04 6.930000000000000000e+02
3.250000000000000000e+04 6.250000000000000000e+02
3.300000000000000000e+04 6.240000000000000000e+02
3.350000000000000000e+04 5.940000000000000000e+02
3.400000000000000000e+04 5.230000000000000000e+02
3.450000000000000000e+04 5.710000000000000000e+02
3.500000000000000000e+04 5.410000000000000000e+02
3.550000000000000000e+04 5.460000000000000000e+02
3.600000000000000000e+04 5.180000000000000000e+02
3.650000000000000000e+04 5.400000000000000000e+02
3.700000000000000000e+04 5.520000000000000000e+02
3.750000000000000000e+04 5.910000000000000000e+02
3.800000000000000000e+04 6.060000000000000000e+02
3.850000000000000000e+04 6.580000000000000000e+02
3.900000000000000000e+04 7.180000000000000000e+02
3.950000000000000000e+04 7.680000000000000000e+02
4.000000000000000000e+04 8.440000000000000000e+02
4.050000000000000000e+04 8.650000000000000000e+02
4.100000000000000000e+04 9.100000000000000000e+02
4.150000000000000000e+04 1.001000000000000000e+03
4.200000000000000000e+04 1.099000000000000000e+03
4.250000000000000000e+04 1.204000000000000000e+03
4.300000000000000000e+04 1.296000000000000000e+03
4.350000000000000000e+04 1.388000000000000000e+03
4.400000000000000000e+04 1.517000000000000000e+03
4.450000000000000000e+04 1.584000000000000000e+03
4.500000000000000000e+04 1.827000000000000000e+03
4.550000000000000000e+04 1.910000000000000000e+03
4.600000000000000000e+04 2.032000000000000000e+03
4.650000000000000000e+04 2.120000000000000000e+03
4.700000000000000000e+04 2.186000000000000000e+03
4.750000000000000000e+04 2.322000000000000000e+03
4.800000000000000000e+04 2.331000000000000000e+03
4.850000000000000000e+04 2.499000000000000000e+03
4.900000000000000000e+04 2.590000000000000000e+03
4.950000000000000000e+04 2.693000000000000000e+03
5.000000000000000000e+04 2.838000000000000000e+03
5.050000000000000000e+04 2.935000000000000000e+03
5.100000000000000000e+04 2.961000000000000000e+03
5.150000000000000000e+04 2.972000000000000000e+03
5.200000000000000000e+04 3.004000000000000000e+03
5.250000000000000000e+04 3.065000000000000000e+03
5.300000000000000000e+04 3.161000000000000000e+03
5.350000000000000000e+04 3.228000000000000000e+03
5.400000000000000000e+04 3.450000000000000000e+03
5.450000000000000000e+04 3.352000000000000000e+03
5.500000000000000000e+04 3.400000000000000000e+03
5.550000000000000000e+04 3.378000000000000000e+03
5.600000000000000000e+04 3.561000000000000000e+03
5.650000000000000000e+04 3.390000000000000000e+03
5.700000000000000000e+04 3.493000000000000000e+03
5.750000000000000000e+04 3.361000000000000000e+03
5.800000000000000000e+04 3.533000000000000000e+03
5.850000000000000000e+04 3.469000000000000000e+03
5.900000000000000000e+04 3.514000000000000000e+03
5.950000000000000000e+04 3.507000000000000000e+03
6.000000000000000000e+04 3.446000000000000000e+03
6.050000000000000000e+04 3.599000000000000000e+03
6.100000000000000000e+04 3.434000000000000000e+03
6.150000000000000000e+04 3.578000000000000000e+03
6.200000000000000000e+04 3.540000000000000000e+03
6.250000000000000000e+04 3.484000000000000000e+03
6.300000000000000000e+04 3.497000000000000000e+03
6.350000000000000000e+04 3.516000000000000000e+03
6.400000000000000000e+04 3.460000000000000000e+03
6.450000000000000000e+04 3.395000000000000000e+03
6.500000000000000000e+04 3.410000000000000000e+03
6.550000000000000000e+04 3.407000000000000000e+03
6.600000000000000000e+04 3.222000000000000000e+03
6.650000000000000000e+04 3.237000000000000000e+03
6.700000000000000000e+04 3.098000000000000000e+03
6.750000000000000000e+04 3.127000000000000000e+03
6.800000000000000000e+04 3.002000000000000000e+03
6.850000000000000000e+04 2.974000000000000000e+03
6.900000000000000000e+04 2.898000000000000000e+03
6.950000000000000000e+04 2.790000000000000000e+03
7.000000000000000000e+04 2.797000000000000000e+03
7.050000000000000000e+04 2.708000000000000000e+03
7.100000000000000000e+04 2.518000000000000000e+03
7.150000000000000000e+04 2.523000000000000000e+03
7.200000000000000000e+04 2.397000000000000000e+03
7.250000000000000000e+04 2.136000000000000000e+03
7.300000000000000000e+04 2.236000000000000000e+03
7.350000000000000000e+04 2.139000000000000000e+03
7.400000000000000000e+04 1.883000000000000000e+03
7.450000000000000000e+04 1.779000000000000000e+03
7.500000000000000000e+04 1.790000000000000000e+03
7.550000000000000000e+04 1.629000000000000000e+03
7.600000000000000000e+04 1.510000000000000000e+03
7.650000000000000000e+04 1.453000000000000000e+03
7.700000000000000000e+04 1.345000000000000000e+03
7.750000000000000000e+04 1.258000000000000000e+03
7.800000000000000000e+04 1.173000000000000000e+03
7.850000000000000000e+04 1.083000000000000000e+03
7.900000000000000000e+04 1.058000000000000000e+03
7.950000000000000000e+04 9.460000000000000000e+02
8.000000000000000000e+04 7.730000000000000000e+02
8.050000000000000000e+04 8.360000000000000000e+02
8.100000000000000000e+04 7.420000000000000000e+02
8.150000000000000000e+04 7.310000000000000000e+02
8.200000000000000000e+04 6.650000000000000000e+02
8.250000000000000000e+04 5.960000000000000000e+02
8.300000000000000000e+04 5.800000000000000000e+02
8.350000000000000000e+04 5.830000000000000000e+02
8.400000000000000000e+04 5.770000000000000000e+02
8.450000000000000000e+04 5.190000000000000000e+02
8.500000000000000000e+04 5.470000000000000000e+02
8.550000000000000000e+04 5.640000000000000000e+02
8.600000000000000000e+04 5.320000000000000000e+02
8.650000000000000000e+04 5.530000000000000000e+02
8.700000000000000000e+04 5.750000000000000000e+02
8.750000000000000000e+04 5.690000000000000000e+02
8.800000000000000000e+04 6.700000000000000000e+02
8.850000000000000000e+04 6.820000000000000000e+02
8.900000000000000000e+04 6.860000000000000000e+02
8.950000000000000000e+04 7.190000000000000000e+02
9.000000000000000000e+04 8.120000000000000000e+02
9.050000000000000000e+04 9.210000000000000000e+02
9.100000000000000000e+04 9.200000000000000000e+02
9.150000000000000000e+04 9.610000000000000000e+02
9.200000000000000000e+04 1.102000000000000000e+03
9.250000000000000000e+04 1.176000000000000000e+03
9.300000000000000000e+04 1.270000000000000000e+03
9.350000000000000000e+04 1.433000000000000000e+03
9.400000000000000000e+04 1.532000000000000000e+03
9.450000000000000000e+04 1.637000000000000000e+03
9.500000000000000000e+04 1.676000000000000000e+03
9.550000000000000000e+04 1.964000000000000000e+03
9.600000000000000000e+04 1.927000000000000000e+03
9.650000000000000000e+04 2.083000000000000000e+03
9.700000000000000000e+04 2.234000000000000000e+03
9.750000000000000000e+04 2.212000000000000000e+03
9.800000000000000000e+04 2.379000000000000000e+03
9.850000000000000000e+04 2.559000000000000000e+03
9.900000000000000000e+04 2.715000000000000000e+03
9.950000000000000000e+04 2.707000000000000000e+03
