0.000000000000000000e+00 3.827000000000000000e+03
1.667000000000000000e+03 3.905000000000000000e+03
3.334000000000000000e+03 4.213000000000000000e+03
5.001000000000000000e+03 4.194000000000000000e+03
6.668000000000000000e+03 4.284000000000000000e+03
8.335000000000000000e+03 4.346000000000000000e+03
1.000200000000000000e+04 4.415000000000000000e+03
1.166900000000000000e+04 4.527000000000000000e+03
1.333600000000000000e+04 4.533000000000000000e+03
1.500300000000000000e+04 4.616000000000000000e+03
1.667000000000000000e+04 4.522000000000000000e+03
1.833700000000000000e+04 4.654000000000000000e+03
2.000400000000000000e+04 4.777000000000000000e+03
2.167100000000000000e+04 4.709000000000000000e+03
2.333800000000000000e+04 4.656000000000000000e+03
2.500500000000000000e+04 4.800000000000000000e+03
2.667200000000000000e+04 4.848000000000000000e+03
2.833900000000000000e+04 4.837000000000000000e+03
3.000600000000000000e+04 4.721000000000000000e+03
3.167300000000000000e+04 4.890000000000000000e+03
3.334000000000000000e+04 4.773000000000000000e+03
3.500700000000000000e+04 4.837000000000000000e+03
3.667400000000000000e+04 4.855000000000000000e+03
3.834100000000000000e+04 4.663000000000000000e+03
4.000800000000000000e+04 4.797000000000000000e+03
4.167500000000000000e+04 4.824000000000000000e+03
4.334200000000000000e+04 4.781000000000000000e+03
4.500900000000000000e+04 4.654000000000000000e+03
4.667600000000000000e+04 4.567000000000000000e+03
4.834300000000000000e+04 4.578000000000000000e+03
5.001000000000000000e+04 4.522000000000000000e+03
5.167700000000000000e+04 4.513000000000000000e+03
5.334400000000000000e+04 4.467000000000000000e+03
5.501100000000000000e+04 4.394000000000000000e+03
5.667800000000000000e+04 4.317000000000000000e+03
5.834500000000000000e+04 4.116000000000000000e+03
6.001200000000000000e+04 4.166000000000000000e+03
6.167900000000000000e+04 3.920000000000000000e+03
6.334600000000000000e+04 3.879000000000000000e+03
6.501300000000000000e+04 3.823000000000000000e+03
6.668000000000000000e+04 3.685000000000000000e+03
6.834700000000000000e+04 3.550000000000000000e+03
7.001400000000000000e+04 3.425000000000000000e+03
7.168100000000000000e+04 3.310000000000000000e+03
7.334800000000000000e+04 3.040000000000000000e+03
7.501500000000000000e+04 3.052000000000000000e+03
7.668200000000000000e+04 2.806000000000000000e+03
7.834900000000000000e+04 2.681000000000000000e+03
8.001600000000000000e+04 2.625000000000000000e+03
8.168300000000000000e+04 2.388000000000000000e+03
8.335000000000000000e+04 2.284000000000000000e+03
8.501700000000000000e+04 2.142000000000000000e+03
8.668400000000000000e+04 1.959000000000000000e+03
8.835100000000000000e+04 1.879000000000000000e+03
9.001800000000000000e+04 1.708000000000000000e+03
9.168500000000000000e+04 1.611000000000000000e+03
9.335200000000000000e+04 1.421000000000000000e+03
9.501900000000000000e+04 1.379000000000000000e+03
9.668600000000000000e+04 1.261000000000000000e+03
9.835300000000000000e+04 1.137000000000000000e+03
1.000200000000000000e+05 1.111000000000000000e+03
1.016870000000000000e+05 9.650000000000000000e+02
1.033540000000000000e+05 8.600000000000000000e+02
1.050210000000000000e+05 8.520000000000000000e+02
1.066880000000000000e+05 8.010000000000000000e+02
1.083550000000000000e+05 7.640000000000000000e+02
1.100220000000000000e+05 7.240000000000000000e+02
1.116890000000000000e+05 6.760000000000000000e+02
1.133560000000000000e+05 6.790000000000000000e+02
1.150230000000000000e+05 6.710000000000000000e+02
1.166900000000000000e+05 7.000000000000000000e+02
1.183570000000000000e+05 6.780000000000000000e+02
1.200240000000000000e+05 6.510000000000000000e+02
1.216910000000000000e+05 6.950000000000000000e+02
1.233580000000000000e+05 7.560000000000000000e+02
1.250250000000000000e+05 7.750000000000000000e+02
1.266920000000000000e+05 8.880000000000000000e+02
1.283590000000000000e+05 8.970000000000000000e+02
1.300260000000000000e+05 9.580000000000000000e+02
1.316930000000000000e+05 1.048000000000000000e+03
1.333600000000000000e+05 1.071000000000000000e+03
1.350270000000000000e+05 1.201000000000000000e+03
1.366940000000000000e+05 1.295000000000000000e+03
1.383610000000000000e+05 1.475000000000000000e+03
1.400280000000000000e+05 1.522000000000000000e+03
1.416950000000000000e+05 1.774000000000000000e+03
1.433620000000000000e+05 1.757000000000000000e+03
1.450290000000000000e+05 2.058000000000000000e+03
1.466960000000000000e+05 2.096000000000000000e+03
1.483630000000000000e+05 2.175000000000000000e+03
1.500300000000000000e+05 2.470000000000000000e+03
1.516970000000000000e+05 2.526000000000000000e+03
1.533640000000000000e+05 2.702000000000000000e+03
1.550310000000000000e+05 2.949000000000000000e+03
1.566980000000000000e+05 3.052000000000000000e+03
1.583650000000000000e+05 3.274000000000000000e+03
1.600320000000000000e+05 3.311000000000000000e+03
1.616990000000000000e+05 3.394000000000000000e+03
1.633660000000000000e+05 3.642000000000000000e+03
1.650330000000000000e+05 3.787000000000000000e+03
1.667000000000000000e+05 3.881000000000000000e+03
1.683670000000000000e+05 3.921000000000000000e+03
1.700340000000000000e+05 4.073000000000000000e+03
1.717010000000000000e+05 4.215000000000000000e+03
1.733680000000000000e+05 4.135000000000000000e+03
1.750350000000000000e+05 4.241000000000000000e+03
1.767020000000000000e+05 4.369000000000000000e+03
1.783690000000000000e+05 4.433000000000000000e+03
1.800360000000000000e+05 4.680000000000000000e+03
1.817030000000000000e+05 4.571000000000000000e+03
1.833700000000000000e+05 4.673000000000000000e+03
1.850370000000000000e+05 4.578000000000000000e+03
1.867040000000000000e+05 4.739000000000000000e+03
1.883710000000000000e+05 4.679000000000000000e+03
1.900380000000000000e+05 4.873000000000000000e+03
1.917050000000000000e+05 4.706000000000000000e+03
1.933720000000000000e+05 4.778000000000000000e+03
1.950390000000000000e+05 4.834000000000000000e+03
1.967060000000000000e+05 4.721000000000000000e+03
1.983730000000000000e+05 4.876000000000000000e+03
2.000400000000000000e+05 4.727000000000000000e+03
2.017070000000000000e+05 4.821000000000000000e+03
2.033740000000000000e+05 4.857000000000000000e+03
2.050410000000000000e+05 4.768000000000000000e+03
2.067080000000000000e+05 4.729000000000000000e+03
2.083750000000000000e+05 4.793000000000000000e+03
2.100420000000000000e+05 4.845000000000000000e+03
2.117090000000000000e+05 4.752000000000000000e+03
2.133760000000000000e+05 4.661000000000000000e+03
2.150430000000000000e+05 4.697000000000000000e+03
2.167100000000000000e+05 4.573000000000000000e+03
2.183770000000000000e+05 4.392000000000000000e+03
2.200440000000000000e+05 4.450000000000000000e+03
2.217110000000000000e+05 4.314000000000000000e+03
2.233780000000000000e+05 4.314000000000000000e+03
2.250450000000000000e+05 4.076000000000000000e+03
2.267120000000000000e+05 4.051000000000000000e+03
2.283790000000000000e+05 4.096000000000000000e+03
2.300460000000000000e+05 3.776000000000000000e+03
2.317130000000000000e+05 3.907000000000000000e+03
2.333800000000000000e+05 3.668000000000000000e+03
2.350470000000000000e+05 3.584000000000000000e+03
2.367140000000000000e+05 3.513000000000000000e+03
2.383810000000000000e+05 3.402000000000000000e+03
2.400480000000000000e+05 3.180000000000000000e+03
2.417150000000000000e+05 3.033000000000000000e+03
2.433820000000000000e+05 2.889000000000000000e+03
2.450490000000000000e+05 2.796000000000000000e+03
2.467160000000000000e+05 2.533000000000000000e+03
2.483830000000000000e+05 2.456000000000000000e+03
2.500500000000000000e+05 2.277000000000000000e+03
2.517170000000000000e+05 2.103000000000000000e+03
2.533840000000000000e+05 1.982000000000000000e+03
2.550510000000000000e+05 1.865000000000000000e+03
2.567180000000000000e+05 1.630000000000000000e+03
2.583850000000000000e+05 1.527000000000000000e+03
2.600520000000000000e+05 1.503000000000000000e+03
2.617190000000000000e+05 1.275000000000000000e+03
2.633860000000000000e+05 1.192000000000000000e+03
2.650530000000000000e+05 1.120000000000000000e+03
2.667200000000000000e+05 1.096000000000000000e+03
2.683870000000000000e+05 9.630000000000000000e+02
2.700540000000000000e+05 9.370000000000000000e+02
2.717210000000000000e+05 8.560000000000000000e+02
2.733880000000000000e+05 7.860000000000000000e+02
2.750550000000000000e+05 8.370000000000000000e+02
2.767220000000000000e+05 6.660000000000000000e+02
2.783890000000000000e+05 6.590000000000000000e+02
2.800560000000000000e+05 6.830000000000000000e+02
2.817230000000000000e+05 6.590000000000000000e+02
2.833900000000000000e+05 6.720000000000000000e+02
2.850570000000000000e+05 6.810000000000000000e+02
2.867240000000000000e+05 6.800000000000000000e+02
2.883910000000000000e+05 6.950000000000000000e+02
2.900580000000000000e+05 7.560000000000000000e+02
2.917250000000000000e+05 7.670000000000000000e+02
2.933920000000000000e+05 8.200000000000000000e+02
2.950590000000000000e+05 8.840000000000000000e+02
2.967260000000000000e+05 9.720000000000000000e+02
2.983930000000000000e+05 1.061000000000000000e+03
3.000600000000000000e+05 1.112000000000000000e+03
3.017270000000000000e+05 1.137000000000000000e+03
3.033940000000000000e+05 1.344000000000000000e+03
3.050610000000000000e+05 1.462000000000000000e+03
3.067280000000000000e+05 1.523000000000000000e+03
3.083950000000000000e+05 1.729000000000000000e+03
3.100620000000000000e+05 1.802000000000000000e+03
3.117290000000000000e+05 1.906000000000000000e+03
3.133960000000000000e+05 2.085000000000000000e+03
3.150630000000000000e+05 2.276000000000000000e+03
3.167300000000000000e+05 2.384000000000000000e+03
3.183970000000000000e+05 2.610000000000000000e+03
3.200640000000000000e+05 2.731000000000000000e+03
3.217310000000000000e+05 2.838000000000000000e+03
3.233980000000000000e+05 3.022000000000000000e+03
3.250650000000000000e+05 3.214000000000000000e+03
3.267320000000000000e+05 3.293000000000000000e+03
3.283990000000000000e+05 3.507000000000000000e+03
3.300660000000000000e+05 3.693000000000000000e+03
3.317330000000000000e+05 3.735000000000000000e+03
