0.000000000000000000e+00 1.337500000000000000e+04
1.000000000000000000e+04 1.398300000000000000e+04
2.000000000000000000e+04 1.471300000000000000e+04
3.000000000000000000e+04 1.474400000000000000e+04
4.000000000000000000e+04 1.526800000000000000e+04
5.000000000000000000e+04 1.547800000000000000e+04
6.000000000000000000e+04 1.556100000000000000e+04
7.000000000000000000e+04 1.578400000000000000e+04
8.000000000000000000e+04 1.605200000000000000e+04
9.000000000000000000e+04 1.625700000000000000e+04
1.000000000000000000e+05 1.644700000000000000e+04
1.100000000000000000e+05 1.615100000000000000e+04
1.200000000000000000e+05 1.636700000000000000e+04
1.300000000000000000e+05 1.636500000000000000e+04
1.400000000000000000e+05 1.656800000000000000e+04
1.500000000000000000e+05 1.660200000000000000e+04
1.600000000000000000e+05 1.653200000000000000e+04
1.700000000000000000e+05 1.674200000000000000e+04
1.800000000000000000e+05 1.682900000000000000e+04
1.900000000000000000e+05 1.672100000000000000e+04
2.000000000000000000e+05 1.670100000000000000e+04
2.100000000000000000e+05 1.672700000000000000e+04
2.200000000000000000e+05 1.670300000000000000e+04
2.300000000000000000e+05 1.677100000000000000e+04
2.400000000000000000e+05 1.665200000000000000e+04
2.500000000000000000e+05 1.649200000000000000e+04
2.600000000000000000e+05 1.654400000000000000e+04
2.700000000000000000e+05 1.636800000000000000e+04
2.800000000000000000e+05 1.609200000000000000e+04
2.900000000000000000e+05 1.603200000000000000e+04
3.000000000000000000e+05 1.635500000000000000e+04
3.100000000000000000e+05 1.601600000000000000e+04
3.200000000000000000e+05 1.551700000000000000e+04
3.300000000000000000e+05 1.540400000000000000e+04
3.400000000000000000e+05 1.515000000000000000e+04
3.500000000000000000e+05 1.507200000000000000e+04
3.600000000000000000e+05 1.468600000000000000e+04
3.700000000000000000e+05 1.438800000000000000e+04
3.800000000000000000e+05 1.406300000000000000e+04
3.900000000000000000e+05 1.371400000000000000e+04
4.000000000000000000e+05 1.341600000000000000e+04
4.100000000000000000e+05 1.332500000000000000e+04
4.200000000000000000e+05 1.273300000000000000e+04
4.300000000000000000e+05 1.236300000000000000e+04
4.400000000000000000e+05 1.206600000000000000e+04
4.500000000000000000e+05 1.152800000000000000e+04
4.600000000000000000e+05 1.093600000000000000e+04
4.700000000000000000e+05 1.056300000000000000e+04
4.800000000000000000e+05 9.980000000000000000e+03
4.900000000000000000e+05 9.598000000000000000e+03
5.000000000000000000e+05 9.216000000000000000e+03
5.100000000000000000e+05 8.691000000000000000e+03
5.200000000000000000e+05 8.098000000000000000e+03
5.300000000000000000e+05 7.534000000000000000e+03
5.400000000000000000e+05 7.071000000000000000e+03
5.500000000000000000e+05 6.688000000000000000e+03
5.600000000000000000e+05 6.246000000000000000e+03
5.700000000000000000e+05 5.816000000000000000e+03
5.800000000000000000e+05 5.451000000000000000e+03
5.900000000000000000e+05 5.024000000000000000e+03
6.000000000000000000e+05 4.664000000000000000e+03
6.100000000000000000e+05 4.405000000000000000e+03
6.200000000000000000e+05 4.211000000000000000e+03
6.300000000000000000e+05 3.876000000000000000e+03
6.400000000000000000e+05 3.615000000000000000e+03
6.500000000000000000e+05 3.437000000000000000e+03
6.600000000000000000e+05 3.331000000000000000e+03
6.700000000000000000e+05 3.346000000000000000e+03
6.800000000000000000e+05 3.264000000000000000e+03
6.900000000000000000e+05 3.182000000000000000e+03
7.000000000000000000e+05 3.174000000000000000e+03
7.100000000000000000e+05 3.322000000000000000e+03
7.200000000000000000e+05 3.303000000000000000e+03
7.300000000000000000e+05 3.470000000000000000e+03
7.400000000000000000e+05 3.692000000000000000e+03
7.500000000000000000e+05 3.922000000000000000e+03
7.600000000000000000e+05 4.122000000000000000e+03
7.700000000000000000e+05 4.343000000000000000e+03
7.800000000000000000e+05 4.545000000000000000e+03
7.900000000000000000e+05 4.701000000000000000e+03
8.000000000000000000e+05 5.041000000000000000e+03
8.100000000000000000e+05 5.550000000000000000e+03
8.200000000000000000e+05 6.100000000000000000e+03
8.300000000000000000e+05 6.514000000000000000e+03
8.400000000000000000e+05 6.989000000000000000e+03
8.500000000000000000e+05 7.287000000000000000e+03
8.600000000000000000e+05 7.747000000000000000e+03
8.700000000000000000e+05 8.359000000000000000e+03
8.800000000000000000e+05 8.850000000000000000e+03
8.900000000000000000e+05 9.271000000000000000e+03
9.000000000000000000e+05 9.784000000000000000e+03
9.100000000000000000e+05 1.028500000000000000e+04
9.200000000000000000e+05 1.062200000000000000e+04
9.300000000000000000e+05 1.133000000000000000e+04
9.400000000000000000e+05 1.175600000000000000e+04
9.500000000000000000e+05 1.214400000000000000e+04
9.600000000000000000e+05 1.232300000000000000e+04
9.700000000000000000e+05 1.304700000000000000e+04
9.800000000000000000e+05 1.341400000000000000e+04
9.900000000000000000e+05 1.387200000000000000e+04
1.000000000000000000e+06 1.422200000000000000e+04
1.010000000000000000e+06 1.422100000000000000e+04
1.020000000000000000e+06 1.470600000000000000e+04
1.030000000000000000e+06 1.499300000000000000e+04
1.040000000000000000e+06 1.509100000000000000e+04
1.050000000000000000e+06 1.524600000000000000e+04
1.060000000000000000e+06 1.561700000000000000e+04
1.070000000000000000e+06 1.565900000000000000e+04
1.080000000000000000e+06 1.573600000000000000e+04
1.090000000000000000e+06 1.573700000000000000e+04
1.100000000000000000e+06 1.637600000000000000e+04
1.110000000000000000e+06 1.629800000000000000e+04
1.120000000000000000e+06 1.626400000000000000e+04
1.130000000000000000e+06 1.626500000000000000e+04
1.140000000000000000e+06 1.654400000000000000e+04
1.150000000000000000e+06 1.675200000000000000e+04
1.160000000000000000e+06 1.658600000000000000e+04
1.170000000000000000e+06 1.684000000000000000e+04
1.180000000000000000e+06 1.694100000000000000e+04
1.190000000000000000e+06 1.683000000000000000e+04
1.200000000000000000e+06 1.638500000000000000e+04
1.210000000000000000e+06 1.660900000000000000e+04
1.220000000000000000e+06 1.670800000000000000e+04
1.230000000000000000e+06 1.646200000000000000e+04
1.240000000000000000e+06 1.653100000000000000e+04
1.250000000000000000e+06 1.640900000000000000e+04
1.260000000000000000e+06 1.650600000000000000e+04
1.270000000000000000e+06 1.637100000000000000e+04
1.280000000000000000e+06 1.628100000000000000e+04
1.290000000000000000e+06 1.602600000000000000e+04
1.300000000000000000e+06 1.589100000000000000e+04
1.310000000000000000e+06 1.573800000000000000e+04
1.320000000000000000e+06 1.555000000000000000e+04
1.330000000000000000e+06 1.507800000000000000e+04
1.340000000000000000e+06 1.509000000000000000e+04
1.350000000000000000e+06 1.516200000000000000e+04
1.360000000000000000e+06 1.448400000000000000e+04
1.370000000000000000e+06 1.457100000000000000e+04
1.380000000000000000e+06 1.414600000000000000e+04
1.390000000000000000e+06 1.374000000000000000e+04
1.400000000000000000e+06 1.360000000000000000e+04
1.410000000000000000e+06 1.318700000000000000e+04
1.420000000000000000e+06 1.267200000000000000e+04
1.430000000000000000e+06 1.246600000000000000e+04
1.440000000000000000e+06 1.187400000000000000e+04
1.450000000000000000e+06 1.149800000000000000e+04
1.460000000000000000e+06 1.106000000000000000e+04
1.470000000000000000e+06 1.071700000000000000e+04
1.480000000000000000e+06 1.014800000000000000e+04
1.490000000000000000e+06 9.589000000000000000e+03
1.500000000000000000e+06 9.210000000000000000e+03
1.510000000000000000e+06 8.577000000000000000e+03
1.520000000000000000e+06 8.308000000000000000e+03
1.530000000000000000e+06 7.578000000000000000e+03
1.540000000000000000e+06 6.879000000000000000e+03
1.550000000000000000e+06 6.606000000000000000e+03
1.560000000000000000e+06 6.257000000000000000e+03
1.570000000000000000e+06 5.722000000000000000e+03
1.580000000000000000e+06 5.239000000000000000e+03
1.590000000000000000e+06 4.982000000000000000e+03
1.600000000000000000e+06 4.773000000000000000e+03
1.610000000000000000e+06 4.310000000000000000e+03
1.620000000000000000e+06 4.186000000000000000e+03
1.630000000000000000e+06 3.954000000000000000e+03
1.640000000000000000e+06 3.652000000000000000e+03
1.650000000000000000e+06 3.654000000000000000e+03
1.660000000000000000e+06 3.511000000000000000e+03
1.670000000000000000e+06 3.303000000000000000e+03
1.680000000000000000e+06 3.198000000000000000e+03
1.690000000000000000e+06 3.135000000000000000e+03
1.700000000000000000e+06 3.263000000000000000e+03
1.710000000000000000e+06 3.307000000000000000e+03
1.720000000000000000e+06 3.325000000000000000e+03
1.730000000000000000e+06 3.549000000000000000e+03
1.740000000000000000e+06 3.534000000000000000e+03
1.750000000000000000e+06 3.858000000000000000e+03
1.760000000000000000e+06 4.073000000000000000e+03
1.770000000000000000e+06 4.355000000000000000e+03
1.780000000000000000e+06 4.587000000000000000e+03
1.790000000000000000e+06 4.891000000000000000e+03
1.800000000000000000e+06 5.092000000000000000e+03
1.810000000000000000e+06 5.564000000000000000e+03
1.820000000000000000e+06 6.058000000000000000e+03
1.830000000000000000e+06 6.334000000000000000e+03
1.840000000000000000e+06 6.902000000000000000e+03
1.850000000000000000e+06 7.390000000000000000e+03
1.860000000000000000e+06 7.666000000000000000e+03
1.870000000000000000e+06 8.293000000000000000e+03
1.880000000000000000e+06 8.766000000000000000e+03
1.890000000000000000e+06 9.250000000000000000e+03
1.900000000000000000e+06 9.848000000000000000e+03
1.910000000000000000e+06 1.028900000000000000e+04
1.920000000000000000e+06 1.066200000000000000e+04
1.930000000000000000e+06 1.115200000000000000e+04
1.940000000000000000e+06 1.164300000000000000e+04
1.950000000000000000e+06 1.216300000000000000e+04
1.960000000000000000e+06 1.239200000000000000e+04
1.970000000000000000e+06 1.296300000000000000e+04
1.980000000000000000e+06 1.328600000000000000e+04
1.990000000000000000e+06 1.353400000000000000e+04
