0.000000000000000000e+00 7.103000000000000000e+03
1.000000000000000000e+04 7.525000000000000000e+03
2.000000000000000000e+04 7.655000000000000000e+03
3.000000000000000000e+04 7.502000000000000000e+03
4.000000000000000000e+04 7.804000000000000000e+03
5.000000000000000000e+04 8.016000000000000000e+03
6.000000000000000000e+04 8.125000000000000000e+03
7.000000000000000000e+04 8.311000000000000000e+03
8.000000000000000000e+04 8.389000000000000000e+03
9.000000000000000000e+04 8.234000000000000000e+03
1.000000000000000000e+05 8.413000000000000000e+03
1.100000000000000000e+05 8.475000000000000000e+03
1.200000000000000000e+05 8.684000000000000000e+03
1.300000000000000000e+05 8.806000000000000000e+03
1.400000000000000000e+05 8.611000000000000000e+03
1.500000000000000000e+05 8.867000000000000000e+03
1.600000000000000000e+05 8.592000000000000000e+03
1.700000000000000000e+05 8.850000000000000000e+03
1.800000000000000000e+05 8.875000000000000000e+03
1.900000000000000000e+05 8.797000000000000000e+03
2.000000000000000000e+05 8.859000000000000000e+03
2.100000000000000000e+05 8.656000000000000000e+03
2.200000000000000000e+05 8.555000000000000000e+03
2.300000000000000000e+05 8.665000000000000000e+03
2.400000000000000000e+05 8.649000000000000000e+03
2.500000000000000000e+05 8.535000000000000000e+03
2.600000000000000000e+05 8.591000000000000000e+03
2.700000000000000000e+05 8.744000000000000000e+03
2.800000000000000000e+05 8.529000000000000000e+03
2.900000000000000000e+05 8.610000000000000000e+03
3.000000000000000000e+05 8.320000000000000000e+03
3.100000000000000000e+05 8.202000000000000000e+03
3.200000000000000000e+05 7.993000000000000000e+03
3.300000000000000000e+05 8.024000000000000000e+03
3.400000000000000000e+05 7.772000000000000000e+03
3.500000000000000000e+05 7.712000000000000000e+03
3.600000000000000000e+05 7.419000000000000000e+03
3.700000000000000000e+05 7.297000000000000000e+03
3.800000000000000000e+05 6.925000000000000000e+03
3.900000000000000000e+05 6.886000000000000000e+03
4.000000000000000000e+05 6.928000000000000000e+03
4.100000000000000000e+05 6.680000000000000000e+03
4.200000000000000000e+05 6.252000000000000000e+03
4.300000000000000000e+05 5.941000000000000000e+03
4.400000000000000000e+05 5.952000000000000000e+03
4.500000000000000000e+05 5.617000000000000000e+03
4.600000000000000000e+05 5.227000000000000000e+03
4.700000000000000000e+05 5.045000000000000000e+03
4.800000000000000000e+05 4.720000000000000000e+03
4.900000000000000000e+05 4.694000000000000000e+03
5.000000000000000000e+05 4.259000000000000000e+03
5.100000000000000000e+05 4.025000000000000000e+03
5.200000000000000000e+05 3.572000000000000000e+03
5.300000000000000000e+05 3.458000000000000000e+03
5.400000000000000000e+05 3.302000000000000000e+03
5.500000000000000000e+05 3.001000000000000000e+03
5.600000000000000000e+05 2.754000000000000000e+03
5.700000000000000000e+05 2.625000000000000000e+03
5.800000000000000000e+05 2.372000000000000000e+03
5.900000000000000000e+05 2.271000000000000000e+03
6.000000000000000000e+05 2.033000000000000000e+03
6.100000000000000000e+05 1.960000000000000000e+03
6.200000000000000000e+05 1.769000000000000000e+03
6.300000000000000000e+05 1.806000000000000000e+03
6.400000000000000000e+05 1.675000000000000000e+03
6.500000000000000000e+05 1.611000000000000000e+03
6.600000000000000000e+05 1.559000000000000000e+03
6.700000000000000000e+05 1.445000000000000000e+03
6.800000000000000000e+05 1.420000000000000000e+03
6.900000000000000000e+05 1.487000000000000000e+03
7.000000000000000000e+05 1.426000000000000000e+03
7.100000000000000000e+05 1.430000000000000000e+03
7.200000000000000000e+05 1.547000000000000000e+03
7.300000000000000000e+05 1.512000000000000000e+03
7.400000000000000000e+05 1.680000000000000000e+03
7.500000000000000000e+05 1.611000000000000000e+03
7.600000000000000000e+05 1.784000000000000000e+03
7.700000000000000000e+05 1.868000000000000000e+03
7.800000000000000000e+05 2.033000000000000000e+03
7.900000000000000000e+05 2.089000000000000000e+03
8.000000000000000000e+05 2.374000000000000000e+03
8.100000000000000000e+05 2.443000000000000000e+03
8.200000000000000000e+05 2.688000000000000000e+03
8.300000000000000000e+05 2.833000000000000000e+03
8.400000000000000000e+05 3.045000000000000000e+03
8.500000000000000000e+05 3.282000000000000000e+03
8.600000000000000000e+05 3.554000000000000000e+03
8.700000000000000000e+05 3.878000000000000000e+03
8.800000000000000000e+05 4.148000000000000000e+03
8.900000000000000000e+05 4.413000000000000000e+03
9.000000000000000000e+05 4.583000000000000000e+03
9.100000000000000000e+05 4.913000000000000000e+03
9.200000000000000000e+05 5.058000000000000000e+03
9.300000000000000000e+05 5.343000000000000000e+03
9.400000000000000000e+05 5.670000000000000000e+03
9.500000000000000000e+05 5.934000000000000000e+03
9.600000000000000000e+05 6.131000000000000000e+03
9.700000000000000000e+05 6.395000000000000000e+03
9.800000000000000000e+05 6.683000000000000000e+03
9.900000000000000000e+05 6.859000000000000000e+03
1.000000000000000000e+06 7.144000000000000000e+03
1.010000000000000000e+06 7.172000000000000000e+03
1.020000000000000000e+06 7.329000000000000000e+03
1.030000000000000000e+06 7.509000000000000000e+03
1.040000000000000000e+06 7.711000000000000000e+03
1.050000000000000000e+06 8.015000000000000000e+03
1.060000000000000000e+06 7.891000000000000000e+03
1.070000000000000000e+06 8.230000000000000000e+03
1.080000000000000000e+06 8.288000000000000000e+03
1.090000000000000000e+06 8.365000000000000000e+03
1.100000000000000000e+06 8.494000000000000000e+03
1.110000000000000000e+06 8.504000000000000000e+03
1.120000000000000000e+06 8.492000000000000000e+03
1.130000000000000000e+06 8.632000000000000000e+03
1.140000000000000000e+06 8.721000000000000000e+03
1.150000000000000000e+06 8.716000000000000000e+03
1.160000000000000000e+06 8.674000000000000000e+03
1.170000000000000000e+06 8.637000000000000000e+03
1.180000000000000000e+06 8.926000000000000000e+03
1.190000000000000000e+06 8.774000000000000000e+03
1.200000000000000000e+06 8.782000000000000000e+03
1.210000000000000000e+06 8.982000000000000000e+03
1.220000000000000000e+06 8.604000000000000000e+03
1.230000000000000000e+06 8.853000000000000000e+03
1.240000000000000000e+06 8.698000000000000000e+03
1.250000000000000000e+06 8.441000000000000000e+03
1.260000000000000000e+06 8.706000000000000000e+03
1.270000000000000000e+06 8.495000000000000000e+03
1.280000000000000000e+06 8.593000000000000000e+03
1.290000000000000000e+06 8.322000000000000000e+03
1.300000000000000000e+06 8.292000000000000000e+03
1.310000000000000000e+06 8.279000000000000000e+03
1.320000000000000000e+06 7.975000000000000000e+03
1.330000000000000000e+06 7.975000000000000000e+03
1.340000000000000000e+06 7.847000000000000000e+03
1.350000000000000000e+06 7.540000000000000000e+03
1.360000000000000000e+06 7.465000000000000000e+03
1.370000000000000000e+06 7.304000000000000000e+03
1.380000000000000000e+06 7.362000000000000000e+03
1.390000000000000000e+06 7.011000000000000000e+03
1.400000000000000000e+06 6.696000000000000000e+03
1.410000000000000000e+06 6.543000000000000000e+03
1.420000000000000000e+06 6.215000000000000000e+03
1.430000000000000000e+06 5.968000000000000000e+03
1.440000000000000000e+06 5.865000000000000000e+03
1.450000000000000000e+06 5.543000000000000000e+03
1.460000000000000000e+06 5.212000000000000000e+03
1.470000000000000000e+06 5.037000000000000000e+03
1.480000000000000000e+06 4.768000000000000000e+03
1.490000000000000000e+06 4.536000000000000000e+03
1.500000000000000000e+06 4.096000000000000000e+03
1.510000000000000000e+06 4.000000000000000000e+03
1.520000000000000000e+06 3.733000000000000000e+03
1.530000000000000000e+06 3.502000000000000000e+03
1.540000000000000000e+06 3.179000000000000000e+03
1.550000000000000000e+06 3.044000000000000000e+03
1.560000000000000000e+06 2.791000000000000000e+03
1.570000000000000000e+06 2.499000000000000000e+03
1.580000000000000000e+06 2.329000000000000000e+03
1.590000000000000000e+06 2.277000000000000000e+03
1.600000000000000000e+06 2.096000000000000000e+03
1.610000000000000000e+06 1.901000000000000000e+03
1.620000000000000000e+06 1.827000000000000000e+03
1.630000000000000000e+06 1.681000000000000000e+03
1.640000000000000000e+06 1.636000000000000000e+03
1.650000000000000000e+06 1.606000000000000000e+03
1.660000000000000000e+06 1.586000000000000000e+03
1.670000000000000000e+06 1.514000000000000000e+03
1.680000000000000000e+06 1.466000000000000000e+03
1.690000000000000000e+06 1.402000000000000000e+03
1.700000000000000000e+06 1.474000000000000000e+03
1.710000000000000000e+06 1.439000000000000000e+03
1.720000000000000000e+06 1.482000000000000000e+03
1.730000000000000000e+06 1.517000000000000000e+03
1.740000000000000000e+06 1.565000000000000000e+03
1.750000000000000000e+06 1.646000000000000000e+03
1.760000000000000000e+06 1.799000000000000000e+03
1.770000000000000000e+06 1.882000000000000000e+03
1.780000000000000000e+06 1.960000000000000000e+03
1.790000000000000000e+06 2.294000000000000000e+03
1.800000000000000000e+06 2.249000000000000000e+03
1.810000000000000000e+06 2.478000000000000000e+03
1.820000000000000000e+06 2.636000000000000000e+03
1.830000000000000000e+06 2.795000000000000000e+03
1.840000000000000000e+06 3.148000000000000000e+03
1.850000000000000000e+06 3.302000000000000000e+03
1.860000000000000000e+06 3.539000000000000000e+03
1.870000000000000000e+06 3.804000000000000000e+03
1.880000000000000000e+06 4.043000000000000000e+03
1.890000000000000000e+06 4.372000000000000000e+03
1.900000000000000000e+06 4.600000000000000000e+03
1.910000000000000000e+06 4.787000000000000000e+03
1.920000000000000000e+06 5.217000000000000000e+03
1.930000000000000000e+06 5.428000000000000000e+03
1.940000000000000000e+06 5.732000000000000000e+03
1.950000000000000000e+06 5.883000000000000000e+03
1.960000000000000000e+06 6.092000000000000000e+03
1.970000000000000000e+06 6.345000000000000000e+03
1.980000000000000000e+06 6.576000000000000000e+03
1.990000000000000000e+06 6.918000000000000000e+03
