0.000000000000000000e+00 1.111600000000000000e+04
3.333000000000000000e+03 1.137200000000000000e+04
6.666000000000000000e+03 1.176600000000000000e+04
9.999000000000000000e+03 1.218500000000000000e+04
1.333200000000000000e+04 1.237600000000000000e+04
1.666500000000000000e+04 1.244100000000000000e+04
1.999800000000000000e+04 1.300200000000000000e+04
2.333100000000000000e+04 1.304500000000000000e+04
2.666400000000000000e+04 1.310900000000000000e+04
2.999700000000000000e+04 1.358000000000000000e+04
3.333000000000000000e+04 1.342400000000000000e+04
3.666300000000000000e+04 1.363500000000000000e+04
3.999600000000000000e+04 1.377700000000000000e+04
4.332900000000000000e+04 1.410000000000000000e+04
4.666200000000000000e+04 1.421100000000000000e+04
4.999500000000000000e+04 1.403700000000000000e+04
5.332800000000000000e+04 1.429000000000000000e+04
5.666100000000000000e+04 1.434600000000000000e+04
5.999400000000000000e+04 1.417400000000000000e+04
6.332700000000000000e+04 1.439300000000000000e+04
6.666000000000000000e+04 1.416500000000000000e+04
6.999300000000000000e+04 1.420600000000000000e+04
7.332600000000000000e+04 1.400900000000000000e+04
7.665900000000000000e+04 1.412600000000000000e+04
7.999200000000000000e+04 1.423000000000000000e+04
8.332500000000000000e+04 1.394300000000000000e+04
8.665800000000000000e+04 1.391300000000000000e+04
8.999100000000000000e+04 1.384100000000000000e+04
9.332400000000000000e+04 1.387900000000000000e+04
9.665700000000000000e+04 1.352400000000000000e+04
9.999000000000000000e+04 1.340700000000000000e+04
1.033230000000000000e+05 1.292200000000000000e+04
1.066560000000000000e+05 1.303800000000000000e+04
1.099890000000000000e+05 1.283400000000000000e+04
1.133220000000000000e+05 1.217200000000000000e+04
1.166550000000000000e+05 1.217900000000000000e+04
1.199880000000000000e+05 1.202100000000000000e+04
1.233210000000000000e+05 1.176800000000000000e+04
1.266540000000000000e+05 1.120200000000000000e+04
1.299870000000000000e+05 1.084400000000000000e+04
1.333200000000000000e+05 1.059100000000000000e+04
1.366530000000000000e+05 9.980000000000000000e+03
1.399860000000000000e+05 9.615000000000000000e+03
1.433190000000000000e+05 9.176000000000000000e+03
1.466520000000000000e+05 8.732000000000000000e+03
1.499850000000000000e+05 8.455000000000000000e+03
1.533180000000000000e+05 8.021000000000000000e+03
1.566510000000000000e+05 7.543000000000000000e+03
1.599840000000000000e+05 7.107000000000000000e+03
1.633170000000000000e+05 6.461000000000000000e+03
1.666500000000000000e+05 6.038000000000000000e+03
1.699830000000000000e+05 5.662000000000000000e+03
1.733160000000000000e+05 5.305000000000000000e+03
1.766490000000000000e+05 4.779000000000000000e+03
1.799820000000000000e+05 4.489000000000000000e+03
1.833150000000000000e+05 4.058000000000000000e+03
1.866480000000000000e+05 3.724000000000000000e+03
1.899810000000000000e+05 3.383000000000000000e+03
1.933140000000000000e+05 3.140000000000000000e+03
1.966470000000000000e+05 2.814000000000000000e+03
1.999800000000000000e+05 2.606000000000000000e+03
2.033130000000000000e+05 2.400000000000000000e+03
2.066460000000000000e+05 2.198000000000000000e+03
2.099790000000000000e+05 1.991000000000000000e+03
2.133120000000000000e+05 1.979000000000000000e+03
2.166450000000000000e+05 1.749000000000000000e+03
2.199780000000000000e+05 1.790000000000000000e+03
2.233110000000000000e+05 1.798000000000000000e+03
2.266440000000000000e+05 1.680000000000000000e+03
2.299770000000000000e+05 1.646000000000000000e+03
2.333100000000000000e+05 1.650000000000000000e+03
2.366430000000000000e+05 1.593000000000000000e+03
2.399760000000000000e+05 1.643000000000000000e+03
2.433090000000000000e+05 1.747000000000000000e+03
2.466420000000000000e+05 1.851000000000000000e+03
2.499750000000000000e+05 1.911000000000000000e+03
2.533080000000000000e+05 2.063000000000000000e+03
2.566410000000000000e+05 2.304000000000000000e+03
2.599740000000000000e+05 2.440000000000000000e+03
2.633070000000000000e+05 2.657000000000000000e+03
2.666400000000000000e+05 2.860000000000000000e+03
2.699730000000000000e+05 3.144000000000000000e+03
2.733060000000000000e+05 3.517000000000000000e+03
2.766390000000000000e+05 3.879000000000000000e+03
2.799720000000000000e+05 4.162000000000000000e+03
2.833050000000000000e+05 4.552000000000000000e+03
2.866380000000000000e+05 4.890000000000000000e+03
2.899710000000000000e+05 5.318000000000000000e+03
2.933040000000000000e+05 5.730000000000000000e+03
2.966370000000000000e+05 6.274000000000000000e+03
2.999700000000000000e+05 6.748000000000000000e+03
3.033030000000000000e+05 7.222000000000000000e+03
3.066360000000000000e+05 7.548000000000000000e+03
3.099690000000000000e+05 8.227000000000000000e+03
3.133020000000000000e+05 8.703000000000000000e+03
3.166350000000000000e+05 9.081000000000000000e+03
3.199680000000000000e+05 9.330000000000000000e+03
3.233010000000000000e+05 9.886000000000000000e+03
3.266340000000000000e+05 1.012000000000000000e+04
3.299670000000000000e+05 1.078500000000000000e+04
3.333000000000000000e+05 1.100300000000000000e+04
3.366330000000000000e+05 1.132200000000000000e+04
3.399660000000000000e+05 1.162200000000000000e+04
3.432990000000000000e+05 1.213500000000000000e+04
3.466320000000000000e+05 1.205100000000000000e+04
3.499650000000000000e+05 1.230200000000000000e+04
3.532980000000000000e+05 1.289700000000000000e+04
3.566310000000000000e+05 1.323100000000000000e+04
3.599640000000000000e+05 1.317900000000000000e+04
3.632970000000000000e+05 1.335300000000000000e+04
3.666300000000000000e+05 1.373100000000000000e+04
3.699630000000000000e+05 1.367200000000000000e+04
3.732960000000000000e+05 1.360300000000000000e+04
3.766290000000000000e+05 1.398100000000000000e+04
3.799620000000000000e+05 1.400400000000000000e+04
3.832950000000000000e+05 1.432200000000000000e+04
3.866280000000000000e+05 1.398000000000000000e+04
3.899610000000000000e+05 1.428900000000000000e+04
3.932940000000000000e+05 1.428200000000000000e+04
3.966270000000000000e+05 1.418800000000000000e+04
3.999600000000000000e+05 1.425600000000000000e+04
4.032930000000000000e+05 1.412200000000000000e+04
4.066260000000000000e+05 1.417300000000000000e+04
4.099590000000000000e+05 1.418200000000000000e+04
4.132920000000000000e+05 1.408100000000000000e+04
4.166250000000000000e+05 1.378600000000000000e+04
4.199580000000000000e+05 1.382600000000000000e+04
4.232910000000000000e+05 1.365000000000000000e+04
4.266240000000000000e+05 1.368000000000000000e+04
4.299570000000000000e+05 1.344000000000000000e+04
4.332900000000000000e+05 1.357800000000000000e+04
4.366230000000000000e+05 1.300400000000000000e+04
4.399560000000000000e+05 1.293300000000000000e+04
4.432890000000000000e+05 1.282800000000000000e+04
4.466220000000000000e+05 1.239700000000000000e+04
4.499550000000000000e+05 1.214700000000000000e+04
4.532880000000000000e+05 1.189900000000000000e+04
4.566210000000000000e+05 1.163300000000000000e+04
4.599540000000000000e+05 1.108000000000000000e+04
4.632870000000000000e+05 1.070600000000000000e+04
4.666200000000000000e+05 1.062000000000000000e+04
4.699530000000000000e+05 1.011600000000000000e+04
4.732860000000000000e+05 9.813000000000000000e+03
4.766190000000000000e+05 9.370000000000000000e+03
4.799520000000000000e+05 8.877000000000000000e+03
4.832850000000000000e+05 8.351000000000000000e+03
4.866180000000000000e+05 7.901000000000000000e+03
4.899510000000000000e+05 7.492000000000000000e+03
4.932840000000000000e+05 7.010000000000000000e+03
4.966170000000000000e+05 6.449000000000000000e+03
4.999500000000000000e+05 6.281000000000000000e+03
5.032830000000000000e+05 5.645000000000000000e+03
5.066160000000000000e+05 5.229000000000000000e+03
5.099490000000000000e+05 4.795000000000000000e+03
5.132820000000000000e+05 4.538000000000000000e+03
5.166150000000000000e+05 4.083000000000000000e+03
5.199480000000000000e+05 3.675000000000000000e+03
5.232810000000000000e+05 3.271000000000000000e+03
5.266140000000000000e+05 3.083000000000000000e+03
5.299470000000000000e+05 2.913000000000000000e+03
5.332800000000000000e+05 2.572000000000000000e+03
5.366130000000000000e+05 2.336000000000000000e+03
5.399460000000000000e+05 2.219000000000000000e+03
5.432790000000000000e+05 2.000000000000000000e+03
5.466120000000000000e+05 2.012000000000000000e+03
5.499450000000000000e+05 1.837000000000000000e+03
5.532780000000000000e+05 1.714000000000000000e+03
5.566110000000000000e+05 1.627000000000000000e+03
5.599440000000000000e+05 1.656000000000000000e+03
5.632770000000000000e+05 1.628000000000000000e+03
5.666100000000000000e+05 1.590000000000000000e+03
5.699430000000000000e+05 1.617000000000000000e+03
5.732760000000000000e+05 1.744000000000000000e+03
5.766090000000000000e+05 1.775000000000000000e+03
5.799420000000000000e+05 1.800000000000000000e+03
5.832750000000000000e+05 1.904000000000000000e+03
5.866080000000000000e+05 2.068000000000000000e+03
5.899410000000000000e+05 2.314000000000000000e+03
5.932740000000000000e+05 2.444000000000000000e+03
5.966070000000000000e+05 2.664000000000000000e+03
5.999400000000000000e+05 2.906000000000000000e+03
6.032730000000000000e+05 3.136000000000000000e+03
6.066060000000000000e+05 3.419000000000000000e+03
6.099390000000000000e+05 3.653000000000000000e+03
6.132720000000000000e+05 4.132000000000000000e+03
6.166050000000000000e+05 4.521000000000000000e+03
6.199380000000000000e+05 4.897000000000000000e+03
6.232710000000000000e+05 5.367000000000000000e+03
6.266040000000000000e+05 5.883000000000000000e+03
6.299370000000000000e+05 6.222000000000000000e+03
6.332700000000000000e+05 6.620000000000000000e+03
6.366030000000000000e+05 7.078000000000000000e+03
6.399360000000000000e+05 7.779000000000000000e+03
6.432690000000000000e+05 7.913000000000000000e+03
6.466020000000000000e+05 8.622000000000000000e+03
6.499350000000000000e+05 8.815000000000000000e+03
6.532680000000000000e+05 9.266000000000000000e+03
6.566010000000000000e+05 9.932000000000000000e+03
6.599340000000000000e+05 1.018400000000000000e+04
6.632670000000000000e+05 1.061200000000000000e+04
