0.000000000000000000e+00 5.585000000000000000e+03
1.000000000000000000e+03 5.733000000000000000e+03
2.000000000000000000e+03 5.984000000000000000e+03
3.000000000000000000e+03 6.031000000000000000e+03
4.000000000000000000e+03 6.413000000000000000e+03
5.000000000000000000e+03 6.323000000000000000e+03
6.000000000000000000e+03 6.498000000000000000e+03
7.000000000000000000e+03 6.708000000000000000e+03
8.000000000000000000e+03 6.811000000000000000e+03
9.000000000000000000e+03 6.964000000000000000e+03
1.000000000000000000e+04 7.076000000000000000e+03
1.100000000000000000e+04 6.898000000000000000e+03
1.200000000000000000e+04 7.149000000000000000e+03
1.300000000000000000e+04 7.205000000000000000e+03
1.400000000000000000e+04 7.116000000000000000e+03
1.500000000000000000e+04 7.270000000000000000e+03
1.600000000000000000e+04 7.417000000000000000e+03
1.700000000000000000e+04 7.346000000000000000e+03
1.800000000000000000e+04 7.301000000000000000e+03
1.900000000000000000e+04 7.468000000000000000e+03
2.000000000000000000e+04 7.327000000000000000e+03
2.100000000000000000e+04 7.344000000000000000e+03
2.200000000000000000e+04 7.244000000000000000e+03
2.300000000000000000e+04 7.256000000000000000e+03
2.400000000000000000e+04 7.379000000000000000e+03
2.500000000000000000e+04 7.091000000000000000e+03
2.600000000000000000e+04 7.223000000000000000e+03
2.700000000000000000e+04 7.183000000000000000e+03
2.800000000000000000e+04 7.001000000000000000e+03
2.900000000000000000e+04 7.017000000000000000e+03
3.000000000000000000e+04 6.934000000000000000e+03
3.100000000000000000e+04 6.740000000000000000e+03
3.200000000000000000e+04 6.613000000000000000e+03
3.300000000000000000e+04 6.660000000000000000e+03
3.400000000000000000e+04 6.437000000000000000e+03
3.500000000000000000e+04 6.305000000000000000e+03
3.600000000000000000e+04 6.141000000000000000e+03
3.700000000000000000e+04 5.959000000000000000e+03
3.800000000000000000e+04 5.898000000000000000e+03
3.900000000000000000e+04 5.613000000000000000e+03
4.000000000000000000e+04 5.569000000000000000e+03
4.100000000000000000e+04 5.239000000000000000e+03
4.200000000000000000e+04 5.073000000000000000e+03
4.300000000000000000e+04 4.893000000000000000e+03
4.400000000000000000e+04 4.594000000000000000e+03
4.500000000000000000e+04 4.377000000000000000e+03
4.600000000000000000e+04 4.200000000000000000e+03
4.700000000000000000e+04 3.864000000000000000e+03
4.800000000000000000e+04 3.629000000000000000e+03
4.900000000000000000e+04 3.504000000000000000e+03
5.000000000000000000e+04 3.256000000000000000e+03
5.100000000000000000e+04 3.004000000000000000e+03
5.200000000000000000e+04 2.793000000000000000e+03
5.300000000000000000e+04 2.508000000000000000e+03
5.400000000000000000e+04 2.359000000000000000e+03
5.500000000000000000e+04 2.209000000000000000e+03
5.600000000000000000e+04 2.021000000000000000e+03
5.700000000000000000e+04 1.760000000000000000e+03
5.800000000000000000e+04 1.623000000000000000e+03
5.900000000000000000e+04 1.556000000000000000e+03
6.000000000000000000e+04 1.425000000000000000e+03
6.100000000000000000e+04 1.298000000000000000e+03
6.200000000000000000e+04 1.190000000000000000e+03
6.300000000000000000e+04 1.131000000000000000e+03
6.400000000000000000e+04 1.044000000000000000e+03
6.500000000000000000e+04 1.002000000000000000e+03
6.600000000000000000e+04 9.590000000000000000e+02
6.700000000000000000e+04 8.770000000000000000e+02
6.800000000000000000e+04 8.220000000000000000e+02
6.900000000000000000e+04 9.240000000000000000e+02
7.000000000000000000e+04 8.620000000000000000e+02
7.100000000000000000e+04 8.480000000000000000e+02
7.200000000000000000e+04 8.690000000000000000e+02
7.300000000000000000e+04 8.820000000000000000e+02
7.400000000000000000e+04 9.640000000000000000e+02
7.500000000000000000e+04 9.970000000000000000e+02
7.600000000000000000e+04 1.049000000000000000e+03
7.700000000000000000e+04 1.075000000000000000e+03
7.800000000000000000e+04 1.185000000000000000e+03
7.900000000000000000e+04 1.287000000000000000e+03
8.000000000000000000e+04 1.412000000000000000e+03
8.100000000000000000e+04 1.593000000000000000e+03
8.200000000000000000e+04 1.728000000000000000e+03
8.300000000000000000e+04 1.799000000000000000e+03
8.400000000000000000e+04 2.112000000000000000e+03
8.500000000000000000e+04 2.199000000000000000e+03
8.600000000000000000e+04 2.468000000000000000e+03
8.700000000000000000e+04 2.718000000000000000e+03
8.800000000000000000e+04 2.806000000000000000e+03
8.900000000000000000e+04 3.142000000000000000e+03
9.000000000000000000e+04 3.364000000000000000e+03
9.100000000000000000e+04 3.596000000000000000e+03
9.200000000000000000e+04 3.769000000000000000e+03
9.300000000000000000e+04 4.119000000000000000e+03
9.400000000000000000e+04 4.276000000000000000e+03
9.500000000000000000e+04 4.617000000000000000e+03
9.600000000000000000e+04 4.826000000000000000e+03
9.700000000000000000e+04 5.161000000000000000e+03
9.800000000000000000e+04 5.228000000000000000e+03
9.900000000000000000e+04 5.429000000000000000e+03
1.000000000000000000e+05 5.473000000000000000e+03
1.010000000000000000e+05 5.868000000000000000e+03
1.020000000000000000e+05 6.025000000000000000e+03
1.030000000000000000e+05 6.019000000000000000e+03
1.040000000000000000e+05 6.318000000000000000e+03
1.050000000000000000e+05 6.346000000000000000e+03
1.060000000000000000e+05 6.412000000000000000e+03
1.070000000000000000e+05 6.838000000000000000e+03
1.080000000000000000e+05 6.844000000000000000e+03
1.090000000000000000e+05 6.972000000000000000e+03
1.100000000000000000e+05 6.988000000000000000e+03
1.110000000000000000e+05 6.941000000000000000e+03
1.120000000000000000e+05 7.076000000000000000e+03
1.130000000000000000e+05 7.161000000000000000e+03
1.140000000000000000e+05 7.278000000000000000e+03
1.150000000000000000e+05 7.283000000000000000e+03
1.160000000000000000e+05 7.326000000000000000e+03
1.170000000000000000e+05 7.314000000000000000e+03
1.180000000000000000e+05 7.206000000000000000e+03
1.190000000000000000e+05 7.476000000000000000e+03
1.200000000000000000e+05 7.355000000000000000e+03
1.210000000000000000e+05 7.163000000000000000e+03
1.220000000000000000e+05 7.209000000000000000e+03
1.230000000000000000e+05 7.376000000000000000e+03
1.240000000000000000e+05 7.492000000000000000e+03
1.250000000000000000e+05 7.167000000000000000e+03
1.260000000000000000e+05 7.172000000000000000e+03
1.270000000000000000e+05 7.235000000000000000e+03
1.280000000000000000e+05 7.094000000000000000e+03
1.290000000000000000e+05 7.062000000000000000e+03
1.300000000000000000e+05 6.730000000000000000e+03
1.310000000000000000e+05 6.717000000000000000e+03
1.320000000000000000e+05 6.730000000000000000e+03
1.330000000000000000e+05 6.531000000000000000e+03
1.340000000000000000e+05 6.484000000000000000e+03
1.350000000000000000e+05 6.187000000000000000e+03
1.360000000000000000e+05 6.248000000000000000e+03
1.370000000000000000e+05 6.099000000000000000e+03
1.380000000000000000e+05 5.999000000000000000e+03
1.390000000000000000e+05 5.736000000000000000e+03
1.400000000000000000e+05 5.455000000000000000e+03
1.410000000000000000e+05 5.271000000000000000e+03
1.420000000000000000e+05 4.971000000000000000e+03
1.430000000000000000e+05 4.694000000000000000e+03
1.440000000000000000e+05 4.665000000000000000e+03
1.450000000000000000e+05 4.448000000000000000e+03
1.460000000000000000e+05 4.065000000000000000e+03
1.470000000000000000e+05 3.837000000000000000e+03
1.480000000000000000e+05 3.744000000000000000e+03
1.490000000000000000e+05 3.451000000000000000e+03
1.500000000000000000e+05 3.144000000000000000e+03
1.510000000000000000e+05 3.123000000000000000e+03
1.520000000000000000e+05 2.734000000000000000e+03
1.530000000000000000e+05 2.637000000000000000e+03
1.540000000000000000e+05 2.396000000000000000e+03
1.550000000000000000e+05 2.295000000000000000e+03
1.560000000000000000e+05 1.916000000000000000e+03
1.570000000000000000e+05 1.805000000000000000e+03
1.580000000000000000e+05 1.586000000000000000e+03
1.590000000000000000e+05 1.619000000000000000e+03
1.600000000000000000e+05 1.447000000000000000e+03
1.610000000000000000e+05 1.272000000000000000e+03
1.620000000000000000e+05 1.247000000000000000e+03
1.630000000000000000e+05 1.157000000000000000e+03
1.640000000000000000e+05 9.980000000000000000e+02
1.650000000000000000e+05 9.350000000000000000e+02
1.660000000000000000e+05 9.500000000000000000e+02
1.670000000000000000e+05 9.000000000000000000e+02
1.680000000000000000e+05 8.770000000000000000e+02
1.690000000000000000e+05 8.260000000000000000e+02
1.700000000000000000e+05 8.530000000000000000e+02
1.710000000000000000e+05 8.140000000000000000e+02
1.720000000000000000e+05 8.480000000000000000e+02
1.730000000000000000e+05 9.120000000000000000e+02
1.740000000000000000e+05 8.640000000000000000e+02
1.750000000000000000e+05 9.930000000000000000e+02
1.760000000000000000e+05 1.091000000000000000e+03
1.770000000000000000e+05 1.101000000000000000e+03
1.780000000000000000e+05 1.140000000000000000e+03
1.790000000000000000e+05 1.259000000000000000e+03
1.800000000000000000e+05 1.413000000000000000e+03
1.810000000000000000e+05 1.587000000000000000e+03
1.820000000000000000e+05 1.659000000000000000e+03
1.830000000000000000e+05 1.848000000000000000e+03
1.840000000000000000e+05 1.967000000000000000e+03
1.850000000000000000e+05 2.282000000000000000e+03
1.860000000000000000e+05 2.491000000000000000e+03
1.870000000000000000e+05 2.619000000000000000e+03
1.880000000000000000e+05 2.834000000000000000e+03
1.890000000000000000e+05 3.201000000000000000e+03
1.900000000000000000e+05 3.341000000000000000e+03
1.910000000000000000e+05 3.572000000000000000e+03
1.920000000000000000e+05 3.705000000000000000e+03
1.930000000000000000e+05 4.037000000000000000e+03
1.940000000000000000e+05 4.366000000000000000e+03
1.950000000000000000e+05 4.487000000000000000e+03
1.960000000000000000e+05 4.897000000000000000e+03
1.970000000000000000e+05 4.919000000000000000e+03
1.980000000000000000e+05 5.222000000000000000e+03
1.990000000000000000e+05 5.552000000000000000e+03
