0.000000000000000000e+00 4.879000000000000000e+03
2.000000000000000000e+01 5.008000000000000000e+03
4.000000000000000000e+01 5.193000000000000000e+03
6.000000000000000000e+01 5.137000000000000000e+03
8.000000000000000000e+01 5.343000000000000000e+03
1.000000000000000000e+02 5.423000000000000000e+03
1.200000000000000000e+02 5.563000000000000000e+03
1.400000000000000000e+02 5.589000000000000000e+03
1.600000000000000000e+02 5.820000000000000000e+03
1.800000000000000000e+02 5.874000000000000000e+03
2.000000000000000000e+02 5.905000000000000000e+03
2.200000000000000000e+02 6.083000000000000000e+03
2.400000000000000000e+02 6.005000000000000000e+03
2.600000000000000000e+02 6.133000000000000000e+03
2.800000000000000000e+02 6.166000000000000000e+03
3.000000000000000000e+02 6.164000000000000000e+03
3.200000000000000000e+02 6.165000000000000000e+03
3.400000000000000000e+02 6.229000000000000000e+03
3.600000000000000000e+02 6.318000000000000000e+03
3.800000000000000000e+02 6.219000000000000000e+03
4.000000000000000000e+02 6.288000000000000000e+03
4.200000000000000000e+02 6.366000000000000000e+03
4.400000000000000000e+02 6.273000000000000000e+03
4.600000000000000000e+02 6.456000000000000000e+03
4.800000000000000000e+02 6.452000000000000000e+03
5.000000000000000000e+02 6.269000000000000000e+03
5.200000000000000000e+02 6.323000000000000000e+03
5.400000000000000000e+02 6.313000000000000000e+03
5.600000000000000000e+02 6.200000000000000000e+03
5.800000000000000000e+02 6.255000000000000000e+03
6.000000000000000000e+02 6.052000000000000000e+03
6.200000000000000000e+02 6.297000000000000000e+03
6.400000000000000000e+02 6.216000000000000000e+03
6.600000000000000000e+02 6.079000000000000000e+03
6.800000000000000000e+02 6.051000000000000000e+03
7.000000000000000000e+02 5.941000000000000000e+03
7.200000000000000000e+02 5.790000000000000000e+03
7.400000000000000000e+02 5.820000000000000000e+03
7.600000000000000000e+02 5.853000000000000000e+03
7.800000000000000000e+02 5.718000000000000000e+03
8.000000000000000000e+02 5.471000000000000000e+03
8.200000000000000000e+02 5.554000000000000000e+03
8.400000000000000000e+02 5.262000000000000000e+03
8.600000000000000000e+02 5.399000000000000000e+03
8.800000000000000000e+02 5.278000000000000000e+03
9.000000000000000000e+02 5.152000000000000000e+03
9.200000000000000000e+02 5.179000000000000000e+03
9.400000000000000000e+02 4.808000000000000000e+03
9.600000000000000000e+02 4.706000000000000000e+03
9.800000000000000000e+02 4.569000000000000000e+03
1.000000000000000000e+03 4.633000000000000000e+03
1.020000000000000000e+03 4.331000000000000000e+03
1.040000000000000000e+03 4.181000000000000000e+03
1.060000000000000000e+03 3.994000000000000000e+03
1.080000000000000000e+03 4.053000000000000000e+03
1.100000000000000000e+03 3.804000000000000000e+03
1.120000000000000000e+03 3.501000000000000000e+03
1.140000000000000000e+03 3.471000000000000000e+03
1.160000000000000000e+03 3.343000000000000000e+03
1.180000000000000000e+03 3.220000000000000000e+03
1.200000000000000000e+03 3.107000000000000000e+03
1.220000000000000000e+03 2.984000000000000000e+03
1.240000000000000000e+03 2.802000000000000000e+03
1.260000000000000000e+03 2.738000000000000000e+03
1.280000000000000000e+03 2.574000000000000000e+03
1.300000000000000000e+03 2.505000000000000000e+03
1.320000000000000000e+03 2.358000000000000000e+03
1.340000000000000000e+03 2.384000000000000000e+03
1.360000000000000000e+03 2.323000000000000000e+03
1.380000000000000000e+03 2.163000000000000000e+03
1.400000000000000000e+03 2.107000000000000000e+03
1.420000000000000000e+03 2.024000000000000000e+03
1.440000000000000000e+03 2.041000000000000000e+03
1.460000000000000000e+03 1.972000000000000000e+03
1.480000000000000000e+03 2.029000000000000000e+03
1.500000000000000000e+03 1.984000000000000000e+03
1.520000000000000000e+03 1.927000000000000000e+03
1.540000000000000000e+03 2.034000000000000000e+03
1.560000000000000000e+03 2.034000000000000000e+03
1.580000000000000000e+03 2.001000000000000000e+03
1.600000000000000000e+03 2.121000000000000000e+03
1.620000000000000000e+03 2.205000000000000000e+03
1.640000000000000000e+03 2.260000000000000000e+03
1.660000000000000000e+03 2.355000000000000000e+03
1.680000000000000000e+03 2.418000000000000000e+03
1.700000000000000000e+03 2.659000000000000000e+03
1.720000000000000000e+03 2.674000000000000000e+03
1.740000000000000000e+03 2.863000000000000000e+03
1.760000000000000000e+03 3.111000000000000000e+03
1.780000000000000000e+03 3.218000000000000000e+03
1.800000000000000000e+03 3.201000000000000000e+03
1.820000000000000000e+03 3.416000000000000000e+03
1.840000000000000000e+03 3.629000000000000000e+03
1.860000000000000000e+03 3.885000000000000000e+03
1.880000000000000000e+03 4.051000000000000000e+03
1.900000000000000000e+03 4.155000000000000000e+03
1.920000000000000000e+03 4.367000000000000000e+03
1.940000000000000000e+03 4.587000000000000000e+03
1.960000000000000000e+03 4.637000000000000000e+03
1.980000000000000000e+03 4.983000000000000000e+03
2.000000000000000000e+03 4.797000000000000000e+03
2.020000000000000000e+03 4.933000000000000000e+03
2.040000000000000000e+03 5.168000000000000000e+03
2.060000000000000000e+03 5.292000000000000000e+03
2.080000000000000000e+03 5.374000000000000000e+03
2.100000000000000000e+03 5.441000000000000000e+03
2.120000000000000000e+03 5.600000000000000000e+03
2.140000000000000000e+03 5.723000000000000000e+03
2.160000000000000000e+03 5.753000000000000000e+03
2.180000000000000000e+03 5.829000000000000000e+03
2.200000000000000000e+03 5.964000000000000000e+03
2.220000000000000000e+03 5.916000000000000000e+03
2.240000000000000000e+03 6.115000000000000000e+03
2.260000000000000000e+03 5.939000000000000000e+03
2.280000000000000000e+03 6.065000000000000000e+03
2.300000000000000000e+03 6.159000000000000000e+03
2.320000000000000000e+03 6.311000000000000000e+03
2.340000000000000000e+03 6.181000000000000000e+03
2.360000000000000000e+03 6.348000000000000000e+03
2.380000000000000000e+03 6.214000000000000000e+03
2.400000000000000000e+03 6.329000000000000000e+03
2.420000000000000000e+03 6.289000000000000000e+03
2.440000000000000000e+03 6.282000000000000000e+03
2.460000000000000000e+03 6.293000000000000000e+03
2.480000000000000000e+03 6.333000000000000000e+03
2.500000000000000000e+03 6.307000000000000000e+03
2.520000000000000000e+03 6.267000000000000000e+03
2.540000000000000000e+03 6.202000000000000000e+03
2.560000000000000000e+03 6.221000000000000000e+03
2.580000000000000000e+03 6.168000000000000000e+03
2.600000000000000000e+03 6.193000000000000000e+03
2.620000000000000000e+03 6.218000000000000000e+03
2.640000000000000000e+03 5.981000000000000000e+03
2.660000000000000000e+03 5.949000000000000000e+03
2.680000000000000000e+03 6.055000000000000000e+03
2.700000000000000000e+03 5.904000000000000000e+03
2.720000000000000000e+03 5.980000000000000000e+03
2.740000000000000000e+03 5.680000000000000000e+03
2.760000000000000000e+03 5.831000000000000000e+03
2.780000000000000000e+03 5.625000000000000000e+03
2.800000000000000000e+03 5.695000000000000000e+03
2.820000000000000000e+03 5.577000000000000000e+03
2.840000000000000000e+03 5.548000000000000000e+03
2.860000000000000000e+03 5.338000000000000000e+03
2.880000000000000000e+03 5.185000000000000000e+03
2.900000000000000000e+03 5.106000000000000000e+03
2.920000000000000000e+03 4.948000000000000000e+03
2.940000000000000000e+03 4.854000000000000000e+03
2.960000000000000000e+03 4.720000000000000000e+03
2.980000000000000000e+03 4.541000000000000000e+03
3.000000000000000000e+03 4.414000000000000000e+03
3.020000000000000000e+03 4.352000000000000000e+03
3.040000000000000000e+03 4.288000000000000000e+03
3.060000000000000000e+03 4.119000000000000000e+03
3.080000000000000000e+03 3.880000000000000000e+03
3.100000000000000000e+03 3.676000000000000000e+03
3.120000000000000000e+03 3.641000000000000000e+03
3.140000000000000000e+03 3.513000000000000000e+03
3.160000000000000000e+03 3.415000000000000000e+03
3.180000000000000000e+03 3.201000000000000000e+03
3.200000000000000000e+03 3.083000000000000000e+03
3.220000000000000000e+03 2.871000000000000000e+03
3.240000000000000000e+03 2.822000000000000000e+03
3.260000000000000000e+03 2.651000000000000000e+03
3.280000000000000000e+03 2.696000000000000000e+03
3.300000000000000000e+03 2.539000000000000000e+03
3.320000000000000000e+03 2.416000000000000000e+03
3.340000000000000000e+03 2.312000000000000000e+03
3.360000000000000000e+03 2.339000000000000000e+03
3.380000000000000000e+03 2.119000000000000000e+03
3.400000000000000000e+03 2.092000000000000000e+03
3.420000000000000000e+03 2.121000000000000000e+03
3.440000000000000000e+03 2.044000000000000000e+03
3.460000000000000000e+03 2.005000000000000000e+03
3.480000000000000000e+03 1.916000000000000000e+03
3.500000000000000000e+03 1.981000000000000000e+03
3.520000000000000000e+03 1.999000000000000000e+03
3.540000000000000000e+03 2.054000000000000000e+03
3.560000000000000000e+03 2.089000000000000000e+03
3.580000000000000000e+03 2.106000000000000000e+03
3.600000000000000000e+03 2.210000000000000000e+03
3.620000000000000000e+03 2.102000000000000000e+03
3.640000000000000000e+03 2.358000000000000000e+03
3.660000000000000000e+03 2.368000000000000000e+03
3.680000000000000000e+03 2.372000000000000000e+03
3.700000000000000000e+03 2.529000000000000000e+03
3.720000000000000000e+03 2.771000000000000000e+03
3.740000000000000000e+03 2.888000000000000000e+03
3.760000000000000000e+03 2.999000000000000000e+03
3.780000000000000000e+03 3.124000000000000000e+03
3.800000000000000000e+03 3.316000000000000000e+03
3.820000000000000000e+03 3.473000000000000000e+03
3.840000000000000000e+03 3.651000000000000000e+03
3.860000000000000000e+03 3.822000000000000000e+03
3.880000000000000000e+03 3.955000000000000000e+03
3.900000000000000000e+03 4.100000000000000000e+03
3.920000000000000000e+03 4.347000000000000000e+03
3.940000000000000000e+03 4.568000000000000000e+03
3.960000000000000000e+03 4.596000000000000000e+03
3.980000000000000000e+03 4.810000000000000000e+03
