0.000000000000000000e+00 6.181000000000000000e+03
1.420000000000000000e+02 6.310000000000000000e+03
2.840000000000000000e+02 6.368000000000000000e+03
4.260000000000000000e+02 6.591000000000000000e+03
5.680000000000000000e+02 6.639000000000000000e+03
7.100000000000000000e+02 6.796000000000000000e+03
8.520000000000000000e+02 6.693000000000000000e+03
9.940000000000000000e+02 6.708000000000000000e+03
1.136000000000000000e+03 6.820000000000000000e+03
1.278000000000000000e+03 6.891000000000000000e+03
1.420000000000000000e+03 6.976000000000000000e+03
1.562000000000000000e+03 6.835000000000000000e+03
1.704000000000000000e+03 7.086000000000000000e+03
1.846000000000000000e+03 7.147000000000000000e+03
1.988000000000000000e+03 7.107000000000000000e+03
2.130000000000000000e+03 7.141000000000000000e+03
2.272000000000000000e+03 6.939000000000000000e+03
2.414000000000000000e+03 7.015000000000000000e+03
2.556000000000000000e+03 7.099000000000000000e+03
2.698000000000000000e+03 7.081000000000000000e+03
2.840000000000000000e+03 7.222000000000000000e+03
2.982000000000000000e+03 7.108000000000000000e+03
3.124000000000000000e+03 7.220000000000000000e+03
3.266000000000000000e+03 7.128000000000000000e+03
3.408000000000000000e+03 7.163000000000000000e+03
3.550000000000000000e+03 7.079000000000000000e+03
3.692000000000000000e+03 7.131000000000000000e+03
3.834000000000000000e+03 7.048000000000000000e+03
3.976000000000000000e+03 6.957000000000000000e+03
4.118000000000000000e+03 7.106000000000000000e+03
4.260000000000000000e+03 6.847000000000000000e+03
4.402000000000000000e+03 6.760000000000000000e+03
4.544000000000000000e+03 6.843000000000000000e+03
4.686000000000000000e+03 6.633000000000000000e+03
4.828000000000000000e+03 6.647000000000000000e+03
4.970000000000000000e+03 6.584000000000000000e+03
5.112000000000000000e+03 6.427000000000000000e+03
5.254000000000000000e+03 6.463000000000000000e+03
5.396000000000000000e+03 6.148000000000000000e+03
5.538000000000000000e+03 6.322000000000000000e+03
5.680000000000000000e+03 6.141000000000000000e+03
5.822000000000000000e+03 5.980000000000000000e+03
5.964000000000000000e+03 5.687000000000000000e+03
6.106000000000000000e+03 5.658000000000000000e+03
6.248000000000000000e+03 5.616000000000000000e+03
6.390000000000000000e+03 5.367000000000000000e+03
6.532000000000000000e+03 5.339000000000000000e+03
6.674000000000000000e+03 5.186000000000000000e+03
6.816000000000000000e+03 4.926000000000000000e+03
6.958000000000000000e+03 4.859000000000000000e+03
7.100000000000000000e+03 4.569000000000000000e+03
7.242000000000000000e+03 4.367000000000000000e+03
7.384000000000000000e+03 4.221000000000000000e+03
7.526000000000000000e+03 4.097000000000000000e+03
7.668000000000000000e+03 3.922000000000000000e+03
7.810000000000000000e+03 3.637000000000000000e+03
7.952000000000000000e+03 3.579000000000000000e+03
8.094000000000000000e+03 3.358000000000000000e+03
8.236000000000000000e+03 3.174000000000000000e+03
8.378000000000000000e+03 3.019000000000000000e+03
8.520000000000000000e+03 2.864000000000000000e+03
8.662000000000000000e+03 2.765000000000000000e+03
8.804000000000000000e+03 2.682000000000000000e+03
8.946000000000000000e+03 2.544000000000000000e+03
9.088000000000000000e+03 2.435000000000000000e+03
9.230000000000000000e+03 2.309000000000000000e+03
9.372000000000000000e+03 2.232000000000000000e+03
9.514000000000000000e+03 2.237000000000000000e+03
9.656000000000000000e+03 2.044000000000000000e+03
9.798000000000000000e+03 2.150000000000000000e+03
9.940000000000000000e+03 2.095000000000000000e+03
1.008200000000000000e+04 2.159000000000000000e+03
1.022400000000000000e+04 2.117000000000000000e+03
1.036600000000000000e+04 2.176000000000000000e+03
1.050800000000000000e+04 2.155000000000000000e+03
1.065000000000000000e+04 2.221000000000000000e+03
1.079200000000000000e+04 2.397000000000000000e+03
1.093400000000000000e+04 2.338000000000000000e+03
1.107600000000000000e+04 2.636000000000000000e+03
1.121800000000000000e+04 2.686000000000000000e+03
1.136000000000000000e+04 2.819000000000000000e+03
1.150200000000000000e+04 2.939000000000000000e+03
1.164400000000000000e+04 3.061000000000000000e+03
1.178600000000000000e+04 3.351000000000000000e+03
1.192800000000000000e+04 3.544000000000000000e+03
1.207000000000000000e+04 3.603000000000000000e+03
1.221200000000000000e+04 3.859000000000000000e+03
1.235400000000000000e+04 4.118000000000000000e+03
1.249600000000000000e+04 4.150000000000000000e+03
1.263800000000000000e+04 4.420000000000000000e+03
1.278000000000000000e+04 4.503000000000000000e+03
1.292200000000000000e+04 4.831000000000000000e+03
1.306400000000000000e+04 4.971000000000000000e+03
1.320600000000000000e+04 5.091000000000000000e+03
1.334800000000000000e+04 5.366000000000000000e+03
1.349000000000000000e+04 5.412000000000000000e+03
1.363200000000000000e+04 5.631000000000000000e+03
1.377400000000000000e+04 5.809000000000000000e+03
1.391600000000000000e+04 5.904000000000000000e+03
1.405800000000000000e+04 5.912000000000000000e+03
1.420000000000000000e+04 6.284000000000000000e+03
1.434200000000000000e+04 6.204000000000000000e+03
1.448400000000000000e+04 6.412000000000000000e+03
1.462600000000000000e+04 6.429000000000000000e+03
1.476800000000000000e+04 6.441000000000000000e+03
1.491000000000000000e+04 6.562000000000000000e+03
1.505200000000000000e+04 6.740000000000000000e+03
1.519400000000000000e+04 6.787000000000000000e+03
1.533600000000000000e+04 6.720000000000000000e+03
1.547800000000000000e+04 6.902000000000000000e+03
1.562000000000000000e+04 6.804000000000000000e+03
1.576200000000000000e+04 6.890000000000000000e+03
1.590400000000000000e+04 6.912000000000000000e+03
1.604600000000000000e+04 7.158000000000000000e+03
1.618800000000000000e+04 7.087000000000000000e+03
1.633000000000000000e+04 7.158000000000000000e+03
1.647200000000000000e+04 6.990000000000000000e+03
1.661400000000000000e+04 7.149000000000000000e+03
1.675600000000000000e+04 7.003000000000000000e+03
1.689800000000000000e+04 6.962000000000000000e+03
1.704000000000000000e+04 7.102000000000000000e+03
1.718200000000000000e+04 7.326000000000000000e+03
1.732400000000000000e+04 7.045000000000000000e+03
1.746600000000000000e+04 7.128000000000000000e+03
1.760800000000000000e+04 7.043000000000000000e+03
1.775000000000000000e+04 7.118000000000000000e+03
1.789200000000000000e+04 6.920000000000000000e+03
1.803400000000000000e+04 6.960000000000000000e+03
1.817600000000000000e+04 7.055000000000000000e+03
1.831800000000000000e+04 6.873000000000000000e+03
1.846000000000000000e+04 6.797000000000000000e+03
1.860200000000000000e+04 6.691000000000000000e+03
1.874400000000000000e+04 6.854000000000000000e+03
1.888600000000000000e+04 6.706000000000000000e+03
1.902800000000000000e+04 6.543000000000000000e+03
1.917000000000000000e+04 6.564000000000000000e+03
1.931200000000000000e+04 6.552000000000000000e+03
1.945400000000000000e+04 6.344000000000000000e+03
1.959600000000000000e+04 6.349000000000000000e+03
1.973800000000000000e+04 6.375000000000000000e+03
1.988000000000000000e+04 6.296000000000000000e+03
2.002200000000000000e+04 5.922000000000000000e+03
2.016400000000000000e+04 5.896000000000000000e+03
2.030600000000000000e+04 5.830000000000000000e+03
2.044800000000000000e+04 5.711000000000000000e+03
2.059000000000000000e+04 5.535000000000000000e+03
2.073200000000000000e+04 5.257000000000000000e+03
2.087400000000000000e+04 5.196000000000000000e+03
2.101600000000000000e+04 5.140000000000000000e+03
2.115800000000000000e+04 4.845000000000000000e+03
2.130000000000000000e+04 4.627000000000000000e+03
2.144200000000000000e+04 4.549000000000000000e+03
2.158400000000000000e+04 4.395000000000000000e+03
2.172600000000000000e+04 4.265000000000000000e+03
2.186800000000000000e+04 3.989000000000000000e+03
2.201000000000000000e+04 3.884000000000000000e+03
2.215200000000000000e+04 3.663000000000000000e+03
2.229400000000000000e+04 3.432000000000000000e+03
2.243600000000000000e+04 3.356000000000000000e+03
2.257800000000000000e+04 3.139000000000000000e+03
2.272000000000000000e+04 3.019000000000000000e+03
2.286200000000000000e+04 2.891000000000000000e+03
2.300400000000000000e+04 2.752000000000000000e+03
2.314600000000000000e+04 2.619000000000000000e+03
2.328800000000000000e+04 2.505000000000000000e+03
2.343000000000000000e+04 2.492000000000000000e+03
2.357200000000000000e+04 2.293000000000000000e+03
2.371400000000000000e+04 2.217000000000000000e+03
2.385600000000000000e+04 2.054000000000000000e+03
2.399800000000000000e+04 2.101000000000000000e+03
2.414000000000000000e+04 2.164000000000000000e+03
2.428200000000000000e+04 2.081000000000000000e+03
2.442400000000000000e+04 2.083000000000000000e+03
2.456600000000000000e+04 2.188000000000000000e+03
2.470800000000000000e+04 2.188000000000000000e+03
2.485000000000000000e+04 2.242000000000000000e+03
2.499200000000000000e+04 2.254000000000000000e+03
2.513400000000000000e+04 2.352000000000000000e+03
2.527600000000000000e+04 2.470000000000000000e+03
2.541800000000000000e+04 2.499000000000000000e+03
2.556000000000000000e+04 2.765000000000000000e+03
2.570200000000000000e+04 2.882000000000000000e+03
2.584400000000000000e+04 3.020000000000000000e+03
2.598600000000000000e+04 3.173000000000000000e+03
2.612800000000000000e+04 3.313000000000000000e+03
2.627000000000000000e+04 3.612000000000000000e+03
2.641200000000000000e+04 3.762000000000000000e+03
2.655400000000000000e+04 3.962000000000000000e+03
2.669600000000000000e+04 4.128000000000000000e+03
2.683800000000000000e+04 4.283000000000000000e+03
2.698000000000000000e+04 4.541000000000000000e+03
2.712200000000000000e+04 4.645000000000000000e+03
2.726400000000000000e+04 4.892000000000000000e+03
2.740600000000000000e+04 5.052000000000000000e+03
2.754800000000000000e+04 5.315000000000000000e+03
2.769000000000000000e+04 5.320000000000000000e+03
2.783200000000000000e+04 5.293000000000000000e+03
2.797400000000000000e+04 5.571000000000000000e+03
2.811600000000000000e+04 5.568000000000000000e+03
2.825800000000000000e+04 5.916000000000000000e+03
2.840000000000000000e+04 5.840000000000000000e+03
