0.000000000000000000e+00 5.438000000000000000e+03
5.000000000000000000e+01 5.428000000000000000e+03
1.000000000000000000e+02 5.349000000000000000e+03
1.500000000000000000e+02 5.730000000000000000e+03
2.000000000000000000e+02 5.711000000000000000e+03
2.500000000000000000e+02 5.808000000000000000e+03
3.000000000000000000e+02 5.868000000000000000e+03
3.500000000000000000e+02 5.996000000000000000e+03
4.000000000000000000e+02 5.940000000000000000e+03
4.500000000000000000e+02 5.958000000000000000e+03
5.000000000000000000e+02 6.093000000000000000e+03
5.500000000000000000e+02 6.124000000000000000e+03
6.000000000000000000e+02 6.137000000000000000e+03
6.500000000000000000e+02 6.044000000000000000e+03
7.000000000000000000e+02 6.278000000000000000e+03
7.500000000000000000e+02 6.355000000000000000e+03
8.000000000000000000e+02 6.350000000000000000e+03
8.500000000000000000e+02 6.207000000000000000e+03
9.000000000000000000e+02 6.310000000000000000e+03
9.500000000000000000e+02 6.294000000000000000e+03
1.000000000000000000e+03 6.399000000000000000e+03
1.050000000000000000e+03 6.310000000000000000e+03
1.100000000000000000e+03 6.310000000000000000e+03
1.150000000000000000e+03 6.380000000000000000e+03
1.200000000000000000e+03 6.365000000000000000e+03
1.250000000000000000e+03 6.191000000000000000e+03
1.300000000000000000e+03 6.274000000000000000e+03
1.350000000000000000e+03 6.143000000000000000e+03
1.400000000000000000e+03 6.199000000000000000e+03
1.450000000000000000e+03 6.074000000000000000e+03
1.500000000000000000e+03 6.031000000000000000e+03
1.550000000000000000e+03 5.909000000000000000e+03
1.600000000000000000e+03 6.037000000000000000e+03
1.650000000000000000e+03 5.885000000000000000e+03
1.700000000000000000e+03 5.782000000000000000e+03
1.750000000000000000e+03 5.793000000000000000e+03
1.800000000000000000e+03 5.761000000000000000e+03
1.850000000000000000e+03 5.504000000000000000e+03
1.900000000000000000e+03 5.611000000000000000e+03
1.950000000000000000e+03 5.490000000000000000e+03
2.000000000000000000e+03 5.319000000000000000e+03
2.050000000000000000e+03 5.219000000000000000e+03
2.100000000000000000e+03 5.201000000000000000e+03
2.150000000000000000e+03 5.024000000000000000e+03
2.200000000000000000e+03 4.869000000000000000e+03
2.250000000000000000e+03 4.842000000000000000e+03
2.300000000000000000e+03 4.721000000000000000e+03
2.350000000000000000e+03 4.601000000000000000e+03
2.400000000000000000e+03 4.289000000000000000e+03
2.450000000000000000e+03 4.200000000000000000e+03
2.500000000000000000e+03 4.161000000000000000e+03
2.550000000000000000e+03 3.958000000000000000e+03
2.600000000000000000e+03 3.727000000000000000e+03
2.650000000000000000e+03 3.614000000000000000e+03
2.700000000000000000e+03 3.365000000000000000e+03
2.750000000000000000e+03 3.261000000000000000e+03
2.800000000000000000e+03 3.087000000000000000e+03
2.850000000000000000e+03 2.929000000000000000e+03
2.900000000000000000e+03 2.734000000000000000e+03
2.950000000000000000e+03 2.613000000000000000e+03
3.000000000000000000e+03 2.548000000000000000e+03
3.050000000000000000e+03 2.428000000000000000e+03
3.100000000000000000e+03 2.319000000000000000e+03
3.150000000000000000e+03 2.213000000000000000e+03
3.200000000000000000e+03 2.108000000000000000e+03
3.250000000000000000e+03 2.001000000000000000e+03
3.300000000000000000e+03 1.909000000000000000e+03
3.350000000000000000e+03 1.784000000000000000e+03
3.400000000000000000e+03 1.865000000000000000e+03
3.450000000000000000e+03 1.740000000000000000e+03
3.500000000000000000e+03 1.752000000000000000e+03
3.550000000000000000e+03 1.697000000000000000e+03
3.600000000000000000e+03 1.709000000000000000e+03
3.650000000000000000e+03 1.682000000000000000e+03
3.700000000000000000e+03 1.744000000000000000e+03
3.750000000000000000e+03 1.757000000000000000e+03
3.800000000000000000e+03 1.780000000000000000e+03
3.850000000000000000e+03 1.868000000000000000e+03
3.900000000000000000e+03 1.959000000000000000e+03
3.950000000000000000e+03 2.053000000000000000e+03
4.000000000000000000e+03 2.203000000000000000e+03
4.050000000000000000e+03 2.292000000000000000e+03
4.100000000000000000e+03 2.351000000000000000e+03
4.150000000000000000e+03 2.607000000000000000e+03
4.200000000000000000e+03 2.667000000000000000e+03
4.250000000000000000e+03 2.829000000000000000e+03
4.300000000000000000e+03 3.094000000000000000e+03
4.350000000000000000e+03 3.180000000000000000e+03
4.400000000000000000e+03 3.390000000000000000e+03
4.450000000000000000e+03 3.557000000000000000e+03
4.500000000000000000e+03 3.873000000000000000e+03
4.550000000000000000e+03 3.962000000000000000e+03
4.600000000000000000e+03 4.083000000000000000e+03
4.650000000000000000e+03 4.296000000000000000e+03
4.700000000000000000e+03 4.352000000000000000e+03
4.750000000000000000e+03 4.572000000000000000e+03
4.800000000000000000e+03 4.754000000000000000e+03
4.850000000000000000e+03 4.921000000000000000e+03
4.900000000000000000e+03 4.965000000000000000e+03
4.950000000000000000e+03 5.148000000000000000e+03
5.000000000000000000e+03 5.397000000000000000e+03
5.050000000000000000e+03 5.390000000000000000e+03
5.100000000000000000e+03 5.582000000000000000e+03
5.150000000000000000e+03 5.686000000000000000e+03
5.200000000000000000e+03 5.757000000000000000e+03
5.250000000000000000e+03 5.858000000000000000e+03
5.300000000000000000e+03 5.778000000000000000e+03
5.350000000000000000e+03 5.934000000000000000e+03
5.400000000000000000e+03 6.006000000000000000e+03
5.450000000000000000e+03 6.156000000000000000e+03
5.500000000000000000e+03 6.128000000000000000e+03
5.550000000000000000e+03 6.197000000000000000e+03
5.600000000000000000e+03 6.134000000000000000e+03
5.650000000000000000e+03 6.240000000000000000e+03
5.700000000000000000e+03 6.238000000000000000e+03
5.750000000000000000e+03 6.343000000000000000e+03
5.800000000000000000e+03 6.424000000000000000e+03
5.850000000000000000e+03 6.295000000000000000e+03
5.900000000000000000e+03 6.227000000000000000e+03
5.950000000000000000e+03 6.269000000000000000e+03
6.000000000000000000e+03 6.428000000000000000e+03
6.050000000000000000e+03 6.318000000000000000e+03
6.100000000000000000e+03 6.317000000000000000e+03
6.150000000000000000e+03 6.300000000000000000e+03
6.200000000000000000e+03 6.241000000000000000e+03
6.250000000000000000e+03 6.343000000000000000e+03
6.300000000000000000e+03 6.191000000000000000e+03
6.350000000000000000e+03 6.234000000000000000e+03
6.400000000000000000e+03 6.180000000000000000e+03
6.450000000000000000e+03 6.047000000000000000e+03
6.500000000000000000e+03 6.179000000000000000e+03
6.550000000000000000e+03 6.016000000000000000e+03
6.600000000000000000e+03 5.976000000000000000e+03
6.650000000000000000e+03 5.908000000000000000e+03
6.700000000000000000e+03 5.915000000000000000e+03
6.750000000000000000e+03 5.894000000000000000e+03
6.800000000000000000e+03 5.849000000000000000e+03
6.850000000000000000e+03 5.604000000000000000e+03
6.900000000000000000e+03 5.518000000000000000e+03
6.950000000000000000e+03 5.452000000000000000e+03
7.000000000000000000e+03 5.349000000000000000e+03
7.050000000000000000e+03 5.239000000000000000e+03
7.100000000000000000e+03 5.094000000000000000e+03
7.150000000000000000e+03 5.086000000000000000e+03
7.200000000000000000e+03 4.873000000000000000e+03
7.250000000000000000e+03 4.891000000000000000e+03
7.300000000000000000e+03 4.600000000000000000e+03
7.350000000000000000e+03 4.423000000000000000e+03
7.400000000000000000e+03 4.259000000000000000e+03
7.450000000000000000e+03 4.221000000000000000e+03
7.500000000000000000e+03 4.024000000000000000e+03
7.550000000000000000e+03 3.852000000000000000e+03
7.600000000000000000e+03 3.714000000000000000e+03
7.650000000000000000e+03 3.536000000000000000e+03
7.700000000000000000e+03 3.448000000000000000e+03
7.750000000000000000e+03 3.235000000000000000e+03
7.800000000000000000e+03 3.160000000000000000e+03
7.850000000000000000e+03 3.045000000000000000e+03
7.900000000000000000e+03 2.804000000000000000e+03
7.950000000000000000e+03 2.735000000000000000e+03
8.000000000000000000e+03 2.603000000000000000e+03
8.050000000000000000e+03 2.454000000000000000e+03
8.100000000000000000e+03 2.291000000000000000e+03
8.150000000000000000e+03 2.272000000000000000e+03
8.200000000000000000e+03 2.064000000000000000e+03
8.250000000000000000e+03 1.962000000000000000e+03
8.300000000000000000e+03 1.952000000000000000e+03
8.350000000000000000e+03 1.803000000000000000e+03
8.400000000000000000e+03 1.796000000000000000e+03
8.450000000000000000e+03 1.786000000000000000e+03
8.500000000000000000e+03 1.830000000000000000e+03
8.550000000000000000e+03 1.726000000000000000e+03
8.600000000000000000e+03 1.704000000000000000e+03
8.650000000000000000e+03 1.761000000000000000e+03
8.700000000000000000e+03 1.769000000000000000e+03
8.750000000000000000e+03 1.735000000000000000e+03
8.800000000000000000e+03 1.809000000000000000e+03
8.850000000000000000e+03 1.859000000000000000e+03
8.900000000000000000e+03 1.976000000000000000e+03
8.950000000000000000e+03 2.145000000000000000e+03
9.000000000000000000e+03 2.205000000000000000e+03
9.050000000000000000e+03 2.287000000000000000e+03
9.100000000000000000e+03 2.437000000000000000e+03
9.150000000000000000e+03 2.533000000000000000e+03
9.200000000000000000e+03 2.764000000000000000e+03
9.250000000000000000e+03 2.859000000000000000e+03
9.300000000000000000e+03 3.005000000000000000e+03
9.350000000000000000e+03 3.134000000000000000e+03
9.400000000000000000e+03 3.438000000000000000e+03
9.450000000000000000e+03 3.579000000000000000e+03
9.500000000000000000e+03 3.740000000000000000e+03
9.550000000000000000e+03 3.973000000000000000e+03
9.600000000000000000e+03 4.055000000000000000e+03
9.650000000000000000e+03 4.321000000000000000e+03
9.700000000000000000e+03 4.433000000000000000e+03
9.750000000000000000e+03 4.494000000000000000e+03
9.800000000000000000e+03 4.700000000000000000e+03
9.850000000000000000e+03 4.783000000000000000e+03
9.900000000000000000e+03 5.034000000000000000e+03
9.950000000000000000e+03 5.179000000000000000e+03
