0.000000000000000000e+00 6.264000000000000000e+03
5.000000000000000000e+02 6.395000000000000000e+03
1.000000000000000000e+03 6.575000000000000000e+03
1.500000000000000000e+03 6.690000000000000000e+03
2.000000000000000000e+03 6.545000000000000000e+03
2.500000000000000000e+03 6.771000000000000000e+03
3.000000000000000000e+03 6.933000000000000000e+03
3.500000000000000000e+03 6.903000000000000000e+03
4.000000000000000000e+03 7.105000000000000000e+03
4.500000000000000000e+03 7.192000000000000000e+03
5.000000000000000000e+03 7.016000000000000000e+03
5.500000000000000000e+03 7.164000000000000000e+03
6.000000000000000000e+03 7.107000000000000000e+03
6.500000000000000000e+03 7.215000000000000000e+03
7.000000000000000000e+03 7.344000000000000000e+03
7.500000000000000000e+03 7.259000000000000000e+03
8.000000000000000000e+03 7.281000000000000000e+03
8.500000000000000000e+03 7.354000000000000000e+03
9.000000000000000000e+03 7.335000000000000000e+03
9.500000000000000000e+03 7.187000000000000000e+03
1.000000000000000000e+04 7.298000000000000000e+03
1.050000000000000000e+04 7.299000000000000000e+03
1.100000000000000000e+04 7.104000000000000000e+03
1.150000000000000000e+04 7.116000000000000000e+03
1.200000000000000000e+04 7.297000000000000000e+03
1.250000000000000000e+04 7.314000000000000000e+03
1.300000000000000000e+04 7.241000000000000000e+03
1.350000000000000000e+04 7.124000000000000000e+03
1.400000000000000000e+04 7.188000000000000000e+03
1.450000000000000000e+04 7.152000000000000000e+03
1.500000000000000000e+04 7.037000000000000000e+03
1.550000000000000000e+04 7.019000000000000000e+03
1.600000000000000000e+04 6.969000000000000000e+03
1.650000000000000000e+04 6.873000000000000000e+03
1.700000000000000000e+04 6.835000000000000000e+03
1.750000000000000000e+04 6.641000000000000000e+03
1.800000000000000000e+04 6.611000000000000000e+03
1.850000000000000000e+04 6.534000000000000000e+03
1.900000000000000000e+04 6.383000000000000000e+03
1.950000000000000000e+04 6.245000000000000000e+03
2.000000000000000000e+04 6.205000000000000000e+03
2.050000000000000000e+04 6.076000000000000000e+03
2.100000000000000000e+04 5.874000000000000000e+03
2.150000000000000000e+04 5.663000000000000000e+03
2.200000000000000000e+04 5.605000000000000000e+03
2.250000000000000000e+04 5.465000000000000000e+03
2.300000000000000000e+04 5.220000000000000000e+03
2.350000000000000000e+04 5.128000000000000000e+03
2.400000000000000000e+04 4.978000000000000000e+03
2.450000000000000000e+04 4.770000000000000000e+03
2.500000000000000000e+04 4.506000000000000000e+03
2.550000000000000000e+04 4.411000000000000000e+03
2.600000000000000000e+04 4.243000000000000000e+03
2.650000000000000000e+04 4.093000000000000000e+03
2.700000000000000000e+04 3.825000000000000000e+03
2.750000000000000000e+04 3.621000000000000000e+03
2.800000000000000000e+04 3.419000000000000000e+03
2.850000000000000000e+04 3.254000000000000000e+03
2.900000000000000000e+04 3.119000000000000000e+03
2.950000000000000000e+04 2.992000000000000000e+03
3.000000000000000000e+04 2.831000000000000000e+03
3.050000000000000000e+04 2.674000000000000000e+03
3.100000000000000000e+04 2.585000000000000000e+03
3.150000000000000000e+04 2.633000000000000000e+03
3.200000000000000000e+04 2.461000000000000000e+03
3.250000000000000000e+04 2.325000000000000000e+03
3.300000000000000000e+04 2.195000000000000000e+03
3.350000000000000000e+04 2.316000000000000000e+03
3.400000000000000000e+04 2.237000000000000000e+03
3.450000000000000000e+04 2.121000000000000000e+03
3.500000000000000000e+04 2.112000000000000000e+03
3.550000000000000000e+04 2.276000000000000000e+03
3.600000000000000000e+04 2.144000000000000000e+03
3.650000000000000000e+04 2.221000000000000000e+03
3.700000000000000000e+04 2.393000000000000000e+03
3.750000000000000000e+04 2.421000000000000000e+03
3.800000000000000000e+04 2.539000000000000000e+03
3.850000000000000000e+04 2.671000000000000000e+03
3.900000000000000000e+04 2.818000000000000000e+03
3.950000000000000000e+04 2.891000000000000000e+03
4.000000000000000000e+04 3.004000000000000000e+03
4.050000000000000000e+04 3.246000000000000000e+03
4.100000000000000000e+04 3.302000000000000000e+03
4.150000000000000000e+04 3.410000000000000000e+03
4.200000000000000000e+04 3.637000000000000000e+03
4.250000000000000000e+04 3.915000000000000000e+03
4.300000000000000000e+04 4.035000000000000000e+03
4.350000000000000000e+04 4.400000000000000000e+03
4.400000000000000000e+04 4.518000000000000000e+03
4.450000000000000000e+04 4.656000000000000000e+03
4.500000000000000000e+04 4.867000000000000000e+03
4.550000000000000000e+04 5.068000000000000000e+03
4.600000000000000000e+04 5.205000000000000000e+03
4.650000000000000000e+04 5.377000000000000000e+03
4.700000000000000000e+04 5.490000000000000000e+03
4.750000000000000000e+04 5.687000000000000000e+03
4.800000000000000000e+04 5.820000000000000000e+03
4.850000000000000000e+04 6.151000000000000000e+03
4.900000000000000000e+04 6.082000000000000000e+03
4.950000000000000000e+04 6.230000000000000000e+03
5.000000000000000000e+04 6.353000000000000000e+03
5.050000000000000000e+04 6.481000000000000000e+03
5.100000000000000000e+04 6.608000000000000000e+03
5.150000000000000000e+04 6.612000000000000000e+03
5.200000000000000000e+04 6.733000000000000000e+03
5.250000000000000000e+04 6.929000000000000000e+03
5.300000000000000000e+04 6.908000000000000000e+03
5.350000000000000000e+04 6.788000000000000000e+03
5.400000000000000000e+04 7.133000000000000000e+03
5.450000000000000000e+04 7.134000000000000000e+03
5.500000000000000000e+04 7.203000000000000000e+03
5.550000000000000000e+04 6.999000000000000000e+03
5.600000000000000000e+04 7.106000000000000000e+03
5.650000000000000000e+04 7.223000000000000000e+03
5.700000000000000000e+04 7.258000000000000000e+03
5.750000000000000000e+04 7.316000000000000000e+03
5.800000000000000000e+04 7.274000000000000000e+03
5.850000000000000000e+04 7.325000000000000000e+03
5.900000000000000000e+04 7.167000000000000000e+03
5.950000000000000000e+04 7.304000000000000000e+03
6.000000000000000000e+04 7.179000000000000000e+03
6.050000000000000000e+04 7.191000000000000000e+03
6.100000000000000000e+04 7.213000000000000000e+03
6.150000000000000000e+04 7.222000000000000000e+03
6.200000000000000000e+04 7.377000000000000000e+03
6.250000000000000000e+04 7.177000000000000000e+03
6.300000000000000000e+04 7.124000000000000000e+03
6.350000000000000000e+04 7.322000000000000000e+03
6.400000000000000000e+04 6.943000000000000000e+03
6.450000000000000000e+04 7.127000000000000000e+03
6.500000000000000000e+04 7.034000000000000000e+03
6.550000000000000000e+04 7.044000000000000000e+03
6.600000000000000000e+04 6.959000000000000000e+03
6.650000000000000000e+04 6.731000000000000000e+03
6.700000000000000000e+04 6.829000000000000000e+03
6.750000000000000000e+04 6.618000000000000000e+03
6.800000000000000000e+04 6.713000000000000000e+03
6.850000000000000000e+04 6.482000000000000000e+03
6.900000000000000000e+04 6.338000000000000000e+03
6.950000000000000000e+04 6.316000000000000000e+03
7.000000000000000000e+04 6.187000000000000000e+03
7.050000000000000000e+04 5.992000000000000000e+03
7.100000000000000000e+04 6.034000000000000000e+03
7.150000000000000000e+04 5.873000000000000000e+03
7.200000000000000000e+04 5.594000000000000000e+03
7.250000000000000000e+04 5.455000000000000000e+03
7.300000000000000000e+04 5.332000000000000000e+03
7.350000000000000000e+04 5.123000000000000000e+03
7.400000000000000000e+04 4.931000000000000000e+03
7.450000000000000000e+04 4.784000000000000000e+03
7.500000000000000000e+04 4.571000000000000000e+03
7.550000000000000000e+04 4.332000000000000000e+03
7.600000000000000000e+04 4.195000000000000000e+03
7.650000000000000000e+04 4.011000000000000000e+03
7.700000000000000000e+04 3.861000000000000000e+03
7.750000000000000000e+04 3.760000000000000000e+03
7.800000000000000000e+04 3.458000000000000000e+03
7.850000000000000000e+04 3.438000000000000000e+03
7.900000000000000000e+04 3.174000000000000000e+03
7.950000000000000000e+04 3.009000000000000000e+03
8.000000000000000000e+04 2.834000000000000000e+03
8.050000000000000000e+04 2.754000000000000000e+03
8.100000000000000000e+04 2.598000000000000000e+03
8.150000000000000000e+04 2.535000000000000000e+03
8.200000000000000000e+04 2.400000000000000000e+03
8.250000000000000000e+04 2.384000000000000000e+03
8.300000000000000000e+04 2.219000000000000000e+03
8.350000000000000000e+04 2.150000000000000000e+03
8.400000000000000000e+04 2.133000000000000000e+03
8.450000000000000000e+04 2.098000000000000000e+03
8.500000000000000000e+04 2.132000000000000000e+03
8.550000000000000000e+04 2.096000000000000000e+03
8.600000000000000000e+04 2.213000000000000000e+03
8.650000000000000000e+04 2.177000000000000000e+03
8.700000000000000000e+04 2.355000000000000000e+03
8.750000000000000000e+04 2.450000000000000000e+03
8.800000000000000000e+04 2.497000000000000000e+03
8.850000000000000000e+04 2.601000000000000000e+03
8.900000000000000000e+04 2.781000000000000000e+03
8.950000000000000000e+04 2.900000000000000000e+03
9.000000000000000000e+04 3.069000000000000000e+03
9.050000000000000000e+04 3.078000000000000000e+03
9.100000000000000000e+04 3.440000000000000000e+03
9.150000000000000000e+04 3.590000000000000000e+03
9.200000000000000000e+04 3.738000000000000000e+03
9.250000000000000000e+04 3.901000000000000000e+03
9.300000000000000000e+04 4.139000000000000000e+03
9.350000000000000000e+04 4.248000000000000000e+03
9.400000000000000000e+04 4.553000000000000000e+03
9.450000000000000000e+04 4.632000000000000000e+03
9.500000000000000000e+04 4.907000000000000000e+03
9.550000000000000000e+04 4.999000000000000000e+03
9.600000000000000000e+04 5.317000000000000000e+03
9.650000000000000000e+04 5.385000000000000000e+03
9.700000000000000000e+04 5.485000000000000000e+03
9.750000000000000000e+04 5.606000000000000000e+03
9.800000000000000000e+04 5.854000000000000000e+03
9.850000000000000000e+04 5.995000000000000000e+03
9.900000000000000000e+04 6.131000000000000000e+03
9.950000000000000000e+04 6.202000000000000000e+03
