0.000000000000000000e+00 7.439000000000000000e+03
2.000000000000000000e+03 7.461000000000000000e+03
4.000000000000000000e+03 7.714000000000000000e+03
6.000000000000000000e+03 7.711000000000000000e+03
8.000000000000000000e+03 7.939000000000000000e+03
1.000000000000000000e+04 8.079000000000000000e+03
1.200000000000000000e+04 8.166000000000000000e+03
1.400000000000000000e+04 8.238000000000000000e+03
1.600000000000000000e+04 8.350000000000000000e+03
1.800000000000000000e+04 8.214000000000000000e+03
2.000000000000000000e+04 8.455000000000000000e+03
2.200000000000000000e+04 8.414000000000000000e+03
2.400000000000000000e+04 8.449000000000000000e+03
2.600000000000000000e+04 8.283000000000000000e+03
2.800000000000000000e+04 8.257000000000000000e+03
3.000000000000000000e+04 8.547000000000000000e+03
3.200000000000000000e+04 8.462000000000000000e+03
3.400000000000000000e+04 8.459000000000000000e+03
3.600000000000000000e+04 8.281000000000000000e+03
3.800000000000000000e+04 8.687000000000000000e+03
4.000000000000000000e+04 8.510000000000000000e+03
4.200000000000000000e+04 8.438000000000000000e+03
4.400000000000000000e+04 8.518000000000000000e+03
4.600000000000000000e+04 8.406000000000000000e+03
4.800000000000000000e+04 8.229000000000000000e+03
5.000000000000000000e+04 8.478000000000000000e+03
5.200000000000000000e+04 8.515000000000000000e+03
5.400000000000000000e+04 8.399000000000000000e+03
5.600000000000000000e+04 8.257000000000000000e+03
5.800000000000000000e+04 8.254000000000000000e+03
6.000000000000000000e+04 8.185000000000000000e+03
6.200000000000000000e+04 7.923000000000000000e+03
6.400000000000000000e+04 8.092000000000000000e+03
6.600000000000000000e+04 7.868000000000000000e+03
6.800000000000000000e+04 7.898000000000000000e+03
7.000000000000000000e+04 7.848000000000000000e+03
7.200000000000000000e+04 7.735000000000000000e+03
7.400000000000000000e+04 7.540000000000000000e+03
7.600000000000000000e+04 7.553000000000000000e+03
7.800000000000000000e+04 7.270000000000000000e+03
8.000000000000000000e+04 7.257000000000000000e+03
8.200000000000000000e+04 7.137000000000000000e+03
8.400000000000000000e+04 6.880000000000000000e+03
8.600000000000000000e+04 6.624000000000000000e+03
8.800000000000000000e+04 6.759000000000000000e+03
9.000000000000000000e+04 6.457000000000000000e+03
9.200000000000000000e+04 6.194000000000000000e+03
9.400000000000000000e+04 5.974000000000000000e+03
9.600000000000000000e+04 5.731000000000000000e+03
9.800000000000000000e+04 5.619000000000000000e+03
1.000000000000000000e+05 5.244000000000000000e+03
1.020000000000000000e+05 5.175000000000000000e+03
1.040000000000000000e+05 4.779000000000000000e+03
1.060000000000000000e+05 4.711000000000000000e+03
1.080000000000000000e+05 4.392000000000000000e+03
1.100000000000000000e+05 4.302000000000000000e+03
1.120000000000000000e+05 4.036000000000000000e+03
1.140000000000000000e+05 3.850000000000000000e+03
1.160000000000000000e+05 3.730000000000000000e+03
1.180000000000000000e+05 3.519000000000000000e+03
1.200000000000000000e+05 3.218000000000000000e+03
1.220000000000000000e+05 3.141000000000000000e+03
1.240000000000000000e+05 2.986000000000000000e+03
1.260000000000000000e+05 2.829000000000000000e+03
1.280000000000000000e+05 2.844000000000000000e+03
1.300000000000000000e+05 2.571000000000000000e+03
1.320000000000000000e+05 2.516000000000000000e+03
1.340000000000000000e+05 2.619000000000000000e+03
1.360000000000000000e+05 2.488000000000000000e+03
1.380000000000000000e+05 2.428000000000000000e+03
1.400000000000000000e+05 2.429000000000000000e+03
1.420000000000000000e+05 2.491000000000000000e+03
1.440000000000000000e+05 2.568000000000000000e+03
1.460000000000000000e+05 2.601000000000000000e+03
1.480000000000000000e+05 2.684000000000000000e+03
1.500000000000000000e+05 2.697000000000000000e+03
1.520000000000000000e+05 3.008000000000000000e+03
1.540000000000000000e+05 2.946000000000000000e+03
1.560000000000000000e+05 3.204000000000000000e+03
1.580000000000000000e+05 3.434000000000000000e+03
1.600000000000000000e+05 3.603000000000000000e+03
1.620000000000000000e+05 3.626000000000000000e+03
1.640000000000000000e+05 3.868000000000000000e+03
1.660000000000000000e+05 4.253000000000000000e+03
1.680000000000000000e+05 4.407000000000000000e+03
1.700000000000000000e+05 4.739000000000000000e+03
1.720000000000000000e+05 4.972000000000000000e+03
1.740000000000000000e+05 5.166000000000000000e+03
1.760000000000000000e+05 5.290000000000000000e+03
1.780000000000000000e+05 5.471000000000000000e+03
1.800000000000000000e+05 5.701000000000000000e+03
1.820000000000000000e+05 6.036000000000000000e+03
1.840000000000000000e+05 6.237000000000000000e+03
1.860000000000000000e+05 6.349000000000000000e+03
1.880000000000000000e+05 6.541000000000000000e+03
1.900000000000000000e+05 6.747000000000000000e+03
1.920000000000000000e+05 6.891000000000000000e+03
1.940000000000000000e+05 7.212000000000000000e+03
1.960000000000000000e+05 6.973000000000000000e+03
1.980000000000000000e+05 7.311000000000000000e+03
2.000000000000000000e+05 7.540000000000000000e+03
2.020000000000000000e+05 7.510000000000000000e+03
2.040000000000000000e+05 7.580000000000000000e+03
2.060000000000000000e+05 7.731000000000000000e+03
2.080000000000000000e+05 7.984000000000000000e+03
2.100000000000000000e+05 7.872000000000000000e+03
2.120000000000000000e+05 8.180000000000000000e+03
2.140000000000000000e+05 7.951000000000000000e+03
2.160000000000000000e+05 8.110000000000000000e+03
2.180000000000000000e+05 8.204000000000000000e+03
2.200000000000000000e+05 8.337000000000000000e+03
2.220000000000000000e+05 8.191000000000000000e+03
2.240000000000000000e+05 8.403000000000000000e+03
2.260000000000000000e+05 8.375000000000000000e+03
2.280000000000000000e+05 8.361000000000000000e+03
2.300000000000000000e+05 8.558000000000000000e+03
2.320000000000000000e+05 8.428000000000000000e+03
2.340000000000000000e+05 8.506000000000000000e+03
2.360000000000000000e+05 8.613000000000000000e+03
2.380000000000000000e+05 8.688000000000000000e+03
2.400000000000000000e+05 8.410000000000000000e+03
2.420000000000000000e+05 8.606000000000000000e+03
2.440000000000000000e+05 8.386000000000000000e+03
2.460000000000000000e+05 8.549000000000000000e+03
2.480000000000000000e+05 8.451000000000000000e+03
2.500000000000000000e+05 8.450000000000000000e+03
2.520000000000000000e+05 8.473000000000000000e+03
2.540000000000000000e+05 8.285000000000000000e+03
2.560000000000000000e+05 8.339000000000000000e+03
2.580000000000000000e+05 8.142000000000000000e+03
2.600000000000000000e+05 8.171000000000000000e+03
2.620000000000000000e+05 8.179000000000000000e+03
2.640000000000000000e+05 7.934000000000000000e+03
2.660000000000000000e+05 8.102000000000000000e+03
2.680000000000000000e+05 7.846000000000000000e+03
2.700000000000000000e+05 7.935000000000000000e+03
2.720000000000000000e+05 7.775000000000000000e+03
2.740000000000000000e+05 7.711000000000000000e+03
2.760000000000000000e+05 7.465000000000000000e+03
2.780000000000000000e+05 7.351000000000000000e+03
2.800000000000000000e+05 7.093000000000000000e+03
2.820000000000000000e+05 6.992000000000000000e+03
2.840000000000000000e+05 6.800000000000000000e+03
2.860000000000000000e+05 6.643000000000000000e+03
2.880000000000000000e+05 6.527000000000000000e+03
2.900000000000000000e+05 6.425000000000000000e+03
2.920000000000000000e+05 6.288000000000000000e+03
2.940000000000000000e+05 6.010000000000000000e+03
2.960000000000000000e+05 5.771000000000000000e+03
2.980000000000000000e+05 5.521000000000000000e+03
3.000000000000000000e+05 5.438000000000000000e+03
3.020000000000000000e+05 5.137000000000000000e+03
3.040000000000000000e+05 4.909000000000000000e+03
3.060000000000000000e+05 4.624000000000000000e+03
3.080000000000000000e+05 4.470000000000000000e+03
3.100000000000000000e+05 4.236000000000000000e+03
3.120000000000000000e+05 4.015000000000000000e+03
3.140000000000000000e+05 3.847000000000000000e+03
3.160000000000000000e+05 3.642000000000000000e+03
3.180000000000000000e+05 3.473000000000000000e+03
3.200000000000000000e+05 3.309000000000000000e+03
3.220000000000000000e+05 3.058000000000000000e+03
3.240000000000000000e+05 2.921000000000000000e+03
3.260000000000000000e+05 2.931000000000000000e+03
3.280000000000000000e+05 2.705000000000000000e+03
3.300000000000000000e+05 2.668000000000000000e+03
3.320000000000000000e+05 2.525000000000000000e+03
3.340000000000000000e+05 2.455000000000000000e+03
3.360000000000000000e+05 2.516000000000000000e+03
3.380000000000000000e+05 2.504000000000000000e+03
3.400000000000000000e+05 2.467000000000000000e+03
3.420000000000000000e+05 2.545000000000000000e+03
3.440000000000000000e+05 2.578000000000000000e+03
3.460000000000000000e+05 2.648000000000000000e+03
3.480000000000000000e+05 2.721000000000000000e+03
3.500000000000000000e+05 2.732000000000000000e+03
3.520000000000000000e+05 2.886000000000000000e+03
3.540000000000000000e+05 3.117000000000000000e+03
3.560000000000000000e+05 3.310000000000000000e+03
3.580000000000000000e+05 3.382000000000000000e+03
3.600000000000000000e+05 3.575000000000000000e+03
3.620000000000000000e+05 3.750000000000000000e+03
3.640000000000000000e+05 3.984000000000000000e+03
3.660000000000000000e+05 4.255000000000000000e+03
3.680000000000000000e+05 4.601000000000000000e+03
3.700000000000000000e+05 4.694000000000000000e+03
3.720000000000000000e+05 4.873000000000000000e+03
3.740000000000000000e+05 5.004000000000000000e+03
3.760000000000000000e+05 5.300000000000000000e+03
3.780000000000000000e+05 5.477000000000000000e+03
3.800000000000000000e+05 5.748000000000000000e+03
3.820000000000000000e+05 6.114000000000000000e+03
3.840000000000000000e+05 6.204000000000000000e+03
3.860000000000000000e+05 6.318000000000000000e+03
3.880000000000000000e+05 6.566000000000000000e+03
3.900000000000000000e+05 6.542000000000000000e+03
3.920000000000000000e+05 6.800000000000000000e+03
3.940000000000000000e+05 6.822000000000000000e+03
3.960000000000000000e+05 7.065000000000000000e+03
3.980000000000000000e+05 7.420000000000000000e+03
