0.000000000000000000e+00 8.387000000000000000e+03
5.000000000000000000e+03 8.608000000000000000e+03
1.000000000000000000e+04 8.775000000000000000e+03
1.500000000000000000e+04 9.038000000000000000e+03
2.000000000000000000e+04 9.048000000000000000e+03
2.500000000000000000e+04 9.148000000000000000e+03
3.000000000000000000e+04 9.335000000000000000e+03
3.500000000000000000e+04 9.283000000000000000e+03
4.000000000000000000e+04 9.293000000000000000e+03
4.500000000000000000e+04 9.394000000000000000e+03
5.000000000000000000e+04 9.532000000000000000e+03
5.500000000000000000e+04 9.352000000000000000e+03
6.000000000000000000e+04 9.530000000000000000e+03
6.500000000000000000e+04 9.599000000000000000e+03
7.000000000000000000e+04 9.705000000000000000e+03
7.500000000000000000e+04 9.737000000000000000e+03
8.000000000000000000e+04 9.712000000000000000e+03
8.500000000000000000e+04 9.624000000000000000e+03
9.000000000000000000e+04 9.854000000000000000e+03
9.500000000000000000e+04 9.637000000000000000e+03
1.000000000000000000e+05 9.735000000000000000e+03
1.050000000000000000e+05 9.651000000000000000e+03
1.100000000000000000e+05 9.887000000000000000e+03
1.150000000000000000e+05 9.712000000000000000e+03
1.200000000000000000e+05 9.883000000000000000e+03
1.250000000000000000e+05 9.771000000000000000e+03
1.300000000000000000e+05 9.542000000000000000e+03
1.350000000000000000e+05 9.581000000000000000e+03
1.400000000000000000e+05 9.523000000000000000e+03
1.450000000000000000e+05 9.557000000000000000e+03
1.500000000000000000e+05 9.293000000000000000e+03
1.550000000000000000e+05 9.292000000000000000e+03
1.600000000000000000e+05 9.140000000000000000e+03
1.650000000000000000e+05 9.327000000000000000e+03
1.700000000000000000e+05 9.008000000000000000e+03
1.750000000000000000e+05 9.032000000000000000e+03
1.800000000000000000e+05 8.693000000000000000e+03
1.850000000000000000e+05 8.794000000000000000e+03
1.900000000000000000e+05 8.551000000000000000e+03
1.950000000000000000e+05 8.280000000000000000e+03
2.000000000000000000e+05 8.192000000000000000e+03
2.050000000000000000e+05 8.026000000000000000e+03
2.100000000000000000e+05 7.901000000000000000e+03
2.150000000000000000e+05 7.554000000000000000e+03
2.200000000000000000e+05 7.366000000000000000e+03
2.250000000000000000e+05 7.143000000000000000e+03
2.300000000000000000e+05 6.889000000000000000e+03
2.350000000000000000e+05 6.784000000000000000e+03
2.400000000000000000e+05 6.549000000000000000e+03
2.450000000000000000e+05 6.232000000000000000e+03
2.500000000000000000e+05 5.937000000000000000e+03
2.550000000000000000e+05 5.746000000000000000e+03
2.600000000000000000e+05 5.345000000000000000e+03
2.650000000000000000e+05 5.312000000000000000e+03
2.700000000000000000e+05 5.059000000000000000e+03
2.750000000000000000e+05 4.614000000000000000e+03
2.800000000000000000e+05 4.271000000000000000e+03
2.850000000000000000e+05 4.102000000000000000e+03
2.900000000000000000e+05 4.021000000000000000e+03
2.950000000000000000e+05 3.659000000000000000e+03
3.000000000000000000e+05 3.465000000000000000e+03
3.050000000000000000e+05 3.196000000000000000e+03
3.100000000000000000e+05 3.059000000000000000e+03
3.150000000000000000e+05 2.929000000000000000e+03
3.200000000000000000e+05 2.849000000000000000e+03
3.250000000000000000e+05 2.672000000000000000e+03
3.300000000000000000e+05 2.648000000000000000e+03
3.350000000000000000e+05 2.649000000000000000e+03
3.400000000000000000e+05 2.545000000000000000e+03
3.450000000000000000e+05 2.695000000000000000e+03
3.500000000000000000e+05 2.655000000000000000e+03
3.550000000000000000e+05 2.654000000000000000e+03
3.600000000000000000e+05 2.630000000000000000e+03
3.650000000000000000e+05 2.704000000000000000e+03
3.700000000000000000e+05 2.783000000000000000e+03
3.750000000000000000e+05 3.017000000000000000e+03
3.800000000000000000e+05 3.167000000000000000e+03
3.850000000000000000e+05 3.210000000000000000e+03
3.900000000000000000e+05 3.483000000000000000e+03
3.950000000000000000e+05 3.597000000000000000e+03
4.000000000000000000e+05 3.822000000000000000e+03
4.050000000000000000e+05 4.001000000000000000e+03
4.100000000000000000e+05 4.304000000000000000e+03
4.150000000000000000e+05 4.367000000000000000e+03
4.200000000000000000e+05 4.724000000000000000e+03
4.250000000000000000e+05 5.063000000000000000e+03
4.300000000000000000e+05 5.440000000000000000e+03
4.350000000000000000e+05 5.656000000000000000e+03
4.400000000000000000e+05 5.920000000000000000e+03
4.450000000000000000e+05 6.004000000000000000e+03
4.500000000000000000e+05 6.180000000000000000e+03
4.550000000000000000e+05 6.525000000000000000e+03
4.600000000000000000e+05 6.855000000000000000e+03
4.650000000000000000e+05 7.036000000000000000e+03
4.700000000000000000e+05 7.422000000000000000e+03
4.750000000000000000e+05 7.777000000000000000e+03
4.800000000000000000e+05 7.777000000000000000e+03
4.850000000000000000e+05 7.967000000000000000e+03
4.900000000000000000e+05 8.070000000000000000e+03
4.950000000000000000e+05 8.325000000000000000e+03
5.000000000000000000e+05 8.434000000000000000e+03
5.050000000000000000e+05 8.660000000000000000e+03
5.100000000000000000e+05 8.574000000000000000e+03
5.150000000000000000e+05 8.995000000000000000e+03
5.200000000000000000e+05 8.867000000000000000e+03
5.250000000000000000e+05 9.052000000000000000e+03
5.300000000000000000e+05 9.123000000000000000e+03
5.350000000000000000e+05 9.351000000000000000e+03
5.400000000000000000e+05 9.381000000000000000e+03
5.450000000000000000e+05 9.731000000000000000e+03
5.500000000000000000e+05 9.426000000000000000e+03
5.550000000000000000e+05 9.310000000000000000e+03
5.600000000000000000e+05 9.745000000000000000e+03
5.650000000000000000e+05 9.922000000000000000e+03
5.700000000000000000e+05 9.700000000000000000e+03
5.750000000000000000e+05 9.802000000000000000e+03
5.800000000000000000e+05 9.823000000000000000e+03
5.850000000000000000e+05 9.633000000000000000e+03
5.900000000000000000e+05 9.598000000000000000e+03
5.950000000000000000e+05 9.826000000000000000e+03
6.000000000000000000e+05 9.585000000000000000e+03
6.050000000000000000e+05 9.813000000000000000e+03
6.100000000000000000e+05 9.915000000000000000e+03
6.150000000000000000e+05 9.713000000000000000e+03
6.200000000000000000e+05 9.705000000000000000e+03
6.250000000000000000e+05 9.730000000000000000e+03
6.300000000000000000e+05 9.625000000000000000e+03
6.350000000000000000e+05 9.688000000000000000e+03
6.400000000000000000e+05 9.588000000000000000e+03
6.450000000000000000e+05 9.399000000000000000e+03
6.500000000000000000e+05 9.310000000000000000e+03
6.550000000000000000e+05 9.456000000000000000e+03
6.600000000000000000e+05 9.371000000000000000e+03
6.650000000000000000e+05 9.124000000000000000e+03
6.700000000000000000e+05 8.910000000000000000e+03
6.750000000000000000e+05 9.115000000000000000e+03
6.800000000000000000e+05 8.681000000000000000e+03
6.850000000000000000e+05 8.662000000000000000e+03
6.900000000000000000e+05 8.542000000000000000e+03
6.950000000000000000e+05 8.288000000000000000e+03
7.000000000000000000e+05 8.244000000000000000e+03
7.050000000000000000e+05 8.053000000000000000e+03
7.100000000000000000e+05 7.698000000000000000e+03
7.150000000000000000e+05 7.587000000000000000e+03
7.200000000000000000e+05 7.436000000000000000e+03
7.250000000000000000e+05 7.033000000000000000e+03
7.300000000000000000e+05 6.947000000000000000e+03
7.350000000000000000e+05 6.620000000000000000e+03
7.400000000000000000e+05 6.455000000000000000e+03
7.450000000000000000e+05 6.246000000000000000e+03
7.500000000000000000e+05 5.946000000000000000e+03
7.550000000000000000e+05 5.625000000000000000e+03
7.600000000000000000e+05 5.436000000000000000e+03
7.650000000000000000e+05 5.069000000000000000e+03
7.700000000000000000e+05 4.951000000000000000e+03
7.750000000000000000e+05 4.539000000000000000e+03
7.800000000000000000e+05 4.461000000000000000e+03
7.850000000000000000e+05 4.129000000000000000e+03
7.900000000000000000e+05 3.916000000000000000e+03
7.950000000000000000e+05 3.694000000000000000e+03
8.000000000000000000e+05 3.514000000000000000e+03
8.050000000000000000e+05 3.336000000000000000e+03
8.100000000000000000e+05 3.138000000000000000e+03
8.150000000000000000e+05 3.076000000000000000e+03
8.200000000000000000e+05 2.880000000000000000e+03
8.250000000000000000e+05 2.703000000000000000e+03
8.300000000000000000e+05 2.626000000000000000e+03
8.350000000000000000e+05 2.631000000000000000e+03
8.400000000000000000e+05 2.632000000000000000e+03
8.450000000000000000e+05 2.456000000000000000e+03
8.500000000000000000e+05 2.564000000000000000e+03
8.550000000000000000e+05 2.660000000000000000e+03
8.600000000000000000e+05 2.707000000000000000e+03
8.650000000000000000e+05 2.668000000000000000e+03
8.700000000000000000e+05 2.916000000000000000e+03
8.750000000000000000e+05 3.010000000000000000e+03
8.800000000000000000e+05 3.133000000000000000e+03
8.850000000000000000e+05 3.037000000000000000e+03
8.900000000000000000e+05 3.416000000000000000e+03
8.950000000000000000e+05 3.586000000000000000e+03
9.000000000000000000e+05 3.741000000000000000e+03
9.050000000000000000e+05 4.078000000000000000e+03
9.100000000000000000e+05 4.273000000000000000e+03
9.150000000000000000e+05 4.552000000000000000e+03
9.200000000000000000e+05 4.774000000000000000e+03
9.250000000000000000e+05 5.009000000000000000e+03
9.300000000000000000e+05 5.292000000000000000e+03
9.350000000000000000e+05 5.611000000000000000e+03
9.400000000000000000e+05 5.871000000000000000e+03
9.450000000000000000e+05 6.125000000000000000e+03
9.500000000000000000e+05 6.427000000000000000e+03
9.550000000000000000e+05 6.698000000000000000e+03
9.600000000000000000e+05 6.803000000000000000e+03
9.650000000000000000e+05 7.167000000000000000e+03
9.700000000000000000e+05 7.336000000000000000e+03
9.750000000000000000e+05 7.511000000000000000e+03
9.800000000000000000e+05 7.753000000000000000e+03
9.850000000000000000e+05 7.920000000000000000e+03
9.900000000000000000e+05 8.154000000000000000e+03
9.950000000000000000e+05 8.424000000000000000e+03
