0.000000000000000000e+00 6.013000000000000000e+03
5.000000000000000000e+02 6.131000000000000000e+03
1.000000000000000000e+03 6.181000000000000000e+03
1.500000000000000000e+03 6.313000000000000000e+03
2.000000000000000000e+03 6.381000000000000000e+03
2.500000000000000000e+03 6.454000000000000000e+03
3.000000000000000000e+03 6.636000000000000000e+03
3.500000000000000000e+03 6.849000000000000000e+03
4.000000000000000000e+03 6.610000000000000000e+03
4.500000000000000000e+03 6.929000000000000000e+03
5.000000000000000000e+03 6.769000000000000000e+03
5.500000000000000000e+03 7.066000000000000000e+03
6.000000000000000000e+03 6.949000000000000000e+03
6.500000000000000000e+03 6.832000000000000000e+03
7.000000000000000000e+03 7.075000000000000000e+03
7.500000000000000000e+03 7.046000000000000000e+03
8.000000000000000000e+03 6.974000000000000000e+03
8.500000000000000000e+03 7.048000000000000000e+03
9.000000000000000000e+03 7.186000000000000000e+03
9.500000000000000000e+03 7.074000000000000000e+03
1.000000000000000000e+04 7.141000000000000000e+03
1.050000000000000000e+04 7.185000000000000000e+03
1.100000000000000000e+04 7.088000000000000000e+03
1.150000000000000000e+04 7.045000000000000000e+03
1.200000000000000000e+04 7.015000000000000000e+03
1.250000000000000000e+04 6.887000000000000000e+03
1.300000000000000000e+04 6.948000000000000000e+03
1.350000000000000000e+04 6.896000000000000000e+03
1.400000000000000000e+04 6.745000000000000000e+03
1.450000000000000000e+04 6.747000000000000000e+03
1.500000000000000000e+04 6.727000000000000000e+03
1.550000000000000000e+04 6.645000000000000000e+03
1.600000000000000000e+04 6.537000000000000000e+03
1.650000000000000000e+04 6.344000000000000000e+03
1.700000000000000000e+04 6.516000000000000000e+03
1.750000000000000000e+04 6.291000000000000000e+03
1.800000000000000000e+04 6.168000000000000000e+03
1.850000000000000000e+04 6.098000000000000000e+03
1.900000000000000000e+04 6.094000000000000000e+03
1.950000000000000000e+04 5.977000000000000000e+03
2.000000000000000000e+04 5.666000000000000000e+03
2.050000000000000000e+04 5.626000000000000000e+03
2.100000000000000000e+04 5.411000000000000000e+03
2.150000000000000000e+04 5.296000000000000000e+03
2.200000000000000000e+04 5.158000000000000000e+03
2.250000000000000000e+04 4.941000000000000000e+03
2.300000000000000000e+04 4.722000000000000000e+03
2.350000000000000000e+04 4.535000000000000000e+03
2.400000000000000000e+04 4.425000000000000000e+03
2.450000000000000000e+04 4.118000000000000000e+03
2.500000000000000000e+04 3.878000000000000000e+03
2.550000000000000000e+04 3.538000000000000000e+03
2.600000000000000000e+04 3.692000000000000000e+03
2.650000000000000000e+04 3.290000000000000000e+03
2.700000000000000000e+04 3.316000000000000000e+03
2.750000000000000000e+04 3.004000000000000000e+03
2.800000000000000000e+04 2.752000000000000000e+03
2.850000000000000000e+04 2.572000000000000000e+03
2.900000000000000000e+04 2.409000000000000000e+03
2.950000000000000000e+04 2.235000000000000000e+03
3.000000000000000000e+04 2.136000000000000000e+03
3.050000000000000000e+04 2.046000000000000000e+03
3.100000000000000000e+04 1.974000000000000000e+03
3.150000000000000000e+04 1.827000000000000000e+03
3.200000000000000000e+04 1.705000000000000000e+03
3.250000000000000000e+04 1.675000000000000000e+03
3.300000000000000000e+04 1.657000000000000000e+03
3.350000000000000000e+04 1.501000000000000000e+03
3.400000000000000000e+04 1.527000000000000000e+03
3.450000000000000000e+04 1.434000000000000000e+03
3.500000000000000000e+04 1.518000000000000000e+03
3.550000000000000000e+04 1.581000000000000000e+03
3.600000000000000000e+04 1.518000000000000000e+03
3.650000000000000000e+04 1.540000000000000000e+03
3.700000000000000000e+04 1.691000000000000000e+03
3.750000000000000000e+04 1.746000000000000000e+03
3.800000000000000000e+04 1.760000000000000000e+03
3.850000000000000000e+04 1.932000000000000000e+03
3.900000000000000000e+04 2.115000000000000000e+03
3.950000000000000000e+04 2.157000000000000000e+03
4.000000000000000000e+04 2.279000000000000000e+03
4.050000000000000000e+04 2.466000000000000000e+03
4.100000000000000000e+04 2.469000000000000000e+03
4.150000000000000000e+04 2.791000000000000000e+03
4.200000000000000000e+04 2.948000000000000000e+03
4.250000000000000000e+04 3.214000000000000000e+03
4.300000000000000000e+04 3.382000000000000000e+03
4.350000000000000000e+04 3.716000000000000000e+03
4.400000000000000000e+04 3.851000000000000000e+03
4.450000000000000000e+04 4.113000000000000000e+03
4.500000000000000000e+04 4.264000000000000000e+03
4.550000000000000000e+04 4.472000000000000000e+03
4.600000000000000000e+04 4.610000000000000000e+03
4.650000000000000000e+04 4.876000000000000000e+03
4.700000000000000000e+04 4.967000000000000000e+03
4.750000000000000000e+04 5.243000000000000000e+03
4.800000000000000000e+04 5.367000000000000000e+03
4.850000000000000000e+04 5.523000000000000000e+03
4.900000000000000000e+04 5.708000000000000000e+03
4.950000000000000000e+04 5.764000000000000000e+03
5.000000000000000000e+04 6.008000000000000000e+03
5.050000000000000000e+04 6.118000000000000000e+03
5.100000000000000000e+04 6.175000000000000000e+03
5.150000000000000000e+04 6.228000000000000000e+03
5.200000000000000000e+04 6.348000000000000000e+03
5.250000000000000000e+04 6.318000000000000000e+03
5.300000000000000000e+04 6.702000000000000000e+03
5.350000000000000000e+04 6.617000000000000000e+03
5.400000000000000000e+04 6.806000000000000000e+03
5.450000000000000000e+04 6.749000000000000000e+03
5.500000000000000000e+04 6.826000000000000000e+03
5.550000000000000000e+04 6.968000000000000000e+03
5.600000000000000000e+04 7.151000000000000000e+03
5.650000000000000000e+04 6.954000000000000000e+03
5.700000000000000000e+04 7.016000000000000000e+03
5.750000000000000000e+04 7.208000000000000000e+03
5.800000000000000000e+04 7.061000000000000000e+03
5.850000000000000000e+04 7.154000000000000000e+03
5.900000000000000000e+04 7.060000000000000000e+03
5.950000000000000000e+04 7.065000000000000000e+03
6.000000000000000000e+04 6.986000000000000000e+03
6.050000000000000000e+04 7.069000000000000000e+03
6.100000000000000000e+04 7.161000000000000000e+03
6.150000000000000000e+04 7.021000000000000000e+03
6.200000000000000000e+04 7.060000000000000000e+03
6.250000000000000000e+04 7.048000000000000000e+03
6.300000000000000000e+04 6.927000000000000000e+03
6.350000000000000000e+04 6.808000000000000000e+03
6.400000000000000000e+04 6.787000000000000000e+03
6.450000000000000000e+04 6.907000000000000000e+03
6.500000000000000000e+04 6.742000000000000000e+03
6.550000000000000000e+04 6.694000000000000000e+03
6.600000000000000000e+04 6.595000000000000000e+03
6.650000000000000000e+04 6.683000000000000000e+03
6.700000000000000000e+04 6.359000000000000000e+03
6.750000000000000000e+04 6.300000000000000000e+03
6.800000000000000000e+04 6.243000000000000000e+03
6.850000000000000000e+04 6.123000000000000000e+03
6.900000000000000000e+04 5.970000000000000000e+03
6.950000000000000000e+04 5.813000000000000000e+03
7.000000000000000000e+04 5.773000000000000000e+03
7.050000000000000000e+04 5.690000000000000000e+03
7.100000000000000000e+04 5.492000000000000000e+03
7.150000000000000000e+04 5.260000000000000000e+03
7.200000000000000000e+04 5.081000000000000000e+03
7.250000000000000000e+04 5.001000000000000000e+03
7.300000000000000000e+04 4.729000000000000000e+03
7.350000000000000000e+04 4.532000000000000000e+03
7.400000000000000000e+04 4.381000000000000000e+03
7.450000000000000000e+04 4.176000000000000000e+03
7.500000000000000000e+04 4.003000000000000000e+03
7.550000000000000000e+04 3.884000000000000000e+03
7.600000000000000000e+04 3.488000000000000000e+03
7.650000000000000000e+04 3.314000000000000000e+03
7.700000000000000000e+04 3.166000000000000000e+03
7.750000000000000000e+04 3.083000000000000000e+03
7.800000000000000000e+04 2.743000000000000000e+03
7.850000000000000000e+04 2.626000000000000000e+03
7.900000000000000000e+04 2.509000000000000000e+03
7.950000000000000000e+04 2.340000000000000000e+03
8.000000000000000000e+04 2.160000000000000000e+03
8.050000000000000000e+04 2.083000000000000000e+03
8.100000000000000000e+04 1.910000000000000000e+03
8.150000000000000000e+04 1.821000000000000000e+03
8.200000000000000000e+04 1.667000000000000000e+03
8.250000000000000000e+04 1.593000000000000000e+03
8.300000000000000000e+04 1.579000000000000000e+03
8.350000000000000000e+04 1.535000000000000000e+03
8.400000000000000000e+04 1.490000000000000000e+03
8.450000000000000000e+04 1.467000000000000000e+03
8.500000000000000000e+04 1.467000000000000000e+03
8.550000000000000000e+04 1.436000000000000000e+03
8.600000000000000000e+04 1.404000000000000000e+03
8.650000000000000000e+04 1.563000000000000000e+03
8.700000000000000000e+04 1.690000000000000000e+03
8.750000000000000000e+04 1.748000000000000000e+03
8.800000000000000000e+04 1.851000000000000000e+03
8.850000000000000000e+04 1.844000000000000000e+03
8.900000000000000000e+04 1.985000000000000000e+03
8.950000000000000000e+04 2.106000000000000000e+03
9.000000000000000000e+04 2.267000000000000000e+03
9.050000000000000000e+04 2.490000000000000000e+03
9.100000000000000000e+04 2.703000000000000000e+03
9.150000000000000000e+04 2.791000000000000000e+03
9.200000000000000000e+04 3.054000000000000000e+03
9.250000000000000000e+04 3.195000000000000000e+03
9.300000000000000000e+04 3.347000000000000000e+03
9.350000000000000000e+04 3.569000000000000000e+03
9.400000000000000000e+04 3.877000000000000000e+03
9.450000000000000000e+04 3.942000000000000000e+03
9.500000000000000000e+04 4.172000000000000000e+03
9.550000000000000000e+04 4.442000000000000000e+03
9.600000000000000000e+04 4.506000000000000000e+03
9.650000000000000000e+04 4.924000000000000000e+03
9.700000000000000000e+04 4.939000000000000000e+03
9.750000000000000000e+04 5.067000000000000000e+03
9.800000000000000000e+04 5.335000000000000000e+03
9.850000000000000000e+04 5.477000000000000000e+03
9.900000000000000000e+04 5.826000000000000000e+03
9.950000000000000000e+04 5.723000000000000000e+03
