0.000000000000000000e+00 7.043000000000000000e+03
2.000000000000000000e+03 7.003000000000000000e+03
4.000000000000000000e+03 7.229000000000000000e+03
6.000000000000000000e+03 7.325000000000000000e+03
8.000000000000000000e+03 7.412000000000000000e+03
1.000000000000000000e+04 7.351000000000000000e+03
1.200000000000000000e+04 7.551000000000000000e+03
1.400000000000000000e+04 7.774000000000000000e+03
1.600000000000000000e+04 7.707000000000000000e+03
1.800000000000000000e+04 7.764000000000000000e+03
2.000000000000000000e+04 7.712000000000000000e+03
2.200000000000000000e+04 7.988000000000000000e+03
2.400000000000000000e+04 7.768000000000000000e+03
2.600000000000000000e+04 8.145000000000000000e+03
2.800000000000000000e+04 8.180000000000000000e+03
3.000000000000000000e+04 8.232000000000000000e+03
3.200000000000000000e+04 8.021000000000000000e+03
3.400000000000000000e+04 8.144000000000000000e+03
3.600000000000000000e+04 8.145000000000000000e+03
3.800000000000000000e+04 8.312000000000000000e+03
4.000000000000000000e+04 8.074000000000000000e+03
4.200000000000000000e+04 8.256000000000000000e+03
4.400000000000000000e+04 8.021000000000000000e+03
4.600000000000000000e+04 8.165000000000000000e+03
4.800000000000000000e+04 7.967000000000000000e+03
5.000000000000000000e+04 8.160000000000000000e+03
5.200000000000000000e+04 7.992000000000000000e+03
5.400000000000000000e+04 8.050000000000000000e+03
5.600000000000000000e+04 8.031000000000000000e+03
5.800000000000000000e+04 7.833000000000000000e+03
6.000000000000000000e+04 7.856000000000000000e+03
6.200000000000000000e+04 7.933000000000000000e+03
6.400000000000000000e+04 7.757000000000000000e+03
6.600000000000000000e+04 7.436000000000000000e+03
6.800000000000000000e+04 7.637000000000000000e+03
7.000000000000000000e+04 7.345000000000000000e+03
7.200000000000000000e+04 7.082000000000000000e+03
7.400000000000000000e+04 7.028000000000000000e+03
7.600000000000000000e+04 6.775000000000000000e+03
7.800000000000000000e+04 6.706000000000000000e+03
8.000000000000000000e+04 6.586000000000000000e+03
8.200000000000000000e+04 6.434000000000000000e+03
8.400000000000000000e+04 6.176000000000000000e+03
8.600000000000000000e+04 5.997000000000000000e+03
8.800000000000000000e+04 5.969000000000000000e+03
9.000000000000000000e+04 5.753000000000000000e+03
9.200000000000000000e+04 5.527000000000000000e+03
9.400000000000000000e+04 5.447000000000000000e+03
9.600000000000000000e+04 5.101000000000000000e+03
9.800000000000000000e+04 4.829000000000000000e+03
1.000000000000000000e+05 4.544000000000000000e+03
1.020000000000000000e+05 4.330000000000000000e+03
1.040000000000000000e+05 4.134000000000000000e+03
1.060000000000000000e+05 3.880000000000000000e+03
1.080000000000000000e+05 3.626000000000000000e+03
1.100000000000000000e+05 3.466000000000000000e+03
1.120000000000000000e+05 3.205000000000000000e+03
1.140000000000000000e+05 2.938000000000000000e+03
1.160000000000000000e+05 2.751000000000000000e+03
1.180000000000000000e+05 2.644000000000000000e+03
1.200000000000000000e+05 2.553000000000000000e+03
1.220000000000000000e+05 2.298000000000000000e+03
1.240000000000000000e+05 2.094000000000000000e+03
1.260000000000000000e+05 2.066000000000000000e+03
1.280000000000000000e+05 1.952000000000000000e+03
1.300000000000000000e+05 1.912000000000000000e+03
1.320000000000000000e+05 1.778000000000000000e+03
1.340000000000000000e+05 1.811000000000000000e+03
1.360000000000000000e+05 1.780000000000000000e+03
1.380000000000000000e+05 1.655000000000000000e+03
1.400000000000000000e+05 1.791000000000000000e+03
1.420000000000000000e+05 1.759000000000000000e+03
1.440000000000000000e+05 1.883000000000000000e+03
1.460000000000000000e+05 1.853000000000000000e+03
1.480000000000000000e+05 1.913000000000000000e+03
1.500000000000000000e+05 1.947000000000000000e+03
1.520000000000000000e+05 2.126000000000000000e+03
1.540000000000000000e+05 2.257000000000000000e+03
1.560000000000000000e+05 2.374000000000000000e+03
1.580000000000000000e+05 2.612000000000000000e+03
1.600000000000000000e+05 2.760000000000000000e+03
1.620000000000000000e+05 2.875000000000000000e+03
1.640000000000000000e+05 3.034000000000000000e+03
1.660000000000000000e+05 3.344000000000000000e+03
1.680000000000000000e+05 3.570000000000000000e+03
1.700000000000000000e+05 3.805000000000000000e+03
1.720000000000000000e+05 3.996000000000000000e+03
1.740000000000000000e+05 4.225000000000000000e+03
1.760000000000000000e+05 4.552000000000000000e+03
1.780000000000000000e+05 4.706000000000000000e+03
1.800000000000000000e+05 4.948000000000000000e+03
1.820000000000000000e+05 5.210000000000000000e+03
1.840000000000000000e+05 5.421000000000000000e+03
1.860000000000000000e+05 5.450000000000000000e+03
1.880000000000000000e+05 5.818000000000000000e+03
1.900000000000000000e+05 6.181000000000000000e+03
1.920000000000000000e+05 6.228000000000000000e+03
1.940000000000000000e+05 6.526000000000000000e+03
1.960000000000000000e+05 6.604000000000000000e+03
1.980000000000000000e+05 6.694000000000000000e+03
2.000000000000000000e+05 6.924000000000000000e+03
2.020000000000000000e+05 6.999000000000000000e+03
2.040000000000000000e+05 7.224000000000000000e+03
2.060000000000000000e+05 7.271000000000000000e+03
2.080000000000000000e+05 7.286000000000000000e+03
2.100000000000000000e+05 7.598000000000000000e+03
2.120000000000000000e+05 7.583000000000000000e+03
2.140000000000000000e+05 7.816000000000000000e+03
2.160000000000000000e+05 7.639000000000000000e+03
2.180000000000000000e+05 7.946000000000000000e+03
2.200000000000000000e+05 7.987000000000000000e+03
2.220000000000000000e+05 7.911000000000000000e+03
2.240000000000000000e+05 8.062000000000000000e+03
2.260000000000000000e+05 8.167000000000000000e+03
2.280000000000000000e+05 8.147000000000000000e+03
2.300000000000000000e+05 8.093000000000000000e+03
2.320000000000000000e+05 8.238000000000000000e+03
2.340000000000000000e+05 8.164000000000000000e+03
2.360000000000000000e+05 8.253000000000000000e+03
2.380000000000000000e+05 8.144000000000000000e+03
2.400000000000000000e+05 8.197000000000000000e+03
2.420000000000000000e+05 8.466000000000000000e+03
2.440000000000000000e+05 8.126000000000000000e+03
2.460000000000000000e+05 8.031000000000000000e+03
2.480000000000000000e+05 8.145000000000000000e+03
2.500000000000000000e+05 8.184000000000000000e+03
2.520000000000000000e+05 7.984000000000000000e+03
2.540000000000000000e+05 7.966000000000000000e+03
2.560000000000000000e+05 7.872000000000000000e+03
2.580000000000000000e+05 7.901000000000000000e+03
2.600000000000000000e+05 8.051000000000000000e+03
2.620000000000000000e+05 7.741000000000000000e+03
2.640000000000000000e+05 7.602000000000000000e+03
2.660000000000000000e+05 7.465000000000000000e+03
2.680000000000000000e+05 7.353000000000000000e+03
2.700000000000000000e+05 7.293000000000000000e+03
2.720000000000000000e+05 7.131000000000000000e+03
2.740000000000000000e+05 7.107000000000000000e+03
2.760000000000000000e+05 7.188000000000000000e+03
2.780000000000000000e+05 6.867000000000000000e+03
2.800000000000000000e+05 6.744000000000000000e+03
2.820000000000000000e+05 6.271000000000000000e+03
2.840000000000000000e+05 6.268000000000000000e+03
2.860000000000000000e+05 5.976000000000000000e+03
2.880000000000000000e+05 5.912000000000000000e+03
2.900000000000000000e+05 5.770000000000000000e+03
2.920000000000000000e+05 5.462000000000000000e+03
2.940000000000000000e+05 5.369000000000000000e+03
2.960000000000000000e+05 5.148000000000000000e+03
2.980000000000000000e+05 4.865000000000000000e+03
3.000000000000000000e+05 4.467000000000000000e+03
3.020000000000000000e+05 4.446000000000000000e+03
3.040000000000000000e+05 4.064000000000000000e+03
3.060000000000000000e+05 3.761000000000000000e+03
3.080000000000000000e+05 3.637000000000000000e+03
3.100000000000000000e+05 3.454000000000000000e+03
3.120000000000000000e+05 3.268000000000000000e+03
3.140000000000000000e+05 2.955000000000000000e+03
3.160000000000000000e+05 2.828000000000000000e+03
3.180000000000000000e+05 2.630000000000000000e+03
3.200000000000000000e+05 2.455000000000000000e+03
3.220000000000000000e+05 2.313000000000000000e+03
3.240000000000000000e+05 2.160000000000000000e+03
3.260000000000000000e+05 2.095000000000000000e+03
3.280000000000000000e+05 1.925000000000000000e+03
3.300000000000000000e+05 1.920000000000000000e+03
3.320000000000000000e+05 1.811000000000000000e+03
3.340000000000000000e+05 1.748000000000000000e+03
3.360000000000000000e+05 1.753000000000000000e+03
3.380000000000000000e+05 1.762000000000000000e+03
3.400000000000000000e+05 1.818000000000000000e+03
3.420000000000000000e+05 1.789000000000000000e+03
3.440000000000000000e+05 1.791000000000000000e+03
3.460000000000000000e+05 1.830000000000000000e+03
3.480000000000000000e+05 1.888000000000000000e+03
3.500000000000000000e+05 2.081000000000000000e+03
3.520000000000000000e+05 2.104000000000000000e+03
3.540000000000000000e+05 2.261000000000000000e+03
3.560000000000000000e+05 2.338000000000000000e+03
3.580000000000000000e+05 2.527000000000000000e+03
3.600000000000000000e+05 2.736000000000000000e+03
3.620000000000000000e+05 2.847000000000000000e+03
3.640000000000000000e+05 3.079000000000000000e+03
3.660000000000000000e+05 3.329000000000000000e+03
3.680000000000000000e+05 3.368000000000000000e+03
3.700000000000000000e+05 3.819000000000000000e+03
3.720000000000000000e+05 4.152000000000000000e+03
3.740000000000000000e+05 4.244000000000000000e+03
3.760000000000000000e+05 4.403000000000000000e+03
3.780000000000000000e+05 4.634000000000000000e+03
3.800000000000000000e+05 5.012000000000000000e+03
3.820000000000000000e+05 5.243000000000000000e+03
3.840000000000000000e+05 5.525000000000000000e+03
3.860000000000000000e+05 5.562000000000000000e+03
3.880000000000000000e+05 5.846000000000000000e+03
3.900000000000000000e+05 6.075000000000000000e+03
3.920000000000000000e+05 6.155000000000000000e+03
3.940000000000000000e+05 6.415000000000000000e+03
3.960000000000000000e+05 6.585000000000000000e+03
3.980000000000000000e+05 6.658000000000000000e+03
