0.000000000000000000e+00 5.744000000000000000e+03
5.000000000000000000e+01 5.847000000000000000e+03
1.000000000000000000e+02 6.071000000000000000e+03
1.500000000000000000e+02 6.166000000000000000e+03
2.000000000000000000e+02 5.830000000000000000e+03
2.500000000000000000e+02 6.285000000000000000e+03
3.000000000000000000e+02 6.425000000000000000e+03
3.500000000000000000e+02 6.256000000000000000e+03
4.000000000000000000e+02 6.246000000000000000e+03
4.500000000000000000e+02 6.651000000000000000e+03
5.000000000000000000e+02 6.555000000000000000e+03
5.500000000000000000e+02 6.636000000000000000e+03
6.000000000000000000e+02 6.669000000000000000e+03
6.500000000000000000e+02 6.621000000000000000e+03
7.000000000000000000e+02 6.647000000000000000e+03
7.500000000000000000e+02 6.748000000000000000e+03
8.000000000000000000e+02 6.821000000000000000e+03
8.500000000000000000e+02 6.622000000000000000e+03
9.000000000000000000e+02 6.711000000000000000e+03
9.500000000000000000e+02 6.691000000000000000e+03
1.000000000000000000e+03 6.892000000000000000e+03
1.050000000000000000e+03 6.754000000000000000e+03
1.100000000000000000e+03 6.804000000000000000e+03
1.150000000000000000e+03 6.601000000000000000e+03
1.200000000000000000e+03 6.612000000000000000e+03
1.250000000000000000e+03 6.779000000000000000e+03
1.300000000000000000e+03 6.546000000000000000e+03
1.350000000000000000e+03 6.535000000000000000e+03
1.400000000000000000e+03 6.548000000000000000e+03
1.450000000000000000e+03 6.507000000000000000e+03
1.500000000000000000e+03 6.583000000000000000e+03
1.550000000000000000e+03 6.467000000000000000e+03
1.600000000000000000e+03 6.544000000000000000e+03
1.650000000000000000e+03 6.446000000000000000e+03
1.700000000000000000e+03 6.203000000000000000e+03
1.750000000000000000e+03 6.228000000000000000e+03
1.800000000000000000e+03 6.211000000000000000e+03
1.850000000000000000e+03 6.189000000000000000e+03
1.900000000000000000e+03 5.813000000000000000e+03
1.950000000000000000e+03 5.838000000000000000e+03
2.000000000000000000e+03 5.716000000000000000e+03
2.050000000000000000e+03 5.661000000000000000e+03
2.100000000000000000e+03 5.628000000000000000e+03
2.150000000000000000e+03 5.364000000000000000e+03
2.200000000000000000e+03 5.376000000000000000e+03
2.250000000000000000e+03 5.265000000000000000e+03
2.300000000000000000e+03 4.977000000000000000e+03
2.350000000000000000e+03 4.951000000000000000e+03
2.400000000000000000e+03 4.736000000000000000e+03
2.450000000000000000e+03 4.585000000000000000e+03
2.500000000000000000e+03 4.371000000000000000e+03
2.550000000000000000e+03 4.279000000000000000e+03
2.600000000000000000e+03 4.063000000000000000e+03
2.650000000000000000e+03 3.845000000000000000e+03
2.700000000000000000e+03 3.739000000000000000e+03
2.750000000000000000e+03 3.644000000000000000e+03
2.800000000000000000e+03 3.450000000000000000e+03
2.850000000000000000e+03 3.334000000000000000e+03
2.900000000000000000e+03 3.163000000000000000e+03
2.950000000000000000e+03 3.057000000000000000e+03
3.000000000000000000e+03 2.971000000000000000e+03
3.050000000000000000e+03 2.714000000000000000e+03
3.100000000000000000e+03 2.712000000000000000e+03
3.150000000000000000e+03 2.471000000000000000e+03
3.200000000000000000e+03 2.473000000000000000e+03
3.250000000000000000e+03 2.338000000000000000e+03
3.300000000000000000e+03 2.360000000000000000e+03
3.350000000000000000e+03 2.170000000000000000e+03
3.400000000000000000e+03 2.261000000000000000e+03
3.450000000000000000e+03 2.057000000000000000e+03
3.500000000000000000e+03 2.099000000000000000e+03
3.550000000000000000e+03 2.084000000000000000e+03
3.600000000000000000e+03 2.068000000000000000e+03
3.650000000000000000e+03 2.112000000000000000e+03
3.700000000000000000e+03 2.087000000000000000e+03
3.750000000000000000e+03 2.136000000000000000e+03
3.800000000000000000e+03 2.242000000000000000e+03
3.850000000000000000e+03 2.192000000000000000e+03
3.900000000000000000e+03 2.328000000000000000e+03
3.950000000000000000e+03 2.528000000000000000e+03
4.000000000000000000e+03 2.599000000000000000e+03
4.050000000000000000e+03 2.659000000000000000e+03
4.100000000000000000e+03 2.803000000000000000e+03
4.150000000000000000e+03 3.026000000000000000e+03
4.200000000000000000e+03 3.228000000000000000e+03
4.250000000000000000e+03 3.267000000000000000e+03
4.300000000000000000e+03 3.498000000000000000e+03
4.350000000000000000e+03 3.600000000000000000e+03
4.400000000000000000e+03 3.969000000000000000e+03
4.450000000000000000e+03 4.041000000000000000e+03
4.500000000000000000e+03 4.392000000000000000e+03
4.550000000000000000e+03 4.538000000000000000e+03
4.600000000000000000e+03 4.646000000000000000e+03
4.650000000000000000e+03 4.722000000000000000e+03
4.700000000000000000e+03 4.915000000000000000e+03
4.750000000000000000e+03 5.089000000000000000e+03
4.800000000000000000e+03 5.138000000000000000e+03
4.850000000000000000e+03 5.331000000000000000e+03
4.900000000000000000e+03 5.513000000000000000e+03
4.950000000000000000e+03 5.688000000000000000e+03
5.000000000000000000e+03 5.777000000000000000e+03
5.050000000000000000e+03 5.850000000000000000e+03
5.100000000000000000e+03 5.959000000000000000e+03
5.150000000000000000e+03 5.972000000000000000e+03
5.200000000000000000e+03 6.301000000000000000e+03
5.250000000000000000e+03 6.092000000000000000e+03
5.300000000000000000e+03 6.292000000000000000e+03
5.350000000000000000e+03 6.475000000000000000e+03
5.400000000000000000e+03 6.438000000000000000e+03
5.450000000000000000e+03 6.480000000000000000e+03
5.500000000000000000e+03 6.599000000000000000e+03
5.550000000000000000e+03 6.568000000000000000e+03
5.600000000000000000e+03 6.701000000000000000e+03
5.650000000000000000e+03 6.802000000000000000e+03
5.700000000000000000e+03 6.770000000000000000e+03
5.750000000000000000e+03 6.562000000000000000e+03
5.800000000000000000e+03 6.816000000000000000e+03
5.850000000000000000e+03 6.630000000000000000e+03
5.900000000000000000e+03 6.627000000000000000e+03
5.950000000000000000e+03 6.756000000000000000e+03
6.000000000000000000e+03 6.707000000000000000e+03
6.050000000000000000e+03 6.604000000000000000e+03
6.100000000000000000e+03 6.636000000000000000e+03
6.150000000000000000e+03 6.706000000000000000e+03
6.200000000000000000e+03 6.649000000000000000e+03
6.250000000000000000e+03 6.663000000000000000e+03
6.300000000000000000e+03 6.536000000000000000e+03
6.350000000000000000e+03 6.461000000000000000e+03
6.400000000000000000e+03 6.512000000000000000e+03
6.450000000000000000e+03 6.491000000000000000e+03
6.500000000000000000e+03 6.508000000000000000e+03
6.550000000000000000e+03 6.380000000000000000e+03
6.600000000000000000e+03 6.571000000000000000e+03
6.650000000000000000e+03 6.343000000000000000e+03
6.700000000000000000e+03 6.425000000000000000e+03
6.750000000000000000e+03 6.265000000000000000e+03
6.800000000000000000e+03 6.072000000000000000e+03
6.850000000000000000e+03 6.073000000000000000e+03
6.900000000000000000e+03 5.970000000000000000e+03
6.950000000000000000e+03 5.940000000000000000e+03
7.000000000000000000e+03 5.883000000000000000e+03
7.050000000000000000e+03 5.677000000000000000e+03
7.100000000000000000e+03 5.495000000000000000e+03
7.150000000000000000e+03 5.277000000000000000e+03
7.200000000000000000e+03 5.399000000000000000e+03
7.250000000000000000e+03 5.112000000000000000e+03
7.300000000000000000e+03 5.044000000000000000e+03
7.350000000000000000e+03 4.861000000000000000e+03
7.400000000000000000e+03 4.596000000000000000e+03
7.450000000000000000e+03 4.736000000000000000e+03
7.500000000000000000e+03 4.412000000000000000e+03
7.550000000000000000e+03 4.308000000000000000e+03
7.600000000000000000e+03 4.137000000000000000e+03
7.650000000000000000e+03 3.936000000000000000e+03
7.700000000000000000e+03 3.942000000000000000e+03
7.750000000000000000e+03 3.704000000000000000e+03
7.800000000000000000e+03 3.468000000000000000e+03
7.850000000000000000e+03 3.439000000000000000e+03
7.900000000000000000e+03 3.139000000000000000e+03
7.950000000000000000e+03 3.031000000000000000e+03
8.000000000000000000e+03 2.876000000000000000e+03
8.050000000000000000e+03 2.695000000000000000e+03
8.100000000000000000e+03 2.660000000000000000e+03
8.150000000000000000e+03 2.537000000000000000e+03
8.200000000000000000e+03 2.431000000000000000e+03
8.250000000000000000e+03 2.355000000000000000e+03
8.300000000000000000e+03 2.258000000000000000e+03
8.350000000000000000e+03 2.277000000000000000e+03
8.400000000000000000e+03 2.094000000000000000e+03
8.450000000000000000e+03 2.198000000000000000e+03
8.500000000000000000e+03 2.041000000000000000e+03
8.550000000000000000e+03 2.139000000000000000e+03
8.600000000000000000e+03 2.005000000000000000e+03
8.650000000000000000e+03 2.058000000000000000e+03
8.700000000000000000e+03 2.032000000000000000e+03
8.750000000000000000e+03 2.151000000000000000e+03
8.800000000000000000e+03 2.206000000000000000e+03
8.850000000000000000e+03 2.306000000000000000e+03
8.900000000000000000e+03 2.320000000000000000e+03
8.950000000000000000e+03 2.306000000000000000e+03
9.000000000000000000e+03 2.582000000000000000e+03
9.050000000000000000e+03 2.814000000000000000e+03
9.100000000000000000e+03 2.767000000000000000e+03
9.150000000000000000e+03 3.006000000000000000e+03
9.200000000000000000e+03 3.158000000000000000e+03
9.250000000000000000e+03 3.348000000000000000e+03
9.300000000000000000e+03 3.600000000000000000e+03
9.350000000000000000e+03 3.725000000000000000e+03
9.400000000000000000e+03 3.856000000000000000e+03
9.450000000000000000e+03 4.133000000000000000e+03
9.500000000000000000e+03 4.232000000000000000e+03
9.550000000000000000e+03 4.395000000000000000e+03
9.600000000000000000e+03 4.664000000000000000e+03
9.650000000000000000e+03 4.803000000000000000e+03
9.700000000000000000e+03 5.067000000000000000e+03
9.750000000000000000e+03 5.162000000000000000e+03
9.800000000000000000e+03 5.280000000000000000e+03
9.850000000000000000e+03 5.242000000000000000e+03
9.900000000000000000e+03 5.536000000000000000e+03
9.950000000000000000e+03 5.762000000000000000e+03
