0.000000000000000000e+00 5.729000000000000000e+03
2.500000000000000000e+03 5.734000000000000000e+03
5.000000000000000000e+03 5.880000000000000000e+03
7.500000000000000000e+03 5.971000000000000000e+03
1.000000000000000000e+04 6.154000000000000000e+03
1.250000000000000000e+04 6.322000000000000000e+03
1.500000000000000000e+04 6.240000000000000000e+03
1.750000000000000000e+04 6.380000000000000000e+03
2.000000000000000000e+04 6.505000000000000000e+03
2.250000000000000000e+04 6.560000000000000000e+03
2.500000000000000000e+04 6.479000000000000000e+03
2.750000000000000000e+04 6.743000000000000000e+03
3.000000000000000000e+04 6.640000000000000000e+03
3.250000000000000000e+04 6.486000000000000000e+03
3.500000000000000000e+04 6.579000000000000000e+03
3.750000000000000000e+04 6.776000000000000000e+03
4.000000000000000000e+04 6.737000000000000000e+03
4.250000000000000000e+04 6.695000000000000000e+03
4.500000000000000000e+04 6.921000000000000000e+03
4.750000000000000000e+04 6.602000000000000000e+03
5.000000000000000000e+04 6.671000000000000000e+03
5.250000000000000000e+04 6.701000000000000000e+03
5.500000000000000000e+04 6.698000000000000000e+03
5.750000000000000000e+04 6.674000000000000000e+03
6.000000000000000000e+04 6.446000000000000000e+03
6.250000000000000000e+04 6.801000000000000000e+03
6.500000000000000000e+04 6.663000000000000000e+03
6.750000000000000000e+04 6.601000000000000000e+03
7.000000000000000000e+04 6.594000000000000000e+03
7.250000000000000000e+04 6.526000000000000000e+03
7.500000000000000000e+04 6.409000000000000000e+03
7.750000000000000000e+04 6.457000000000000000e+03
8.000000000000000000e+04 6.317000000000000000e+03
8.250000000000000000e+04 6.282000000000000000e+03
8.500000000000000000e+04 6.182000000000000000e+03
8.750000000000000000e+04 6.080000000000000000e+03
9.000000000000000000e+04 5.927000000000000000e+03
9.250000000000000000e+04 6.080000000000000000e+03
9.500000000000000000e+04 5.848000000000000000e+03
9.750000000000000000e+04 5.608000000000000000e+03
1.000000000000000000e+05 5.469000000000000000e+03
1.025000000000000000e+05 5.416000000000000000e+03
1.050000000000000000e+05 5.321000000000000000e+03
1.075000000000000000e+05 5.095000000000000000e+03
1.100000000000000000e+05 4.963000000000000000e+03
1.125000000000000000e+05 4.929000000000000000e+03
1.150000000000000000e+05 4.595000000000000000e+03
1.175000000000000000e+05 4.406000000000000000e+03
1.200000000000000000e+05 4.477000000000000000e+03
1.225000000000000000e+05 4.181000000000000000e+03
1.250000000000000000e+05 3.996000000000000000e+03
1.275000000000000000e+05 3.814000000000000000e+03
1.300000000000000000e+05 3.618000000000000000e+03
1.325000000000000000e+05 3.348000000000000000e+03
1.350000000000000000e+05 3.280000000000000000e+03
1.375000000000000000e+05 3.072000000000000000e+03
1.400000000000000000e+05 3.008000000000000000e+03
1.425000000000000000e+05 2.709000000000000000e+03
1.450000000000000000e+05 2.634000000000000000e+03
1.475000000000000000e+05 2.412000000000000000e+03
1.500000000000000000e+05 2.298000000000000000e+03
1.525000000000000000e+05 2.265000000000000000e+03
1.550000000000000000e+05 2.246000000000000000e+03
1.575000000000000000e+05 1.943000000000000000e+03
1.600000000000000000e+05 2.010000000000000000e+03
1.625000000000000000e+05 1.956000000000000000e+03
1.650000000000000000e+05 1.856000000000000000e+03
1.675000000000000000e+05 1.773000000000000000e+03
1.700000000000000000e+05 1.913000000000000000e+03
1.725000000000000000e+05 1.790000000000000000e+03
1.750000000000000000e+05 1.661000000000000000e+03
1.775000000000000000e+05 1.821000000000000000e+03
1.800000000000000000e+05 1.941000000000000000e+03
1.825000000000000000e+05 1.877000000000000000e+03
1.850000000000000000e+05 1.898000000000000000e+03
1.875000000000000000e+05 1.989000000000000000e+03
1.900000000000000000e+05 2.128000000000000000e+03
1.925000000000000000e+05 2.171000000000000000e+03
1.950000000000000000e+05 2.302000000000000000e+03
1.975000000000000000e+05 2.380000000000000000e+03
2.000000000000000000e+05 2.504000000000000000e+03
2.025000000000000000e+05 2.742000000000000000e+03
2.050000000000000000e+05 2.782000000000000000e+03
2.075000000000000000e+05 3.004000000000000000e+03
2.100000000000000000e+05 3.089000000000000000e+03
2.125000000000000000e+05 3.521000000000000000e+03
2.150000000000000000e+05 3.475000000000000000e+03
2.175000000000000000e+05 3.798000000000000000e+03
2.200000000000000000e+05 3.838000000000000000e+03
2.225000000000000000e+05 4.088000000000000000e+03
2.250000000000000000e+05 4.164000000000000000e+03
2.275000000000000000e+05 4.492000000000000000e+03
2.300000000000000000e+05 4.690000000000000000e+03
2.325000000000000000e+05 4.623000000000000000e+03
2.350000000000000000e+05 4.910000000000000000e+03
2.375000000000000000e+05 5.095000000000000000e+03
2.400000000000000000e+05 5.142000000000000000e+03
2.425000000000000000e+05 5.312000000000000000e+03
2.450000000000000000e+05 5.542000000000000000e+03
2.475000000000000000e+05 5.559000000000000000e+03
2.500000000000000000e+05 5.561000000000000000e+03
2.525000000000000000e+05 5.783000000000000000e+03
2.550000000000000000e+05 6.065000000000000000e+03
2.575000000000000000e+05 6.059000000000000000e+03
2.600000000000000000e+05 6.344000000000000000e+03
2.625000000000000000e+05 6.464000000000000000e+03
2.650000000000000000e+05 6.342000000000000000e+03
2.675000000000000000e+05 6.313000000000000000e+03
2.700000000000000000e+05 6.585000000000000000e+03
2.725000000000000000e+05 6.324000000000000000e+03
2.750000000000000000e+05 6.546000000000000000e+03
2.775000000000000000e+05 6.636000000000000000e+03
2.800000000000000000e+05 6.634000000000000000e+03
2.825000000000000000e+05 6.544000000000000000e+03
2.850000000000000000e+05 6.619000000000000000e+03
2.875000000000000000e+05 6.681000000000000000e+03
2.900000000000000000e+05 6.681000000000000000e+03
2.925000000000000000e+05 6.822000000000000000e+03
2.950000000000000000e+05 6.788000000000000000e+03
2.975000000000000000e+05 6.722000000000000000e+03
3.000000000000000000e+05 6.756000000000000000e+03
3.025000000000000000e+05 6.688000000000000000e+03
3.050000000000000000e+05 6.792000000000000000e+03
3.075000000000000000e+05 6.534000000000000000e+03
3.100000000000000000e+05 6.662000000000000000e+03
3.125000000000000000e+05 6.858000000000000000e+03
3.150000000000000000e+05 6.692000000000000000e+03
3.175000000000000000e+05 6.558000000000000000e+03
3.200000000000000000e+05 6.625000000000000000e+03
3.225000000000000000e+05 6.560000000000000000e+03
3.250000000000000000e+05 6.482000000000000000e+03
3.275000000000000000e+05 6.434000000000000000e+03
3.300000000000000000e+05 6.298000000000000000e+03
3.325000000000000000e+05 6.278000000000000000e+03
3.350000000000000000e+05 6.120000000000000000e+03
3.375000000000000000e+05 6.154000000000000000e+03
3.400000000000000000e+05 6.035000000000000000e+03
3.425000000000000000e+05 5.881000000000000000e+03
3.450000000000000000e+05 5.848000000000000000e+03
3.475000000000000000e+05 5.576000000000000000e+03
3.500000000000000000e+05 5.518000000000000000e+03
3.525000000000000000e+05 5.385000000000000000e+03
3.550000000000000000e+05 5.351000000000000000e+03
3.575000000000000000e+05 4.967000000000000000e+03
3.600000000000000000e+05 5.129000000000000000e+03
3.625000000000000000e+05 4.954000000000000000e+03
3.650000000000000000e+05 4.754000000000000000e+03
3.675000000000000000e+05 4.495000000000000000e+03
3.700000000000000000e+05 4.453000000000000000e+03
3.725000000000000000e+05 4.023000000000000000e+03
3.750000000000000000e+05 3.916000000000000000e+03
3.775000000000000000e+05 3.878000000000000000e+03
3.800000000000000000e+05 3.666000000000000000e+03
3.825000000000000000e+05 3.429000000000000000e+03
3.850000000000000000e+05 3.265000000000000000e+03
3.875000000000000000e+05 3.144000000000000000e+03
3.900000000000000000e+05 2.873000000000000000e+03
3.925000000000000000e+05 2.660000000000000000e+03
3.950000000000000000e+05 2.694000000000000000e+03
3.975000000000000000e+05 2.498000000000000000e+03
4.000000000000000000e+05 2.284000000000000000e+03
4.025000000000000000e+05 2.295000000000000000e+03
4.050000000000000000e+05 2.167000000000000000e+03
4.075000000000000000e+05 1.948000000000000000e+03
4.100000000000000000e+05 1.947000000000000000e+03
4.125000000000000000e+05 1.915000000000000000e+03
4.150000000000000000e+05 1.875000000000000000e+03
4.175000000000000000e+05 1.798000000000000000e+03
4.200000000000000000e+05 1.837000000000000000e+03
4.225000000000000000e+05 1.787000000000000000e+03
4.250000000000000000e+05 1.749000000000000000e+03
4.275000000000000000e+05 1.808000000000000000e+03
4.300000000000000000e+05 1.814000000000000000e+03
4.325000000000000000e+05 1.916000000000000000e+03
4.350000000000000000e+05 1.981000000000000000e+03
4.375000000000000000e+05 2.063000000000000000e+03
4.400000000000000000e+05 2.060000000000000000e+03
4.425000000000000000e+05 2.164000000000000000e+03
4.450000000000000000e+05 2.376000000000000000e+03
4.475000000000000000e+05 2.357000000000000000e+03
4.500000000000000000e+05 2.557000000000000000e+03
4.525000000000000000e+05 2.732000000000000000e+03
4.550000000000000000e+05 2.826000000000000000e+03
4.575000000000000000e+05 3.028000000000000000e+03
4.600000000000000000e+05 3.193000000000000000e+03
4.625000000000000000e+05 3.377000000000000000e+03
4.650000000000000000e+05 3.546000000000000000e+03
4.675000000000000000e+05 3.766000000000000000e+03
4.700000000000000000e+05 4.019000000000000000e+03
4.725000000000000000e+05 4.060000000000000000e+03
4.750000000000000000e+05 4.105000000000000000e+03
4.775000000000000000e+05 4.472000000000000000e+03
4.800000000000000000e+05 4.662000000000000000e+03
4.825000000000000000e+05 4.800000000000000000e+03
4.850000000000000000e+05 4.853000000000000000e+03
4.875000000000000000e+05 5.098000000000000000e+03
4.900000000000000000e+05 5.252000000000000000e+03
4.925000000000000000e+05 5.337000000000000000e+03
4.950000000000000000e+05 5.474000000000000000e+03
4.975000000000000000e+05 5.568000000000000000e+03
