0.000000000000000000e+00 5.334000000000000000e+03
1.000000000000000000e+03 5.650000000000000000e+03
2.000000000000000000e+03 5.576000000000000000e+03
3.000000000000000000e+03 5.682000000000000000e+03
4.000000000000000000e+03 5.879000000000000000e+03
5.000000000000000000e+03 5.840000000000000000e+03
6.000000000000000000e+03 5.845000000000000000e+03
7.000000000000000000e+03 5.896000000000000000e+03
8.000000000000000000e+03 6.063000000000000000e+03
9.000000000000000000e+03 5.875000000000000000e+03
1.000000000000000000e+04 6.006000000000000000e+03
1.100000000000000000e+04 6.216000000000000000e+03
1.200000000000000000e+04 6.173000000000000000e+03
1.300000000000000000e+04 6.157000000000000000e+03
1.400000000000000000e+04 6.419000000000000000e+03
1.500000000000000000e+04 6.207000000000000000e+03
1.600000000000000000e+04 6.336000000000000000e+03
1.700000000000000000e+04 6.373000000000000000e+03
1.800000000000000000e+04 6.458000000000000000e+03
1.900000000000000000e+04 6.343000000000000000e+03
2.000000000000000000e+04 6.345000000000000000e+03
2.100000000000000000e+04 6.244000000000000000e+03
2.200000000000000000e+04 6.536000000000000000e+03
2.300000000000000000e+04 6.396000000000000000e+03
2.400000000000000000e+04 6.225000000000000000e+03
2.500000000000000000e+04 6.156000000000000000e+03
2.600000000000000000e+04 6.146000000000000000e+03
2.700000000000000000e+04 6.338000000000000000e+03
2.800000000000000000e+04 6.178000000000000000e+03
2.900000000000000000e+04 5.978000000000000000e+03
3.000000000000000000e+04 6.139000000000000000e+03
3.100000000000000000e+04 6.102000000000000000e+03
3.200000000000000000e+04 5.866000000000000000e+03
3.300000000000000000e+04 5.846000000000000000e+03
3.400000000000000000e+04 5.863000000000000000e+03
3.500000000000000000e+04 5.756000000000000000e+03
3.600000000000000000e+04 5.589000000000000000e+03
3.700000000000000000e+04 5.698000000000000000e+03
3.800000000000000000e+04 5.497000000000000000e+03
3.900000000000000000e+04 5.627000000000000000e+03
4.000000000000000000e+04 5.338000000000000000e+03
4.100000000000000000e+04 5.313000000000000000e+03
4.200000000000000000e+04 5.040000000000000000e+03
4.300000000000000000e+04 4.894000000000000000e+03
4.400000000000000000e+04 4.841000000000000000e+03
4.500000000000000000e+04 4.647000000000000000e+03
4.600000000000000000e+04 4.503000000000000000e+03
4.700000000000000000e+04 4.268000000000000000e+03
4.800000000000000000e+04 4.247000000000000000e+03
4.900000000000000000e+04 4.063000000000000000e+03
5.000000000000000000e+04 3.923000000000000000e+03
5.100000000000000000e+04 3.701000000000000000e+03
5.200000000000000000e+04 3.555000000000000000e+03
5.300000000000000000e+04 3.414000000000000000e+03
5.400000000000000000e+04 3.330000000000000000e+03
5.500000000000000000e+04 2.997000000000000000e+03
5.600000000000000000e+04 2.848000000000000000e+03
5.700000000000000000e+04 2.818000000000000000e+03
5.800000000000000000e+04 2.607000000000000000e+03
5.900000000000000000e+04 2.480000000000000000e+03
6.000000000000000000e+04 2.435000000000000000e+03
6.100000000000000000e+04 2.244000000000000000e+03
6.200000000000000000e+04 2.202000000000000000e+03
6.300000000000000000e+04 2.083000000000000000e+03
6.400000000000000000e+04 1.958000000000000000e+03
6.500000000000000000e+04 1.894000000000000000e+03
6.600000000000000000e+04 1.875000000000000000e+03
6.700000000000000000e+04 1.842000000000000000e+03
6.800000000000000000e+04 1.830000000000000000e+03
6.900000000000000000e+04 1.703000000000000000e+03
7.000000000000000000e+04 1.790000000000000000e+03
7.100000000000000000e+04 1.868000000000000000e+03
7.200000000000000000e+04 1.822000000000000000e+03
7.300000000000000000e+04 1.897000000000000000e+03
7.400000000000000000e+04 1.934000000000000000e+03
7.500000000000000000e+04 2.083000000000000000e+03
7.600000000000000000e+04 2.053000000000000000e+03
7.700000000000000000e+04 2.183000000000000000e+03
7.800000000000000000e+04 2.196000000000000000e+03
7.900000000000000000e+04 2.423000000000000000e+03
8.000000000000000000e+04 2.582000000000000000e+03
8.100000000000000000e+04 2.608000000000000000e+03
8.200000000000000000e+04 2.718000000000000000e+03
8.300000000000000000e+04 2.945000000000000000e+03
8.400000000000000000e+04 3.108000000000000000e+03
8.500000000000000000e+04 3.181000000000000000e+03
8.600000000000000000e+04 3.437000000000000000e+03
8.700000000000000000e+04 3.574000000000000000e+03
8.800000000000000000e+04 3.639000000000000000e+03
8.900000000000000000e+04 3.960000000000000000e+03
9.000000000000000000e+04 4.182000000000000000e+03
9.100000000000000000e+04 4.262000000000000000e+03
9.200000000000000000e+04 4.448000000000000000e+03
9.300000000000000000e+04 4.719000000000000000e+03
9.400000000000000000e+04 4.731000000000000000e+03
9.500000000000000000e+04 4.737000000000000000e+03
9.600000000000000000e+04 4.966000000000000000e+03
9.700000000000000000e+04 5.211000000000000000e+03
9.800000000000000000e+04 5.192000000000000000e+03
9.900000000000000000e+04 5.427000000000000000e+03
1.000000000000000000e+05 5.480000000000000000e+03
1.010000000000000000e+05 5.693000000000000000e+03
1.020000000000000000e+05 5.581000000000000000e+03
1.030000000000000000e+05 5.607000000000000000e+03
1.040000000000000000e+05 5.799000000000000000e+03
1.050000000000000000e+05 6.029000000000000000e+03
1.060000000000000000e+05 5.932000000000000000e+03
1.070000000000000000e+05 6.055000000000000000e+03
1.080000000000000000e+05 6.161000000000000000e+03
1.090000000000000000e+05 6.082000000000000000e+03
1.100000000000000000e+05 6.085000000000000000e+03
1.110000000000000000e+05 6.169000000000000000e+03
1.120000000000000000e+05 6.172000000000000000e+03
1.130000000000000000e+05 6.283000000000000000e+03
1.140000000000000000e+05 6.216000000000000000e+03
1.150000000000000000e+05 6.437000000000000000e+03
1.160000000000000000e+05 6.113000000000000000e+03
1.170000000000000000e+05 6.343000000000000000e+03
1.180000000000000000e+05 6.464000000000000000e+03
1.190000000000000000e+05 6.422000000000000000e+03
1.200000000000000000e+05 6.374000000000000000e+03
1.210000000000000000e+05 6.353000000000000000e+03
1.220000000000000000e+05 6.375000000000000000e+03
1.230000000000000000e+05 6.391000000000000000e+03
1.240000000000000000e+05 6.321000000000000000e+03
1.250000000000000000e+05 6.245000000000000000e+03
1.260000000000000000e+05 6.395000000000000000e+03
1.270000000000000000e+05 6.100000000000000000e+03
1.280000000000000000e+05 6.153000000000000000e+03
1.290000000000000000e+05 6.134000000000000000e+03
1.300000000000000000e+05 6.098000000000000000e+03
1.310000000000000000e+05 6.187000000000000000e+03
1.320000000000000000e+05 5.972000000000000000e+03
1.330000000000000000e+05 5.986000000000000000e+03
1.340000000000000000e+05 5.841000000000000000e+03
1.350000000000000000e+05 5.761000000000000000e+03
1.360000000000000000e+05 5.646000000000000000e+03
1.370000000000000000e+05 5.767000000000000000e+03
1.380000000000000000e+05 5.503000000000000000e+03
1.390000000000000000e+05 5.214000000000000000e+03
1.400000000000000000e+05 5.238000000000000000e+03
1.410000000000000000e+05 5.185000000000000000e+03
1.420000000000000000e+05 4.975000000000000000e+03
1.430000000000000000e+05 4.865000000000000000e+03
1.440000000000000000e+05 4.720000000000000000e+03
1.450000000000000000e+05 4.667000000000000000e+03
1.460000000000000000e+05 4.481000000000000000e+03
1.470000000000000000e+05 4.398000000000000000e+03
1.480000000000000000e+05 4.277000000000000000e+03
1.490000000000000000e+05 4.100000000000000000e+03
1.500000000000000000e+05 3.859000000000000000e+03
1.510000000000000000e+05 3.815000000000000000e+03
1.520000000000000000e+05 3.398000000000000000e+03
1.530000000000000000e+05 3.429000000000000000e+03
1.540000000000000000e+05 3.239000000000000000e+03
1.550000000000000000e+05 3.067000000000000000e+03
1.560000000000000000e+05 2.895000000000000000e+03
1.570000000000000000e+05 2.798000000000000000e+03
1.580000000000000000e+05 2.626000000000000000e+03
1.590000000000000000e+05 2.451000000000000000e+03
1.600000000000000000e+05 2.395000000000000000e+03
1.610000000000000000e+05 2.205000000000000000e+03
1.620000000000000000e+05 2.115000000000000000e+03
1.630000000000000000e+05 2.115000000000000000e+03
1.640000000000000000e+05 1.984000000000000000e+03
1.650000000000000000e+05 1.933000000000000000e+03
1.660000000000000000e+05 1.801000000000000000e+03
1.670000000000000000e+05 1.826000000000000000e+03
1.680000000000000000e+05 1.811000000000000000e+03
1.690000000000000000e+05 1.726000000000000000e+03
1.700000000000000000e+05 1.837000000000000000e+03
1.710000000000000000e+05 1.860000000000000000e+03
1.720000000000000000e+05 1.873000000000000000e+03
1.730000000000000000e+05 1.947000000000000000e+03
1.740000000000000000e+05 1.935000000000000000e+03
1.750000000000000000e+05 1.881000000000000000e+03
1.760000000000000000e+05 2.135000000000000000e+03
1.770000000000000000e+05 2.157000000000000000e+03
1.780000000000000000e+05 2.205000000000000000e+03
1.790000000000000000e+05 2.484000000000000000e+03
1.800000000000000000e+05 2.593000000000000000e+03
1.810000000000000000e+05 2.620000000000000000e+03
1.820000000000000000e+05 2.751000000000000000e+03
1.830000000000000000e+05 2.877000000000000000e+03
1.840000000000000000e+05 3.135000000000000000e+03
1.850000000000000000e+05 3.262000000000000000e+03
1.860000000000000000e+05 3.417000000000000000e+03
1.870000000000000000e+05 3.531000000000000000e+03
1.880000000000000000e+05 3.856000000000000000e+03
1.890000000000000000e+05 3.900000000000000000e+03
1.900000000000000000e+05 4.109000000000000000e+03
1.910000000000000000e+05 4.209000000000000000e+03
1.920000000000000000e+05 4.417000000000000000e+03
1.930000000000000000e+05 4.537000000000000000e+03
1.940000000000000000e+05 4.681000000000000000e+03
1.950000000000000000e+05 4.948000000000000000e+03
1.960000000000000000e+05 4.976000000000000000e+03
1.970000000000000000e+05 5.101000000000000000e+03
1.980000000000000000e+05 5.347000000000000000e+03
1.990000000000000000e+05 5.334000000000000000e+03
