0.000000000000000000e+00 5.051000000000000000e+03
5.000000000000000000e+01 5.454000000000000000e+03
1.000000000000000000e+02 5.444000000000000000e+03
1.500000000000000000e+02 5.615000000000000000e+03
2.000000000000000000e+02 5.414000000000000000e+03
2.500000000000000000e+02 5.630000000000000000e+03
3.000000000000000000e+02 5.742000000000000000e+03
3.500000000000000000e+02 5.733000000000000000e+03
4.000000000000000000e+02 5.783000000000000000e+03
4.500000000000000000e+02 5.891000000000000000e+03
5.000000000000000000e+02 5.847000000000000000e+03
5.500000000000000000e+02 6.115000000000000000e+03
6.000000000000000000e+02 6.122000000000000000e+03
6.500000000000000000e+02 6.074000000000000000e+03
7.000000000000000000e+02 6.117000000000000000e+03
7.500000000000000000e+02 6.002000000000000000e+03
8.000000000000000000e+02 6.148000000000000000e+03
8.500000000000000000e+02 6.093000000000000000e+03
9.000000000000000000e+02 6.269000000000000000e+03
9.500000000000000000e+02 6.203000000000000000e+03
1.000000000000000000e+03 6.159000000000000000e+03
1.050000000000000000e+03 6.017000000000000000e+03
1.100000000000000000e+03 5.987000000000000000e+03
1.150000000000000000e+03 6.121000000000000000e+03
1.200000000000000000e+03 6.013000000000000000e+03
1.250000000000000000e+03 6.163000000000000000e+03
1.300000000000000000e+03 6.062000000000000000e+03
1.350000000000000000e+03 6.099000000000000000e+03
1.400000000000000000e+03 5.976000000000000000e+03
1.450000000000000000e+03 6.001000000000000000e+03
1.500000000000000000e+03 5.958000000000000000e+03
1.550000000000000000e+03 5.771000000000000000e+03
1.600000000000000000e+03 5.813000000000000000e+03
1.650000000000000000e+03 5.778000000000000000e+03
1.700000000000000000e+03 5.680000000000000000e+03
1.750000000000000000e+03 5.632000000000000000e+03
1.800000000000000000e+03 5.549000000000000000e+03
1.850000000000000000e+03 5.562000000000000000e+03
1.900000000000000000e+03 5.402000000000000000e+03
1.950000000000000000e+03 5.238000000000000000e+03
2.000000000000000000e+03 5.286000000000000000e+03
2.050000000000000000e+03 5.098000000000000000e+03
2.100000000000000000e+03 4.994000000000000000e+03
2.150000000000000000e+03 4.746000000000000000e+03
2.200000000000000000e+03 4.806000000000000000e+03
2.250000000000000000e+03 4.638000000000000000e+03
2.300000000000000000e+03 4.531000000000000000e+03
2.350000000000000000e+03 4.352000000000000000e+03
2.400000000000000000e+03 4.275000000000000000e+03
2.450000000000000000e+03 4.180000000000000000e+03
2.500000000000000000e+03 3.915000000000000000e+03
2.550000000000000000e+03 3.904000000000000000e+03
2.600000000000000000e+03 3.743000000000000000e+03
2.650000000000000000e+03 3.620000000000000000e+03
2.700000000000000000e+03 3.477000000000000000e+03
2.750000000000000000e+03 3.296000000000000000e+03
2.800000000000000000e+03 3.084000000000000000e+03
2.850000000000000000e+03 3.130000000000000000e+03
2.900000000000000000e+03 2.944000000000000000e+03
2.950000000000000000e+03 2.631000000000000000e+03
3.000000000000000000e+03 2.697000000000000000e+03
3.050000000000000000e+03 2.499000000000000000e+03
3.100000000000000000e+03 2.413000000000000000e+03
3.150000000000000000e+03 2.182000000000000000e+03
3.200000000000000000e+03 2.221000000000000000e+03
3.250000000000000000e+03 2.120000000000000000e+03
3.300000000000000000e+03 2.097000000000000000e+03
3.350000000000000000e+03 1.935000000000000000e+03
3.400000000000000000e+03 1.972000000000000000e+03
3.450000000000000000e+03 1.937000000000000000e+03
3.500000000000000000e+03 1.797000000000000000e+03
3.550000000000000000e+03 1.842000000000000000e+03
3.600000000000000000e+03 1.836000000000000000e+03
3.650000000000000000e+03 1.885000000000000000e+03
3.700000000000000000e+03 1.895000000000000000e+03
3.750000000000000000e+03 1.818000000000000000e+03
3.800000000000000000e+03 1.926000000000000000e+03
3.850000000000000000e+03 2.036000000000000000e+03
3.900000000000000000e+03 2.114000000000000000e+03
3.950000000000000000e+03 2.132000000000000000e+03
4.000000000000000000e+03 2.233000000000000000e+03
4.050000000000000000e+03 2.429000000000000000e+03
4.100000000000000000e+03 2.494000000000000000e+03
4.150000000000000000e+03 2.635000000000000000e+03
4.200000000000000000e+03 2.726000000000000000e+03
4.250000000000000000e+03 2.920000000000000000e+03
4.300000000000000000e+03 3.149000000000000000e+03
4.350000000000000000e+03 3.269000000000000000e+03
4.400000000000000000e+03 3.468000000000000000e+03
4.450000000000000000e+03 3.611000000000000000e+03
4.500000000000000000e+03 3.771000000000000000e+03
4.550000000000000000e+03 3.824000000000000000e+03
4.600000000000000000e+03 4.088000000000000000e+03
4.650000000000000000e+03 4.177000000000000000e+03
4.700000000000000000e+03 4.194000000000000000e+03
4.750000000000000000e+03 4.595000000000000000e+03
4.800000000000000000e+03 4.657000000000000000e+03
4.850000000000000000e+03 4.874000000000000000e+03
4.900000000000000000e+03 4.944000000000000000e+03
4.950000000000000000e+03 5.218000000000000000e+03
5.000000000000000000e+03 5.195000000000000000e+03
5.050000000000000000e+03 5.209000000000000000e+03
5.100000000000000000e+03 5.352000000000000000e+03
5.150000000000000000e+03 5.536000000000000000e+03
5.200000000000000000e+03 5.530000000000000000e+03
5.250000000000000000e+03 5.516000000000000000e+03
5.300000000000000000e+03 5.751000000000000000e+03
5.350000000000000000e+03 5.732000000000000000e+03
5.400000000000000000e+03 5.775000000000000000e+03
5.450000000000000000e+03 5.949000000000000000e+03
5.500000000000000000e+03 5.936000000000000000e+03
5.550000000000000000e+03 5.949000000000000000e+03
5.600000000000000000e+03 6.086000000000000000e+03
5.650000000000000000e+03 6.086000000000000000e+03
5.700000000000000000e+03 6.020000000000000000e+03
5.750000000000000000e+03 6.147000000000000000e+03
5.800000000000000000e+03 6.222000000000000000e+03
5.850000000000000000e+03 6.257000000000000000e+03
5.900000000000000000e+03 6.175000000000000000e+03
5.950000000000000000e+03 6.084000000000000000e+03
6.000000000000000000e+03 5.996000000000000000e+03
6.050000000000000000e+03 6.165000000000000000e+03
6.100000000000000000e+03 6.107000000000000000e+03
6.150000000000000000e+03 6.133000000000000000e+03
6.200000000000000000e+03 6.155000000000000000e+03
6.250000000000000000e+03 5.953000000000000000e+03
6.300000000000000000e+03 5.966000000000000000e+03
6.350000000000000000e+03 5.929000000000000000e+03
6.400000000000000000e+03 5.989000000000000000e+03
6.450000000000000000e+03 5.967000000000000000e+03
6.500000000000000000e+03 5.874000000000000000e+03
6.550000000000000000e+03 5.904000000000000000e+03
6.600000000000000000e+03 5.909000000000000000e+03
6.650000000000000000e+03 5.879000000000000000e+03
6.700000000000000000e+03 5.699000000000000000e+03
6.750000000000000000e+03 5.681000000000000000e+03
6.800000000000000000e+03 5.642000000000000000e+03
6.850000000000000000e+03 5.474000000000000000e+03
6.900000000000000000e+03 5.422000000000000000e+03
6.950000000000000000e+03 5.280000000000000000e+03
7.000000000000000000e+03 5.317000000000000000e+03
7.050000000000000000e+03 5.009000000000000000e+03
7.100000000000000000e+03 5.028000000000000000e+03
7.150000000000000000e+03 4.899000000000000000e+03
7.200000000000000000e+03 4.814000000000000000e+03
7.250000000000000000e+03 4.652000000000000000e+03
7.300000000000000000e+03 4.547000000000000000e+03
7.350000000000000000e+03 4.345000000000000000e+03
7.400000000000000000e+03 4.264000000000000000e+03
7.450000000000000000e+03 4.183000000000000000e+03
7.500000000000000000e+03 3.999000000000000000e+03
7.550000000000000000e+03 3.839000000000000000e+03
7.600000000000000000e+03 3.951000000000000000e+03
7.650000000000000000e+03 3.592000000000000000e+03
7.700000000000000000e+03 3.472000000000000000e+03
7.750000000000000000e+03 3.240000000000000000e+03
7.800000000000000000e+03 3.081000000000000000e+03
7.850000000000000000e+03 3.045000000000000000e+03
7.900000000000000000e+03 2.928000000000000000e+03
7.950000000000000000e+03 2.789000000000000000e+03
8.000000000000000000e+03 2.704000000000000000e+03
8.050000000000000000e+03 2.492000000000000000e+03
8.100000000000000000e+03 2.537000000000000000e+03
8.150000000000000000e+03 2.293000000000000000e+03
8.200000000000000000e+03 2.270000000000000000e+03
8.250000000000000000e+03 2.159000000000000000e+03
8.300000000000000000e+03 2.058000000000000000e+03
8.350000000000000000e+03 2.040000000000000000e+03
8.400000000000000000e+03 1.906000000000000000e+03
8.450000000000000000e+03 1.877000000000000000e+03
8.500000000000000000e+03 1.859000000000000000e+03
8.550000000000000000e+03 1.907000000000000000e+03
8.600000000000000000e+03 1.796000000000000000e+03
8.650000000000000000e+03 1.785000000000000000e+03
8.700000000000000000e+03 1.916000000000000000e+03
8.750000000000000000e+03 1.923000000000000000e+03
8.800000000000000000e+03 1.904000000000000000e+03
8.850000000000000000e+03 2.034000000000000000e+03
8.900000000000000000e+03 2.044000000000000000e+03
8.950000000000000000e+03 2.135000000000000000e+03
9.000000000000000000e+03 2.284000000000000000e+03
9.050000000000000000e+03 2.339000000000000000e+03
9.100000000000000000e+03 2.486000000000000000e+03
9.150000000000000000e+03 2.543000000000000000e+03
9.200000000000000000e+03 2.748000000000000000e+03
9.250000000000000000e+03 2.981000000000000000e+03
9.300000000000000000e+03 3.048000000000000000e+03
9.350000000000000000e+03 3.267000000000000000e+03
9.400000000000000000e+03 3.388000000000000000e+03
9.450000000000000000e+03 3.537000000000000000e+03
9.500000000000000000e+03 3.754000000000000000e+03
9.550000000000000000e+03 3.942000000000000000e+03
9.600000000000000000e+03 4.046000000000000000e+03
9.650000000000000000e+03 4.215000000000000000e+03
9.700000000000000000e+03 4.420000000000000000e+03
9.750000000000000000e+03 4.483000000000000000e+03
9.800000000000000000e+03 4.840000000000000000e+03
9.850000000000000000e+03 4.822000000000000000e+03
9.900000000000000000e+03 4.868000000000000000e+03
9.950000000000000000e+03 5.048000000000000000e+03
