0.000000000000000000e+00 6.037000000000000000e+03
5.000000000000000000e+02 6.128000000000000000e+03
1.000000000000000000e+03 6.128000000000000000e+03
1.500000000000000000e+03 6.231000000000000000e+03
2.000000000000000000e+03 6.231000000000000000e+03
2.500000000000000000e+03 6.248000000000000000e+03
3.000000000000000000e+03 6.479000000000000000e+03
3.500000000000000000e+03 6.482000000000000000e+03
4.000000000000000000e+03 6.578000000000000000e+03
4.500000000000000000e+03 6.755000000000000000e+03
5.000000000000000000e+03 6.437000000000000000e+03
5.500000000000000000e+03 6.509000000000000000e+03
6.000000000000000000e+03 6.567000000000000000e+03
6.500000000000000000e+03 6.611000000000000000e+03
7.000000000000000000e+03 6.813000000000000000e+03
7.500000000000000000e+03 6.797000000000000000e+03
8.000000000000000000e+03 7.054000000000000000e+03
8.500000000000000000e+03 6.691000000000000000e+03
9.000000000000000000e+03 6.994000000000000000e+03
9.500000000000000000e+03 6.933000000000000000e+03
1.000000000000000000e+04 6.927000000000000000e+03
1.050000000000000000e+04 6.849000000000000000e+03
1.100000000000000000e+04 6.836000000000000000e+03
1.150000000000000000e+04 6.716000000000000000e+03
1.200000000000000000e+04 6.735000000000000000e+03
1.250000000000000000e+04 6.844000000000000000e+03
1.300000000000000000e+04 6.788000000000000000e+03
1.350000000000000000e+04 6.661000000000000000e+03
1.400000000000000000e+04 6.687000000000000000e+03
1.450000000000000000e+04 6.574000000000000000e+03
1.500000000000000000e+04 6.449000000000000000e+03
1.550000000000000000e+04 6.551000000000000000e+03
1.600000000000000000e+04 6.330000000000000000e+03
1.650000000000000000e+04 6.507000000000000000e+03
1.700000000000000000e+04 6.477000000000000000e+03
1.750000000000000000e+04 6.332000000000000000e+03
1.800000000000000000e+04 6.119000000000000000e+03
1.850000000000000000e+04 6.166000000000000000e+03
1.900000000000000000e+04 6.005000000000000000e+03
1.950000000000000000e+04 5.966000000000000000e+03
2.000000000000000000e+04 5.664000000000000000e+03
2.050000000000000000e+04 5.762000000000000000e+03
2.100000000000000000e+04 5.622000000000000000e+03
2.150000000000000000e+04 5.243000000000000000e+03
2.200000000000000000e+04 5.120000000000000000e+03
2.250000000000000000e+04 5.274000000000000000e+03
2.300000000000000000e+04 4.968000000000000000e+03
2.350000000000000000e+04 4.721000000000000000e+03
2.400000000000000000e+04 4.576000000000000000e+03
2.450000000000000000e+04 4.476000000000000000e+03
2.500000000000000000e+04 4.320000000000000000e+03
2.550000000000000000e+04 4.057000000000000000e+03
2.600000000000000000e+04 4.078000000000000000e+03
2.650000000000000000e+04 3.960000000000000000e+03
2.700000000000000000e+04 3.816000000000000000e+03
2.750000000000000000e+04 3.579000000000000000e+03
2.800000000000000000e+04 3.279000000000000000e+03
2.850000000000000000e+04 3.060000000000000000e+03
2.900000000000000000e+04 2.875000000000000000e+03
2.950000000000000000e+04 2.665000000000000000e+03
3.000000000000000000e+04 2.601000000000000000e+03
3.050000000000000000e+04 2.506000000000000000e+03
3.100000000000000000e+04 2.465000000000000000e+03
3.150000000000000000e+04 2.503000000000000000e+03
3.200000000000000000e+04 2.300000000000000000e+03
3.250000000000000000e+04 2.319000000000000000e+03
3.300000000000000000e+04 2.164000000000000000e+03
3.350000000000000000e+04 2.087000000000000000e+03
3.400000000000000000e+04 2.105000000000000000e+03
3.450000000000000000e+04 2.057000000000000000e+03
3.500000000000000000e+04 2.135000000000000000e+03
3.550000000000000000e+04 2.133000000000000000e+03
3.600000000000000000e+04 2.108000000000000000e+03
3.650000000000000000e+04 2.088000000000000000e+03
3.700000000000000000e+04 2.095000000000000000e+03
3.750000000000000000e+04 2.269000000000000000e+03
3.800000000000000000e+04 2.398000000000000000e+03
3.850000000000000000e+04 2.348000000000000000e+03
3.900000000000000000e+04 2.507000000000000000e+03
3.950000000000000000e+04 2.641000000000000000e+03
4.000000000000000000e+04 2.870000000000000000e+03
4.050000000000000000e+04 3.000000000000000000e+03
4.100000000000000000e+04 3.307000000000000000e+03
4.150000000000000000e+04 3.345000000000000000e+03
4.200000000000000000e+04 3.508000000000000000e+03
4.250000000000000000e+04 3.644000000000000000e+03
4.300000000000000000e+04 3.728000000000000000e+03
4.350000000000000000e+04 4.005000000000000000e+03
4.400000000000000000e+04 4.156000000000000000e+03
4.450000000000000000e+04 4.405000000000000000e+03
4.500000000000000000e+04 4.695000000000000000e+03
4.550000000000000000e+04 4.713000000000000000e+03
4.600000000000000000e+04 4.842000000000000000e+03
4.650000000000000000e+04 4.874000000000000000e+03
4.700000000000000000e+04 5.012000000000000000e+03
4.750000000000000000e+04 5.202000000000000000e+03
4.800000000000000000e+04 5.530000000000000000e+03
4.850000000000000000e+04 5.575000000000000000e+03
4.900000000000000000e+04 5.771000000000000000e+03
4.950000000000000000e+04 5.855000000000000000e+03
5.000000000000000000e+04 6.057000000000000000e+03
5.050000000000000000e+04 6.154000000000000000e+03
5.100000000000000000e+04 6.230000000000000000e+03
5.150000000000000000e+04 6.274000000000000000e+03
5.200000000000000000e+04 6.457000000000000000e+03
5.250000000000000000e+04 6.203000000000000000e+03
5.300000000000000000e+04 6.418000000000000000e+03
5.350000000000000000e+04 6.495000000000000000e+03
5.400000000000000000e+04 6.539000000000000000e+03
5.450000000000000000e+04 6.599000000000000000e+03
5.500000000000000000e+04 6.653000000000000000e+03
5.550000000000000000e+04 6.613000000000000000e+03
5.600000000000000000e+04 6.663000000000000000e+03
5.650000000000000000e+04 6.656000000000000000e+03
5.700000000000000000e+04 6.672000000000000000e+03
5.750000000000000000e+04 6.788000000000000000e+03
5.800000000000000000e+04 7.079000000000000000e+03
5.850000000000000000e+04 6.991000000000000000e+03
5.900000000000000000e+04 6.878000000000000000e+03
5.950000000000000000e+04 7.010000000000000000e+03
6.000000000000000000e+04 6.959000000000000000e+03
6.050000000000000000e+04 6.901000000000000000e+03
6.100000000000000000e+04 6.765000000000000000e+03
6.150000000000000000e+04 6.874000000000000000e+03
6.200000000000000000e+04 6.870000000000000000e+03
6.250000000000000000e+04 6.753000000000000000e+03
6.300000000000000000e+04 6.826000000000000000e+03
6.350000000000000000e+04 6.877000000000000000e+03
6.400000000000000000e+04 6.598000000000000000e+03
6.450000000000000000e+04 6.548000000000000000e+03
6.500000000000000000e+04 6.580000000000000000e+03
6.550000000000000000e+04 6.396000000000000000e+03
6.600000000000000000e+04 6.411000000000000000e+03
6.650000000000000000e+04 6.607000000000000000e+03
6.700000000000000000e+04 6.552000000000000000e+03
6.750000000000000000e+04 6.396000000000000000e+03
6.800000000000000000e+04 6.204000000000000000e+03
6.850000000000000000e+04 6.174000000000000000e+03
6.900000000000000000e+04 6.037000000000000000e+03
6.950000000000000000e+04 5.859000000000000000e+03
7.000000000000000000e+04 5.743000000000000000e+03
7.050000000000000000e+04 5.644000000000000000e+03
7.100000000000000000e+04 5.398000000000000000e+03
7.150000000000000000e+04 5.326000000000000000e+03
7.200000000000000000e+04 5.259000000000000000e+03
7.250000000000000000e+04 5.047000000000000000e+03
7.300000000000000000e+04 4.884000000000000000e+03
7.350000000000000000e+04 4.692000000000000000e+03
7.400000000000000000e+04 4.486000000000000000e+03
7.450000000000000000e+04 4.318000000000000000e+03
7.500000000000000000e+04 4.420000000000000000e+03
7.550000000000000000e+04 4.063000000000000000e+03
7.600000000000000000e+04 4.062000000000000000e+03
7.650000000000000000e+04 3.841000000000000000e+03
7.700000000000000000e+04 3.750000000000000000e+03
7.750000000000000000e+04 3.394000000000000000e+03
7.800000000000000000e+04 3.324000000000000000e+03
7.850000000000000000e+04 3.075000000000000000e+03
7.900000000000000000e+04 2.893000000000000000e+03
7.950000000000000000e+04 2.764000000000000000e+03
8.000000000000000000e+04 2.630000000000000000e+03
8.050000000000000000e+04 2.551000000000000000e+03
8.100000000000000000e+04 2.539000000000000000e+03
8.150000000000000000e+04 2.368000000000000000e+03
8.200000000000000000e+04 2.245000000000000000e+03
8.250000000000000000e+04 2.308000000000000000e+03
8.300000000000000000e+04 2.077000000000000000e+03
8.350000000000000000e+04 2.106000000000000000e+03
8.400000000000000000e+04 2.085000000000000000e+03
8.450000000000000000e+04 2.166000000000000000e+03
8.500000000000000000e+04 2.064000000000000000e+03
8.550000000000000000e+04 2.115000000000000000e+03
8.600000000000000000e+04 2.208000000000000000e+03
8.650000000000000000e+04 2.155000000000000000e+03
8.700000000000000000e+04 2.193000000000000000e+03
8.750000000000000000e+04 2.288000000000000000e+03
8.800000000000000000e+04 2.348000000000000000e+03
8.850000000000000000e+04 2.350000000000000000e+03
8.900000000000000000e+04 2.456000000000000000e+03
8.950000000000000000e+04 2.664000000000000000e+03
9.000000000000000000e+04 2.875000000000000000e+03
9.050000000000000000e+04 2.840000000000000000e+03
9.100000000000000000e+04 3.269000000000000000e+03
9.150000000000000000e+04 3.485000000000000000e+03
9.200000000000000000e+04 3.476000000000000000e+03
9.250000000000000000e+04 3.658000000000000000e+03
9.300000000000000000e+04 3.905000000000000000e+03
9.350000000000000000e+04 4.055000000000000000e+03
9.400000000000000000e+04 4.321000000000000000e+03
9.450000000000000000e+04 4.521000000000000000e+03
9.500000000000000000e+04 4.509000000000000000e+03
9.550000000000000000e+04 4.642000000000000000e+03
9.600000000000000000e+04 4.747000000000000000e+03
9.650000000000000000e+04 4.850000000000000000e+03
9.700000000000000000e+04 5.180000000000000000e+03
9.750000000000000000e+04 5.321000000000000000e+03
9.800000000000000000e+04 5.473000000000000000e+03
9.850000000000000000e+04 5.541000000000000000e+03
9.900000000000000000e+04 5.649000000000000000e+03
9.950000000000000000e+04 5.826000000000000000e+03
