0.000000000000000000e+00 4.810000000000000000e+03
1.670000000000000000e+02 4.961000000000000000e+03
3.340000000000000000e+02 5.113000000000000000e+03
5.010000000000000000e+02 5.102000000000000000e+03
6.680000000000000000e+02 5.404000000000000000e+03
8.350000000000000000e+02 5.302000000000000000e+03
1.002000000000000000e+03 5.314000000000000000e+03
1.169000000000000000e+03 5.593000000000000000e+03
1.336000000000000000e+03 5.437000000000000000e+03
1.503000000000000000e+03 5.433000000000000000e+03
1.670000000000000000e+03 5.733000000000000000e+03
1.837000000000000000e+03 5.745000000000000000e+03
2.004000000000000000e+03 5.798000000000000000e+03
2.171000000000000000e+03 5.786000000000000000e+03
2.338000000000000000e+03 5.771000000000000000e+03
2.505000000000000000e+03 5.797000000000000000e+03
2.672000000000000000e+03 5.735000000000000000e+03
2.839000000000000000e+03 5.684000000000000000e+03
3.006000000000000000e+03 5.735000000000000000e+03
3.173000000000000000e+03 5.665000000000000000e+03
3.340000000000000000e+03 5.539000000000000000e+03
3.507000000000000000e+03 5.813000000000000000e+03
3.674000000000000000e+03 5.838000000000000000e+03
3.841000000000000000e+03 5.757000000000000000e+03
4.008000000000000000e+03 5.632000000000000000e+03
4.175000000000000000e+03 5.735000000000000000e+03
4.342000000000000000e+03 5.737000000000000000e+03
4.509000000000000000e+03 5.618000000000000000e+03
4.676000000000000000e+03 5.616000000000000000e+03
4.843000000000000000e+03 5.742000000000000000e+03
5.010000000000000000e+03 5.522000000000000000e+03
5.177000000000000000e+03 5.521000000000000000e+03
5.344000000000000000e+03 5.422000000000000000e+03
5.511000000000000000e+03 5.223000000000000000e+03
5.678000000000000000e+03 5.141000000000000000e+03
5.845000000000000000e+03 5.210000000000000000e+03
6.012000000000000000e+03 5.076000000000000000e+03
6.179000000000000000e+03 5.019000000000000000e+03
6.346000000000000000e+03 4.921000000000000000e+03
6.513000000000000000e+03 4.931000000000000000e+03
6.680000000000000000e+03 4.745000000000000000e+03
6.847000000000000000e+03 4.730000000000000000e+03
7.014000000000000000e+03 4.542000000000000000e+03
7.181000000000000000e+03 4.534000000000000000e+03
7.348000000000000000e+03 4.462000000000000000e+03
7.515000000000000000e+03 4.275000000000000000e+03
7.682000000000000000e+03 4.064000000000000000e+03
7.849000000000000000e+03 3.972000000000000000e+03
8.016000000000000000e+03 3.810000000000000000e+03
8.183000000000000000e+03 3.824000000000000000e+03
8.350000000000000000e+03 3.589000000000000000e+03
8.517000000000000000e+03 3.534000000000000000e+03
8.684000000000000000e+03 3.286000000000000000e+03
8.851000000000000000e+03 3.142000000000000000e+03
9.018000000000000000e+03 3.020000000000000000e+03
9.185000000000000000e+03 2.930000000000000000e+03
9.352000000000000000e+03 2.772000000000000000e+03
9.519000000000000000e+03 2.670000000000000000e+03
9.686000000000000000e+03 2.525000000000000000e+03
9.853000000000000000e+03 2.344000000000000000e+03
1.002000000000000000e+04 2.276000000000000000e+03
1.018700000000000000e+04 2.159000000000000000e+03
1.035400000000000000e+04 2.141000000000000000e+03
1.052100000000000000e+04 1.955000000000000000e+03
1.068800000000000000e+04 1.901000000000000000e+03
1.085500000000000000e+04 1.846000000000000000e+03
1.102200000000000000e+04 1.845000000000000000e+03
1.118900000000000000e+04 1.724000000000000000e+03
1.135600000000000000e+04 1.645000000000000000e+03
1.152300000000000000e+04 1.715000000000000000e+03
1.169000000000000000e+04 1.735000000000000000e+03
1.185700000000000000e+04 1.645000000000000000e+03
1.202400000000000000e+04 1.753000000000000000e+03
1.219100000000000000e+04 1.696000000000000000e+03
1.235800000000000000e+04 1.764000000000000000e+03
1.252500000000000000e+04 1.814000000000000000e+03
1.269200000000000000e+04 1.907000000000000000e+03
1.285900000000000000e+04 1.944000000000000000e+03
1.302600000000000000e+04 1.964000000000000000e+03
1.319300000000000000e+04 2.181000000000000000e+03
1.336000000000000000e+04 2.257000000000000000e+03
1.352700000000000000e+04 2.306000000000000000e+03
1.369400000000000000e+04 2.492000000000000000e+03
1.386100000000000000e+04 2.748000000000000000e+03
1.402800000000000000e+04 2.779000000000000000e+03
1.419500000000000000e+04 2.901000000000000000e+03
1.436200000000000000e+04 3.073000000000000000e+03
1.452900000000000000e+04 3.210000000000000000e+03
1.469600000000000000e+04 3.344000000000000000e+03
1.486300000000000000e+04 3.544000000000000000e+03
1.503000000000000000e+04 3.693000000000000000e+03
1.519700000000000000e+04 3.773000000000000000e+03
1.536400000000000000e+04 4.027000000000000000e+03
1.553100000000000000e+04 4.110000000000000000e+03
1.569800000000000000e+04 4.133000000000000000e+03
1.586500000000000000e+04 4.454000000000000000e+03
1.603200000000000000e+04 4.524000000000000000e+03
1.619900000000000000e+04 4.722000000000000000e+03
1.636600000000000000e+04 4.855000000000000000e+03
1.653300000000000000e+04 4.832000000000000000e+03
1.670000000000000000e+04 5.060000000000000000e+03
1.686700000000000000e+04 4.928000000000000000e+03
1.703400000000000000e+04 5.163000000000000000e+03
1.720100000000000000e+04 5.196000000000000000e+03
1.736800000000000000e+04 5.395000000000000000e+03
1.753500000000000000e+04 5.289000000000000000e+03
1.770200000000000000e+04 5.368000000000000000e+03
1.786900000000000000e+04 5.392000000000000000e+03
1.803600000000000000e+04 5.548000000000000000e+03
1.820300000000000000e+04 5.565000000000000000e+03
1.837000000000000000e+04 5.580000000000000000e+03
1.853700000000000000e+04 5.623000000000000000e+03
1.870400000000000000e+04 5.710000000000000000e+03
1.887100000000000000e+04 5.634000000000000000e+03
1.903800000000000000e+04 5.593000000000000000e+03
1.920500000000000000e+04 5.563000000000000000e+03
1.937200000000000000e+04 5.758000000000000000e+03
1.953900000000000000e+04 5.675000000000000000e+03
1.970600000000000000e+04 5.741000000000000000e+03
1.987300000000000000e+04 5.543000000000000000e+03
2.004000000000000000e+04 5.683000000000000000e+03
2.020700000000000000e+04 5.627000000000000000e+03
2.037400000000000000e+04 5.720000000000000000e+03
2.054100000000000000e+04 5.671000000000000000e+03
2.070800000000000000e+04 5.829000000000000000e+03
2.087500000000000000e+04 5.571000000000000000e+03
2.104200000000000000e+04 5.705000000000000000e+03
2.120900000000000000e+04 5.631000000000000000e+03
2.137600000000000000e+04 5.614000000000000000e+03
2.154300000000000000e+04 5.518000000000000000e+03
2.171000000000000000e+04 5.444000000000000000e+03
2.187700000000000000e+04 5.448000000000000000e+03
2.204400000000000000e+04 5.204000000000000000e+03
2.221100000000000000e+04 5.388000000000000000e+03
2.237800000000000000e+04 5.365000000000000000e+03
2.254500000000000000e+04 5.158000000000000000e+03
2.271200000000000000e+04 5.093000000000000000e+03
2.287900000000000000e+04 5.026000000000000000e+03
2.304600000000000000e+04 4.859000000000000000e+03
2.321300000000000000e+04 4.903000000000000000e+03
2.338000000000000000e+04 4.812000000000000000e+03
2.354700000000000000e+04 4.713000000000000000e+03
2.371400000000000000e+04 4.531000000000000000e+03
2.388100000000000000e+04 4.469000000000000000e+03
2.404800000000000000e+04 4.353000000000000000e+03
2.421500000000000000e+04 4.248000000000000000e+03
2.438200000000000000e+04 4.149000000000000000e+03
2.454900000000000000e+04 3.993000000000000000e+03
2.471600000000000000e+04 3.861000000000000000e+03
2.488300000000000000e+04 3.688000000000000000e+03
2.505000000000000000e+04 3.700000000000000000e+03
2.521700000000000000e+04 3.431000000000000000e+03
2.538400000000000000e+04 3.360000000000000000e+03
2.555100000000000000e+04 3.070000000000000000e+03
2.571800000000000000e+04 3.130000000000000000e+03
2.588500000000000000e+04 2.872000000000000000e+03
2.605200000000000000e+04 2.619000000000000000e+03
2.621900000000000000e+04 2.646000000000000000e+03
2.638600000000000000e+04 2.527000000000000000e+03
2.655300000000000000e+04 2.277000000000000000e+03
2.672000000000000000e+04 2.280000000000000000e+03
2.688700000000000000e+04 2.126000000000000000e+03
2.705400000000000000e+04 2.081000000000000000e+03
2.722100000000000000e+04 2.027000000000000000e+03
2.738800000000000000e+04 1.910000000000000000e+03
2.755500000000000000e+04 1.813000000000000000e+03
2.772200000000000000e+04 1.696000000000000000e+03
2.788900000000000000e+04 1.706000000000000000e+03
2.805600000000000000e+04 1.771000000000000000e+03
2.822300000000000000e+04 1.739000000000000000e+03
2.839000000000000000e+04 1.771000000000000000e+03
2.855700000000000000e+04 1.623000000000000000e+03
2.872400000000000000e+04 1.708000000000000000e+03
2.889100000000000000e+04 1.742000000000000000e+03
2.905800000000000000e+04 1.753000000000000000e+03
2.922500000000000000e+04 1.859000000000000000e+03
2.939200000000000000e+04 1.840000000000000000e+03
2.955900000000000000e+04 1.913000000000000000e+03
2.972600000000000000e+04 2.062000000000000000e+03
2.989300000000000000e+04 2.082000000000000000e+03
3.006000000000000000e+04 2.271000000000000000e+03
3.022700000000000000e+04 2.369000000000000000e+03
3.039400000000000000e+04 2.573000000000000000e+03
3.056100000000000000e+04 2.679000000000000000e+03
3.072800000000000000e+04 2.892000000000000000e+03
3.089500000000000000e+04 2.912000000000000000e+03
3.106200000000000000e+04 3.186000000000000000e+03
3.122900000000000000e+04 3.313000000000000000e+03
3.139600000000000000e+04 3.341000000000000000e+03
3.156300000000000000e+04 3.665000000000000000e+03
3.173000000000000000e+04 3.712000000000000000e+03
3.189700000000000000e+04 3.854000000000000000e+03
3.206400000000000000e+04 4.095000000000000000e+03
3.223100000000000000e+04 3.993000000000000000e+03
3.239800000000000000e+04 4.229000000000000000e+03
3.256500000000000000e+04 4.432000000000000000e+03
3.273200000000000000e+04 4.608000000000000000e+03
3.289900000000000000e+04 4.725000000000000000e+03
3.306600000000000000e+04 4.700000000000000000e+03
