0.000000000000000000e+00 4.084000000000000000e+03
1.700000000000000000e+01 4.099000000000000000e+03
3.400000000000000000e+01 4.388000000000000000e+03
5.100000000000000000e+01 4.345000000000000000e+03
6.800000000000000000e+01 4.502000000000000000e+03
8.500000000000000000e+01 4.577000000000000000e+03
1.020000000000000000e+02 4.668000000000000000e+03
1.190000000000000000e+02 4.772000000000000000e+03
1.360000000000000000e+02 4.739000000000000000e+03
1.530000000000000000e+02 4.881000000000000000e+03
1.700000000000000000e+02 4.904000000000000000e+03
1.870000000000000000e+02 5.105000000000000000e+03
2.040000000000000000e+02 5.151000000000000000e+03
2.210000000000000000e+02 5.210000000000000000e+03
2.380000000000000000e+02 5.238000000000000000e+03
2.550000000000000000e+02 5.274000000000000000e+03
2.720000000000000000e+02 5.288000000000000000e+03
2.890000000000000000e+02 5.301000000000000000e+03
3.060000000000000000e+02 5.289000000000000000e+03
3.230000000000000000e+02 5.340000000000000000e+03
3.400000000000000000e+02 5.345000000000000000e+03
3.570000000000000000e+02 5.381000000000000000e+03
3.740000000000000000e+02 5.168000000000000000e+03
3.910000000000000000e+02 5.173000000000000000e+03
4.080000000000000000e+02 5.414000000000000000e+03
4.250000000000000000e+02 5.405000000000000000e+03
4.420000000000000000e+02 5.336000000000000000e+03
4.590000000000000000e+02 5.341000000000000000e+03
4.760000000000000000e+02 5.445000000000000000e+03
4.930000000000000000e+02 5.208000000000000000e+03
5.100000000000000000e+02 5.124000000000000000e+03
5.270000000000000000e+02 5.169000000000000000e+03
5.440000000000000000e+02 4.993000000000000000e+03
5.610000000000000000e+02 5.131000000000000000e+03
5.780000000000000000e+02 5.111000000000000000e+03
5.950000000000000000e+02 5.035000000000000000e+03
6.120000000000000000e+02 4.793000000000000000e+03
6.290000000000000000e+02 4.737000000000000000e+03
6.460000000000000000e+02 4.817000000000000000e+03
6.630000000000000000e+02 4.648000000000000000e+03
6.800000000000000000e+02 4.689000000000000000e+03
6.970000000000000000e+02 4.445000000000000000e+03
7.140000000000000000e+02 4.639000000000000000e+03
7.310000000000000000e+02 4.399000000000000000e+03
7.480000000000000000e+02 4.296000000000000000e+03
7.650000000000000000e+02 4.339000000000000000e+03
7.820000000000000000e+02 4.041000000000000000e+03
7.990000000000000000e+02 3.998000000000000000e+03
8.160000000000000000e+02 3.858000000000000000e+03
8.330000000000000000e+02 3.815000000000000000e+03
8.500000000000000000e+02 3.725000000000000000e+03
8.670000000000000000e+02 3.517000000000000000e+03
8.840000000000000000e+02 3.469000000000000000e+03
9.010000000000000000e+02 3.265000000000000000e+03
9.180000000000000000e+02 3.221000000000000000e+03
9.350000000000000000e+02 3.070000000000000000e+03
9.520000000000000000e+02 3.013000000000000000e+03
9.690000000000000000e+02 2.869000000000000000e+03
9.860000000000000000e+02 2.742000000000000000e+03
1.003000000000000000e+03 2.686000000000000000e+03
1.020000000000000000e+03 2.620000000000000000e+03
1.037000000000000000e+03 2.449000000000000000e+03
1.054000000000000000e+03 2.401000000000000000e+03
1.071000000000000000e+03 2.382000000000000000e+03
1.088000000000000000e+03 2.242000000000000000e+03
1.105000000000000000e+03 2.098000000000000000e+03
1.122000000000000000e+03 2.061000000000000000e+03
1.139000000000000000e+03 2.061000000000000000e+03
1.156000000000000000e+03 1.940000000000000000e+03
1.173000000000000000e+03 1.871000000000000000e+03
1.190000000000000000e+03 1.837000000000000000e+03
1.207000000000000000e+03 1.828000000000000000e+03
1.224000000000000000e+03 1.775000000000000000e+03
1.241000000000000000e+03 1.769000000000000000e+03
1.258000000000000000e+03 1.807000000000000000e+03
1.275000000000000000e+03 1.783000000000000000e+03
1.292000000000000000e+03 1.757000000000000000e+03
1.309000000000000000e+03 1.811000000000000000e+03
1.326000000000000000e+03 1.848000000000000000e+03
1.343000000000000000e+03 1.825000000000000000e+03
1.360000000000000000e+03 1.855000000000000000e+03
1.377000000000000000e+03 1.803000000000000000e+03
1.394000000000000000e+03 1.977000000000000000e+03
1.411000000000000000e+03 2.059000000000000000e+03
1.428000000000000000e+03 2.222000000000000000e+03
1.445000000000000000e+03 2.281000000000000000e+03
1.462000000000000000e+03 2.325000000000000000e+03
1.479000000000000000e+03 2.360000000000000000e+03
1.496000000000000000e+03 2.591000000000000000e+03
1.513000000000000000e+03 2.663000000000000000e+03
1.530000000000000000e+03 2.752000000000000000e+03
1.547000000000000000e+03 2.920000000000000000e+03
1.564000000000000000e+03 3.096000000000000000e+03
1.581000000000000000e+03 3.290000000000000000e+03
1.598000000000000000e+03 3.307000000000000000e+03
1.615000000000000000e+03 3.505000000000000000e+03
1.632000000000000000e+03 3.693000000000000000e+03
1.649000000000000000e+03 3.729000000000000000e+03
1.666000000000000000e+03 3.864000000000000000e+03
1.683000000000000000e+03 4.081000000000000000e+03
1.700000000000000000e+03 4.221000000000000000e+03
1.717000000000000000e+03 4.167000000000000000e+03
1.734000000000000000e+03 4.332000000000000000e+03
1.751000000000000000e+03 4.562000000000000000e+03
1.768000000000000000e+03 4.532000000000000000e+03
1.785000000000000000e+03 4.765000000000000000e+03
1.802000000000000000e+03 4.784000000000000000e+03
1.819000000000000000e+03 4.900000000000000000e+03
1.836000000000000000e+03 4.850000000000000000e+03
1.853000000000000000e+03 5.068000000000000000e+03
1.870000000000000000e+03 4.934000000000000000e+03
1.887000000000000000e+03 5.153000000000000000e+03
1.904000000000000000e+03 5.309000000000000000e+03
1.921000000000000000e+03 5.156000000000000000e+03
1.938000000000000000e+03 5.173000000000000000e+03
1.955000000000000000e+03 5.264000000000000000e+03
1.972000000000000000e+03 5.318000000000000000e+03
1.989000000000000000e+03 5.307000000000000000e+03
2.006000000000000000e+03 5.304000000000000000e+03
2.023000000000000000e+03 5.432000000000000000e+03
2.040000000000000000e+03 5.375000000000000000e+03
2.057000000000000000e+03 5.305000000000000000e+03
2.074000000000000000e+03 5.441000000000000000e+03
2.091000000000000000e+03 5.492000000000000000e+03
2.108000000000000000e+03 5.551000000000000000e+03
2.125000000000000000e+03 5.444000000000000000e+03
2.142000000000000000e+03 5.256000000000000000e+03
2.159000000000000000e+03 5.213000000000000000e+03
2.176000000000000000e+03 5.309000000000000000e+03
2.193000000000000000e+03 5.297000000000000000e+03
2.210000000000000000e+03 5.089000000000000000e+03
2.227000000000000000e+03 5.124000000000000000e+03
2.244000000000000000e+03 5.072000000000000000e+03
2.261000000000000000e+03 5.081000000000000000e+03
2.278000000000000000e+03 5.115000000000000000e+03
2.295000000000000000e+03 4.940000000000000000e+03
2.312000000000000000e+03 4.849000000000000000e+03
2.329000000000000000e+03 4.758000000000000000e+03
2.346000000000000000e+03 4.692000000000000000e+03
2.363000000000000000e+03 4.513000000000000000e+03
2.380000000000000000e+03 4.770000000000000000e+03
2.397000000000000000e+03 4.596000000000000000e+03
2.414000000000000000e+03 4.403000000000000000e+03
2.431000000000000000e+03 4.348000000000000000e+03
2.448000000000000000e+03 4.143000000000000000e+03
2.465000000000000000e+03 4.059000000000000000e+03
2.482000000000000000e+03 3.959000000000000000e+03
2.499000000000000000e+03 3.902000000000000000e+03
2.516000000000000000e+03 3.865000000000000000e+03
2.533000000000000000e+03 3.586000000000000000e+03
2.550000000000000000e+03 3.553000000000000000e+03
2.567000000000000000e+03 3.422000000000000000e+03
2.584000000000000000e+03 3.288000000000000000e+03
2.601000000000000000e+03 3.214000000000000000e+03
2.618000000000000000e+03 3.050000000000000000e+03
2.635000000000000000e+03 2.934000000000000000e+03
2.652000000000000000e+03 2.849000000000000000e+03
2.669000000000000000e+03 2.886000000000000000e+03
2.686000000000000000e+03 2.655000000000000000e+03
2.703000000000000000e+03 2.501000000000000000e+03
2.720000000000000000e+03 2.425000000000000000e+03
2.737000000000000000e+03 2.353000000000000000e+03
2.754000000000000000e+03 2.275000000000000000e+03
2.771000000000000000e+03 2.205000000000000000e+03
2.788000000000000000e+03 2.134000000000000000e+03
2.805000000000000000e+03 2.086000000000000000e+03
2.822000000000000000e+03 1.981000000000000000e+03
2.839000000000000000e+03 1.951000000000000000e+03
2.856000000000000000e+03 1.833000000000000000e+03
2.873000000000000000e+03 1.850000000000000000e+03
2.890000000000000000e+03 1.848000000000000000e+03
2.907000000000000000e+03 1.843000000000000000e+03
2.924000000000000000e+03 1.761000000000000000e+03
2.941000000000000000e+03 1.788000000000000000e+03
2.958000000000000000e+03 1.725000000000000000e+03
2.975000000000000000e+03 1.865000000000000000e+03
2.992000000000000000e+03 1.861000000000000000e+03
3.009000000000000000e+03 1.785000000000000000e+03
3.026000000000000000e+03 1.824000000000000000e+03
3.043000000000000000e+03 1.955000000000000000e+03
3.060000000000000000e+03 1.966000000000000000e+03
3.077000000000000000e+03 2.044000000000000000e+03
3.094000000000000000e+03 2.131000000000000000e+03
3.111000000000000000e+03 2.260000000000000000e+03
3.128000000000000000e+03 2.396000000000000000e+03
3.145000000000000000e+03 2.555000000000000000e+03
3.162000000000000000e+03 2.485000000000000000e+03
3.179000000000000000e+03 2.734000000000000000e+03
3.196000000000000000e+03 2.789000000000000000e+03
3.213000000000000000e+03 2.911000000000000000e+03
3.230000000000000000e+03 3.066000000000000000e+03
3.247000000000000000e+03 3.201000000000000000e+03
3.264000000000000000e+03 3.291000000000000000e+03
3.281000000000000000e+03 3.508000000000000000e+03
3.298000000000000000e+03 3.608000000000000000e+03
3.315000000000000000e+03 3.724000000000000000e+03
