0.000000000000000000e+00 2.811000000000000000e+03
1.000000000000000000e+02 2.948000000000000000e+03
2.000000000000000000e+02 3.097000000000000000e+03
3.000000000000000000e+02 3.168000000000000000e+03
4.000000000000000000e+02 3.183000000000000000e+03
5.000000000000000000e+02 3.258000000000000000e+03
6.000000000000000000e+02 3.426000000000000000e+03
7.000000000000000000e+02 3.322000000000000000e+03
8.000000000000000000e+02 3.485000000000000000e+03
9.000000000000000000e+02 3.531000000000000000e+03
1.000000000000000000e+03 3.540000000000000000e+03
1.100000000000000000e+03 3.580000000000000000e+03
1.200000000000000000e+03 3.672000000000000000e+03
1.300000000000000000e+03 3.635000000000000000e+03
1.400000000000000000e+03 3.678000000000000000e+03
1.500000000000000000e+03 3.599000000000000000e+03
1.600000000000000000e+03 3.616000000000000000e+03
1.700000000000000000e+03 3.636000000000000000e+03
1.800000000000000000e+03 3.771000000000000000e+03
1.900000000000000000e+03 3.722000000000000000e+03
2.000000000000000000e+03 3.828000000000000000e+03
2.100000000000000000e+03 3.769000000000000000e+03
2.200000000000000000e+03 3.730000000000000000e+03
2.300000000000000000e+03 3.697000000000000000e+03
2.400000000000000000e+03 3.695000000000000000e+03
2.500000000000000000e+03 3.711000000000000000e+03
2.600000000000000000e+03 3.727000000000000000e+03
2.700000000000000000e+03 3.688000000000000000e+03
2.800000000000000000e+03 3.676000000000000000e+03
2.900000000000000000e+03 3.570000000000000000e+03
3.000000000000000000e+03 3.629000000000000000e+03
3.100000000000000000e+03 3.534000000000000000e+03
3.200000000000000000e+03 3.469000000000000000e+03
3.300000000000000000e+03 3.568000000000000000e+03
3.400000000000000000e+03 3.349000000000000000e+03
3.500000000000000000e+03 3.274000000000000000e+03
3.600000000000000000e+03 3.264000000000000000e+03
3.700000000000000000e+03 3.206000000000000000e+03
3.800000000000000000e+03 3.074000000000000000e+03
3.900000000000000000e+03 3.047000000000000000e+03
4.000000000000000000e+03 2.989000000000000000e+03
4.100000000000000000e+03 2.869000000000000000e+03
4.200000000000000000e+03 2.782000000000000000e+03
4.300000000000000000e+03 2.715000000000000000e+03
4.400000000000000000e+03 2.674000000000000000e+03
4.500000000000000000e+03 2.516000000000000000e+03
4.600000000000000000e+03 2.512000000000000000e+03
4.700000000000000000e+03 2.341000000000000000e+03
4.800000000000000000e+03 2.292000000000000000e+03
4.900000000000000000e+03 2.154000000000000000e+03
5.000000000000000000e+03 1.962000000000000000e+03
5.100000000000000000e+03 1.852000000000000000e+03
5.200000000000000000e+03 1.723000000000000000e+03
5.300000000000000000e+03 1.574000000000000000e+03
5.400000000000000000e+03 1.536000000000000000e+03
5.500000000000000000e+03 1.454000000000000000e+03
5.600000000000000000e+03 1.421000000000000000e+03
5.700000000000000000e+03 1.373000000000000000e+03
5.800000000000000000e+03 1.232000000000000000e+03
5.900000000000000000e+03 1.110000000000000000e+03
6.000000000000000000e+03 1.116000000000000000e+03
6.100000000000000000e+03 9.970000000000000000e+02
6.200000000000000000e+03 9.490000000000000000e+02
6.300000000000000000e+03 9.480000000000000000e+02
6.400000000000000000e+03 9.320000000000000000e+02
6.500000000000000000e+03 8.510000000000000000e+02
6.600000000000000000e+03 8.120000000000000000e+02
6.700000000000000000e+03 7.690000000000000000e+02
6.800000000000000000e+03 7.310000000000000000e+02
6.900000000000000000e+03 6.960000000000000000e+02
7.000000000000000000e+03 6.950000000000000000e+02
7.100000000000000000e+03 6.820000000000000000e+02
7.200000000000000000e+03 6.780000000000000000e+02
7.300000000000000000e+03 6.610000000000000000e+02
7.400000000000000000e+03 6.450000000000000000e+02
7.500000000000000000e+03 6.800000000000000000e+02
7.600000000000000000e+03 6.930000000000000000e+02
7.700000000000000000e+03 7.090000000000000000e+02
7.800000000000000000e+03 6.920000000000000000e+02
7.900000000000000000e+03 7.700000000000000000e+02
8.000000000000000000e+03 8.430000000000000000e+02
8.100000000000000000e+03 8.960000000000000000e+02
8.200000000000000000e+03 9.100000000000000000e+02
8.300000000000000000e+03 9.760000000000000000e+02
8.400000000000000000e+03 1.051000000000000000e+03
8.500000000000000000e+03 1.237000000000000000e+03
8.600000000000000000e+03 1.282000000000000000e+03
8.700000000000000000e+03 1.341000000000000000e+03
8.800000000000000000e+03 1.466000000000000000e+03
8.900000000000000000e+03 1.498000000000000000e+03
9.000000000000000000e+03 1.690000000000000000e+03
9.100000000000000000e+03 1.799000000000000000e+03
9.200000000000000000e+03 1.814000000000000000e+03
9.300000000000000000e+03 2.043000000000000000e+03
9.400000000000000000e+03 2.038000000000000000e+03
9.500000000000000000e+03 2.279000000000000000e+03
9.600000000000000000e+03 2.390000000000000000e+03
9.700000000000000000e+03 2.567000000000000000e+03
9.800000000000000000e+03 2.592000000000000000e+03
9.900000000000000000e+03 2.705000000000000000e+03
1.000000000000000000e+04 2.847000000000000000e+03
1.010000000000000000e+04 2.990000000000000000e+03
1.020000000000000000e+04 3.119000000000000000e+03
1.030000000000000000e+04 3.176000000000000000e+03
1.040000000000000000e+04 3.128000000000000000e+03
1.050000000000000000e+04 3.236000000000000000e+03
1.060000000000000000e+04 3.247000000000000000e+03
1.070000000000000000e+04 3.374000000000000000e+03
1.080000000000000000e+04 3.354000000000000000e+03
1.090000000000000000e+04 3.582000000000000000e+03
1.100000000000000000e+04 3.507000000000000000e+03
1.110000000000000000e+04 3.668000000000000000e+03
1.120000000000000000e+04 3.677000000000000000e+03
1.130000000000000000e+04 3.542000000000000000e+03
1.140000000000000000e+04 3.640000000000000000e+03
1.150000000000000000e+04 3.591000000000000000e+03
1.160000000000000000e+04 3.688000000000000000e+03
1.170000000000000000e+04 3.810000000000000000e+03
1.180000000000000000e+04 3.718000000000000000e+03
1.190000000000000000e+04 3.771000000000000000e+03
1.200000000000000000e+04 3.894000000000000000e+03
1.210000000000000000e+04 3.686000000000000000e+03
1.220000000000000000e+04 3.811000000000000000e+03
1.230000000000000000e+04 3.579000000000000000e+03
1.240000000000000000e+04 3.773000000000000000e+03
1.250000000000000000e+04 3.713000000000000000e+03
1.260000000000000000e+04 3.785000000000000000e+03
1.270000000000000000e+04 3.674000000000000000e+03
1.280000000000000000e+04 3.692000000000000000e+03
1.290000000000000000e+04 3.635000000000000000e+03
1.300000000000000000e+04 3.602000000000000000e+03
1.310000000000000000e+04 3.517000000000000000e+03
1.320000000000000000e+04 3.510000000000000000e+03
1.330000000000000000e+04 3.461000000000000000e+03
1.340000000000000000e+04 3.372000000000000000e+03
1.350000000000000000e+04 3.329000000000000000e+03
1.360000000000000000e+04 3.337000000000000000e+03
1.370000000000000000e+04 3.264000000000000000e+03
1.380000000000000000e+04 3.081000000000000000e+03
1.390000000000000000e+04 3.009000000000000000e+03
1.400000000000000000e+04 2.991000000000000000e+03
1.410000000000000000e+04 2.908000000000000000e+03
1.420000000000000000e+04 2.757000000000000000e+03
1.430000000000000000e+04 2.736000000000000000e+03
1.440000000000000000e+04 2.556000000000000000e+03
1.450000000000000000e+04 2.433000000000000000e+03
1.460000000000000000e+04 2.426000000000000000e+03
1.470000000000000000e+04 2.294000000000000000e+03
1.480000000000000000e+04 2.212000000000000000e+03
1.490000000000000000e+04 2.030000000000000000e+03
1.500000000000000000e+04 1.959000000000000000e+03
1.510000000000000000e+04 1.868000000000000000e+03
1.520000000000000000e+04 1.774000000000000000e+03
1.530000000000000000e+04 1.801000000000000000e+03
1.540000000000000000e+04 1.623000000000000000e+03
1.550000000000000000e+04 1.456000000000000000e+03
1.560000000000000000e+04 1.391000000000000000e+03
1.570000000000000000e+04 1.344000000000000000e+03
1.580000000000000000e+04 1.291000000000000000e+03
1.590000000000000000e+04 1.146000000000000000e+03
1.600000000000000000e+04 1.202000000000000000e+03
1.610000000000000000e+04 1.010000000000000000e+03
1.620000000000000000e+04 9.190000000000000000e+02
1.630000000000000000e+04 8.820000000000000000e+02
1.640000000000000000e+04 8.710000000000000000e+02
1.650000000000000000e+04 8.310000000000000000e+02
1.660000000000000000e+04 7.190000000000000000e+02
1.670000000000000000e+04 7.610000000000000000e+02
1.680000000000000000e+04 7.120000000000000000e+02
1.690000000000000000e+04 6.590000000000000000e+02
1.700000000000000000e+04 6.920000000000000000e+02
1.710000000000000000e+04 6.400000000000000000e+02
1.720000000000000000e+04 6.450000000000000000e+02
1.730000000000000000e+04 6.520000000000000000e+02
1.740000000000000000e+04 6.380000000000000000e+02
1.750000000000000000e+04 6.790000000000000000e+02
1.760000000000000000e+04 6.660000000000000000e+02
1.770000000000000000e+04 7.070000000000000000e+02
1.780000000000000000e+04 6.770000000000000000e+02
1.790000000000000000e+04 7.400000000000000000e+02
1.800000000000000000e+04 7.900000000000000000e+02
1.810000000000000000e+04 9.330000000000000000e+02
1.820000000000000000e+04 9.740000000000000000e+02
1.830000000000000000e+04 1.027000000000000000e+03
1.840000000000000000e+04 1.079000000000000000e+03
1.850000000000000000e+04 1.097000000000000000e+03
1.860000000000000000e+04 1.165000000000000000e+03
1.870000000000000000e+04 1.365000000000000000e+03
1.880000000000000000e+04 1.377000000000000000e+03
1.890000000000000000e+04 1.505000000000000000e+03
1.900000000000000000e+04 1.707000000000000000e+03
1.910000000000000000e+04 1.783000000000000000e+03
1.920000000000000000e+04 1.923000000000000000e+03
1.930000000000000000e+04 2.026000000000000000e+03
1.940000000000000000e+04 2.137000000000000000e+03
1.950000000000000000e+04 2.271000000000000000e+03
1.960000000000000000e+04 2.355000000000000000e+03
1.970000000000000000e+04 2.469000000000000000e+03
1.980000000000000000e+04 2.516000000000000000e+03
1.990000000000000000e+04 2.769000000000000000e+03
