0.000000000000000000e+00 2.330000000000000000e+03
1.000000000000000000e+03 2.422000000000000000e+03
2.000000000000000000e+03 2.441000000000000000e+03
3.000000000000000000e+03 2.472000000000000000e+03
4.000000000000000000e+03 2.511000000000000000e+03
5.000000000000000000e+03 2.636000000000000000e+03
6.000000000000000000e+03 2.671000000000000000e+03
7.000000000000000000e+03 2.706000000000000000e+03
8.000000000000000000e+03 2.754000000000000000e+03
9.000000000000000000e+03 2.743000000000000000e+03
1.000000000000000000e+04 2.694000000000000000e+03
1.100000000000000000e+04 2.725000000000000000e+03
1.200000000000000000e+04 2.787000000000000000e+03
1.300000000000000000e+04 2.900000000000000000e+03
1.400000000000000000e+04 2.673000000000000000e+03
1.500000000000000000e+04 2.808000000000000000e+03
1.600000000000000000e+04 2.826000000000000000e+03
1.700000000000000000e+04 2.800000000000000000e+03
1.800000000000000000e+04 2.855000000000000000e+03
1.900000000000000000e+04 2.768000000000000000e+03
2.000000000000000000e+04 2.750000000000000000e+03
2.100000000000000000e+04 2.953000000000000000e+03
2.200000000000000000e+04 2.766000000000000000e+03
2.300000000000000000e+04 2.781000000000000000e+03
2.400000000000000000e+04 2.829000000000000000e+03
2.500000000000000000e+04 2.813000000000000000e+03
2.600000000000000000e+04 2.758000000000000000e+03
2.700000000000000000e+04 2.804000000000000000e+03
2.800000000000000000e+04 2.666000000000000000e+03
2.900000000000000000e+04 2.715000000000000000e+03
3.000000000000000000e+04 2.695000000000000000e+03
3.100000000000000000e+04 2.696000000000000000e+03
3.200000000000000000e+04 2.629000000000000000e+03
3.300000000000000000e+04 2.603000000000000000e+03
3.400000000000000000e+04 2.532000000000000000e+03
3.500000000000000000e+04 2.601000000000000000e+03
3.600000000000000000e+04 2.497000000000000000e+03
3.700000000000000000e+04 2.371000000000000000e+03
3.800000000000000000e+04 2.386000000000000000e+03
3.900000000000000000e+04 2.347000000000000000e+03
4.000000000000000000e+04 2.227000000000000000e+03
4.100000000000000000e+04 2.157000000000000000e+03
4.200000000000000000e+04 2.088000000000000000e+03
4.300000000000000000e+04 2.046000000000000000e+03
4.400000000000000000e+04 1.880000000000000000e+03
4.500000000000000000e+04 1.977000000000000000e+03
4.600000000000000000e+04 1.825000000000000000e+03
4.700000000000000000e+04 1.779000000000000000e+03
4.800000000000000000e+04 1.610000000000000000e+03
4.900000000000000000e+04 1.609000000000000000e+03
5.000000000000000000e+04 1.440000000000000000e+03
5.100000000000000000e+04 1.373000000000000000e+03
5.200000000000000000e+04 1.290000000000000000e+03
5.300000000000000000e+04 1.266000000000000000e+03
5.400000000000000000e+04 1.246000000000000000e+03
5.500000000000000000e+04 1.043000000000000000e+03
5.600000000000000000e+04 1.031000000000000000e+03
5.700000000000000000e+04 1.001000000000000000e+03
5.800000000000000000e+04 8.910000000000000000e+02
5.900000000000000000e+04 8.230000000000000000e+02
6.000000000000000000e+04 8.190000000000000000e+02
6.100000000000000000e+04 7.150000000000000000e+02
6.200000000000000000e+04 6.560000000000000000e+02
6.300000000000000000e+04 6.530000000000000000e+02
6.400000000000000000e+04 6.010000000000000000e+02
6.500000000000000000e+04 5.610000000000000000e+02
6.600000000000000000e+04 5.890000000000000000e+02
6.700000000000000000e+04 5.470000000000000000e+02
6.800000000000000000e+04 5.350000000000000000e+02
6.900000000000000000e+04 4.910000000000000000e+02
7.000000000000000000e+04 4.980000000000000000e+02
7.100000000000000000e+04 5.490000000000000000e+02
7.200000000000000000e+04 5.180000000000000000e+02
7.300000000000000000e+04 5.990000000000000000e+02
7.400000000000000000e+04 6.020000000000000000e+02
7.500000000000000000e+04 6.310000000000000000e+02
7.600000000000000000e+04 6.710000000000000000e+02
7.700000000000000000e+04 6.730000000000000000e+02
7.800000000000000000e+04 7.210000000000000000e+02
7.900000000000000000e+04 7.520000000000000000e+02
8.000000000000000000e+04 8.540000000000000000e+02
8.100000000000000000e+04 9.030000000000000000e+02
8.200000000000000000e+04 8.660000000000000000e+02
8.300000000000000000e+04 1.041000000000000000e+03
8.400000000000000000e+04 1.080000000000000000e+03
8.500000000000000000e+04 1.108000000000000000e+03
8.600000000000000000e+04 1.234000000000000000e+03
8.700000000000000000e+04 1.234000000000000000e+03
8.800000000000000000e+04 1.408000000000000000e+03
8.900000000000000000e+04 1.519000000000000000e+03
9.000000000000000000e+04 1.617000000000000000e+03
9.100000000000000000e+04 1.688000000000000000e+03
9.200000000000000000e+04 1.791000000000000000e+03
9.300000000000000000e+04 1.923000000000000000e+03
9.400000000000000000e+04 2.017000000000000000e+03
9.500000000000000000e+04 1.930000000000000000e+03
9.600000000000000000e+04 2.039000000000000000e+03
9.700000000000000000e+04 2.148000000000000000e+03
9.800000000000000000e+04 2.169000000000000000e+03
9.900000000000000000e+04 2.282000000000000000e+03
1.000000000000000000e+05 2.428000000000000000e+03
1.010000000000000000e+05 2.322000000000000000e+03
1.020000000000000000e+05 2.392000000000000000e+03
1.030000000000000000e+05 2.504000000000000000e+03
1.040000000000000000e+05 2.506000000000000000e+03
1.050000000000000000e+05 2.596000000000000000e+03
1.060000000000000000e+05 2.578000000000000000e+03
1.070000000000000000e+05 2.557000000000000000e+03
1.080000000000000000e+05 2.758000000000000000e+03
1.090000000000000000e+05 2.602000000000000000e+03
1.100000000000000000e+05 2.785000000000000000e+03
1.110000000000000000e+05 2.732000000000000000e+03
1.120000000000000000e+05 2.795000000000000000e+03
1.130000000000000000e+05 2.821000000000000000e+03
1.140000000000000000e+05 2.876000000000000000e+03
1.150000000000000000e+05 2.865000000000000000e+03
1.160000000000000000e+05 2.740000000000000000e+03
1.170000000000000000e+05 2.970000000000000000e+03
1.180000000000000000e+05 2.820000000000000000e+03
1.190000000000000000e+05 2.800000000000000000e+03
1.200000000000000000e+05 2.839000000000000000e+03
1.210000000000000000e+05 2.799000000000000000e+03
1.220000000000000000e+05 2.714000000000000000e+03
1.230000000000000000e+05 2.744000000000000000e+03
1.240000000000000000e+05 2.833000000000000000e+03
1.250000000000000000e+05 2.830000000000000000e+03
1.260000000000000000e+05 2.868000000000000000e+03
1.270000000000000000e+05 2.729000000000000000e+03
1.280000000000000000e+05 2.801000000000000000e+03
1.290000000000000000e+05 2.605000000000000000e+03
1.300000000000000000e+05 2.912000000000000000e+03
1.310000000000000000e+05 2.742000000000000000e+03
1.320000000000000000e+05 2.634000000000000000e+03
1.330000000000000000e+05 2.624000000000000000e+03
1.340000000000000000e+05 2.583000000000000000e+03
1.350000000000000000e+05 2.506000000000000000e+03
1.360000000000000000e+05 2.547000000000000000e+03
1.370000000000000000e+05 2.377000000000000000e+03
1.380000000000000000e+05 2.315000000000000000e+03
1.390000000000000000e+05 2.304000000000000000e+03
1.400000000000000000e+05 2.243000000000000000e+03
1.410000000000000000e+05 2.169000000000000000e+03
1.420000000000000000e+05 2.072000000000000000e+03
1.430000000000000000e+05 2.053000000000000000e+03
1.440000000000000000e+05 1.965000000000000000e+03
1.450000000000000000e+05 1.865000000000000000e+03
1.460000000000000000e+05 1.905000000000000000e+03
1.470000000000000000e+05 1.760000000000000000e+03
1.480000000000000000e+05 1.640000000000000000e+03
1.490000000000000000e+05 1.520000000000000000e+03
1.500000000000000000e+05 1.512000000000000000e+03
1.510000000000000000e+05 1.317000000000000000e+03
1.520000000000000000e+05 1.350000000000000000e+03
1.530000000000000000e+05 1.280000000000000000e+03
1.540000000000000000e+05 1.125000000000000000e+03
1.550000000000000000e+05 1.114000000000000000e+03
1.560000000000000000e+05 9.880000000000000000e+02
1.570000000000000000e+05 9.340000000000000000e+02
1.580000000000000000e+05 9.460000000000000000e+02
1.590000000000000000e+05 8.270000000000000000e+02
1.600000000000000000e+05 7.690000000000000000e+02
1.610000000000000000e+05 7.530000000000000000e+02
1.620000000000000000e+05 7.020000000000000000e+02
1.630000000000000000e+05 6.700000000000000000e+02
1.640000000000000000e+05 6.240000000000000000e+02
1.650000000000000000e+05 5.620000000000000000e+02
1.660000000000000000e+05 6.080000000000000000e+02
1.670000000000000000e+05 5.600000000000000000e+02
1.680000000000000000e+05 5.220000000000000000e+02
1.690000000000000000e+05 5.120000000000000000e+02
1.700000000000000000e+05 5.620000000000000000e+02
1.710000000000000000e+05 5.750000000000000000e+02
1.720000000000000000e+05 5.260000000000000000e+02
1.730000000000000000e+05 5.640000000000000000e+02
1.740000000000000000e+05 6.270000000000000000e+02
1.750000000000000000e+05 5.370000000000000000e+02
1.760000000000000000e+05 5.780000000000000000e+02
1.770000000000000000e+05 6.780000000000000000e+02
1.780000000000000000e+05 7.320000000000000000e+02
1.790000000000000000e+05 7.890000000000000000e+02
1.800000000000000000e+05 8.670000000000000000e+02
1.810000000000000000e+05 8.500000000000000000e+02
1.820000000000000000e+05 9.060000000000000000e+02
1.830000000000000000e+05 9.470000000000000000e+02
1.840000000000000000e+05 1.024000000000000000e+03
1.850000000000000000e+05 1.150000000000000000e+03
1.860000000000000000e+05 1.284000000000000000e+03
1.870000000000000000e+05 1.337000000000000000e+03
1.880000000000000000e+05 1.389000000000000000e+03
1.890000000000000000e+05 1.500000000000000000e+03
1.900000000000000000e+05 1.592000000000000000e+03
1.910000000000000000e+05 1.665000000000000000e+03
1.920000000000000000e+05 1.724000000000000000e+03
1.930000000000000000e+05 1.804000000000000000e+03
1.940000000000000000e+05 1.929000000000000000e+03
1.950000000000000000e+05 2.044000000000000000e+03
1.960000000000000000e+05 2.020000000000000000e+03
1.970000000000000000e+05 2.108000000000000000e+03
1.980000000000000000e+05 2.204000000000000000e+03
1.990000000000000000e+05 2.328000000000000000e+03
