0.000000000000000000e+00 2.425000000000000000e+03
3.330000000000000000e+02 2.473000000000000000e+03
6.660000000000000000e+02 2.573000000000000000e+03
9.990000000000000000e+02 2.675000000000000000e+03
1.332000000000000000e+03 2.680000000000000000e+03
1.665000000000000000e+03 2.661000000000000000e+03
1.998000000000000000e+03 2.828000000000000000e+03
2.331000000000000000e+03 2.869000000000000000e+03
2.664000000000000000e+03 2.842000000000000000e+03
2.997000000000000000e+03 2.838000000000000000e+03
3.330000000000000000e+03 2.850000000000000000e+03
3.663000000000000000e+03 2.857000000000000000e+03
3.996000000000000000e+03 2.882000000000000000e+03
4.329000000000000000e+03 3.022000000000000000e+03
4.662000000000000000e+03 3.062000000000000000e+03
4.995000000000000000e+03 2.958000000000000000e+03
5.328000000000000000e+03 2.900000000000000000e+03
5.661000000000000000e+03 3.015000000000000000e+03
5.994000000000000000e+03 2.934000000000000000e+03
6.327000000000000000e+03 3.065000000000000000e+03
6.660000000000000000e+03 2.943000000000000000e+03
6.993000000000000000e+03 3.056000000000000000e+03
7.326000000000000000e+03 3.079000000000000000e+03
7.659000000000000000e+03 3.015000000000000000e+03
7.992000000000000000e+03 2.951000000000000000e+03
8.325000000000000000e+03 3.017000000000000000e+03
8.658000000000000000e+03 2.954000000000000000e+03
8.991000000000000000e+03 3.001000000000000000e+03
9.324000000000000000e+03 2.981000000000000000e+03
9.657000000000000000e+03 2.931000000000000000e+03
9.990000000000000000e+03 2.965000000000000000e+03
1.032300000000000000e+04 2.909000000000000000e+03
1.065600000000000000e+04 2.840000000000000000e+03
1.098900000000000000e+04 2.789000000000000000e+03
1.132200000000000000e+04 2.680000000000000000e+03
1.165500000000000000e+04 2.671000000000000000e+03
1.198800000000000000e+04 2.696000000000000000e+03
1.232100000000000000e+04 2.623000000000000000e+03
1.265400000000000000e+04 2.566000000000000000e+03
1.298700000000000000e+04 2.581000000000000000e+03
1.332000000000000000e+04 2.433000000000000000e+03
1.365300000000000000e+04 2.337000000000000000e+03
1.398600000000000000e+04 2.398000000000000000e+03
1.431900000000000000e+04 2.157000000000000000e+03
1.465200000000000000e+04 2.144000000000000000e+03
1.498500000000000000e+04 1.989000000000000000e+03
1.531800000000000000e+04 1.981000000000000000e+03
1.565100000000000000e+04 1.898000000000000000e+03
1.598400000000000000e+04 1.792000000000000000e+03
1.631700000000000000e+04 1.702000000000000000e+03
1.665000000000000000e+04 1.620000000000000000e+03
1.698300000000000000e+04 1.662000000000000000e+03
1.731600000000000000e+04 1.486000000000000000e+03
1.764900000000000000e+04 1.358000000000000000e+03
1.798200000000000000e+04 1.322000000000000000e+03
1.831500000000000000e+04 1.271000000000000000e+03
1.864800000000000000e+04 1.197000000000000000e+03
1.898100000000000000e+04 1.176000000000000000e+03
1.931400000000000000e+04 1.048000000000000000e+03
1.964700000000000000e+04 9.710000000000000000e+02
1.998000000000000000e+04 9.320000000000000000e+02
2.031300000000000000e+04 8.710000000000000000e+02
2.064600000000000000e+04 7.840000000000000000e+02
2.097900000000000000e+04 7.830000000000000000e+02
2.131200000000000000e+04 7.580000000000000000e+02
2.164500000000000000e+04 6.930000000000000000e+02
2.197800000000000000e+04 6.250000000000000000e+02
2.231100000000000000e+04 6.580000000000000000e+02
2.264400000000000000e+04 6.140000000000000000e+02
2.297700000000000000e+04 5.880000000000000000e+02
2.331000000000000000e+04 6.030000000000000000e+02
2.364300000000000000e+04 5.710000000000000000e+02
2.397600000000000000e+04 5.950000000000000000e+02
2.430900000000000000e+04 5.910000000000000000e+02
2.464200000000000000e+04 6.040000000000000000e+02
2.497500000000000000e+04 6.300000000000000000e+02
2.530800000000000000e+04 6.320000000000000000e+02
2.564100000000000000e+04 6.660000000000000000e+02
2.597400000000000000e+04 6.960000000000000000e+02
2.630700000000000000e+04 7.260000000000000000e+02
2.664000000000000000e+04 8.140000000000000000e+02
2.697300000000000000e+04 8.400000000000000000e+02
2.730600000000000000e+04 8.570000000000000000e+02
2.763900000000000000e+04 9.320000000000000000e+02
2.797200000000000000e+04 1.023000000000000000e+03
2.830500000000000000e+04 1.086000000000000000e+03
2.863800000000000000e+04 1.219000000000000000e+03
2.897100000000000000e+04 1.337000000000000000e+03
2.930400000000000000e+04 1.346000000000000000e+03
2.963700000000000000e+04 1.477000000000000000e+03
2.997000000000000000e+04 1.562000000000000000e+03
3.030300000000000000e+04 1.673000000000000000e+03
3.063600000000000000e+04 1.786000000000000000e+03
3.096900000000000000e+04 1.779000000000000000e+03
3.130200000000000000e+04 1.913000000000000000e+03
3.163500000000000000e+04 1.999000000000000000e+03
3.196800000000000000e+04 2.035000000000000000e+03
3.230100000000000000e+04 2.090000000000000000e+03
3.263400000000000000e+04 2.257000000000000000e+03
3.296700000000000000e+04 2.363000000000000000e+03
3.330000000000000000e+04 2.470000000000000000e+03
3.363300000000000000e+04 2.503000000000000000e+03
3.396600000000000000e+04 2.466000000000000000e+03
3.429900000000000000e+04 2.624000000000000000e+03
3.463200000000000000e+04 2.722000000000000000e+03
3.496500000000000000e+04 2.653000000000000000e+03
3.529800000000000000e+04 2.787000000000000000e+03
3.563100000000000000e+04 2.760000000000000000e+03
3.596400000000000000e+04 2.840000000000000000e+03
3.629700000000000000e+04 2.899000000000000000e+03
3.663000000000000000e+04 2.895000000000000000e+03
3.696300000000000000e+04 2.819000000000000000e+03
3.729600000000000000e+04 2.928000000000000000e+03
3.762900000000000000e+04 2.965000000000000000e+03
3.796200000000000000e+04 2.923000000000000000e+03
3.829500000000000000e+04 2.870000000000000000e+03
3.862800000000000000e+04 2.963000000000000000e+03
3.896100000000000000e+04 2.950000000000000000e+03
3.929400000000000000e+04 3.077000000000000000e+03
3.962700000000000000e+04 3.109000000000000000e+03
3.996000000000000000e+04 3.125000000000000000e+03
4.029300000000000000e+04 2.961000000000000000e+03
4.062600000000000000e+04 2.950000000000000000e+03
4.095900000000000000e+04 3.058000000000000000e+03
4.129200000000000000e+04 2.932000000000000000e+03
4.162500000000000000e+04 2.862000000000000000e+03
4.195800000000000000e+04 2.889000000000000000e+03
4.229100000000000000e+04 2.997000000000000000e+03
4.262400000000000000e+04 2.913000000000000000e+03
4.295700000000000000e+04 2.889000000000000000e+03
4.329000000000000000e+04 2.880000000000000000e+03
4.362300000000000000e+04 2.791000000000000000e+03
4.395600000000000000e+04 2.900000000000000000e+03
4.428900000000000000e+04 2.888000000000000000e+03
4.462200000000000000e+04 2.750000000000000000e+03
4.495500000000000000e+04 2.761000000000000000e+03
4.528800000000000000e+04 2.646000000000000000e+03
4.562100000000000000e+04 2.550000000000000000e+03
4.595400000000000000e+04 2.513000000000000000e+03
4.628700000000000000e+04 2.563000000000000000e+03
4.662000000000000000e+04 2.461000000000000000e+03
4.695300000000000000e+04 2.377000000000000000e+03
4.728600000000000000e+04 2.287000000000000000e+03
4.761900000000000000e+04 2.238000000000000000e+03
4.795200000000000000e+04 2.128000000000000000e+03
4.828500000000000000e+04 2.027000000000000000e+03
4.861800000000000000e+04 1.939000000000000000e+03
4.895100000000000000e+04 1.918000000000000000e+03
4.928400000000000000e+04 1.703000000000000000e+03
4.961700000000000000e+04 1.807000000000000000e+03
4.995000000000000000e+04 1.703000000000000000e+03
5.028300000000000000e+04 1.565000000000000000e+03
5.061600000000000000e+04 1.483000000000000000e+03
5.094900000000000000e+04 1.469000000000000000e+03
5.128200000000000000e+04 1.285000000000000000e+03
5.161500000000000000e+04 1.276000000000000000e+03
5.194800000000000000e+04 1.171000000000000000e+03
5.228100000000000000e+04 1.160000000000000000e+03
5.261400000000000000e+04 1.038000000000000000e+03
5.294700000000000000e+04 9.550000000000000000e+02
5.328000000000000000e+04 8.990000000000000000e+02
5.361300000000000000e+04 8.510000000000000000e+02
5.394600000000000000e+04 8.240000000000000000e+02
5.427900000000000000e+04 7.710000000000000000e+02
5.461200000000000000e+04 7.360000000000000000e+02
5.494500000000000000e+04 6.810000000000000000e+02
5.527800000000000000e+04 6.660000000000000000e+02
5.561100000000000000e+04 6.470000000000000000e+02
5.594400000000000000e+04 6.300000000000000000e+02
5.627700000000000000e+04 6.050000000000000000e+02
5.661000000000000000e+04 5.960000000000000000e+02
5.694300000000000000e+04 5.690000000000000000e+02
5.727600000000000000e+04 5.700000000000000000e+02
5.760900000000000000e+04 5.860000000000000000e+02
5.794200000000000000e+04 6.070000000000000000e+02
5.827500000000000000e+04 6.170000000000000000e+02
5.860800000000000000e+04 6.470000000000000000e+02
5.894100000000000000e+04 6.700000000000000000e+02
5.927400000000000000e+04 7.040000000000000000e+02
5.960700000000000000e+04 7.330000000000000000e+02
5.994000000000000000e+04 7.490000000000000000e+02
6.027300000000000000e+04 8.520000000000000000e+02
6.060600000000000000e+04 9.380000000000000000e+02
6.093900000000000000e+04 9.710000000000000000e+02
6.127200000000000000e+04 1.057000000000000000e+03
6.160500000000000000e+04 1.091000000000000000e+03
6.193800000000000000e+04 1.181000000000000000e+03
6.227100000000000000e+04 1.220000000000000000e+03
6.260400000000000000e+04 1.341000000000000000e+03
6.293700000000000000e+04 1.465000000000000000e+03
6.327000000000000000e+04 1.552000000000000000e+03
6.360300000000000000e+04 1.711000000000000000e+03
6.393600000000000000e+04 1.776000000000000000e+03
6.426900000000000000e+04 1.746000000000000000e+03
6.460200000000000000e+04 1.930000000000000000e+03
6.493500000000000000e+04 1.944000000000000000e+03
6.526800000000000000e+04 2.150000000000000000e+03
6.560100000000000000e+04 2.209000000000000000e+03
6.593400000000000000e+04 2.282000000000000000e+03
6.626700000000000000e+04 2.373000000000000000e+03
