0.000000000000000000e+00 2.327000000000000000e+03
1.670000000000000000e+02 2.435000000000000000e+03
3.340000000000000000e+02 2.510000000000000000e+03
5.010000000000000000e+02 2.664000000000000000e+03
6.680000000000000000e+02 2.678000000000000000e+03
8.350000000000000000e+02 2.689000000000000000e+03
1.002000000000000000e+03 2.823000000000000000e+03
1.169000000000000000e+03 2.864000000000000000e+03
1.336000000000000000e+03 2.838000000000000000e+03
1.503000000000000000e+03 2.925000000000000000e+03
1.670000000000000000e+03 2.894000000000000000e+03
1.837000000000000000e+03 2.991000000000000000e+03
2.004000000000000000e+03 2.938000000000000000e+03
2.171000000000000000e+03 3.101000000000000000e+03
2.338000000000000000e+03 3.054000000000000000e+03
2.505000000000000000e+03 3.045000000000000000e+03
2.672000000000000000e+03 3.156000000000000000e+03
2.839000000000000000e+03 3.144000000000000000e+03
3.006000000000000000e+03 3.197000000000000000e+03
3.173000000000000000e+03 3.041000000000000000e+03
3.340000000000000000e+03 3.126000000000000000e+03
3.507000000000000000e+03 3.086000000000000000e+03
3.674000000000000000e+03 3.199000000000000000e+03
3.841000000000000000e+03 3.069000000000000000e+03
4.008000000000000000e+03 3.112000000000000000e+03
4.175000000000000000e+03 3.058000000000000000e+03
4.342000000000000000e+03 3.038000000000000000e+03
4.509000000000000000e+03 3.038000000000000000e+03
4.676000000000000000e+03 3.051000000000000000e+03
4.843000000000000000e+03 3.079000000000000000e+03
5.010000000000000000e+03 3.075000000000000000e+03
5.177000000000000000e+03 2.936000000000000000e+03
5.344000000000000000e+03 3.008000000000000000e+03
5.511000000000000000e+03 2.969000000000000000e+03
5.678000000000000000e+03 2.894000000000000000e+03
5.845000000000000000e+03 2.791000000000000000e+03
6.012000000000000000e+03 2.765000000000000000e+03
6.179000000000000000e+03 2.686000000000000000e+03
6.346000000000000000e+03 2.674000000000000000e+03
6.513000000000000000e+03 2.605000000000000000e+03
6.680000000000000000e+03 2.621000000000000000e+03
6.847000000000000000e+03 2.527000000000000000e+03
7.014000000000000000e+03 2.432000000000000000e+03
7.181000000000000000e+03 2.381000000000000000e+03
7.348000000000000000e+03 2.234000000000000000e+03
7.515000000000000000e+03 2.107000000000000000e+03
7.682000000000000000e+03 2.088000000000000000e+03
7.849000000000000000e+03 2.072000000000000000e+03
8.016000000000000000e+03 1.945000000000000000e+03
8.183000000000000000e+03 1.899000000000000000e+03
8.350000000000000000e+03 1.786000000000000000e+03
8.517000000000000000e+03 1.733000000000000000e+03
8.684000000000000000e+03 1.583000000000000000e+03
8.851000000000000000e+03 1.565000000000000000e+03
9.018000000000000000e+03 1.437000000000000000e+03
9.185000000000000000e+03 1.406000000000000000e+03
9.352000000000000000e+03 1.301000000000000000e+03
9.519000000000000000e+03 1.313000000000000000e+03
9.686000000000000000e+03 1.232000000000000000e+03
9.853000000000000000e+03 1.070000000000000000e+03
1.002000000000000000e+04 1.045000000000000000e+03
1.018700000000000000e+04 9.780000000000000000e+02
1.035400000000000000e+04 9.440000000000000000e+02
1.052100000000000000e+04 8.230000000000000000e+02
1.068800000000000000e+04 8.440000000000000000e+02
1.085500000000000000e+04 7.850000000000000000e+02
1.102200000000000000e+04 7.640000000000000000e+02
1.118900000000000000e+04 6.910000000000000000e+02
1.135600000000000000e+04 6.780000000000000000e+02
1.152300000000000000e+04 6.590000000000000000e+02
1.169000000000000000e+04 6.600000000000000000e+02
1.185700000000000000e+04 6.720000000000000000e+02
1.202400000000000000e+04 5.860000000000000000e+02
1.219100000000000000e+04 6.210000000000000000e+02
1.235800000000000000e+04 6.390000000000000000e+02
1.252500000000000000e+04 6.100000000000000000e+02
1.269200000000000000e+04 6.860000000000000000e+02
1.285900000000000000e+04 6.570000000000000000e+02
1.302600000000000000e+04 7.640000000000000000e+02
1.319300000000000000e+04 7.580000000000000000e+02
1.336000000000000000e+04 8.100000000000000000e+02
1.352700000000000000e+04 8.190000000000000000e+02
1.369400000000000000e+04 8.390000000000000000e+02
1.386100000000000000e+04 8.640000000000000000e+02
1.402800000000000000e+04 9.920000000000000000e+02
1.419500000000000000e+04 1.058000000000000000e+03
1.436200000000000000e+04 1.058000000000000000e+03
1.452900000000000000e+04 1.166000000000000000e+03
1.469600000000000000e+04 1.293000000000000000e+03
1.486300000000000000e+04 1.381000000000000000e+03
1.503000000000000000e+04 1.530000000000000000e+03
1.519700000000000000e+04 1.530000000000000000e+03
1.536400000000000000e+04 1.638000000000000000e+03
1.553100000000000000e+04 1.747000000000000000e+03
1.569800000000000000e+04 1.883000000000000000e+03
1.586500000000000000e+04 1.907000000000000000e+03
1.603200000000000000e+04 2.026000000000000000e+03
1.619900000000000000e+04 2.096000000000000000e+03
1.636600000000000000e+04 2.231000000000000000e+03
1.653300000000000000e+04 2.379000000000000000e+03
1.670000000000000000e+04 2.338000000000000000e+03
1.686700000000000000e+04 2.421000000000000000e+03
1.703400000000000000e+04 2.533000000000000000e+03
1.720100000000000000e+04 2.604000000000000000e+03
1.736800000000000000e+04 2.662000000000000000e+03
1.753500000000000000e+04 2.710000000000000000e+03
1.770200000000000000e+04 2.705000000000000000e+03
1.786900000000000000e+04 2.714000000000000000e+03
1.803600000000000000e+04 2.895000000000000000e+03
1.820300000000000000e+04 2.833000000000000000e+03
1.837000000000000000e+04 3.014000000000000000e+03
1.853700000000000000e+04 3.032000000000000000e+03
1.870400000000000000e+04 3.053000000000000000e+03
1.887100000000000000e+04 3.044000000000000000e+03
1.903800000000000000e+04 3.073000000000000000e+03
1.920500000000000000e+04 2.998000000000000000e+03
1.937200000000000000e+04 3.119000000000000000e+03
1.953900000000000000e+04 3.013000000000000000e+03
1.970600000000000000e+04 3.154000000000000000e+03
1.987300000000000000e+04 3.072000000000000000e+03
2.004000000000000000e+04 3.081000000000000000e+03
2.020700000000000000e+04 3.237000000000000000e+03
2.037400000000000000e+04 3.161000000000000000e+03
2.054100000000000000e+04 3.172000000000000000e+03
2.070800000000000000e+04 3.085000000000000000e+03
2.087500000000000000e+04 3.075000000000000000e+03
2.104200000000000000e+04 3.163000000000000000e+03
2.120900000000000000e+04 3.123000000000000000e+03
2.137600000000000000e+04 3.006000000000000000e+03
2.154300000000000000e+04 3.000000000000000000e+03
2.171000000000000000e+04 2.914000000000000000e+03
2.187700000000000000e+04 3.016000000000000000e+03
2.204400000000000000e+04 2.958000000000000000e+03
2.221100000000000000e+04 2.905000000000000000e+03
2.237800000000000000e+04 2.801000000000000000e+03
2.254500000000000000e+04 2.755000000000000000e+03
2.271200000000000000e+04 2.775000000000000000e+03
2.287900000000000000e+04 2.773000000000000000e+03
2.304600000000000000e+04 2.653000000000000000e+03
2.321300000000000000e+04 2.682000000000000000e+03
2.338000000000000000e+04 2.511000000000000000e+03
2.354700000000000000e+04 2.544000000000000000e+03
2.371400000000000000e+04 2.435000000000000000e+03
2.388100000000000000e+04 2.347000000000000000e+03
2.404800000000000000e+04 2.218000000000000000e+03
2.421500000000000000e+04 2.196000000000000000e+03
2.438200000000000000e+04 2.155000000000000000e+03
2.454900000000000000e+04 2.066000000000000000e+03
2.471600000000000000e+04 1.979000000000000000e+03
2.488300000000000000e+04 1.905000000000000000e+03
2.505000000000000000e+04 1.820000000000000000e+03
2.521700000000000000e+04 1.748000000000000000e+03
2.538400000000000000e+04 1.591000000000000000e+03
2.555100000000000000e+04 1.487000000000000000e+03
2.571800000000000000e+04 1.382000000000000000e+03
2.588500000000000000e+04 1.423000000000000000e+03
2.605200000000000000e+04 1.320000000000000000e+03
2.621900000000000000e+04 1.209000000000000000e+03
2.638600000000000000e+04 1.152000000000000000e+03
2.655300000000000000e+04 1.104000000000000000e+03
2.672000000000000000e+04 1.019000000000000000e+03
2.688700000000000000e+04 9.460000000000000000e+02
2.705400000000000000e+04 9.110000000000000000e+02
2.722100000000000000e+04 8.870000000000000000e+02
2.738800000000000000e+04 8.280000000000000000e+02
2.755500000000000000e+04 7.790000000000000000e+02
2.772200000000000000e+04 7.580000000000000000e+02
2.788900000000000000e+04 7.540000000000000000e+02
2.805600000000000000e+04 7.020000000000000000e+02
2.822300000000000000e+04 6.510000000000000000e+02
2.839000000000000000e+04 6.340000000000000000e+02
2.855700000000000000e+04 6.490000000000000000e+02
2.872400000000000000e+04 6.110000000000000000e+02
2.889100000000000000e+04 5.400000000000000000e+02
2.905800000000000000e+04 6.420000000000000000e+02
2.922500000000000000e+04 6.100000000000000000e+02
2.939200000000000000e+04 7.160000000000000000e+02
2.955900000000000000e+04 7.080000000000000000e+02
2.972600000000000000e+04 7.390000000000000000e+02
2.989300000000000000e+04 7.290000000000000000e+02
3.006000000000000000e+04 7.380000000000000000e+02
3.022700000000000000e+04 7.910000000000000000e+02
3.039400000000000000e+04 8.470000000000000000e+02
3.056100000000000000e+04 9.170000000000000000e+02
3.072800000000000000e+04 1.043000000000000000e+03
3.089500000000000000e+04 1.083000000000000000e+03
3.106200000000000000e+04 1.165000000000000000e+03
3.122900000000000000e+04 1.178000000000000000e+03
3.139600000000000000e+04 1.285000000000000000e+03
3.156300000000000000e+04 1.461000000000000000e+03
3.173000000000000000e+04 1.488000000000000000e+03
3.189700000000000000e+04 1.603000000000000000e+03
3.206400000000000000e+04 1.627000000000000000e+03
3.223100000000000000e+04 1.782000000000000000e+03
3.239800000000000000e+04 1.827000000000000000e+03
3.256500000000000000e+04 2.022000000000000000e+03
3.273200000000000000e+04 2.047000000000000000e+03
3.289900000000000000e+04 2.194000000000000000e+03
3.306600000000000000e+04 2.179000000000000000e+03
