0.000000000000000000e+00 1.331000000000000000e+03
1.700000000000000000e+01 1.476000000000000000e+03
3.400000000000000000e+01 1.484000000000000000e+03
5.100000000000000000e+01 1.421000000000000000e+03
6.800000000000000000e+01 1.510000000000000000e+03
8.500000000000000000e+01 1.562000000000000000e+03
1.020000000000000000e+02 1.577000000000000000e+03
1.190000000000000000e+02 1.636000000000000000e+03
1.360000000000000000e+02 1.666000000000000000e+03
1.530000000000000000e+02 1.636000000000000000e+03
1.700000000000000000e+02 1.643000000000000000e+03
1.870000000000000000e+02 1.798000000000000000e+03
2.040000000000000000e+02 1.736000000000000000e+03
2.210000000000000000e+02 1.791000000000000000e+03
2.380000000000000000e+02 1.932000000000000000e+03
2.550000000000000000e+02 1.881000000000000000e+03
2.720000000000000000e+02 1.928000000000000000e+03
2.890000000000000000e+02 1.952000000000000000e+03
3.060000000000000000e+02 1.937000000000000000e+03
3.230000000000000000e+02 2.092000000000000000e+03
3.400000000000000000e+02 2.116000000000000000e+03
3.570000000000000000e+02 2.025000000000000000e+03
3.740000000000000000e+02 2.012000000000000000e+03
3.910000000000000000e+02 2.117000000000000000e+03
4.080000000000000000e+02 2.000000000000000000e+03
4.250000000000000000e+02 2.100000000000000000e+03
4.420000000000000000e+02 2.097000000000000000e+03
4.590000000000000000e+02 2.171000000000000000e+03
4.760000000000000000e+02 2.137000000000000000e+03
4.930000000000000000e+02 2.119000000000000000e+03
5.100000000000000000e+02 2.126000000000000000e+03
5.270000000000000000e+02 2.054000000000000000e+03
5.440000000000000000e+02 2.183000000000000000e+03
5.610000000000000000e+02 2.197000000000000000e+03
5.780000000000000000e+02 2.197000000000000000e+03
5.950000000000000000e+02 2.131000000000000000e+03
6.120000000000000000e+02 2.258000000000000000e+03
6.290000000000000000e+02 2.106000000000000000e+03
6.460000000000000000e+02 2.144000000000000000e+03
6.630000000000000000e+02 2.060000000000000000e+03
6.800000000000000000e+02 2.109000000000000000e+03
6.970000000000000000e+02 2.141000000000000000e+03
7.140000000000000000e+02 2.199000000000000000e+03
7.310000000000000000e+02 2.129000000000000000e+03
7.480000000000000000e+02 2.092000000000000000e+03
7.650000000000000000e+02 2.114000000000000000e+03
7.820000000000000000e+02 2.051000000000000000e+03
7.990000000000000000e+02 2.009000000000000000e+03
8.160000000000000000e+02 1.927000000000000000e+03
8.330000000000000000e+02 1.904000000000000000e+03
8.500000000000000000e+02 1.892000000000000000e+03
8.670000000000000000e+02 1.860000000000000000e+03
8.840000000000000000e+02 1.850000000000000000e+03
9.010000000000000000e+02 1.785000000000000000e+03
9.180000000000000000e+02 1.770000000000000000e+03
9.350000000000000000e+02 1.713000000000000000e+03
9.520000000000000000e+02 1.626000000000000000e+03
9.690000000000000000e+02 1.624000000000000000e+03
9.860000000000000000e+02 1.665000000000000000e+03
1.003000000000000000e+03 1.594000000000000000e+03
1.020000000000000000e+03 1.557000000000000000e+03
1.037000000000000000e+03 1.448000000000000000e+03
1.054000000000000000e+03 1.416000000000000000e+03
1.071000000000000000e+03 1.438000000000000000e+03
1.088000000000000000e+03 1.401000000000000000e+03
1.105000000000000000e+03 1.351000000000000000e+03
1.122000000000000000e+03 1.308000000000000000e+03
1.139000000000000000e+03 1.289000000000000000e+03
1.156000000000000000e+03 1.326000000000000000e+03
1.173000000000000000e+03 1.262000000000000000e+03
1.190000000000000000e+03 1.259000000000000000e+03
1.207000000000000000e+03 1.210000000000000000e+03
1.224000000000000000e+03 1.182000000000000000e+03
1.241000000000000000e+03 1.145000000000000000e+03
1.258000000000000000e+03 1.205000000000000000e+03
1.275000000000000000e+03 1.093000000000000000e+03
1.292000000000000000e+03 1.057000000000000000e+03
1.309000000000000000e+03 1.050000000000000000e+03
1.326000000000000000e+03 1.055000000000000000e+03
1.343000000000000000e+03 1.103000000000000000e+03
1.360000000000000000e+03 1.013000000000000000e+03
1.377000000000000000e+03 1.042000000000000000e+03
1.394000000000000000e+03 1.043000000000000000e+03
1.411000000000000000e+03 1.051000000000000000e+03
1.428000000000000000e+03 1.121000000000000000e+03
1.445000000000000000e+03 1.079000000000000000e+03
1.462000000000000000e+03 1.095000000000000000e+03
1.479000000000000000e+03 1.078000000000000000e+03
1.496000000000000000e+03 1.076000000000000000e+03
1.513000000000000000e+03 1.061000000000000000e+03
1.530000000000000000e+03 1.141000000000000000e+03
1.547000000000000000e+03 1.197000000000000000e+03
1.564000000000000000e+03 1.159000000000000000e+03
1.581000000000000000e+03 1.195000000000000000e+03
1.598000000000000000e+03 1.210000000000000000e+03
1.615000000000000000e+03 1.194000000000000000e+03
1.632000000000000000e+03 1.279000000000000000e+03
1.649000000000000000e+03 1.288000000000000000e+03
1.666000000000000000e+03 1.328000000000000000e+03
1.683000000000000000e+03 1.326000000000000000e+03
1.700000000000000000e+03 1.424000000000000000e+03
1.717000000000000000e+03 1.445000000000000000e+03
1.734000000000000000e+03 1.477000000000000000e+03
1.751000000000000000e+03 1.459000000000000000e+03
1.768000000000000000e+03 1.659000000000000000e+03
1.785000000000000000e+03 1.616000000000000000e+03
1.802000000000000000e+03 1.634000000000000000e+03
1.819000000000000000e+03 1.661000000000000000e+03
1.836000000000000000e+03 1.724000000000000000e+03
1.853000000000000000e+03 1.667000000000000000e+03
1.870000000000000000e+03 1.820000000000000000e+03
1.887000000000000000e+03 1.866000000000000000e+03
1.904000000000000000e+03 1.830000000000000000e+03
1.921000000000000000e+03 1.895000000000000000e+03
1.938000000000000000e+03 1.987000000000000000e+03
1.955000000000000000e+03 2.036000000000000000e+03
1.972000000000000000e+03 2.014000000000000000e+03
1.989000000000000000e+03 1.986000000000000000e+03
2.006000000000000000e+03 2.047000000000000000e+03
2.023000000000000000e+03 2.123000000000000000e+03
2.040000000000000000e+03 2.044000000000000000e+03
2.057000000000000000e+03 2.086000000000000000e+03
2.074000000000000000e+03 2.126000000000000000e+03
2.091000000000000000e+03 2.202000000000000000e+03
2.108000000000000000e+03 2.082000000000000000e+03
2.125000000000000000e+03 2.224000000000000000e+03
2.142000000000000000e+03 2.257000000000000000e+03
2.159000000000000000e+03 2.248000000000000000e+03
2.176000000000000000e+03 2.175000000000000000e+03
2.193000000000000000e+03 2.237000000000000000e+03
2.210000000000000000e+03 2.217000000000000000e+03
2.227000000000000000e+03 2.157000000000000000e+03
2.244000000000000000e+03 2.225000000000000000e+03
2.261000000000000000e+03 2.187000000000000000e+03
2.278000000000000000e+03 2.166000000000000000e+03
2.295000000000000000e+03 2.173000000000000000e+03
2.312000000000000000e+03 2.143000000000000000e+03
2.329000000000000000e+03 2.151000000000000000e+03
2.346000000000000000e+03 2.127000000000000000e+03
2.363000000000000000e+03 2.083000000000000000e+03
2.380000000000000000e+03 2.010000000000000000e+03
2.397000000000000000e+03 2.078000000000000000e+03
2.414000000000000000e+03 2.171000000000000000e+03
2.431000000000000000e+03 2.026000000000000000e+03
2.448000000000000000e+03 1.917000000000000000e+03
2.465000000000000000e+03 1.933000000000000000e+03
2.482000000000000000e+03 1.945000000000000000e+03
2.499000000000000000e+03 1.962000000000000000e+03
2.516000000000000000e+03 1.973000000000000000e+03
2.533000000000000000e+03 1.922000000000000000e+03
2.550000000000000000e+03 1.899000000000000000e+03
2.567000000000000000e+03 1.807000000000000000e+03
2.584000000000000000e+03 1.687000000000000000e+03
2.601000000000000000e+03 1.775000000000000000e+03
2.618000000000000000e+03 1.696000000000000000e+03
2.635000000000000000e+03 1.590000000000000000e+03
2.652000000000000000e+03 1.610000000000000000e+03
2.669000000000000000e+03 1.630000000000000000e+03
2.686000000000000000e+03 1.528000000000000000e+03
2.703000000000000000e+03 1.486000000000000000e+03
2.720000000000000000e+03 1.588000000000000000e+03
2.737000000000000000e+03 1.452000000000000000e+03
2.754000000000000000e+03 1.451000000000000000e+03
2.771000000000000000e+03 1.341000000000000000e+03
2.788000000000000000e+03 1.368000000000000000e+03
2.805000000000000000e+03 1.280000000000000000e+03
2.822000000000000000e+03 1.377000000000000000e+03
2.839000000000000000e+03 1.180000000000000000e+03
2.856000000000000000e+03 1.240000000000000000e+03
2.873000000000000000e+03 1.254000000000000000e+03
2.890000000000000000e+03 1.109000000000000000e+03
2.907000000000000000e+03 1.156000000000000000e+03
2.924000000000000000e+03 1.141000000000000000e+03
2.941000000000000000e+03 1.145000000000000000e+03
2.958000000000000000e+03 1.133000000000000000e+03
2.975000000000000000e+03 1.132000000000000000e+03
2.992000000000000000e+03 1.099000000000000000e+03
3.009000000000000000e+03 1.094000000000000000e+03
3.026000000000000000e+03 1.086000000000000000e+03
3.043000000000000000e+03 1.064000000000000000e+03
3.060000000000000000e+03 9.920000000000000000e+02
3.077000000000000000e+03 1.013000000000000000e+03
3.094000000000000000e+03 1.081000000000000000e+03
3.111000000000000000e+03 1.043000000000000000e+03
3.128000000000000000e+03 1.122000000000000000e+03
3.145000000000000000e+03 1.064000000000000000e+03
3.162000000000000000e+03 1.110000000000000000e+03
3.179000000000000000e+03 1.116000000000000000e+03
3.196000000000000000e+03 1.153000000000000000e+03
3.213000000000000000e+03 1.126000000000000000e+03
3.230000000000000000e+03 1.134000000000000000e+03
3.247000000000000000e+03 1.239000000000000000e+03
3.264000000000000000e+03 1.289000000000000000e+03
3.281000000000000000e+03 1.155000000000000000e+03
3.298000000000000000e+03 1.267000000000000000e+03
3.315000000000000000e+03 1.260000000000000000e+03
