0.000000000000000000e+00 5.059000000000000000e+03
5.000000000000000000e+03 5.110000000000000000e+03
1.000000000000000000e+04 5.135000000000000000e+03
1.500000000000000000e+04 5.201000000000000000e+03
2.000000000000000000e+04 5.314000000000000000e+03
2.500000000000000000e+04 5.427000000000000000e+03
3.000000000000000000e+04 5.548000000000000000e+03
3.500000000000000000e+04 5.548000000000000000e+03
4.000000000000000000e+04 5.699000000000000000e+03
4.500000000000000000e+04 5.619000000000000000e+03
5.000000000000000000e+04 5.711000000000000000e+03
5.500000000000000000e+04 5.616000000000000000e+03
6.000000000000000000e+04 5.858000000000000000e+03
6.500000000000000000e+04 5.759000000000000000e+03
7.000000000000000000e+04 5.773000000000000000e+03
7.500000000000000000e+04 5.850000000000000000e+03
8.000000000000000000e+04 5.789000000000000000e+03
8.500000000000000000e+04 5.821000000000000000e+03
9.000000000000000000e+04 5.912000000000000000e+03
9.500000000000000000e+04 5.962000000000000000e+03
1.000000000000000000e+05 6.101000000000000000e+03
1.050000000000000000e+05 5.795000000000000000e+03
1.100000000000000000e+05 5.917000000000000000e+03
1.150000000000000000e+05 5.929000000000000000e+03
1.200000000000000000e+05 5.771000000000000000e+03
1.250000000000000000e+05 5.709000000000000000e+03
1.300000000000000000e+05 5.811000000000000000e+03
1.350000000000000000e+05 5.597000000000000000e+03
1.400000000000000000e+05 5.753000000000000000e+03
1.450000000000000000e+05 5.637000000000000000e+03
1.500000000000000000e+05 5.677000000000000000e+03
1.550000000000000000e+05 5.581000000000000000e+03
1.600000000000000000e+05 5.590000000000000000e+03
1.650000000000000000e+05 5.336000000000000000e+03
1.700000000000000000e+05 5.316000000000000000e+03
1.750000000000000000e+05 5.455000000000000000e+03
1.800000000000000000e+05 5.179000000000000000e+03
1.850000000000000000e+05 5.161000000000000000e+03
1.900000000000000000e+05 5.082000000000000000e+03
1.950000000000000000e+05 4.857000000000000000e+03
2.000000000000000000e+05 4.824000000000000000e+03
2.050000000000000000e+05 4.830000000000000000e+03
2.100000000000000000e+05 4.613000000000000000e+03
2.150000000000000000e+05 4.387000000000000000e+03
2.200000000000000000e+05 4.274000000000000000e+03
2.250000000000000000e+05 4.158000000000000000e+03
2.300000000000000000e+05 4.006000000000000000e+03
2.350000000000000000e+05 3.924000000000000000e+03
2.400000000000000000e+05 3.742000000000000000e+03
2.450000000000000000e+05 3.702000000000000000e+03
2.500000000000000000e+05 3.537000000000000000e+03
2.550000000000000000e+05 3.242000000000000000e+03
2.600000000000000000e+05 3.152000000000000000e+03
2.650000000000000000e+05 3.083000000000000000e+03
2.700000000000000000e+05 2.701000000000000000e+03
2.750000000000000000e+05 2.686000000000000000e+03
2.800000000000000000e+05 2.631000000000000000e+03
2.850000000000000000e+05 2.485000000000000000e+03
2.900000000000000000e+05 2.314000000000000000e+03
2.950000000000000000e+05 2.127000000000000000e+03
3.000000000000000000e+05 1.979000000000000000e+03
3.050000000000000000e+05 1.993000000000000000e+03
3.100000000000000000e+05 1.919000000000000000e+03
3.150000000000000000e+05 1.820000000000000000e+03
3.200000000000000000e+05 1.748000000000000000e+03
3.250000000000000000e+05 1.619000000000000000e+03
3.300000000000000000e+05 1.635000000000000000e+03
3.350000000000000000e+05 1.696000000000000000e+03
3.400000000000000000e+05 1.606000000000000000e+03
3.450000000000000000e+05 1.592000000000000000e+03
3.500000000000000000e+05 1.579000000000000000e+03
3.550000000000000000e+05 1.605000000000000000e+03
3.600000000000000000e+05 1.641000000000000000e+03
3.650000000000000000e+05 1.706000000000000000e+03
3.700000000000000000e+05 1.633000000000000000e+03
3.750000000000000000e+05 1.788000000000000000e+03
3.800000000000000000e+05 1.835000000000000000e+03
3.850000000000000000e+05 1.901000000000000000e+03
3.900000000000000000e+05 1.958000000000000000e+03
3.950000000000000000e+05 2.088000000000000000e+03
4.000000000000000000e+05 2.171000000000000000e+03
4.050000000000000000e+05 2.314000000000000000e+03
4.100000000000000000e+05 2.513000000000000000e+03
4.150000000000000000e+05 2.546000000000000000e+03
4.200000000000000000e+05 2.839000000000000000e+03
4.250000000000000000e+05 2.846000000000000000e+03
4.300000000000000000e+05 3.098000000000000000e+03
4.350000000000000000e+05 3.173000000000000000e+03
4.400000000000000000e+05 3.281000000000000000e+03
4.450000000000000000e+05 3.574000000000000000e+03
4.500000000000000000e+05 3.786000000000000000e+03
4.550000000000000000e+05 3.866000000000000000e+03
4.600000000000000000e+05 3.937000000000000000e+03
4.650000000000000000e+05 4.110000000000000000e+03
4.700000000000000000e+05 4.355000000000000000e+03
4.750000000000000000e+05 4.452000000000000000e+03
4.800000000000000000e+05 4.471000000000000000e+03
4.850000000000000000e+05 4.760000000000000000e+03
4.900000000000000000e+05 4.899000000000000000e+03
4.950000000000000000e+05 4.940000000000000000e+03
5.000000000000000000e+05 4.820000000000000000e+03
5.050000000000000000e+05 5.118000000000000000e+03
5.100000000000000000e+05 5.224000000000000000e+03
5.150000000000000000e+05 5.452000000000000000e+03
5.200000000000000000e+05 5.317000000000000000e+03
5.250000000000000000e+05 5.471000000000000000e+03
5.300000000000000000e+05 5.619000000000000000e+03
5.350000000000000000e+05 5.576000000000000000e+03
5.400000000000000000e+05 5.763000000000000000e+03
5.450000000000000000e+05 5.774000000000000000e+03
5.500000000000000000e+05 5.634000000000000000e+03
5.550000000000000000e+05 5.792000000000000000e+03
5.600000000000000000e+05 5.795000000000000000e+03
5.650000000000000000e+05 5.881000000000000000e+03
5.700000000000000000e+05 5.727000000000000000e+03
5.750000000000000000e+05 5.849000000000000000e+03
5.800000000000000000e+05 5.899000000000000000e+03
5.850000000000000000e+05 5.769000000000000000e+03
5.900000000000000000e+05 5.868000000000000000e+03
5.950000000000000000e+05 5.956000000000000000e+03
6.000000000000000000e+05 5.852000000000000000e+03
6.050000000000000000e+05 5.723000000000000000e+03
6.100000000000000000e+05 5.856000000000000000e+03
6.150000000000000000e+05 5.912000000000000000e+03
6.200000000000000000e+05 5.774000000000000000e+03
6.250000000000000000e+05 5.712000000000000000e+03
6.300000000000000000e+05 5.910000000000000000e+03
6.350000000000000000e+05 5.778000000000000000e+03
6.400000000000000000e+05 5.687000000000000000e+03
6.450000000000000000e+05 5.630000000000000000e+03
6.500000000000000000e+05 5.460000000000000000e+03
6.550000000000000000e+05 5.544000000000000000e+03
6.600000000000000000e+05 5.536000000000000000e+03
6.650000000000000000e+05 5.433000000000000000e+03
6.700000000000000000e+05 5.371000000000000000e+03
6.750000000000000000e+05 5.372000000000000000e+03
6.800000000000000000e+05 5.243000000000000000e+03
6.850000000000000000e+05 5.194000000000000000e+03
6.900000000000000000e+05 5.064000000000000000e+03
6.950000000000000000e+05 5.014000000000000000e+03
7.000000000000000000e+05 4.894000000000000000e+03
7.050000000000000000e+05 4.722000000000000000e+03
7.100000000000000000e+05 4.647000000000000000e+03
7.150000000000000000e+05 4.529000000000000000e+03
7.200000000000000000e+05 4.185000000000000000e+03
7.250000000000000000e+05 4.223000000000000000e+03
7.300000000000000000e+05 4.072000000000000000e+03
7.350000000000000000e+05 3.861000000000000000e+03
7.400000000000000000e+05 3.824000000000000000e+03
7.450000000000000000e+05 3.478000000000000000e+03
7.500000000000000000e+05 3.516000000000000000e+03
7.550000000000000000e+05 3.318000000000000000e+03
7.600000000000000000e+05 3.131000000000000000e+03
7.650000000000000000e+05 3.019000000000000000e+03
7.700000000000000000e+05 2.786000000000000000e+03
7.750000000000000000e+05 2.668000000000000000e+03
7.800000000000000000e+05 2.564000000000000000e+03
7.850000000000000000e+05 2.411000000000000000e+03
7.900000000000000000e+05 2.318000000000000000e+03
7.950000000000000000e+05 2.136000000000000000e+03
8.000000000000000000e+05 2.096000000000000000e+03
8.050000000000000000e+05 1.910000000000000000e+03
8.100000000000000000e+05 1.930000000000000000e+03
8.150000000000000000e+05 1.885000000000000000e+03
8.200000000000000000e+05 1.740000000000000000e+03
8.250000000000000000e+05 1.728000000000000000e+03
8.300000000000000000e+05 1.630000000000000000e+03
8.350000000000000000e+05 1.573000000000000000e+03
8.400000000000000000e+05 1.545000000000000000e+03
8.450000000000000000e+05 1.630000000000000000e+03
8.500000000000000000e+05 1.599000000000000000e+03
8.550000000000000000e+05 1.581000000000000000e+03
8.600000000000000000e+05 1.644000000000000000e+03
8.650000000000000000e+05 1.588000000000000000e+03
8.700000000000000000e+05 1.650000000000000000e+03
8.750000000000000000e+05 1.693000000000000000e+03
8.800000000000000000e+05 1.879000000000000000e+03
8.850000000000000000e+05 1.864000000000000000e+03
8.900000000000000000e+05 1.993000000000000000e+03
8.950000000000000000e+05 2.019000000000000000e+03
9.000000000000000000e+05 2.345000000000000000e+03
9.050000000000000000e+05 2.300000000000000000e+03
9.100000000000000000e+05 2.507000000000000000e+03
9.150000000000000000e+05 2.596000000000000000e+03
9.200000000000000000e+05 2.874000000000000000e+03
9.250000000000000000e+05 2.989000000000000000e+03
9.300000000000000000e+05 3.019000000000000000e+03
9.350000000000000000e+05 3.281000000000000000e+03
9.400000000000000000e+05 3.316000000000000000e+03
9.450000000000000000e+05 3.423000000000000000e+03
9.500000000000000000e+05 3.753000000000000000e+03
9.550000000000000000e+05 3.983000000000000000e+03
9.600000000000000000e+05 3.955000000000000000e+03
9.650000000000000000e+05 4.165000000000000000e+03
9.700000000000000000e+05 4.232000000000000000e+03
9.750000000000000000e+05 4.374000000000000000e+03
9.800000000000000000e+05 4.589000000000000000e+03
9.850000000000000000e+05 4.556000000000000000e+03
9.900000000000000000e+05 4.697000000000000000e+03
9.950000000000000000e+05 4.915000000000000000e+03
