0.000000000000000000e+00 4.241000000000000000e+03
3.330000000000000000e+02 4.106000000000000000e+03
6.660000000000000000e+02 4.353000000000000000e+03
9.990000000000000000e+02 4.399000000000000000e+03
1.332000000000000000e+03 4.442000000000000000e+03
1.665000000000000000e+03 4.453000000000000000e+03
1.998000000000000000e+03 4.599000000000000000e+03
2.331000000000000000e+03 4.586000000000000000e+03
2.664000000000000000e+03 4.771000000000000000e+03
2.997000000000000000e+03 4.710000000000000000e+03
3.330000000000000000e+03 4.696000000000000000e+03
3.663000000000000000e+03 4.844000000000000000e+03
3.996000000000000000e+03 4.966000000000000000e+03
4.329000000000000000e+03 4.870000000000000000e+03
4.662000000000000000e+03 4.875000000000000000e+03
4.995000000000000000e+03 4.734000000000000000e+03
5.328000000000000000e+03 4.839000000000000000e+03
5.661000000000000000e+03 4.796000000000000000e+03
5.994000000000000000e+03 4.862000000000000000e+03
6.327000000000000000e+03 4.793000000000000000e+03
6.660000000000000000e+03 4.891000000000000000e+03
6.993000000000000000e+03 4.706000000000000000e+03
7.326000000000000000e+03 4.820000000000000000e+03
7.659000000000000000e+03 4.934000000000000000e+03
7.992000000000000000e+03 4.811000000000000000e+03
8.325000000000000000e+03 4.863000000000000000e+03
8.658000000000000000e+03 4.858000000000000000e+03
8.991000000000000000e+03 4.727000000000000000e+03
9.324000000000000000e+03 4.738000000000000000e+03
9.657000000000000000e+03 4.626000000000000000e+03
9.990000000000000000e+03 4.632000000000000000e+03
1.032300000000000000e+04 4.505000000000000000e+03
1.065600000000000000e+04 4.578000000000000000e+03
1.098900000000000000e+04 4.477000000000000000e+03
1.132200000000000000e+04 4.558000000000000000e+03
1.165500000000000000e+04 4.600000000000000000e+03
1.198800000000000000e+04 4.445000000000000000e+03
1.232100000000000000e+04 4.311000000000000000e+03
1.265400000000000000e+04 4.314000000000000000e+03
1.298700000000000000e+04 4.133000000000000000e+03
1.332000000000000000e+04 4.154000000000000000e+03
1.365300000000000000e+04 3.902000000000000000e+03
1.398600000000000000e+04 3.958000000000000000e+03
1.431900000000000000e+04 3.724000000000000000e+03
1.465200000000000000e+04 3.714000000000000000e+03
1.498500000000000000e+04 3.519000000000000000e+03
1.531800000000000000e+04 3.480000000000000000e+03
1.565100000000000000e+04 3.330000000000000000e+03
1.598400000000000000e+04 3.247000000000000000e+03
1.631700000000000000e+04 3.065000000000000000e+03
1.665000000000000000e+04 2.931000000000000000e+03
1.698300000000000000e+04 2.792000000000000000e+03
1.731600000000000000e+04 2.646000000000000000e+03
1.764900000000000000e+04 2.667000000000000000e+03
1.798200000000000000e+04 2.505000000000000000e+03
1.831500000000000000e+04 2.343000000000000000e+03
1.864800000000000000e+04 2.155000000000000000e+03
1.898100000000000000e+04 2.092000000000000000e+03
1.931400000000000000e+04 1.989000000000000000e+03
1.964700000000000000e+04 1.882000000000000000e+03
1.998000000000000000e+04 1.764000000000000000e+03
2.031300000000000000e+04 1.602000000000000000e+03
2.064600000000000000e+04 1.615000000000000000e+03
2.097900000000000000e+04 1.507000000000000000e+03
2.131200000000000000e+04 1.434000000000000000e+03
2.164500000000000000e+04 1.494000000000000000e+03
2.197800000000000000e+04 1.420000000000000000e+03
2.231100000000000000e+04 1.382000000000000000e+03
2.264400000000000000e+04 1.320000000000000000e+03
2.297700000000000000e+04 1.253000000000000000e+03
2.331000000000000000e+04 1.305000000000000000e+03
2.364300000000000000e+04 1.288000000000000000e+03
2.397600000000000000e+04 1.355000000000000000e+03
2.430900000000000000e+04 1.341000000000000000e+03
2.464200000000000000e+04 1.440000000000000000e+03
2.497500000000000000e+04 1.425000000000000000e+03
2.530800000000000000e+04 1.544000000000000000e+03
2.564100000000000000e+04 1.680000000000000000e+03
2.597400000000000000e+04 1.762000000000000000e+03
2.630700000000000000e+04 1.729000000000000000e+03
2.664000000000000000e+04 1.902000000000000000e+03
2.697300000000000000e+04 1.930000000000000000e+03
2.730600000000000000e+04 2.014000000000000000e+03
2.763900000000000000e+04 2.138000000000000000e+03
2.797200000000000000e+04 2.382000000000000000e+03
2.830500000000000000e+04 2.403000000000000000e+03
2.863800000000000000e+04 2.543000000000000000e+03
2.897100000000000000e+04 2.599000000000000000e+03
2.930400000000000000e+04 2.850000000000000000e+03
2.963700000000000000e+04 2.895000000000000000e+03
2.997000000000000000e+04 3.063000000000000000e+03
3.030300000000000000e+04 3.209000000000000000e+03
3.063600000000000000e+04 3.363000000000000000e+03
3.096900000000000000e+04 3.410000000000000000e+03
3.130200000000000000e+04 3.521000000000000000e+03
3.163500000000000000e+04 3.723000000000000000e+03
3.196800000000000000e+04 3.919000000000000000e+03
3.230100000000000000e+04 3.869000000000000000e+03
3.263400000000000000e+04 3.968000000000000000e+03
3.296700000000000000e+04 4.042000000000000000e+03
3.330000000000000000e+04 4.191000000000000000e+03
3.363300000000000000e+04 4.080000000000000000e+03
3.396600000000000000e+04 4.349000000000000000e+03
3.429900000000000000e+04 4.448000000000000000e+03
3.463200000000000000e+04 4.430000000000000000e+03
3.496500000000000000e+04 4.498000000000000000e+03
3.529800000000000000e+04 4.579000000000000000e+03
3.563100000000000000e+04 4.566000000000000000e+03
3.596400000000000000e+04 4.754000000000000000e+03
3.629700000000000000e+04 4.737000000000000000e+03
3.663000000000000000e+04 4.772000000000000000e+03
3.696300000000000000e+04 4.801000000000000000e+03
3.729600000000000000e+04 4.674000000000000000e+03
3.762900000000000000e+04 5.029000000000000000e+03
3.796200000000000000e+04 4.819000000000000000e+03
3.829500000000000000e+04 4.897000000000000000e+03
3.862800000000000000e+04 4.869000000000000000e+03
3.896100000000000000e+04 4.768000000000000000e+03
3.929400000000000000e+04 4.820000000000000000e+03
3.962700000000000000e+04 4.883000000000000000e+03
3.996000000000000000e+04 4.814000000000000000e+03
4.029300000000000000e+04 4.894000000000000000e+03
4.062600000000000000e+04 4.889000000000000000e+03
4.095900000000000000e+04 4.888000000000000000e+03
4.129200000000000000e+04 4.853000000000000000e+03
4.162500000000000000e+04 4.821000000000000000e+03
4.195800000000000000e+04 4.807000000000000000e+03
4.229100000000000000e+04 4.846000000000000000e+03
4.262400000000000000e+04 4.867000000000000000e+03
4.295700000000000000e+04 4.752000000000000000e+03
4.329000000000000000e+04 4.670000000000000000e+03
4.362300000000000000e+04 4.817000000000000000e+03
4.395600000000000000e+04 4.578000000000000000e+03
4.428900000000000000e+04 4.422000000000000000e+03
4.462200000000000000e+04 4.480000000000000000e+03
4.495500000000000000e+04 4.622000000000000000e+03
4.528800000000000000e+04 4.276000000000000000e+03
4.562100000000000000e+04 4.369000000000000000e+03
4.595400000000000000e+04 4.311000000000000000e+03
4.628700000000000000e+04 4.162000000000000000e+03
4.662000000000000000e+04 4.014000000000000000e+03
4.695300000000000000e+04 3.892000000000000000e+03
4.728600000000000000e+04 3.903000000000000000e+03
4.761900000000000000e+04 3.845000000000000000e+03
4.795200000000000000e+04 3.699000000000000000e+03
4.828500000000000000e+04 3.528000000000000000e+03
4.861800000000000000e+04 3.487000000000000000e+03
4.895100000000000000e+04 3.184000000000000000e+03
4.928400000000000000e+04 3.116000000000000000e+03
4.961700000000000000e+04 3.192000000000000000e+03
4.995000000000000000e+04 3.041000000000000000e+03
5.028300000000000000e+04 2.842000000000000000e+03
5.061600000000000000e+04 2.782000000000000000e+03
5.094900000000000000e+04 2.523000000000000000e+03
5.128200000000000000e+04 2.439000000000000000e+03
5.161500000000000000e+04 2.222000000000000000e+03
5.194800000000000000e+04 2.197000000000000000e+03
5.228100000000000000e+04 2.125000000000000000e+03
5.261400000000000000e+04 2.028000000000000000e+03
5.294700000000000000e+04 1.843000000000000000e+03
5.328000000000000000e+04 1.766000000000000000e+03
5.361300000000000000e+04 1.778000000000000000e+03
5.394600000000000000e+04 1.635000000000000000e+03
5.427900000000000000e+04 1.517000000000000000e+03
5.461200000000000000e+04 1.475000000000000000e+03
5.494500000000000000e+04 1.488000000000000000e+03
5.527800000000000000e+04 1.394000000000000000e+03
5.561100000000000000e+04 1.367000000000000000e+03
5.594400000000000000e+04 1.450000000000000000e+03
5.627700000000000000e+04 1.295000000000000000e+03
5.661000000000000000e+04 1.282000000000000000e+03
5.694300000000000000e+04 1.307000000000000000e+03
5.727600000000000000e+04 1.329000000000000000e+03
5.760900000000000000e+04 1.337000000000000000e+03
5.794200000000000000e+04 1.373000000000000000e+03
5.827500000000000000e+04 1.449000000000000000e+03
5.860800000000000000e+04 1.458000000000000000e+03
5.894100000000000000e+04 1.530000000000000000e+03
5.927400000000000000e+04 1.656000000000000000e+03
5.960700000000000000e+04 1.731000000000000000e+03
5.994000000000000000e+04 1.782000000000000000e+03
6.027300000000000000e+04 1.896000000000000000e+03
6.060600000000000000e+04 2.037000000000000000e+03
6.093900000000000000e+04 2.135000000000000000e+03
6.127200000000000000e+04 2.277000000000000000e+03
6.160500000000000000e+04 2.347000000000000000e+03
6.193800000000000000e+04 2.443000000000000000e+03
6.227100000000000000e+04 2.671000000000000000e+03
6.260400000000000000e+04 2.734000000000000000e+03
6.293700000000000000e+04 2.872000000000000000e+03
6.327000000000000000e+04 2.957000000000000000e+03
6.360300000000000000e+04 3.107000000000000000e+03
6.393600000000000000e+04 3.324000000000000000e+03
6.426900000000000000e+04 3.412000000000000000e+03
6.460200000000000000e+04 3.455000000000000000e+03
6.493500000000000000e+04 3.494000000000000000e+03
6.526800000000000000e+04 3.879000000000000000e+03
6.560100000000000000e+04 3.958000000000000000e+03
6.593400000000000000e+04 3.919000000000000000e+03
6.626700000000000000e+04 4.032000000000000000e+03
