0.000000000000000000e+00 7.505000000000000000e+03
3.333000000000000000e+03 7.883000000000000000e+03
6.666000000000000000e+03 7.846000000000000000e+03
9.999000000000000000e+03 8.146000000000000000e+03
1.333200000000000000e+04 8.113000000000000000e+03
1.666500000000000000e+04 8.317000000000000000e+03
1.999800000000000000e+04 8.330000000000000000e+03
2.333100000000000000e+04 8.100000000000000000e+03
2.666400000000000000e+04 8.256000000000000000e+03
2.999700000000000000e+04 8.608000000000000000e+03
3.333000000000000000e+04 8.311000000000000000e+03
3.666300000000000000e+04 8.617000000000000000e+03
3.999600000000000000e+04 8.745000000000000000e+03
4.332900000000000000e+04 8.659000000000000000e+03
4.666200000000000000e+04 8.722000000000000000e+03
4.999500000000000000e+04 8.849000000000000000e+03
5.332800000000000000e+04 8.665000000000000000e+03
5.666100000000000000e+04 8.593000000000000000e+03
5.999400000000000000e+04 8.723000000000000000e+03
6.332700000000000000e+04 8.742000000000000000e+03
6.666000000000000000e+04 9.021000000000000000e+03
6.999300000000000000e+04 8.869000000000000000e+03
7.332600000000000000e+04 8.739000000000000000e+03
7.665900000000000000e+04 8.883000000000000000e+03
7.999200000000000000e+04 8.679000000000000000e+03
8.332500000000000000e+04 8.727000000000000000e+03
8.665800000000000000e+04 8.339000000000000000e+03
8.999100000000000000e+04 8.549000000000000000e+03
9.332400000000000000e+04 8.519000000000000000e+03
9.665700000000000000e+04 8.545000000000000000e+03
9.999000000000000000e+04 8.519000000000000000e+03
1.033230000000000000e+05 8.484000000000000000e+03
1.066560000000000000e+05 8.271000000000000000e+03
1.099890000000000000e+05 8.247000000000000000e+03
1.133220000000000000e+05 8.123000000000000000e+03
1.166550000000000000e+05 7.912000000000000000e+03
1.199880000000000000e+05 8.002000000000000000e+03
1.233210000000000000e+05 7.593000000000000000e+03
1.266540000000000000e+05 7.518000000000000000e+03
1.299870000000000000e+05 7.291000000000000000e+03
1.333200000000000000e+05 7.289000000000000000e+03
1.366530000000000000e+05 7.138000000000000000e+03
1.399860000000000000e+05 7.019000000000000000e+03
1.433190000000000000e+05 6.761000000000000000e+03
1.466520000000000000e+05 6.600000000000000000e+03
1.499850000000000000e+05 6.279000000000000000e+03
1.533180000000000000e+05 6.223000000000000000e+03
1.566510000000000000e+05 6.044000000000000000e+03
1.599840000000000000e+05 5.734000000000000000e+03
1.633170000000000000e+05 5.500000000000000000e+03
1.666500000000000000e+05 5.250000000000000000e+03
1.699830000000000000e+05 5.159000000000000000e+03
1.733160000000000000e+05 4.685000000000000000e+03
1.766490000000000000e+05 4.687000000000000000e+03
1.799820000000000000e+05 4.486000000000000000e+03
1.833150000000000000e+05 4.094000000000000000e+03
1.866480000000000000e+05 4.007000000000000000e+03
1.899810000000000000e+05 3.696000000000000000e+03
1.933140000000000000e+05 3.465000000000000000e+03
1.966470000000000000e+05 3.434000000000000000e+03
1.999800000000000000e+05 3.100000000000000000e+03
2.033130000000000000e+05 3.138000000000000000e+03
2.066460000000000000e+05 2.950000000000000000e+03
2.099790000000000000e+05 2.797000000000000000e+03
2.133120000000000000e+05 2.757000000000000000e+03
2.166450000000000000e+05 2.595000000000000000e+03
2.199780000000000000e+05 2.613000000000000000e+03
2.233110000000000000e+05 2.506000000000000000e+03
2.266440000000000000e+05 2.582000000000000000e+03
2.299770000000000000e+05 2.418000000000000000e+03
2.333100000000000000e+05 2.370000000000000000e+03
2.366430000000000000e+05 2.578000000000000000e+03
2.399760000000000000e+05 2.544000000000000000e+03
2.433090000000000000e+05 2.609000000000000000e+03
2.466420000000000000e+05 2.688000000000000000e+03
2.499750000000000000e+05 2.721000000000000000e+03
2.533080000000000000e+05 2.847000000000000000e+03
2.566410000000000000e+05 2.982000000000000000e+03
2.599740000000000000e+05 3.143000000000000000e+03
2.633070000000000000e+05 3.301000000000000000e+03
2.666400000000000000e+05 3.452000000000000000e+03
2.699730000000000000e+05 3.654000000000000000e+03
2.733060000000000000e+05 3.967000000000000000e+03
2.766390000000000000e+05 4.119000000000000000e+03
2.799720000000000000e+05 4.393000000000000000e+03
2.833050000000000000e+05 4.537000000000000000e+03
2.866380000000000000e+05 4.839000000000000000e+03
2.899710000000000000e+05 5.023000000000000000e+03
2.933040000000000000e+05 5.203000000000000000e+03
2.966370000000000000e+05 5.548000000000000000e+03
2.999700000000000000e+05 5.629000000000000000e+03
3.033030000000000000e+05 6.036000000000000000e+03
3.066360000000000000e+05 6.202000000000000000e+03
3.099690000000000000e+05 6.209000000000000000e+03
3.133020000000000000e+05 6.599000000000000000e+03
3.166350000000000000e+05 6.695000000000000000e+03
3.199680000000000000e+05 7.045000000000000000e+03
3.233010000000000000e+05 7.055000000000000000e+03
3.266340000000000000e+05 7.206000000000000000e+03
3.299670000000000000e+05 7.525000000000000000e+03
3.333000000000000000e+05 7.533000000000000000e+03
3.366330000000000000e+05 7.714000000000000000e+03
3.399660000000000000e+05 7.796000000000000000e+03
3.432990000000000000e+05 7.992000000000000000e+03
3.466320000000000000e+05 8.201000000000000000e+03
3.499650000000000000e+05 8.310000000000000000e+03
3.532980000000000000e+05 8.325000000000000000e+03
3.566310000000000000e+05 8.226000000000000000e+03
3.599640000000000000e+05 8.465000000000000000e+03
3.632970000000000000e+05 8.479000000000000000e+03
3.666300000000000000e+05 8.340000000000000000e+03
3.699630000000000000e+05 8.662000000000000000e+03
3.732960000000000000e+05 8.673000000000000000e+03
3.766290000000000000e+05 8.631000000000000000e+03
3.799620000000000000e+05 8.677000000000000000e+03
3.832950000000000000e+05 8.818000000000000000e+03
3.866280000000000000e+05 8.697000000000000000e+03
3.899610000000000000e+05 8.725000000000000000e+03
3.932940000000000000e+05 8.621000000000000000e+03
3.966270000000000000e+05 8.689000000000000000e+03
3.999600000000000000e+05 8.583000000000000000e+03
4.032930000000000000e+05 8.799000000000000000e+03
4.066260000000000000e+05 8.742000000000000000e+03
4.099590000000000000e+05 8.517000000000000000e+03
4.132920000000000000e+05 8.612000000000000000e+03
4.166250000000000000e+05 8.653000000000000000e+03
4.199580000000000000e+05 8.631000000000000000e+03
4.232910000000000000e+05 8.558000000000000000e+03
4.266240000000000000e+05 8.674000000000000000e+03
4.299570000000000000e+05 8.414000000000000000e+03
4.332900000000000000e+05 8.345000000000000000e+03
4.366230000000000000e+05 8.309000000000000000e+03
4.399560000000000000e+05 8.235000000000000000e+03
4.432890000000000000e+05 8.282000000000000000e+03
4.466220000000000000e+05 8.179000000000000000e+03
4.499550000000000000e+05 7.817000000000000000e+03
4.532880000000000000e+05 7.723000000000000000e+03
4.566210000000000000e+05 7.794000000000000000e+03
4.599540000000000000e+05 7.637000000000000000e+03
4.632870000000000000e+05 7.464000000000000000e+03
4.666200000000000000e+05 7.216000000000000000e+03
4.699530000000000000e+05 7.078000000000000000e+03
4.732860000000000000e+05 7.024000000000000000e+03
4.766190000000000000e+05 6.743000000000000000e+03
4.799520000000000000e+05 6.611000000000000000e+03
4.832850000000000000e+05 6.397000000000000000e+03
4.866180000000000000e+05 6.340000000000000000e+03
4.899510000000000000e+05 5.822000000000000000e+03
4.932840000000000000e+05 5.754000000000000000e+03
4.966170000000000000e+05 5.387000000000000000e+03
4.999500000000000000e+05 5.412000000000000000e+03
5.032830000000000000e+05 5.174000000000000000e+03
5.066160000000000000e+05 4.670000000000000000e+03
5.099490000000000000e+05 4.671000000000000000e+03
5.132820000000000000e+05 4.451000000000000000e+03
5.166150000000000000e+05 4.092000000000000000e+03
5.199480000000000000e+05 4.027000000000000000e+03
5.232810000000000000e+05 3.755000000000000000e+03
5.266140000000000000e+05 3.540000000000000000e+03
5.299470000000000000e+05 3.338000000000000000e+03
5.332800000000000000e+05 3.232000000000000000e+03
5.366130000000000000e+05 3.126000000000000000e+03
5.399460000000000000e+05 2.966000000000000000e+03
5.432790000000000000e+05 2.763000000000000000e+03
5.466120000000000000e+05 2.725000000000000000e+03
5.499450000000000000e+05 2.613000000000000000e+03
5.532780000000000000e+05 2.649000000000000000e+03
5.566110000000000000e+05 2.512000000000000000e+03
5.599440000000000000e+05 2.530000000000000000e+03
5.632770000000000000e+05 2.551000000000000000e+03
5.666100000000000000e+05 2.334000000000000000e+03
5.699430000000000000e+05 2.549000000000000000e+03
5.732760000000000000e+05 2.603000000000000000e+03
5.766090000000000000e+05 2.636000000000000000e+03
5.799420000000000000e+05 2.724000000000000000e+03
5.832750000000000000e+05 2.780000000000000000e+03
5.866080000000000000e+05 2.961000000000000000e+03
5.899410000000000000e+05 2.862000000000000000e+03
5.932740000000000000e+05 3.145000000000000000e+03
5.966070000000000000e+05 3.253000000000000000e+03
5.999400000000000000e+05 3.465000000000000000e+03
6.032730000000000000e+05 3.715000000000000000e+03
6.066060000000000000e+05 3.913000000000000000e+03
6.099390000000000000e+05 4.033000000000000000e+03
6.132720000000000000e+05 4.424000000000000000e+03
6.166050000000000000e+05 4.410000000000000000e+03
6.199380000000000000e+05 4.737000000000000000e+03
6.232710000000000000e+05 5.001000000000000000e+03
6.266040000000000000e+05 5.136000000000000000e+03
6.299370000000000000e+05 5.520000000000000000e+03
6.332700000000000000e+05 5.624000000000000000e+03
6.366030000000000000e+05 5.931000000000000000e+03
6.399360000000000000e+05 6.043000000000000000e+03
6.432690000000000000e+05 6.363000000000000000e+03
6.466020000000000000e+05 6.409000000000000000e+03
6.499350000000000000e+05 6.702000000000000000e+03
6.532680000000000000e+05 6.737000000000000000e+03
6.566010000000000000e+05 7.021000000000000000e+03
6.599340000000000000e+05 7.138000000000000000e+03
6.632670000000000000e+05 7.563000000000000000e+03
