0.000000000000000000e+00 3.777000000000000000e+03
1.000000000000000000e+02 3.948000000000000000e+03
2.000000000000000000e+02 3.926000000000000000e+03
3.000000000000000000e+02 4.159000000000000000e+03
4.000000000000000000e+02 4.227000000000000000e+03
5.000000000000000000e+02 4.209000000000000000e+03
6.000000000000000000e+02 4.100000000000000000e+03
7.000000000000000000e+02 4.441000000000000000e+03
8.000000000000000000e+02 4.439000000000000000e+03
9.000000000000000000e+02 4.465000000000000000e+03
1.000000000000000000e+03 4.443000000000000000e+03
1.100000000000000000e+03 4.508000000000000000e+03
1.200000000000000000e+03 4.538000000000000000e+03
1.300000000000000000e+03 4.609000000000000000e+03
1.400000000000000000e+03 4.474000000000000000e+03
1.500000000000000000e+03 4.557000000000000000e+03
1.600000000000000000e+03 4.661000000000000000e+03
1.700000000000000000e+03 4.619000000000000000e+03
1.800000000000000000e+03 4.564000000000000000e+03
1.900000000000000000e+03 4.706000000000000000e+03
2.000000000000000000e+03 4.419000000000000000e+03
2.100000000000000000e+03 4.527000000000000000e+03
2.200000000000000000e+03 4.503000000000000000e+03
2.300000000000000000e+03 4.546000000000000000e+03
2.400000000000000000e+03 4.572000000000000000e+03
2.500000000000000000e+03 4.527000000000000000e+03
2.600000000000000000e+03 4.467000000000000000e+03
2.700000000000000000e+03 4.537000000000000000e+03
2.800000000000000000e+03 4.348000000000000000e+03
2.900000000000000000e+03 4.417000000000000000e+03
3.000000000000000000e+03 4.331000000000000000e+03
3.100000000000000000e+03 4.477000000000000000e+03
3.200000000000000000e+03 4.287000000000000000e+03
3.300000000000000000e+03 4.180000000000000000e+03
3.400000000000000000e+03 4.111000000000000000e+03
3.500000000000000000e+03 4.089000000000000000e+03
3.600000000000000000e+03 4.067000000000000000e+03
3.700000000000000000e+03 4.007000000000000000e+03
3.800000000000000000e+03 3.887000000000000000e+03
3.900000000000000000e+03 3.976000000000000000e+03
4.000000000000000000e+03 3.845000000000000000e+03
4.100000000000000000e+03 3.758000000000000000e+03
4.200000000000000000e+03 3.761000000000000000e+03
4.300000000000000000e+03 3.609000000000000000e+03
4.400000000000000000e+03 3.644000000000000000e+03
4.500000000000000000e+03 3.418000000000000000e+03
4.600000000000000000e+03 3.272000000000000000e+03
4.700000000000000000e+03 3.210000000000000000e+03
4.800000000000000000e+03 3.114000000000000000e+03
4.900000000000000000e+03 3.047000000000000000e+03
5.000000000000000000e+03 2.924000000000000000e+03
5.100000000000000000e+03 2.693000000000000000e+03
5.200000000000000000e+03 2.649000000000000000e+03
5.300000000000000000e+03 2.560000000000000000e+03
5.400000000000000000e+03 2.413000000000000000e+03
5.500000000000000000e+03 2.222000000000000000e+03
5.600000000000000000e+03 2.099000000000000000e+03
5.700000000000000000e+03 2.112000000000000000e+03
5.800000000000000000e+03 1.854000000000000000e+03
5.900000000000000000e+03 1.849000000000000000e+03
6.000000000000000000e+03 1.737000000000000000e+03
6.100000000000000000e+03 1.619000000000000000e+03
6.200000000000000000e+03 1.609000000000000000e+03
6.300000000000000000e+03 1.565000000000000000e+03
6.400000000000000000e+03 1.509000000000000000e+03
6.500000000000000000e+03 1.416000000000000000e+03
6.600000000000000000e+03 1.408000000000000000e+03
6.700000000000000000e+03 1.307000000000000000e+03
6.800000000000000000e+03 1.372000000000000000e+03
6.900000000000000000e+03 1.247000000000000000e+03
7.000000000000000000e+03 1.332000000000000000e+03
7.100000000000000000e+03 1.243000000000000000e+03
7.200000000000000000e+03 1.190000000000000000e+03
7.300000000000000000e+03 1.409000000000000000e+03
7.400000000000000000e+03 1.257000000000000000e+03
7.500000000000000000e+03 1.346000000000000000e+03
7.600000000000000000e+03 1.388000000000000000e+03
7.700000000000000000e+03 1.454000000000000000e+03
7.800000000000000000e+03 1.461000000000000000e+03
7.900000000000000000e+03 1.612000000000000000e+03
8.000000000000000000e+03 1.619000000000000000e+03
8.100000000000000000e+03 1.762000000000000000e+03
8.200000000000000000e+03 1.863000000000000000e+03
8.300000000000000000e+03 1.972000000000000000e+03
8.400000000000000000e+03 1.909000000000000000e+03
8.500000000000000000e+03 2.273000000000000000e+03
8.600000000000000000e+03 2.232000000000000000e+03
8.700000000000000000e+03 2.445000000000000000e+03
8.800000000000000000e+03 2.455000000000000000e+03
8.900000000000000000e+03 2.713000000000000000e+03
9.000000000000000000e+03 2.743000000000000000e+03
9.100000000000000000e+03 2.903000000000000000e+03
9.200000000000000000e+03 3.079000000000000000e+03
9.300000000000000000e+03 3.108000000000000000e+03
9.400000000000000000e+03 3.249000000000000000e+03
9.500000000000000000e+03 3.332000000000000000e+03
9.600000000000000000e+03 3.402000000000000000e+03
9.700000000000000000e+03 3.492000000000000000e+03
9.800000000000000000e+03 3.588000000000000000e+03
9.900000000000000000e+03 3.704000000000000000e+03
1.000000000000000000e+04 3.856000000000000000e+03
1.010000000000000000e+04 3.859000000000000000e+03
1.020000000000000000e+04 3.996000000000000000e+03
1.030000000000000000e+04 4.077000000000000000e+03
1.040000000000000000e+04 4.219000000000000000e+03
1.050000000000000000e+04 4.253000000000000000e+03
1.060000000000000000e+04 4.383000000000000000e+03
1.070000000000000000e+04 4.220000000000000000e+03
1.080000000000000000e+04 4.501000000000000000e+03
1.090000000000000000e+04 4.507000000000000000e+03
1.100000000000000000e+04 4.498000000000000000e+03
1.110000000000000000e+04 4.447000000000000000e+03
1.120000000000000000e+04 4.507000000000000000e+03
1.130000000000000000e+04 4.561000000000000000e+03
1.140000000000000000e+04 4.457000000000000000e+03
1.150000000000000000e+04 4.529000000000000000e+03
1.160000000000000000e+04 4.598000000000000000e+03
1.170000000000000000e+04 4.536000000000000000e+03
1.180000000000000000e+04 4.482000000000000000e+03
1.190000000000000000e+04 4.615000000000000000e+03
1.200000000000000000e+04 4.655000000000000000e+03
1.210000000000000000e+04 4.638000000000000000e+03
1.220000000000000000e+04 4.660000000000000000e+03
1.230000000000000000e+04 4.441000000000000000e+03
1.240000000000000000e+04 4.521000000000000000e+03
1.250000000000000000e+04 4.516000000000000000e+03
1.260000000000000000e+04 4.412000000000000000e+03
1.270000000000000000e+04 4.623000000000000000e+03
1.280000000000000000e+04 4.372000000000000000e+03
1.290000000000000000e+04 4.640000000000000000e+03
1.300000000000000000e+04 4.391000000000000000e+03
1.310000000000000000e+04 4.328000000000000000e+03
1.320000000000000000e+04 4.327000000000000000e+03
1.330000000000000000e+04 4.209000000000000000e+03
1.340000000000000000e+04 4.211000000000000000e+03
1.350000000000000000e+04 4.138000000000000000e+03
1.360000000000000000e+04 4.220000000000000000e+03
1.370000000000000000e+04 4.064000000000000000e+03
1.380000000000000000e+04 3.987000000000000000e+03
1.390000000000000000e+04 3.909000000000000000e+03
1.400000000000000000e+04 3.894000000000000000e+03
1.410000000000000000e+04 3.700000000000000000e+03
1.420000000000000000e+04 3.774000000000000000e+03
1.430000000000000000e+04 3.554000000000000000e+03
1.440000000000000000e+04 3.539000000000000000e+03
1.450000000000000000e+04 3.502000000000000000e+03
1.460000000000000000e+04 3.280000000000000000e+03
1.470000000000000000e+04 3.147000000000000000e+03
1.480000000000000000e+04 3.157000000000000000e+03
1.490000000000000000e+04 2.975000000000000000e+03
1.500000000000000000e+04 2.984000000000000000e+03
1.510000000000000000e+04 2.763000000000000000e+03
1.520000000000000000e+04 2.726000000000000000e+03
1.530000000000000000e+04 2.420000000000000000e+03
1.540000000000000000e+04 2.284000000000000000e+03
1.550000000000000000e+04 2.216000000000000000e+03
1.560000000000000000e+04 2.062000000000000000e+03
1.570000000000000000e+04 1.990000000000000000e+03
1.580000000000000000e+04 1.949000000000000000e+03
1.590000000000000000e+04 1.883000000000000000e+03
1.600000000000000000e+04 1.782000000000000000e+03
1.610000000000000000e+04 1.653000000000000000e+03
1.620000000000000000e+04 1.518000000000000000e+03
1.630000000000000000e+04 1.476000000000000000e+03
1.640000000000000000e+04 1.465000000000000000e+03
1.650000000000000000e+04 1.432000000000000000e+03
1.660000000000000000e+04 1.393000000000000000e+03
1.670000000000000000e+04 1.370000000000000000e+03
1.680000000000000000e+04 1.213000000000000000e+03
1.690000000000000000e+04 1.426000000000000000e+03
1.700000000000000000e+04 1.304000000000000000e+03
1.710000000000000000e+04 1.363000000000000000e+03
1.720000000000000000e+04 1.301000000000000000e+03
1.730000000000000000e+04 1.201000000000000000e+03
1.740000000000000000e+04 1.255000000000000000e+03
1.750000000000000000e+04 1.301000000000000000e+03
1.760000000000000000e+04 1.387000000000000000e+03
1.770000000000000000e+04 1.333000000000000000e+03
1.780000000000000000e+04 1.524000000000000000e+03
1.790000000000000000e+04 1.573000000000000000e+03
1.800000000000000000e+04 1.662000000000000000e+03
1.810000000000000000e+04 1.688000000000000000e+03
1.820000000000000000e+04 1.875000000000000000e+03
1.830000000000000000e+04 1.938000000000000000e+03
1.840000000000000000e+04 2.076000000000000000e+03
1.850000000000000000e+04 2.196000000000000000e+03
1.860000000000000000e+04 2.278000000000000000e+03
1.870000000000000000e+04 2.376000000000000000e+03
1.880000000000000000e+04 2.657000000000000000e+03
1.890000000000000000e+04 2.727000000000000000e+03
1.900000000000000000e+04 2.823000000000000000e+03
1.910000000000000000e+04 2.899000000000000000e+03
1.920000000000000000e+04 2.993000000000000000e+03
1.930000000000000000e+04 3.095000000000000000e+03
1.940000000000000000e+04 3.227000000000000000e+03
1.950000000000000000e+04 3.262000000000000000e+03
1.960000000000000000e+04 3.442000000000000000e+03
1.970000000000000000e+04 3.490000000000000000e+03
1.980000000000000000e+04 3.665000000000000000e+03
1.990000000000000000e+04 3.707000000000000000e+03
