0.000000000000000000e+00 3.374000000000000000e+03
2.500000000000000000e+01 3.622000000000000000e+03
5.000000000000000000e+01 3.578000000000000000e+03
7.500000000000000000e+01 3.603000000000000000e+03
1.000000000000000000e+02 3.867000000000000000e+03
1.250000000000000000e+02 3.837000000000000000e+03
1.500000000000000000e+02 3.927000000000000000e+03
1.750000000000000000e+02 3.920000000000000000e+03
2.000000000000000000e+02 4.100000000000000000e+03
2.250000000000000000e+02 4.229000000000000000e+03
2.500000000000000000e+02 4.107000000000000000e+03
2.750000000000000000e+02 4.136000000000000000e+03
3.000000000000000000e+02 4.306000000000000000e+03
3.250000000000000000e+02 4.251000000000000000e+03
3.500000000000000000e+02 4.309000000000000000e+03
3.750000000000000000e+02 4.342000000000000000e+03
4.000000000000000000e+02 4.490000000000000000e+03
4.250000000000000000e+02 4.366000000000000000e+03
4.500000000000000000e+02 4.362000000000000000e+03
4.750000000000000000e+02 4.342000000000000000e+03
5.000000000000000000e+02 4.455000000000000000e+03
5.250000000000000000e+02 4.379000000000000000e+03
5.500000000000000000e+02 4.350000000000000000e+03
5.750000000000000000e+02 4.365000000000000000e+03
6.000000000000000000e+02 4.412000000000000000e+03
6.250000000000000000e+02 4.346000000000000000e+03
6.500000000000000000e+02 4.397000000000000000e+03
6.750000000000000000e+02 4.303000000000000000e+03
7.000000000000000000e+02 4.256000000000000000e+03
7.250000000000000000e+02 4.154000000000000000e+03
7.500000000000000000e+02 4.293000000000000000e+03
7.750000000000000000e+02 4.207000000000000000e+03
8.000000000000000000e+02 4.176000000000000000e+03
8.250000000000000000e+02 4.025000000000000000e+03
8.500000000000000000e+02 3.997000000000000000e+03
8.750000000000000000e+02 3.920000000000000000e+03
9.000000000000000000e+02 3.917000000000000000e+03
9.250000000000000000e+02 3.844000000000000000e+03
9.500000000000000000e+02 3.865000000000000000e+03
9.750000000000000000e+02 3.838000000000000000e+03
1.000000000000000000e+03 3.776000000000000000e+03
1.025000000000000000e+03 3.726000000000000000e+03
1.050000000000000000e+03 3.525000000000000000e+03
1.075000000000000000e+03 3.392000000000000000e+03
1.100000000000000000e+03 3.388000000000000000e+03
1.125000000000000000e+03 3.240000000000000000e+03
1.150000000000000000e+03 3.275000000000000000e+03
1.175000000000000000e+03 3.136000000000000000e+03
1.200000000000000000e+03 3.036000000000000000e+03
1.225000000000000000e+03 2.903000000000000000e+03
1.250000000000000000e+03 2.903000000000000000e+03
1.275000000000000000e+03 2.782000000000000000e+03
1.300000000000000000e+03 2.692000000000000000e+03
1.325000000000000000e+03 2.605000000000000000e+03
1.350000000000000000e+03 2.592000000000000000e+03
1.375000000000000000e+03 2.372000000000000000e+03
1.400000000000000000e+03 2.330000000000000000e+03
1.425000000000000000e+03 2.169000000000000000e+03
1.450000000000000000e+03 2.214000000000000000e+03
1.475000000000000000e+03 2.142000000000000000e+03
1.500000000000000000e+03 2.037000000000000000e+03
1.525000000000000000e+03 1.937000000000000000e+03
1.550000000000000000e+03 1.846000000000000000e+03
1.575000000000000000e+03 1.777000000000000000e+03
1.600000000000000000e+03 1.666000000000000000e+03
1.625000000000000000e+03 1.574000000000000000e+03
1.650000000000000000e+03 1.629000000000000000e+03
1.675000000000000000e+03 1.614000000000000000e+03
1.700000000000000000e+03 1.463000000000000000e+03
1.725000000000000000e+03 1.458000000000000000e+03
1.750000000000000000e+03 1.404000000000000000e+03
1.775000000000000000e+03 1.437000000000000000e+03
1.800000000000000000e+03 1.328000000000000000e+03
1.825000000000000000e+03 1.347000000000000000e+03
1.850000000000000000e+03 1.287000000000000000e+03
1.875000000000000000e+03 1.295000000000000000e+03
1.900000000000000000e+03 1.386000000000000000e+03
1.925000000000000000e+03 1.310000000000000000e+03
1.950000000000000000e+03 1.296000000000000000e+03
1.975000000000000000e+03 1.423000000000000000e+03
2.000000000000000000e+03 1.354000000000000000e+03
2.025000000000000000e+03 1.497000000000000000e+03
2.050000000000000000e+03 1.522000000000000000e+03
2.075000000000000000e+03 1.537000000000000000e+03
2.100000000000000000e+03 1.671000000000000000e+03
2.125000000000000000e+03 1.771000000000000000e+03
2.150000000000000000e+03 1.773000000000000000e+03
2.175000000000000000e+03 1.982000000000000000e+03
2.200000000000000000e+03 2.039000000000000000e+03
2.225000000000000000e+03 2.121000000000000000e+03
2.250000000000000000e+03 2.346000000000000000e+03
2.275000000000000000e+03 2.331000000000000000e+03
2.300000000000000000e+03 2.397000000000000000e+03
2.325000000000000000e+03 2.642000000000000000e+03
2.350000000000000000e+03 2.767000000000000000e+03
2.375000000000000000e+03 2.782000000000000000e+03
2.400000000000000000e+03 2.950000000000000000e+03
2.425000000000000000e+03 3.183000000000000000e+03
2.450000000000000000e+03 3.250000000000000000e+03
2.475000000000000000e+03 3.458000000000000000e+03
2.500000000000000000e+03 3.437000000000000000e+03
2.525000000000000000e+03 3.665000000000000000e+03
2.550000000000000000e+03 3.629000000000000000e+03
2.575000000000000000e+03 3.760000000000000000e+03
2.600000000000000000e+03 3.915000000000000000e+03
2.625000000000000000e+03 3.938000000000000000e+03
2.650000000000000000e+03 4.044000000000000000e+03
2.675000000000000000e+03 4.065000000000000000e+03
2.700000000000000000e+03 4.044000000000000000e+03
2.725000000000000000e+03 4.149000000000000000e+03
2.750000000000000000e+03 4.199000000000000000e+03
2.775000000000000000e+03 4.172000000000000000e+03
2.800000000000000000e+03 4.255000000000000000e+03
2.825000000000000000e+03 4.337000000000000000e+03
2.850000000000000000e+03 4.228000000000000000e+03
2.875000000000000000e+03 4.315000000000000000e+03
2.900000000000000000e+03 4.292000000000000000e+03
2.925000000000000000e+03 4.253000000000000000e+03
2.950000000000000000e+03 4.434000000000000000e+03
2.975000000000000000e+03 4.274000000000000000e+03
3.000000000000000000e+03 4.338000000000000000e+03
3.025000000000000000e+03 4.311000000000000000e+03
3.050000000000000000e+03 4.322000000000000000e+03
3.075000000000000000e+03 4.294000000000000000e+03
3.100000000000000000e+03 4.259000000000000000e+03
3.125000000000000000e+03 4.320000000000000000e+03
3.150000000000000000e+03 4.260000000000000000e+03
3.175000000000000000e+03 4.238000000000000000e+03
3.200000000000000000e+03 4.202000000000000000e+03
3.225000000000000000e+03 4.260000000000000000e+03
3.250000000000000000e+03 4.274000000000000000e+03
3.275000000000000000e+03 4.235000000000000000e+03
3.300000000000000000e+03 4.160000000000000000e+03
3.325000000000000000e+03 4.007000000000000000e+03
3.350000000000000000e+03 4.008000000000000000e+03
3.375000000000000000e+03 3.857000000000000000e+03
3.400000000000000000e+03 3.968000000000000000e+03
3.425000000000000000e+03 3.939000000000000000e+03
3.450000000000000000e+03 3.928000000000000000e+03
3.475000000000000000e+03 3.640000000000000000e+03
3.500000000000000000e+03 3.659000000000000000e+03
3.525000000000000000e+03 3.525000000000000000e+03
3.550000000000000000e+03 3.454000000000000000e+03
3.575000000000000000e+03 3.432000000000000000e+03
3.600000000000000000e+03 3.307000000000000000e+03
3.625000000000000000e+03 3.403000000000000000e+03
3.650000000000000000e+03 3.217000000000000000e+03
3.675000000000000000e+03 3.161000000000000000e+03
3.700000000000000000e+03 3.004000000000000000e+03
3.725000000000000000e+03 2.867000000000000000e+03
3.750000000000000000e+03 2.771000000000000000e+03
3.775000000000000000e+03 2.719000000000000000e+03
3.800000000000000000e+03 2.674000000000000000e+03
3.825000000000000000e+03 2.548000000000000000e+03
3.850000000000000000e+03 2.471000000000000000e+03
3.875000000000000000e+03 2.407000000000000000e+03
3.900000000000000000e+03 2.298000000000000000e+03
3.925000000000000000e+03 2.286000000000000000e+03
3.950000000000000000e+03 2.161000000000000000e+03
3.975000000000000000e+03 2.042000000000000000e+03
4.000000000000000000e+03 1.948000000000000000e+03
4.025000000000000000e+03 1.910000000000000000e+03
4.050000000000000000e+03 1.680000000000000000e+03
4.075000000000000000e+03 1.715000000000000000e+03
4.100000000000000000e+03 1.690000000000000000e+03
4.125000000000000000e+03 1.625000000000000000e+03
4.150000000000000000e+03 1.595000000000000000e+03
4.175000000000000000e+03 1.480000000000000000e+03
4.200000000000000000e+03 1.474000000000000000e+03
4.225000000000000000e+03 1.459000000000000000e+03
4.250000000000000000e+03 1.420000000000000000e+03
4.275000000000000000e+03 1.394000000000000000e+03
4.300000000000000000e+03 1.328000000000000000e+03
4.325000000000000000e+03 1.309000000000000000e+03
4.350000000000000000e+03 1.314000000000000000e+03
4.375000000000000000e+03 1.404000000000000000e+03
4.400000000000000000e+03 1.368000000000000000e+03
4.425000000000000000e+03 1.281000000000000000e+03
4.450000000000000000e+03 1.264000000000000000e+03
4.475000000000000000e+03 1.346000000000000000e+03
4.500000000000000000e+03 1.349000000000000000e+03
4.525000000000000000e+03 1.502000000000000000e+03
4.550000000000000000e+03 1.498000000000000000e+03
4.575000000000000000e+03 1.546000000000000000e+03
4.600000000000000000e+03 1.638000000000000000e+03
4.625000000000000000e+03 1.705000000000000000e+03
4.650000000000000000e+03 1.795000000000000000e+03
4.675000000000000000e+03 1.891000000000000000e+03
4.700000000000000000e+03 2.052000000000000000e+03
4.725000000000000000e+03 2.178000000000000000e+03
4.750000000000000000e+03 2.309000000000000000e+03
4.775000000000000000e+03 2.305000000000000000e+03
4.800000000000000000e+03 2.427000000000000000e+03
4.825000000000000000e+03 2.656000000000000000e+03
4.850000000000000000e+03 2.742000000000000000e+03
4.875000000000000000e+03 2.949000000000000000e+03
4.900000000000000000e+03 2.956000000000000000e+03
4.925000000000000000e+03 3.000000000000000000e+03
4.950000000000000000e+03 3.207000000000000000e+03
4.975000000000000000e+03 3.349000000000000000e+03
