0.000000000000000000e+00 4.697000000000000000e+03
1.667000000000000000e+03 4.783000000000000000e+03
3.334000000000000000e+03 4.970000000000000000e+03
5.001000000000000000e+03 5.156000000000000000e+03
6.668000000000000000e+03 5.034000000000000000e+03
8.335000000000000000e+03 5.030000000000000000e+03
1.000200000000000000e+04 5.201000000000000000e+03
1.166900000000000000e+04 5.337000000000000000e+03
1.333600000000000000e+04 5.537000000000000000e+03
1.500300000000000000e+04 5.334000000000000000e+03
1.667000000000000000e+04 5.347000000000000000e+03
1.833700000000000000e+04 5.374000000000000000e+03
2.000400000000000000e+04 5.633000000000000000e+03
2.167100000000000000e+04 5.616000000000000000e+03
2.333800000000000000e+04 5.556000000000000000e+03
2.500500000000000000e+04 5.541000000000000000e+03
2.667200000000000000e+04 5.628000000000000000e+03
2.833900000000000000e+04 5.528000000000000000e+03
3.000600000000000000e+04 5.685000000000000000e+03
3.167300000000000000e+04 5.641000000000000000e+03
3.334000000000000000e+04 5.466000000000000000e+03
3.500700000000000000e+04 5.494000000000000000e+03
3.667400000000000000e+04 5.705000000000000000e+03
3.834100000000000000e+04 5.641000000000000000e+03
4.000800000000000000e+04 5.717000000000000000e+03
4.167500000000000000e+04 5.449000000000000000e+03
4.334200000000000000e+04 5.508000000000000000e+03
4.500900000000000000e+04 5.424000000000000000e+03
4.667600000000000000e+04 5.466000000000000000e+03
4.834300000000000000e+04 5.573000000000000000e+03
5.001000000000000000e+04 5.367000000000000000e+03
5.167700000000000000e+04 5.289000000000000000e+03
5.334400000000000000e+04 5.225000000000000000e+03
5.501100000000000000e+04 5.280000000000000000e+03
5.667800000000000000e+04 5.222000000000000000e+03
5.834500000000000000e+04 5.148000000000000000e+03
6.001200000000000000e+04 4.844000000000000000e+03
6.167900000000000000e+04 4.836000000000000000e+03
6.334600000000000000e+04 4.800000000000000000e+03
6.501300000000000000e+04 4.839000000000000000e+03
6.668000000000000000e+04 4.516000000000000000e+03
6.834700000000000000e+04 4.510000000000000000e+03
7.001400000000000000e+04 4.374000000000000000e+03
7.168100000000000000e+04 4.405000000000000000e+03
7.334800000000000000e+04 4.121000000000000000e+03
7.501500000000000000e+04 3.976000000000000000e+03
7.668200000000000000e+04 3.878000000000000000e+03
7.834900000000000000e+04 3.751000000000000000e+03
8.001600000000000000e+04 3.622000000000000000e+03
8.168300000000000000e+04 3.479000000000000000e+03
8.335000000000000000e+04 3.247000000000000000e+03
8.501700000000000000e+04 3.060000000000000000e+03
8.668400000000000000e+04 2.964000000000000000e+03
8.835100000000000000e+04 2.862000000000000000e+03
9.001800000000000000e+04 2.690000000000000000e+03
9.168500000000000000e+04 2.548000000000000000e+03
9.335200000000000000e+04 2.475000000000000000e+03
9.501900000000000000e+04 2.233000000000000000e+03
9.668600000000000000e+04 2.254000000000000000e+03
9.835300000000000000e+04 2.001000000000000000e+03
1.000200000000000000e+05 1.934000000000000000e+03
1.016870000000000000e+05 1.817000000000000000e+03
1.033540000000000000e+05 1.749000000000000000e+03
1.050210000000000000e+05 1.711000000000000000e+03
1.066880000000000000e+05 1.674000000000000000e+03
1.083550000000000000e+05 1.569000000000000000e+03
1.100220000000000000e+05 1.485000000000000000e+03
1.116890000000000000e+05 1.448000000000000000e+03
1.133560000000000000e+05 1.540000000000000000e+03
1.150230000000000000e+05 1.474000000000000000e+03
1.166900000000000000e+05 1.492000000000000000e+03
1.183570000000000000e+05 1.464000000000000000e+03
1.200240000000000000e+05 1.552000000000000000e+03
1.216910000000000000e+05 1.602000000000000000e+03
1.233580000000000000e+05 1.636000000000000000e+03
1.250250000000000000e+05 1.600000000000000000e+03
1.266920000000000000e+05 1.683000000000000000e+03
1.283590000000000000e+05 1.794000000000000000e+03
1.300260000000000000e+05 1.961000000000000000e+03
1.316930000000000000e+05 2.034000000000000000e+03
1.333600000000000000e+05 2.108000000000000000e+03
1.350270000000000000e+05 2.096000000000000000e+03
1.366940000000000000e+05 2.387000000000000000e+03
1.383610000000000000e+05 2.616000000000000000e+03
1.400280000000000000e+05 2.621000000000000000e+03
1.416950000000000000e+05 2.662000000000000000e+03
1.433620000000000000e+05 2.948000000000000000e+03
1.450290000000000000e+05 3.062000000000000000e+03
1.466960000000000000e+05 3.253000000000000000e+03
1.483630000000000000e+05 3.316000000000000000e+03
1.500300000000000000e+05 3.465000000000000000e+03
1.516970000000000000e+05 3.573000000000000000e+03
1.533640000000000000e+05 3.839000000000000000e+03
1.550310000000000000e+05 4.026000000000000000e+03
1.566980000000000000e+05 4.043000000000000000e+03
1.583650000000000000e+05 4.217000000000000000e+03
1.600320000000000000e+05 4.232000000000000000e+03
1.616990000000000000e+05 4.450000000000000000e+03
1.633660000000000000e+05 4.485000000000000000e+03
1.650330000000000000e+05 4.663000000000000000e+03
1.667000000000000000e+05 4.751000000000000000e+03
1.683670000000000000e+05 4.677000000000000000e+03
1.700340000000000000e+05 4.948000000000000000e+03
1.717010000000000000e+05 5.064000000000000000e+03
1.733680000000000000e+05 5.149000000000000000e+03
1.750350000000000000e+05 5.220000000000000000e+03
1.767020000000000000e+05 5.231000000000000000e+03
1.783690000000000000e+05 5.274000000000000000e+03
1.800360000000000000e+05 5.379000000000000000e+03
1.817030000000000000e+05 5.397000000000000000e+03
1.833700000000000000e+05 5.359000000000000000e+03
1.850370000000000000e+05 5.331000000000000000e+03
1.867040000000000000e+05 5.459000000000000000e+03
1.883710000000000000e+05 5.712000000000000000e+03
1.900380000000000000e+05 5.657000000000000000e+03
1.917050000000000000e+05 5.541000000000000000e+03
1.933720000000000000e+05 5.595000000000000000e+03
1.950390000000000000e+05 5.556000000000000000e+03
1.967060000000000000e+05 5.608000000000000000e+03
1.983730000000000000e+05 5.806000000000000000e+03
2.000400000000000000e+05 5.579000000000000000e+03
2.017070000000000000e+05 5.517000000000000000e+03
2.033740000000000000e+05 5.444000000000000000e+03
2.050410000000000000e+05 5.635000000000000000e+03
2.067080000000000000e+05 5.501000000000000000e+03
2.083750000000000000e+05 5.467000000000000000e+03
2.100420000000000000e+05 5.546000000000000000e+03
2.117090000000000000e+05 5.457000000000000000e+03
2.133760000000000000e+05 5.483000000000000000e+03
2.150430000000000000e+05 5.503000000000000000e+03
2.167100000000000000e+05 5.465000000000000000e+03
2.183770000000000000e+05 5.286000000000000000e+03
2.200440000000000000e+05 5.400000000000000000e+03
2.217110000000000000e+05 5.256000000000000000e+03
2.233780000000000000e+05 5.114000000000000000e+03
2.250450000000000000e+05 5.155000000000000000e+03
2.267120000000000000e+05 4.962000000000000000e+03
2.283790000000000000e+05 4.860000000000000000e+03
2.300460000000000000e+05 4.790000000000000000e+03
2.317130000000000000e+05 4.576000000000000000e+03
2.333800000000000000e+05 4.469000000000000000e+03
2.350470000000000000e+05 4.446000000000000000e+03
2.367140000000000000e+05 4.358000000000000000e+03
2.383810000000000000e+05 4.202000000000000000e+03
2.400480000000000000e+05 4.204000000000000000e+03
2.417150000000000000e+05 4.044000000000000000e+03
2.433820000000000000e+05 3.890000000000000000e+03
2.450490000000000000e+05 3.691000000000000000e+03
2.467160000000000000e+05 3.620000000000000000e+03
2.483830000000000000e+05 3.412000000000000000e+03
2.500500000000000000e+05 3.166000000000000000e+03
2.517170000000000000e+05 3.077000000000000000e+03
2.533840000000000000e+05 2.962000000000000000e+03
2.550510000000000000e+05 2.933000000000000000e+03
2.567180000000000000e+05 2.662000000000000000e+03
2.583850000000000000e+05 2.470000000000000000e+03
2.600520000000000000e+05 2.366000000000000000e+03
2.617190000000000000e+05 2.247000000000000000e+03
2.633860000000000000e+05 2.200000000000000000e+03
2.650530000000000000e+05 2.046000000000000000e+03
2.667200000000000000e+05 1.966000000000000000e+03
2.683870000000000000e+05 1.808000000000000000e+03
2.700540000000000000e+05 1.771000000000000000e+03
2.717210000000000000e+05 1.671000000000000000e+03
2.733880000000000000e+05 1.634000000000000000e+03
2.750550000000000000e+05 1.483000000000000000e+03
2.767220000000000000e+05 1.422000000000000000e+03
2.783890000000000000e+05 1.505000000000000000e+03
2.800560000000000000e+05 1.459000000000000000e+03
2.817230000000000000e+05 1.475000000000000000e+03
2.833900000000000000e+05 1.435000000000000000e+03
2.850570000000000000e+05 1.446000000000000000e+03
2.867240000000000000e+05 1.523000000000000000e+03
2.883910000000000000e+05 1.573000000000000000e+03
2.900580000000000000e+05 1.521000000000000000e+03
2.917250000000000000e+05 1.593000000000000000e+03
2.933920000000000000e+05 1.645000000000000000e+03
2.950590000000000000e+05 1.768000000000000000e+03
2.967260000000000000e+05 1.900000000000000000e+03
2.983930000000000000e+05 2.066000000000000000e+03
3.000600000000000000e+05 2.049000000000000000e+03
3.017270000000000000e+05 2.277000000000000000e+03
3.033940000000000000e+05 2.350000000000000000e+03
3.050610000000000000e+05 2.425000000000000000e+03
3.067280000000000000e+05 2.687000000000000000e+03
3.083950000000000000e+05 2.717000000000000000e+03
3.100620000000000000e+05 2.870000000000000000e+03
3.117290000000000000e+05 3.084000000000000000e+03
3.133960000000000000e+05 3.190000000000000000e+03
3.150630000000000000e+05 3.425000000000000000e+03
3.167300000000000000e+05 3.371000000000000000e+03
3.183970000000000000e+05 3.617000000000000000e+03
3.200640000000000000e+05 3.817000000000000000e+03
3.217310000000000000e+05 3.991000000000000000e+03
3.233980000000000000e+05 4.113000000000000000e+03
3.250650000000000000e+05 4.071000000000000000e+03
3.267320000000000000e+05 4.264000000000000000e+03
3.283990000000000000e+05 4.463000000000000000e+03
3.300660000000000000e+05 4.636000000000000000e+03
3.317330000000000000e+05 4.699000000000000000e+03
