0.000000000000000000e+00 1.110600000000000000e+04
1.000000000000000000e+04 1.160900000000000000e+04
2.000000000000000000e+04 1.193000000000000000e+04
3.000000000000000000e+04 1.210400000000000000e+04
4.000000000000000000e+04 1.228600000000000000e+04
5.000000000000000000e+04 1.254500000000000000e+04
6.000000000000000000e+04 1.269300000000000000e+04
7.000000000000000000e+04 1.275600000000000000e+04
8.000000000000000000e+04 1.286000000000000000e+04
9.000000000000000000e+04 1.285400000000000000e+04
1.000000000000000000e+05 1.295400000000000000e+04
1.100000000000000000e+05 1.301200000000000000e+04
1.200000000000000000e+05 1.336600000000000000e+04
1.300000000000000000e+05 1.337100000000000000e+04
1.400000000000000000e+05 1.337200000000000000e+04
1.500000000000000000e+05 1.332600000000000000e+04
1.600000000000000000e+05 1.343700000000000000e+04
1.700000000000000000e+05 1.333300000000000000e+04
1.800000000000000000e+05 1.339900000000000000e+04
1.900000000000000000e+05 1.335300000000000000e+04
2.000000000000000000e+05 1.360400000000000000e+04
2.100000000000000000e+05 1.354500000000000000e+04
2.200000000000000000e+05 1.333200000000000000e+04
2.300000000000000000e+05 1.339700000000000000e+04
2.400000000000000000e+05 1.337700000000000000e+04
2.500000000000000000e+05 1.323000000000000000e+04
2.600000000000000000e+05 1.305400000000000000e+04
2.700000000000000000e+05 1.326100000000000000e+04
2.800000000000000000e+05 1.315300000000000000e+04
2.900000000000000000e+05 1.307500000000000000e+04
3.000000000000000000e+05 1.307100000000000000e+04
3.100000000000000000e+05 1.281400000000000000e+04
3.200000000000000000e+05 1.284300000000000000e+04
3.300000000000000000e+05 1.251900000000000000e+04
3.400000000000000000e+05 1.235800000000000000e+04
3.500000000000000000e+05 1.227200000000000000e+04
3.600000000000000000e+05 1.201700000000000000e+04
3.700000000000000000e+05 1.181300000000000000e+04
3.800000000000000000e+05 1.165300000000000000e+04
3.900000000000000000e+05 1.137100000000000000e+04
4.000000000000000000e+05 1.111200000000000000e+04
4.100000000000000000e+05 1.072000000000000000e+04
4.200000000000000000e+05 1.067000000000000000e+04
4.300000000000000000e+05 1.036400000000000000e+04
4.400000000000000000e+05 9.913000000000000000e+03
4.500000000000000000e+05 9.851000000000000000e+03
4.600000000000000000e+05 9.376000000000000000e+03
4.700000000000000000e+05 8.858000000000000000e+03
4.800000000000000000e+05 8.578000000000000000e+03
4.900000000000000000e+05 8.364000000000000000e+03
5.000000000000000000e+05 7.939000000000000000e+03
5.100000000000000000e+05 7.615000000000000000e+03
5.200000000000000000e+05 7.378000000000000000e+03
5.300000000000000000e+05 6.976000000000000000e+03
5.400000000000000000e+05 6.614000000000000000e+03
5.500000000000000000e+05 6.307000000000000000e+03
5.600000000000000000e+05 5.945000000000000000e+03
5.700000000000000000e+05 5.631000000000000000e+03
5.800000000000000000e+05 5.352000000000000000e+03
5.900000000000000000e+05 4.988000000000000000e+03
6.000000000000000000e+05 4.715000000000000000e+03
6.100000000000000000e+05 4.595000000000000000e+03
6.200000000000000000e+05 4.340000000000000000e+03
6.300000000000000000e+05 4.123000000000000000e+03
6.400000000000000000e+05 3.921000000000000000e+03
6.500000000000000000e+05 3.791000000000000000e+03
6.600000000000000000e+05 3.877000000000000000e+03
6.700000000000000000e+05 3.626000000000000000e+03
6.800000000000000000e+05 3.696000000000000000e+03
6.900000000000000000e+05 3.525000000000000000e+03
7.000000000000000000e+05 3.576000000000000000e+03
7.100000000000000000e+05 3.544000000000000000e+03
7.200000000000000000e+05 3.697000000000000000e+03
7.300000000000000000e+05 3.785000000000000000e+03
7.400000000000000000e+05 3.875000000000000000e+03
7.500000000000000000e+05 4.057000000000000000e+03
7.600000000000000000e+05 4.311000000000000000e+03
7.700000000000000000e+05 4.586000000000000000e+03
7.800000000000000000e+05 4.582000000000000000e+03
7.900000000000000000e+05 4.864000000000000000e+03
8.000000000000000000e+05 5.256000000000000000e+03
8.100000000000000000e+05 5.412000000000000000e+03
8.200000000000000000e+05 5.705000000000000000e+03
8.300000000000000000e+05 5.962000000000000000e+03
8.400000000000000000e+05 6.381000000000000000e+03
8.500000000000000000e+05 6.798000000000000000e+03
8.600000000000000000e+05 7.134000000000000000e+03
8.700000000000000000e+05 7.467000000000000000e+03
8.800000000000000000e+05 7.791000000000000000e+03
8.900000000000000000e+05 8.223000000000000000e+03
9.000000000000000000e+05 8.527000000000000000e+03
9.100000000000000000e+05 8.803000000000000000e+03
9.200000000000000000e+05 9.219000000000000000e+03
9.300000000000000000e+05 9.629000000000000000e+03
9.400000000000000000e+05 9.763000000000000000e+03
9.500000000000000000e+05 1.033900000000000000e+04
9.600000000000000000e+05 1.051200000000000000e+04
9.700000000000000000e+05 1.077900000000000000e+04
9.800000000000000000e+05 1.094200000000000000e+04
9.900000000000000000e+05 1.128500000000000000e+04
1.000000000000000000e+06 1.165300000000000000e+04
1.010000000000000000e+06 1.186800000000000000e+04
1.020000000000000000e+06 1.212400000000000000e+04
1.030000000000000000e+06 1.179900000000000000e+04
1.040000000000000000e+06 1.218500000000000000e+04
1.050000000000000000e+06 1.255800000000000000e+04
1.060000000000000000e+06 1.251400000000000000e+04
1.070000000000000000e+06 1.264600000000000000e+04
1.080000000000000000e+06 1.275000000000000000e+04
1.090000000000000000e+06 1.298500000000000000e+04
1.100000000000000000e+06 1.305700000000000000e+04
1.110000000000000000e+06 1.324700000000000000e+04
1.120000000000000000e+06 1.309600000000000000e+04
1.130000000000000000e+06 1.330600000000000000e+04
1.140000000000000000e+06 1.339400000000000000e+04
1.150000000000000000e+06 1.345500000000000000e+04
1.160000000000000000e+06 1.342100000000000000e+04
1.170000000000000000e+06 1.355200000000000000e+04
1.180000000000000000e+06 1.358200000000000000e+04
1.190000000000000000e+06 1.325600000000000000e+04
1.200000000000000000e+06 1.338600000000000000e+04
1.210000000000000000e+06 1.339500000000000000e+04
1.220000000000000000e+06 1.334100000000000000e+04
1.230000000000000000e+06 1.348500000000000000e+04
1.240000000000000000e+06 1.339000000000000000e+04
1.250000000000000000e+06 1.313300000000000000e+04
1.260000000000000000e+06 1.322400000000000000e+04
1.270000000000000000e+06 1.319900000000000000e+04
1.280000000000000000e+06 1.321300000000000000e+04
1.290000000000000000e+06 1.288500000000000000e+04
1.300000000000000000e+06 1.291500000000000000e+04
1.310000000000000000e+06 1.265700000000000000e+04
1.320000000000000000e+06 1.279600000000000000e+04
1.330000000000000000e+06 1.255300000000000000e+04
1.340000000000000000e+06 1.235000000000000000e+04
1.350000000000000000e+06 1.231000000000000000e+04
1.360000000000000000e+06 1.194600000000000000e+04
1.370000000000000000e+06 1.181600000000000000e+04
1.380000000000000000e+06 1.153800000000000000e+04
1.390000000000000000e+06 1.138500000000000000e+04
1.400000000000000000e+06 1.103200000000000000e+04
1.410000000000000000e+06 1.093600000000000000e+04
1.420000000000000000e+06 1.068500000000000000e+04
1.430000000000000000e+06 1.028700000000000000e+04
1.440000000000000000e+06 1.003700000000000000e+04
1.450000000000000000e+06 9.665000000000000000e+03
1.460000000000000000e+06 9.314000000000000000e+03
1.470000000000000000e+06 9.025000000000000000e+03
1.480000000000000000e+06 8.609000000000000000e+03
1.490000000000000000e+06 8.270000000000000000e+03
1.500000000000000000e+06 7.968000000000000000e+03
1.510000000000000000e+06 7.863000000000000000e+03
1.520000000000000000e+06 7.397000000000000000e+03
1.530000000000000000e+06 6.952000000000000000e+03
1.540000000000000000e+06 6.779000000000000000e+03
1.550000000000000000e+06 6.289000000000000000e+03
1.560000000000000000e+06 5.826000000000000000e+03
1.570000000000000000e+06 5.693000000000000000e+03
1.580000000000000000e+06 5.210000000000000000e+03
1.590000000000000000e+06 4.910000000000000000e+03
1.600000000000000000e+06 4.858000000000000000e+03
1.610000000000000000e+06 4.531000000000000000e+03
1.620000000000000000e+06 4.356000000000000000e+03
1.630000000000000000e+06 4.119000000000000000e+03
1.640000000000000000e+06 4.188000000000000000e+03
1.650000000000000000e+06 3.922000000000000000e+03
1.660000000000000000e+06 3.651000000000000000e+03
1.670000000000000000e+06 3.754000000000000000e+03
1.680000000000000000e+06 3.694000000000000000e+03
1.690000000000000000e+06 3.514000000000000000e+03
1.700000000000000000e+06 3.622000000000000000e+03
1.710000000000000000e+06 3.653000000000000000e+03
1.720000000000000000e+06 3.710000000000000000e+03
1.730000000000000000e+06 3.744000000000000000e+03
1.740000000000000000e+06 3.996000000000000000e+03
1.750000000000000000e+06 3.959000000000000000e+03
1.760000000000000000e+06 4.019000000000000000e+03
1.770000000000000000e+06 4.550000000000000000e+03
1.780000000000000000e+06 4.548000000000000000e+03
1.790000000000000000e+06 4.824000000000000000e+03
1.800000000000000000e+06 5.206000000000000000e+03
1.810000000000000000e+06 5.373000000000000000e+03
1.820000000000000000e+06 5.746000000000000000e+03
1.830000000000000000e+06 5.945000000000000000e+03
1.840000000000000000e+06 6.419000000000000000e+03
1.850000000000000000e+06 6.819000000000000000e+03
1.860000000000000000e+06 7.181000000000000000e+03
1.870000000000000000e+06 7.520000000000000000e+03
1.880000000000000000e+06 7.794000000000000000e+03
1.890000000000000000e+06 8.085000000000000000e+03
1.900000000000000000e+06 8.675000000000000000e+03
1.910000000000000000e+06 8.945000000000000000e+03
1.920000000000000000e+06 9.301000000000000000e+03
1.930000000000000000e+06 9.415000000000000000e+03
1.940000000000000000e+06 9.867000000000000000e+03
1.950000000000000000e+06 1.012800000000000000e+04
1.960000000000000000e+06 1.040500000000000000e+04
1.970000000000000000e+06 1.067400000000000000e+04
1.980000000000000000e+06 1.117200000000000000e+04
1.990000000000000000e+06 1.115800000000000000e+04
