0.000000000000000000e+00 3.671000000000000000e+03
3.300000000000000000e+01 3.816000000000000000e+03
6.600000000000000000e+01 3.974000000000000000e+03
9.900000000000000000e+01 4.068000000000000000e+03
1.320000000000000000e+02 3.980000000000000000e+03
1.650000000000000000e+02 4.196000000000000000e+03
1.980000000000000000e+02 4.271000000000000000e+03
2.310000000000000000e+02 4.475000000000000000e+03
2.640000000000000000e+02 4.398000000000000000e+03
2.970000000000000000e+02 4.384000000000000000e+03
3.300000000000000000e+02 4.449000000000000000e+03
3.630000000000000000e+02 4.564000000000000000e+03
3.960000000000000000e+02 4.588000000000000000e+03
4.290000000000000000e+02 4.455000000000000000e+03
4.620000000000000000e+02 4.623000000000000000e+03
4.950000000000000000e+02 4.702000000000000000e+03
5.280000000000000000e+02 4.653000000000000000e+03
5.610000000000000000e+02 4.708000000000000000e+03
5.940000000000000000e+02 4.633000000000000000e+03
6.270000000000000000e+02 4.751000000000000000e+03
6.600000000000000000e+02 4.697000000000000000e+03
6.930000000000000000e+02 4.512000000000000000e+03
7.260000000000000000e+02 4.822000000000000000e+03
7.590000000000000000e+02 4.782000000000000000e+03
7.920000000000000000e+02 4.612000000000000000e+03
8.250000000000000000e+02 4.752000000000000000e+03
8.580000000000000000e+02 4.793000000000000000e+03
8.910000000000000000e+02 4.900000000000000000e+03
9.240000000000000000e+02 4.786000000000000000e+03
9.570000000000000000e+02 4.708000000000000000e+03
9.900000000000000000e+02 4.550000000000000000e+03
1.023000000000000000e+03 4.624000000000000000e+03
1.056000000000000000e+03 4.600000000000000000e+03
1.089000000000000000e+03 4.505000000000000000e+03
1.122000000000000000e+03 4.469000000000000000e+03
1.155000000000000000e+03 4.394000000000000000e+03
1.188000000000000000e+03 4.427000000000000000e+03
1.221000000000000000e+03 4.305000000000000000e+03
1.254000000000000000e+03 4.447000000000000000e+03
1.287000000000000000e+03 4.145000000000000000e+03
1.320000000000000000e+03 4.242000000000000000e+03
1.353000000000000000e+03 4.012000000000000000e+03
1.386000000000000000e+03 4.104000000000000000e+03
1.419000000000000000e+03 4.057000000000000000e+03
1.452000000000000000e+03 3.941000000000000000e+03
1.485000000000000000e+03 3.866000000000000000e+03
1.518000000000000000e+03 3.772000000000000000e+03
1.551000000000000000e+03 3.657000000000000000e+03
1.584000000000000000e+03 3.506000000000000000e+03
1.617000000000000000e+03 3.334000000000000000e+03
1.650000000000000000e+03 3.332000000000000000e+03
1.683000000000000000e+03 3.139000000000000000e+03
1.716000000000000000e+03 3.030000000000000000e+03
1.749000000000000000e+03 3.050000000000000000e+03
1.782000000000000000e+03 2.825000000000000000e+03
1.815000000000000000e+03 2.779000000000000000e+03
1.848000000000000000e+03 2.694000000000000000e+03
1.881000000000000000e+03 2.475000000000000000e+03
1.914000000000000000e+03 2.410000000000000000e+03
1.947000000000000000e+03 2.363000000000000000e+03
1.980000000000000000e+03 2.286000000000000000e+03
2.013000000000000000e+03 2.100000000000000000e+03
2.046000000000000000e+03 2.076000000000000000e+03
2.079000000000000000e+03 1.981000000000000000e+03
2.112000000000000000e+03 1.848000000000000000e+03
2.145000000000000000e+03 1.801000000000000000e+03
2.178000000000000000e+03 1.709000000000000000e+03
2.211000000000000000e+03 1.742000000000000000e+03
2.244000000000000000e+03 1.682000000000000000e+03
2.277000000000000000e+03 1.585000000000000000e+03
2.310000000000000000e+03 1.559000000000000000e+03
2.343000000000000000e+03 1.556000000000000000e+03
2.376000000000000000e+03 1.449000000000000000e+03
2.409000000000000000e+03 1.511000000000000000e+03
2.442000000000000000e+03 1.466000000000000000e+03
2.475000000000000000e+03 1.492000000000000000e+03
2.508000000000000000e+03 1.503000000000000000e+03
2.541000000000000000e+03 1.445000000000000000e+03
2.574000000000000000e+03 1.532000000000000000e+03
2.607000000000000000e+03 1.467000000000000000e+03
2.640000000000000000e+03 1.561000000000000000e+03
2.673000000000000000e+03 1.627000000000000000e+03
2.706000000000000000e+03 1.604000000000000000e+03
2.739000000000000000e+03 1.699000000000000000e+03
2.772000000000000000e+03 1.874000000000000000e+03
2.805000000000000000e+03 1.937000000000000000e+03
2.838000000000000000e+03 1.953000000000000000e+03
2.871000000000000000e+03 2.148000000000000000e+03
2.904000000000000000e+03 2.263000000000000000e+03
2.937000000000000000e+03 2.281000000000000000e+03
2.970000000000000000e+03 2.473000000000000000e+03
3.003000000000000000e+03 2.650000000000000000e+03
3.036000000000000000e+03 2.724000000000000000e+03
3.069000000000000000e+03 2.902000000000000000e+03
3.102000000000000000e+03 3.013000000000000000e+03
3.135000000000000000e+03 3.016000000000000000e+03
3.168000000000000000e+03 3.253000000000000000e+03
3.201000000000000000e+03 3.299000000000000000e+03
3.234000000000000000e+03 3.415000000000000000e+03
3.267000000000000000e+03 3.654000000000000000e+03
3.300000000000000000e+03 3.731000000000000000e+03
3.333000000000000000e+03 3.805000000000000000e+03
3.366000000000000000e+03 4.025000000000000000e+03
3.399000000000000000e+03 3.878000000000000000e+03
3.432000000000000000e+03 4.110000000000000000e+03
3.465000000000000000e+03 4.042000000000000000e+03
3.498000000000000000e+03 4.274000000000000000e+03
3.531000000000000000e+03 4.410000000000000000e+03
3.564000000000000000e+03 4.318000000000000000e+03
3.597000000000000000e+03 4.272000000000000000e+03
3.630000000000000000e+03 4.428000000000000000e+03
3.663000000000000000e+03 4.624000000000000000e+03
3.696000000000000000e+03 4.652000000000000000e+03
3.729000000000000000e+03 4.732000000000000000e+03
3.762000000000000000e+03 4.600000000000000000e+03
3.795000000000000000e+03 4.641000000000000000e+03
3.828000000000000000e+03 4.770000000000000000e+03
3.861000000000000000e+03 4.905000000000000000e+03
3.894000000000000000e+03 4.669000000000000000e+03
3.927000000000000000e+03 4.612000000000000000e+03
3.960000000000000000e+03 4.582000000000000000e+03
3.993000000000000000e+03 4.796000000000000000e+03
4.026000000000000000e+03 4.937000000000000000e+03
4.059000000000000000e+03 4.905000000000000000e+03
4.092000000000000000e+03 4.684000000000000000e+03
4.125000000000000000e+03 4.805000000000000000e+03
4.158000000000000000e+03 4.761000000000000000e+03
4.191000000000000000e+03 4.794000000000000000e+03
4.224000000000000000e+03 4.832000000000000000e+03
4.257000000000000000e+03 4.661000000000000000e+03
4.290000000000000000e+03 4.866000000000000000e+03
4.323000000000000000e+03 4.633000000000000000e+03
4.356000000000000000e+03 4.648000000000000000e+03
4.389000000000000000e+03 4.595000000000000000e+03
4.422000000000000000e+03 4.530000000000000000e+03
4.455000000000000000e+03 4.612000000000000000e+03
4.488000000000000000e+03 4.470000000000000000e+03
4.521000000000000000e+03 4.364000000000000000e+03
4.554000000000000000e+03 4.459000000000000000e+03
4.587000000000000000e+03 4.236000000000000000e+03
4.620000000000000000e+03 4.242000000000000000e+03
4.653000000000000000e+03 4.118000000000000000e+03
4.686000000000000000e+03 4.118000000000000000e+03
4.719000000000000000e+03 3.998000000000000000e+03
4.752000000000000000e+03 4.076000000000000000e+03
4.785000000000000000e+03 3.833000000000000000e+03
4.818000000000000000e+03 3.838000000000000000e+03
4.851000000000000000e+03 3.669000000000000000e+03
4.884000000000000000e+03 3.673000000000000000e+03
4.917000000000000000e+03 3.484000000000000000e+03
4.950000000000000000e+03 3.475000000000000000e+03
4.983000000000000000e+03 3.192000000000000000e+03
5.016000000000000000e+03 3.176000000000000000e+03
5.049000000000000000e+03 3.003000000000000000e+03
5.082000000000000000e+03 2.973000000000000000e+03
5.115000000000000000e+03 2.876000000000000000e+03
5.148000000000000000e+03 2.784000000000000000e+03
5.181000000000000000e+03 2.641000000000000000e+03
5.214000000000000000e+03 2.531000000000000000e+03
5.247000000000000000e+03 2.427000000000000000e+03
5.280000000000000000e+03 2.271000000000000000e+03
5.313000000000000000e+03 2.202000000000000000e+03
5.346000000000000000e+03 2.133000000000000000e+03
5.379000000000000000e+03 2.005000000000000000e+03
5.412000000000000000e+03 1.934000000000000000e+03
5.445000000000000000e+03 1.840000000000000000e+03
5.478000000000000000e+03 1.794000000000000000e+03
5.511000000000000000e+03 1.748000000000000000e+03
5.544000000000000000e+03 1.680000000000000000e+03
5.577000000000000000e+03 1.595000000000000000e+03
5.610000000000000000e+03 1.602000000000000000e+03
5.643000000000000000e+03 1.560000000000000000e+03
5.676000000000000000e+03 1.479000000000000000e+03
5.709000000000000000e+03 1.430000000000000000e+03
5.742000000000000000e+03 1.516000000000000000e+03
5.775000000000000000e+03 1.449000000000000000e+03
5.808000000000000000e+03 1.450000000000000000e+03
5.841000000000000000e+03 1.525000000000000000e+03
5.874000000000000000e+03 1.487000000000000000e+03
5.907000000000000000e+03 1.485000000000000000e+03
5.940000000000000000e+03 1.520000000000000000e+03
5.973000000000000000e+03 1.495000000000000000e+03
6.006000000000000000e+03 1.576000000000000000e+03
6.039000000000000000e+03 1.666000000000000000e+03
6.072000000000000000e+03 1.850000000000000000e+03
6.105000000000000000e+03 1.900000000000000000e+03
6.138000000000000000e+03 1.932000000000000000e+03
6.171000000000000000e+03 2.037000000000000000e+03
6.204000000000000000e+03 2.109000000000000000e+03
6.237000000000000000e+03 2.237000000000000000e+03
6.270000000000000000e+03 2.338000000000000000e+03
6.303000000000000000e+03 2.422000000000000000e+03
6.336000000000000000e+03 2.558000000000000000e+03
6.369000000000000000e+03 2.709000000000000000e+03
6.402000000000000000e+03 2.964000000000000000e+03
6.435000000000000000e+03 3.011000000000000000e+03
6.468000000000000000e+03 3.237000000000000000e+03
6.501000000000000000e+03 3.221000000000000000e+03
6.534000000000000000e+03 3.343000000000000000e+03
6.567000000000000000e+03 3.574000000000000000e+03
6.600000000000000000e+03 3.744000000000000000e+03
6.633000000000000000e+03 3.725000000000000000e+03
