0.000000000000000000e+00 4.671000000000000000e+03
1.000000000000000000e+03 4.835000000000000000e+03
2.000000000000000000e+03 5.079000000000000000e+03
3.000000000000000000e+03 5.214000000000000000e+03
4.000000000000000000e+03 5.182000000000000000e+03
5.000000000000000000e+03 5.215000000000000000e+03
6.000000000000000000e+03 5.247000000000000000e+03
7.000000000000000000e+03 5.431000000000000000e+03
8.000000000000000000e+03 5.345000000000000000e+03
9.000000000000000000e+03 5.460000000000000000e+03
1.000000000000000000e+04 5.609000000000000000e+03
1.100000000000000000e+04 5.509000000000000000e+03
1.200000000000000000e+04 5.569000000000000000e+03
1.300000000000000000e+04 5.561000000000000000e+03
1.400000000000000000e+04 5.597000000000000000e+03
1.500000000000000000e+04 5.596000000000000000e+03
1.600000000000000000e+04 5.608000000000000000e+03
1.700000000000000000e+04 5.623000000000000000e+03
1.800000000000000000e+04 5.584000000000000000e+03
1.900000000000000000e+04 5.542000000000000000e+03
2.000000000000000000e+04 5.724000000000000000e+03
2.100000000000000000e+04 5.600000000000000000e+03
2.200000000000000000e+04 5.694000000000000000e+03
2.300000000000000000e+04 5.586000000000000000e+03
2.400000000000000000e+04 5.615000000000000000e+03
2.500000000000000000e+04 5.593000000000000000e+03
2.600000000000000000e+04 5.540000000000000000e+03
2.700000000000000000e+04 5.525000000000000000e+03
2.800000000000000000e+04 5.401000000000000000e+03
2.900000000000000000e+04 5.319000000000000000e+03
3.000000000000000000e+04 5.449000000000000000e+03
3.100000000000000000e+04 5.402000000000000000e+03
3.200000000000000000e+04 5.349000000000000000e+03
3.300000000000000000e+04 5.314000000000000000e+03
3.400000000000000000e+04 5.020000000000000000e+03
3.500000000000000000e+04 5.083000000000000000e+03
3.600000000000000000e+04 4.899000000000000000e+03
3.700000000000000000e+04 4.825000000000000000e+03
3.800000000000000000e+04 4.783000000000000000e+03
3.900000000000000000e+04 4.689000000000000000e+03
4.000000000000000000e+04 4.635000000000000000e+03
4.100000000000000000e+04 4.663000000000000000e+03
4.200000000000000000e+04 4.425000000000000000e+03
4.300000000000000000e+04 4.267000000000000000e+03
4.400000000000000000e+04 4.001000000000000000e+03
4.500000000000000000e+04 4.018000000000000000e+03
4.600000000000000000e+04 3.970000000000000000e+03
4.700000000000000000e+04 3.775000000000000000e+03
4.800000000000000000e+04 3.599000000000000000e+03
4.900000000000000000e+04 3.454000000000000000e+03
5.000000000000000000e+04 3.331000000000000000e+03
5.100000000000000000e+04 3.130000000000000000e+03
5.200000000000000000e+04 2.943000000000000000e+03
5.300000000000000000e+04 2.946000000000000000e+03
5.400000000000000000e+04 2.660000000000000000e+03
5.500000000000000000e+04 2.547000000000000000e+03
5.600000000000000000e+04 2.329000000000000000e+03
5.700000000000000000e+04 2.303000000000000000e+03
5.800000000000000000e+04 2.072000000000000000e+03
5.900000000000000000e+04 1.957000000000000000e+03
6.000000000000000000e+04 1.933000000000000000e+03
6.100000000000000000e+04 1.850000000000000000e+03
6.200000000000000000e+04 1.697000000000000000e+03
6.300000000000000000e+04 1.746000000000000000e+03
6.400000000000000000e+04 1.569000000000000000e+03
6.500000000000000000e+04 1.461000000000000000e+03
6.600000000000000000e+04 1.448000000000000000e+03
6.700000000000000000e+04 1.368000000000000000e+03
6.800000000000000000e+04 1.481000000000000000e+03
6.900000000000000000e+04 1.351000000000000000e+03
7.000000000000000000e+04 1.370000000000000000e+03
7.100000000000000000e+04 1.444000000000000000e+03
7.200000000000000000e+04 1.397000000000000000e+03
7.300000000000000000e+04 1.458000000000000000e+03
7.400000000000000000e+04 1.497000000000000000e+03
7.500000000000000000e+04 1.552000000000000000e+03
7.600000000000000000e+04 1.600000000000000000e+03
7.700000000000000000e+04 1.760000000000000000e+03
7.800000000000000000e+04 1.869000000000000000e+03
7.900000000000000000e+04 1.961000000000000000e+03
8.000000000000000000e+04 2.032000000000000000e+03
8.100000000000000000e+04 2.142000000000000000e+03
8.200000000000000000e+04 2.297000000000000000e+03
8.300000000000000000e+04 2.360000000000000000e+03
8.400000000000000000e+04 2.659000000000000000e+03
8.500000000000000000e+04 2.769000000000000000e+03
8.600000000000000000e+04 2.872000000000000000e+03
8.700000000000000000e+04 2.916000000000000000e+03
8.800000000000000000e+04 3.263000000000000000e+03
8.900000000000000000e+04 3.282000000000000000e+03
9.000000000000000000e+04 3.529000000000000000e+03
9.100000000000000000e+04 3.676000000000000000e+03
9.200000000000000000e+04 3.736000000000000000e+03
9.300000000000000000e+04 3.965000000000000000e+03
9.400000000000000000e+04 4.088000000000000000e+03
9.500000000000000000e+04 4.225000000000000000e+03
9.600000000000000000e+04 4.204000000000000000e+03
9.700000000000000000e+04 4.444000000000000000e+03
9.800000000000000000e+04 4.602000000000000000e+03
9.900000000000000000e+04 4.718000000000000000e+03
1.000000000000000000e+05 4.791000000000000000e+03
1.010000000000000000e+05 4.948000000000000000e+03
1.020000000000000000e+05 5.018000000000000000e+03
1.030000000000000000e+05 4.984000000000000000e+03
1.040000000000000000e+05 5.024000000000000000e+03
1.050000000000000000e+05 5.154000000000000000e+03
1.060000000000000000e+05 5.391000000000000000e+03
1.070000000000000000e+05 5.311000000000000000e+03
1.080000000000000000e+05 5.330000000000000000e+03
1.090000000000000000e+05 5.395000000000000000e+03
1.100000000000000000e+05 5.428000000000000000e+03
1.110000000000000000e+05 5.544000000000000000e+03
1.120000000000000000e+05 5.467000000000000000e+03
1.130000000000000000e+05 5.578000000000000000e+03
1.140000000000000000e+05 5.465000000000000000e+03
1.150000000000000000e+05 5.737000000000000000e+03
1.160000000000000000e+05 5.579000000000000000e+03
1.170000000000000000e+05 5.649000000000000000e+03
1.180000000000000000e+05 5.528000000000000000e+03
1.190000000000000000e+05 5.636000000000000000e+03
1.200000000000000000e+05 5.642000000000000000e+03
1.210000000000000000e+05 5.683000000000000000e+03
1.220000000000000000e+05 5.648000000000000000e+03
1.230000000000000000e+05 5.645000000000000000e+03
1.240000000000000000e+05 5.504000000000000000e+03
1.250000000000000000e+05 5.641000000000000000e+03
1.260000000000000000e+05 5.515000000000000000e+03
1.270000000000000000e+05 5.528000000000000000e+03
1.280000000000000000e+05 5.402000000000000000e+03
1.290000000000000000e+05 5.358000000000000000e+03
1.300000000000000000e+05 5.285000000000000000e+03
1.310000000000000000e+05 5.482000000000000000e+03
1.320000000000000000e+05 5.250000000000000000e+03
1.330000000000000000e+05 5.237000000000000000e+03
1.340000000000000000e+05 5.243000000000000000e+03
1.350000000000000000e+05 5.043000000000000000e+03
1.360000000000000000e+05 5.081000000000000000e+03
1.370000000000000000e+05 4.930000000000000000e+03
1.380000000000000000e+05 4.813000000000000000e+03
1.390000000000000000e+05 4.711000000000000000e+03
1.400000000000000000e+05 4.604000000000000000e+03
1.410000000000000000e+05 4.342000000000000000e+03
1.420000000000000000e+05 4.400000000000000000e+03
1.430000000000000000e+05 4.298000000000000000e+03
1.440000000000000000e+05 4.175000000000000000e+03
1.450000000000000000e+05 4.101000000000000000e+03
1.460000000000000000e+05 3.724000000000000000e+03
1.470000000000000000e+05 3.719000000000000000e+03
1.480000000000000000e+05 3.707000000000000000e+03
1.490000000000000000e+05 3.458000000000000000e+03
1.500000000000000000e+05 3.356000000000000000e+03
1.510000000000000000e+05 3.188000000000000000e+03
1.520000000000000000e+05 3.029000000000000000e+03
1.530000000000000000e+05 2.822000000000000000e+03
1.540000000000000000e+05 2.570000000000000000e+03
1.550000000000000000e+05 2.597000000000000000e+03
1.560000000000000000e+05 2.391000000000000000e+03
1.570000000000000000e+05 2.318000000000000000e+03
1.580000000000000000e+05 2.069000000000000000e+03
1.590000000000000000e+05 1.961000000000000000e+03
1.600000000000000000e+05 1.811000000000000000e+03
1.610000000000000000e+05 1.756000000000000000e+03
1.620000000000000000e+05 1.684000000000000000e+03
1.630000000000000000e+05 1.665000000000000000e+03
1.640000000000000000e+05 1.599000000000000000e+03
1.650000000000000000e+05 1.490000000000000000e+03
1.660000000000000000e+05 1.457000000000000000e+03
1.670000000000000000e+05 1.356000000000000000e+03
1.680000000000000000e+05 1.362000000000000000e+03
1.690000000000000000e+05 1.303000000000000000e+03
1.700000000000000000e+05 1.338000000000000000e+03
1.710000000000000000e+05 1.412000000000000000e+03
1.720000000000000000e+05 1.399000000000000000e+03
1.730000000000000000e+05 1.436000000000000000e+03
1.740000000000000000e+05 1.514000000000000000e+03
1.750000000000000000e+05 1.600000000000000000e+03
1.760000000000000000e+05 1.677000000000000000e+03
1.770000000000000000e+05 1.688000000000000000e+03
1.780000000000000000e+05 1.902000000000000000e+03
1.790000000000000000e+05 1.934000000000000000e+03
1.800000000000000000e+05 1.988000000000000000e+03
1.810000000000000000e+05 2.251000000000000000e+03
1.820000000000000000e+05 2.276000000000000000e+03
1.830000000000000000e+05 2.466000000000000000e+03
1.840000000000000000e+05 2.631000000000000000e+03
1.850000000000000000e+05 2.813000000000000000e+03
1.860000000000000000e+05 2.931000000000000000e+03
1.870000000000000000e+05 3.064000000000000000e+03
1.880000000000000000e+05 3.215000000000000000e+03
1.890000000000000000e+05 3.385000000000000000e+03
1.900000000000000000e+05 3.557000000000000000e+03
1.910000000000000000e+05 3.703000000000000000e+03
1.920000000000000000e+05 3.778000000000000000e+03
1.930000000000000000e+05 4.105000000000000000e+03
1.940000000000000000e+05 4.045000000000000000e+03
1.950000000000000000e+05 4.143000000000000000e+03
1.960000000000000000e+05 4.342000000000000000e+03
1.970000000000000000e+05 4.383000000000000000e+03
1.980000000000000000e+05 4.646000000000000000e+03
1.990000000000000000e+05 4.552000000000000000e+03
