0.000000000000000000e+00 5.502000000000000000e+03
2.000000000000000000e+01 5.742000000000000000e+03
4.000000000000000000e+01 5.971000000000000000e+03
6.000000000000000000e+01 6.006000000000000000e+03
8.000000000000000000e+01 6.117000000000000000e+03
1.000000000000000000e+02 6.341000000000000000e+03
1.200000000000000000e+02 6.352000000000000000e+03
1.400000000000000000e+02 6.476000000000000000e+03
1.600000000000000000e+02 6.599000000000000000e+03
1.800000000000000000e+02 6.611000000000000000e+03
2.000000000000000000e+02 6.703000000000000000e+03
2.200000000000000000e+02 6.786000000000000000e+03
2.400000000000000000e+02 6.839000000000000000e+03
2.600000000000000000e+02 6.683000000000000000e+03
2.800000000000000000e+02 6.911000000000000000e+03
3.000000000000000000e+02 6.945000000000000000e+03
3.200000000000000000e+02 6.861000000000000000e+03
3.400000000000000000e+02 6.799000000000000000e+03
3.600000000000000000e+02 6.905000000000000000e+03
3.800000000000000000e+02 7.026000000000000000e+03
4.000000000000000000e+02 7.108000000000000000e+03
4.200000000000000000e+02 7.118000000000000000e+03
4.400000000000000000e+02 7.201000000000000000e+03
4.600000000000000000e+02 7.119000000000000000e+03
4.800000000000000000e+02 7.019000000000000000e+03
5.000000000000000000e+02 6.982000000000000000e+03
5.200000000000000000e+02 6.860000000000000000e+03
5.400000000000000000e+02 6.979000000000000000e+03
5.600000000000000000e+02 6.932000000000000000e+03
5.800000000000000000e+02 6.947000000000000000e+03
6.000000000000000000e+02 7.049000000000000000e+03
6.200000000000000000e+02 6.704000000000000000e+03
6.400000000000000000e+02 6.741000000000000000e+03
6.600000000000000000e+02 6.660000000000000000e+03
6.800000000000000000e+02 6.601000000000000000e+03
7.000000000000000000e+02 6.515000000000000000e+03
7.200000000000000000e+02 6.624000000000000000e+03
7.400000000000000000e+02 6.537000000000000000e+03
7.600000000000000000e+02 6.412000000000000000e+03
7.800000000000000000e+02 6.233000000000000000e+03
8.000000000000000000e+02 6.281000000000000000e+03
8.200000000000000000e+02 6.038000000000000000e+03
8.400000000000000000e+02 6.088000000000000000e+03
8.600000000000000000e+02 5.805000000000000000e+03
8.800000000000000000e+02 5.756000000000000000e+03
9.000000000000000000e+02 5.606000000000000000e+03
9.200000000000000000e+02 5.444000000000000000e+03
9.400000000000000000e+02 5.418000000000000000e+03
9.600000000000000000e+02 5.259000000000000000e+03
9.800000000000000000e+02 5.082000000000000000e+03
1.000000000000000000e+03 5.006000000000000000e+03
1.020000000000000000e+03 4.740000000000000000e+03
1.040000000000000000e+03 4.671000000000000000e+03
1.060000000000000000e+03 4.455000000000000000e+03
1.080000000000000000e+03 4.274000000000000000e+03
1.100000000000000000e+03 4.182000000000000000e+03
1.120000000000000000e+03 3.931000000000000000e+03
1.140000000000000000e+03 3.911000000000000000e+03
1.160000000000000000e+03 3.670000000000000000e+03
1.180000000000000000e+03 3.453000000000000000e+03
1.200000000000000000e+03 3.524000000000000000e+03
1.220000000000000000e+03 3.227000000000000000e+03
1.240000000000000000e+03 3.177000000000000000e+03
1.260000000000000000e+03 3.051000000000000000e+03
1.280000000000000000e+03 2.848000000000000000e+03
1.300000000000000000e+03 2.766000000000000000e+03
1.320000000000000000e+03 2.704000000000000000e+03
1.340000000000000000e+03 2.605000000000000000e+03
1.360000000000000000e+03 2.543000000000000000e+03
1.380000000000000000e+03 2.517000000000000000e+03
1.400000000000000000e+03 2.253000000000000000e+03
1.420000000000000000e+03 2.352000000000000000e+03
1.440000000000000000e+03 2.197000000000000000e+03
1.460000000000000000e+03 2.250000000000000000e+03
1.480000000000000000e+03 2.282000000000000000e+03
1.500000000000000000e+03 2.350000000000000000e+03
1.520000000000000000e+03 2.300000000000000000e+03
1.540000000000000000e+03 2.292000000000000000e+03
1.560000000000000000e+03 2.319000000000000000e+03
1.580000000000000000e+03 2.335000000000000000e+03
1.600000000000000000e+03 2.477000000000000000e+03
1.620000000000000000e+03 2.497000000000000000e+03
1.640000000000000000e+03 2.621000000000000000e+03
1.660000000000000000e+03 2.664000000000000000e+03
1.680000000000000000e+03 2.770000000000000000e+03
1.700000000000000000e+03 2.991000000000000000e+03
1.720000000000000000e+03 3.143000000000000000e+03
1.740000000000000000e+03 3.194000000000000000e+03
1.760000000000000000e+03 3.446000000000000000e+03
1.780000000000000000e+03 3.634000000000000000e+03
1.800000000000000000e+03 3.808000000000000000e+03
1.820000000000000000e+03 3.921000000000000000e+03
1.840000000000000000e+03 4.316000000000000000e+03
1.860000000000000000e+03 4.440000000000000000e+03
1.880000000000000000e+03 4.601000000000000000e+03
1.900000000000000000e+03 4.811000000000000000e+03
1.920000000000000000e+03 5.031000000000000000e+03
1.940000000000000000e+03 5.130000000000000000e+03
1.960000000000000000e+03 5.355000000000000000e+03
1.980000000000000000e+03 5.389000000000000000e+03
2.000000000000000000e+03 5.576000000000000000e+03
2.020000000000000000e+03 5.775000000000000000e+03
2.040000000000000000e+03 5.960000000000000000e+03
2.060000000000000000e+03 5.966000000000000000e+03
2.080000000000000000e+03 6.091000000000000000e+03
2.100000000000000000e+03 6.322000000000000000e+03
2.120000000000000000e+03 6.336000000000000000e+03
2.140000000000000000e+03 6.594000000000000000e+03
2.160000000000000000e+03 6.441000000000000000e+03
2.180000000000000000e+03 6.629000000000000000e+03
2.200000000000000000e+03 6.631000000000000000e+03
2.220000000000000000e+03 6.693000000000000000e+03
2.240000000000000000e+03 6.860000000000000000e+03
2.260000000000000000e+03 6.816000000000000000e+03
2.280000000000000000e+03 6.779000000000000000e+03
2.300000000000000000e+03 6.666000000000000000e+03
2.320000000000000000e+03 6.929000000000000000e+03
2.340000000000000000e+03 6.906000000000000000e+03
2.360000000000000000e+03 7.024000000000000000e+03
2.380000000000000000e+03 6.924000000000000000e+03
2.400000000000000000e+03 6.952000000000000000e+03
2.420000000000000000e+03 7.044000000000000000e+03
2.440000000000000000e+03 7.028000000000000000e+03
2.460000000000000000e+03 7.122000000000000000e+03
2.480000000000000000e+03 6.875000000000000000e+03
2.500000000000000000e+03 7.033000000000000000e+03
2.520000000000000000e+03 6.916000000000000000e+03
2.540000000000000000e+03 6.960000000000000000e+03
2.560000000000000000e+03 7.064000000000000000e+03
2.580000000000000000e+03 6.886000000000000000e+03
2.600000000000000000e+03 6.825000000000000000e+03
2.620000000000000000e+03 6.935000000000000000e+03
2.640000000000000000e+03 6.681000000000000000e+03
2.660000000000000000e+03 6.857000000000000000e+03
2.680000000000000000e+03 6.616000000000000000e+03
2.700000000000000000e+03 6.522000000000000000e+03
2.720000000000000000e+03 6.481000000000000000e+03
2.740000000000000000e+03 6.493000000000000000e+03
2.760000000000000000e+03 6.374000000000000000e+03
2.780000000000000000e+03 6.342000000000000000e+03
2.800000000000000000e+03 6.144000000000000000e+03
2.820000000000000000e+03 6.182000000000000000e+03
2.840000000000000000e+03 5.943000000000000000e+03
2.860000000000000000e+03 5.828000000000000000e+03
2.880000000000000000e+03 5.721000000000000000e+03
2.900000000000000000e+03 5.663000000000000000e+03
2.920000000000000000e+03 5.602000000000000000e+03
2.940000000000000000e+03 5.338000000000000000e+03
2.960000000000000000e+03 5.138000000000000000e+03
2.980000000000000000e+03 5.010000000000000000e+03
3.000000000000000000e+03 4.975000000000000000e+03
3.020000000000000000e+03 4.813000000000000000e+03
3.040000000000000000e+03 4.658000000000000000e+03
3.060000000000000000e+03 4.542000000000000000e+03
3.080000000000000000e+03 4.235000000000000000e+03
3.100000000000000000e+03 4.254000000000000000e+03
3.120000000000000000e+03 3.966000000000000000e+03
3.140000000000000000e+03 3.821000000000000000e+03
3.160000000000000000e+03 3.706000000000000000e+03
3.180000000000000000e+03 3.573000000000000000e+03
3.200000000000000000e+03 3.458000000000000000e+03
3.220000000000000000e+03 3.246000000000000000e+03
3.240000000000000000e+03 3.116000000000000000e+03
3.260000000000000000e+03 3.032000000000000000e+03
3.280000000000000000e+03 2.861000000000000000e+03
3.300000000000000000e+03 2.797000000000000000e+03
3.320000000000000000e+03 2.672000000000000000e+03
3.340000000000000000e+03 2.525000000000000000e+03
3.360000000000000000e+03 2.478000000000000000e+03
3.380000000000000000e+03 2.501000000000000000e+03
3.400000000000000000e+03 2.349000000000000000e+03
3.420000000000000000e+03 2.362000000000000000e+03
3.440000000000000000e+03 2.339000000000000000e+03
3.460000000000000000e+03 2.223000000000000000e+03
3.480000000000000000e+03 2.209000000000000000e+03
3.500000000000000000e+03 2.329000000000000000e+03
3.520000000000000000e+03 2.327000000000000000e+03
3.540000000000000000e+03 2.217000000000000000e+03
3.560000000000000000e+03 2.267000000000000000e+03
3.580000000000000000e+03 2.363000000000000000e+03
3.600000000000000000e+03 2.396000000000000000e+03
3.620000000000000000e+03 2.466000000000000000e+03
3.640000000000000000e+03 2.576000000000000000e+03
3.660000000000000000e+03 2.839000000000000000e+03
3.680000000000000000e+03 2.992000000000000000e+03
3.700000000000000000e+03 3.029000000000000000e+03
3.720000000000000000e+03 3.162000000000000000e+03
3.740000000000000000e+03 3.296000000000000000e+03
3.760000000000000000e+03 3.462000000000000000e+03
3.780000000000000000e+03 3.599000000000000000e+03
3.800000000000000000e+03 3.831000000000000000e+03
3.820000000000000000e+03 4.016000000000000000e+03
3.840000000000000000e+03 4.216000000000000000e+03
3.860000000000000000e+03 4.517000000000000000e+03
3.880000000000000000e+03 4.667000000000000000e+03
3.900000000000000000e+03 4.731000000000000000e+03
3.920000000000000000e+03 5.070000000000000000e+03
3.940000000000000000e+03 5.280000000000000000e+03
3.960000000000000000e+03 5.263000000000000000e+03
3.980000000000000000e+03 5.401000000000000000e+03
