0.000000000000000000e+00 7.988000000000000000e+03
5.000000000000000000e+03 8.023000000000000000e+03
1.000000000000000000e+04 8.055000000000000000e+03
1.500000000000000000e+04 8.272000000000000000e+03
2.000000000000000000e+04 8.271000000000000000e+03
2.500000000000000000e+04 8.504000000000000000e+03
3.000000000000000000e+04 8.420000000000000000e+03
3.500000000000000000e+04 8.526000000000000000e+03
4.000000000000000000e+04 8.807000000000000000e+03
4.500000000000000000e+04 8.747000000000000000e+03
5.000000000000000000e+04 9.039000000000000000e+03
5.500000000000000000e+04 8.847000000000000000e+03
6.000000000000000000e+04 8.903000000000000000e+03
6.500000000000000000e+04 8.877000000000000000e+03
7.000000000000000000e+04 9.142000000000000000e+03
7.500000000000000000e+04 9.076000000000000000e+03
8.000000000000000000e+04 9.050000000000000000e+03
8.500000000000000000e+04 9.014000000000000000e+03
9.000000000000000000e+04 8.937000000000000000e+03
9.500000000000000000e+04 9.193000000000000000e+03
1.000000000000000000e+05 8.941000000000000000e+03
1.050000000000000000e+05 9.061000000000000000e+03
1.100000000000000000e+05 9.042000000000000000e+03
1.150000000000000000e+05 8.972000000000000000e+03
1.200000000000000000e+05 8.920000000000000000e+03
1.250000000000000000e+05 8.929000000000000000e+03
1.300000000000000000e+05 8.946000000000000000e+03
1.350000000000000000e+05 8.997000000000000000e+03
1.400000000000000000e+05 8.842000000000000000e+03
1.450000000000000000e+05 8.585000000000000000e+03
1.500000000000000000e+05 8.635000000000000000e+03
1.550000000000000000e+05 8.538000000000000000e+03
1.600000000000000000e+05 8.544000000000000000e+03
1.650000000000000000e+05 8.543000000000000000e+03
1.700000000000000000e+05 8.474000000000000000e+03
1.750000000000000000e+05 8.224000000000000000e+03
1.800000000000000000e+05 8.144000000000000000e+03
1.850000000000000000e+05 7.927000000000000000e+03
1.900000000000000000e+05 7.686000000000000000e+03
1.950000000000000000e+05 7.787000000000000000e+03
2.000000000000000000e+05 7.576000000000000000e+03
2.050000000000000000e+05 7.543000000000000000e+03
2.100000000000000000e+05 7.212000000000000000e+03
2.150000000000000000e+05 6.931000000000000000e+03
2.200000000000000000e+05 6.913000000000000000e+03
2.250000000000000000e+05 6.681000000000000000e+03
2.300000000000000000e+05 6.528000000000000000e+03
2.350000000000000000e+05 6.155000000000000000e+03
2.400000000000000000e+05 5.957000000000000000e+03
2.450000000000000000e+05 5.692000000000000000e+03
2.500000000000000000e+05 5.545000000000000000e+03
2.550000000000000000e+05 5.233000000000000000e+03
2.600000000000000000e+05 4.927000000000000000e+03
2.650000000000000000e+05 4.823000000000000000e+03
2.700000000000000000e+05 4.542000000000000000e+03
2.750000000000000000e+05 4.327000000000000000e+03
2.800000000000000000e+05 4.105000000000000000e+03
2.850000000000000000e+05 3.926000000000000000e+03
2.900000000000000000e+05 3.671000000000000000e+03
2.950000000000000000e+05 3.483000000000000000e+03
3.000000000000000000e+05 3.234000000000000000e+03
3.050000000000000000e+05 3.072000000000000000e+03
3.100000000000000000e+05 2.991000000000000000e+03
3.150000000000000000e+05 2.914000000000000000e+03
3.200000000000000000e+05 2.769000000000000000e+03
3.250000000000000000e+05 2.766000000000000000e+03
3.300000000000000000e+05 2.546000000000000000e+03
3.350000000000000000e+05 2.448000000000000000e+03
3.400000000000000000e+05 2.408000000000000000e+03
3.450000000000000000e+05 2.532000000000000000e+03
3.500000000000000000e+05 2.459000000000000000e+03
3.550000000000000000e+05 2.479000000000000000e+03
3.600000000000000000e+05 2.605000000000000000e+03
3.650000000000000000e+05 2.624000000000000000e+03
3.700000000000000000e+05 2.714000000000000000e+03
3.750000000000000000e+05 2.766000000000000000e+03
3.800000000000000000e+05 2.967000000000000000e+03
3.850000000000000000e+05 3.109000000000000000e+03
3.900000000000000000e+05 3.225000000000000000e+03
3.950000000000000000e+05 3.459000000000000000e+03
4.000000000000000000e+05 3.549000000000000000e+03
4.050000000000000000e+05 3.914000000000000000e+03
4.100000000000000000e+05 4.134000000000000000e+03
4.150000000000000000e+05 4.275000000000000000e+03
4.200000000000000000e+05 4.383000000000000000e+03
4.250000000000000000e+05 4.788000000000000000e+03
4.300000000000000000e+05 4.995000000000000000e+03
4.350000000000000000e+05 5.205000000000000000e+03
4.400000000000000000e+05 5.379000000000000000e+03
4.450000000000000000e+05 5.811000000000000000e+03
4.500000000000000000e+05 6.004000000000000000e+03
4.550000000000000000e+05 6.171000000000000000e+03
4.600000000000000000e+05 6.423000000000000000e+03
4.650000000000000000e+05 6.650000000000000000e+03
4.700000000000000000e+05 6.884000000000000000e+03
4.750000000000000000e+05 7.087000000000000000e+03
4.800000000000000000e+05 7.213000000000000000e+03
4.850000000000000000e+05 7.371000000000000000e+03
4.900000000000000000e+05 7.673000000000000000e+03
4.950000000000000000e+05 7.555000000000000000e+03
5.000000000000000000e+05 7.892000000000000000e+03
5.050000000000000000e+05 8.111000000000000000e+03
5.100000000000000000e+05 7.993000000000000000e+03
5.150000000000000000e+05 8.189000000000000000e+03
5.200000000000000000e+05 8.346000000000000000e+03
5.250000000000000000e+05 8.502000000000000000e+03
5.300000000000000000e+05 8.488000000000000000e+03
5.350000000000000000e+05 8.466000000000000000e+03
5.400000000000000000e+05 8.760000000000000000e+03
5.450000000000000000e+05 8.827000000000000000e+03
5.500000000000000000e+05 8.689000000000000000e+03
5.550000000000000000e+05 8.987000000000000000e+03
5.600000000000000000e+05 8.780000000000000000e+03
5.650000000000000000e+05 8.836000000000000000e+03
5.700000000000000000e+05 9.047000000000000000e+03
5.750000000000000000e+05 9.111000000000000000e+03
5.800000000000000000e+05 8.916000000000000000e+03
5.850000000000000000e+05 9.073000000000000000e+03
5.900000000000000000e+05 8.830000000000000000e+03
5.950000000000000000e+05 9.166000000000000000e+03
6.000000000000000000e+05 9.201000000000000000e+03
6.050000000000000000e+05 8.971000000000000000e+03
6.100000000000000000e+05 9.153000000000000000e+03
6.150000000000000000e+05 9.131000000000000000e+03
6.200000000000000000e+05 9.080000000000000000e+03
6.250000000000000000e+05 9.016000000000000000e+03
6.300000000000000000e+05 8.997000000000000000e+03
6.350000000000000000e+05 8.801000000000000000e+03
6.400000000000000000e+05 8.856000000000000000e+03
6.450000000000000000e+05 8.758000000000000000e+03
6.500000000000000000e+05 8.708000000000000000e+03
6.550000000000000000e+05 8.732000000000000000e+03
6.600000000000000000e+05 8.607000000000000000e+03
6.650000000000000000e+05 8.417000000000000000e+03
6.700000000000000000e+05 8.365000000000000000e+03
6.750000000000000000e+05 8.312000000000000000e+03
6.800000000000000000e+05 8.368000000000000000e+03
6.850000000000000000e+05 7.920000000000000000e+03
6.900000000000000000e+05 7.990000000000000000e+03
6.950000000000000000e+05 7.912000000000000000e+03
7.000000000000000000e+05 7.574000000000000000e+03
7.050000000000000000e+05 7.448000000000000000e+03
7.100000000000000000e+05 7.232000000000000000e+03
7.150000000000000000e+05 7.021000000000000000e+03
7.200000000000000000e+05 6.921000000000000000e+03
7.250000000000000000e+05 6.783000000000000000e+03
7.300000000000000000e+05 6.516000000000000000e+03
7.350000000000000000e+05 6.295000000000000000e+03
7.400000000000000000e+05 5.996000000000000000e+03
7.450000000000000000e+05 5.785000000000000000e+03
7.500000000000000000e+05 5.452000000000000000e+03
7.550000000000000000e+05 5.393000000000000000e+03
7.600000000000000000e+05 4.960000000000000000e+03
7.650000000000000000e+05 4.867000000000000000e+03
7.700000000000000000e+05 4.541000000000000000e+03
7.750000000000000000e+05 4.465000000000000000e+03
7.800000000000000000e+05 4.153000000000000000e+03
7.850000000000000000e+05 3.900000000000000000e+03
7.900000000000000000e+05 3.704000000000000000e+03
7.950000000000000000e+05 3.455000000000000000e+03
8.000000000000000000e+05 3.379000000000000000e+03
8.050000000000000000e+05 3.134000000000000000e+03
8.100000000000000000e+05 2.982000000000000000e+03
8.150000000000000000e+05 2.893000000000000000e+03
8.200000000000000000e+05 2.756000000000000000e+03
8.250000000000000000e+05 2.755000000000000000e+03
8.300000000000000000e+05 2.676000000000000000e+03
8.350000000000000000e+05 2.580000000000000000e+03
8.400000000000000000e+05 2.530000000000000000e+03
8.450000000000000000e+05 2.455000000000000000e+03
8.500000000000000000e+05 2.474000000000000000e+03
8.550000000000000000e+05 2.573000000000000000e+03
8.600000000000000000e+05 2.539000000000000000e+03
8.650000000000000000e+05 2.697000000000000000e+03
8.700000000000000000e+05 2.659000000000000000e+03
8.750000000000000000e+05 2.889000000000000000e+03
8.800000000000000000e+05 2.962000000000000000e+03
8.850000000000000000e+05 3.107000000000000000e+03
8.900000000000000000e+05 3.300000000000000000e+03
8.950000000000000000e+05 3.409000000000000000e+03
9.000000000000000000e+05 3.647000000000000000e+03
9.050000000000000000e+05 3.765000000000000000e+03
9.100000000000000000e+05 4.065000000000000000e+03
9.150000000000000000e+05 4.236000000000000000e+03
9.200000000000000000e+05 4.513000000000000000e+03
9.250000000000000000e+05 4.736000000000000000e+03
9.300000000000000000e+05 4.793000000000000000e+03
9.350000000000000000e+05 5.146000000000000000e+03
9.400000000000000000e+05 5.318000000000000000e+03
9.450000000000000000e+05 5.680000000000000000e+03
9.500000000000000000e+05 6.013000000000000000e+03
9.550000000000000000e+05 6.200000000000000000e+03
9.600000000000000000e+05 6.493000000000000000e+03
9.650000000000000000e+05 6.668000000000000000e+03
9.700000000000000000e+05 6.941000000000000000e+03
9.750000000000000000e+05 6.973000000000000000e+03
9.800000000000000000e+05 6.948000000000000000e+03
9.850000000000000000e+05 7.321000000000000000e+03
9.900000000000000000e+05 7.486000000000000000e+03
9.950000000000000000e+05 7.781000000000000000e+03
