0.000000000000000000e+00 8.565000000000000000e+03
5.000000000000000000e+03 8.741000000000000000e+03
1.000000000000000000e+04 8.916000000000000000e+03
1.500000000000000000e+04 9.235000000000000000e+03
2.000000000000000000e+04 9.181000000000000000e+03
2.500000000000000000e+04 9.215000000000000000e+03
3.000000000000000000e+04 9.294000000000000000e+03
3.500000000000000000e+04 9.394000000000000000e+03
4.000000000000000000e+04 9.489000000000000000e+03
4.500000000000000000e+04 9.549000000000000000e+03
5.000000000000000000e+04 9.567000000000000000e+03
5.500000000000000000e+04 9.629000000000000000e+03
6.000000000000000000e+04 9.661000000000000000e+03
6.500000000000000000e+04 9.820000000000000000e+03
7.000000000000000000e+04 1.002700000000000000e+04
7.500000000000000000e+04 9.882000000000000000e+03
8.000000000000000000e+04 1.005000000000000000e+04
8.500000000000000000e+04 9.994000000000000000e+03
9.000000000000000000e+04 9.899000000000000000e+03
9.500000000000000000e+04 9.940000000000000000e+03
1.000000000000000000e+05 9.936000000000000000e+03
1.050000000000000000e+05 9.942000000000000000e+03
1.100000000000000000e+05 9.788000000000000000e+03
1.150000000000000000e+05 9.875000000000000000e+03
1.200000000000000000e+05 9.770000000000000000e+03
1.250000000000000000e+05 9.916000000000000000e+03
1.300000000000000000e+05 9.809000000000000000e+03
1.350000000000000000e+05 9.674000000000000000e+03
1.400000000000000000e+05 9.732000000000000000e+03
1.450000000000000000e+05 9.576000000000000000e+03
1.500000000000000000e+05 9.355000000000000000e+03
1.550000000000000000e+05 9.360000000000000000e+03
1.600000000000000000e+05 9.414000000000000000e+03
1.650000000000000000e+05 9.058000000000000000e+03
1.700000000000000000e+05 9.014000000000000000e+03
1.750000000000000000e+05 8.966000000000000000e+03
1.800000000000000000e+05 9.003000000000000000e+03
1.850000000000000000e+05 8.802000000000000000e+03
1.900000000000000000e+05 8.702000000000000000e+03
1.950000000000000000e+05 8.507000000000000000e+03
2.000000000000000000e+05 8.384000000000000000e+03
2.050000000000000000e+05 8.085000000000000000e+03
2.100000000000000000e+05 7.967000000000000000e+03
2.150000000000000000e+05 7.603000000000000000e+03
2.200000000000000000e+05 7.516000000000000000e+03
2.250000000000000000e+05 7.360000000000000000e+03
2.300000000000000000e+05 6.998000000000000000e+03
2.350000000000000000e+05 6.727000000000000000e+03
2.400000000000000000e+05 6.471000000000000000e+03
2.450000000000000000e+05 6.285000000000000000e+03
2.500000000000000000e+05 5.914000000000000000e+03
2.550000000000000000e+05 5.544000000000000000e+03
2.600000000000000000e+05 5.454000000000000000e+03
2.650000000000000000e+05 5.142000000000000000e+03
2.700000000000000000e+05 5.055000000000000000e+03
2.750000000000000000e+05 4.558000000000000000e+03
2.800000000000000000e+05 4.498000000000000000e+03
2.850000000000000000e+05 4.095000000000000000e+03
2.900000000000000000e+05 3.931000000000000000e+03
2.950000000000000000e+05 3.769000000000000000e+03
3.000000000000000000e+05 3.562000000000000000e+03
3.050000000000000000e+05 3.344000000000000000e+03
3.100000000000000000e+05 3.307000000000000000e+03
3.150000000000000000e+05 2.972000000000000000e+03
3.200000000000000000e+05 2.954000000000000000e+03
3.250000000000000000e+05 2.840000000000000000e+03
3.300000000000000000e+05 2.812000000000000000e+03
3.350000000000000000e+05 2.607000000000000000e+03
3.400000000000000000e+05 2.617000000000000000e+03
3.450000000000000000e+05 2.553000000000000000e+03
3.500000000000000000e+05 2.553000000000000000e+03
3.550000000000000000e+05 2.574000000000000000e+03
3.600000000000000000e+05 2.637000000000000000e+03
3.650000000000000000e+05 2.669000000000000000e+03
3.700000000000000000e+05 2.832000000000000000e+03
3.750000000000000000e+05 2.818000000000000000e+03
3.800000000000000000e+05 3.124000000000000000e+03
3.850000000000000000e+05 3.291000000000000000e+03
3.900000000000000000e+05 3.484000000000000000e+03
3.950000000000000000e+05 3.780000000000000000e+03
4.000000000000000000e+05 3.852000000000000000e+03
4.050000000000000000e+05 4.099000000000000000e+03
4.100000000000000000e+05 4.403000000000000000e+03
4.150000000000000000e+05 4.620000000000000000e+03
4.200000000000000000e+05 4.822000000000000000e+03
4.250000000000000000e+05 5.039000000000000000e+03
4.300000000000000000e+05 5.452000000000000000e+03
4.350000000000000000e+05 5.719000000000000000e+03
4.400000000000000000e+05 5.977000000000000000e+03
4.450000000000000000e+05 6.212000000000000000e+03
4.500000000000000000e+05 6.303000000000000000e+03
4.550000000000000000e+05 6.710000000000000000e+03
4.600000000000000000e+05 6.822000000000000000e+03
4.650000000000000000e+05 7.140000000000000000e+03
4.700000000000000000e+05 7.558000000000000000e+03
4.750000000000000000e+05 7.679000000000000000e+03
4.800000000000000000e+05 7.907000000000000000e+03
4.850000000000000000e+05 7.876000000000000000e+03
4.900000000000000000e+05 8.132000000000000000e+03
4.950000000000000000e+05 8.441000000000000000e+03
5.000000000000000000e+05 8.480000000000000000e+03
5.050000000000000000e+05 8.708000000000000000e+03
5.100000000000000000e+05 8.923000000000000000e+03
5.150000000000000000e+05 9.029000000000000000e+03
5.200000000000000000e+05 9.096000000000000000e+03
5.250000000000000000e+05 9.324000000000000000e+03
5.300000000000000000e+05 9.372000000000000000e+03
5.350000000000000000e+05 9.492000000000000000e+03
5.400000000000000000e+05 9.366000000000000000e+03
5.450000000000000000e+05 9.656000000000000000e+03
5.500000000000000000e+05 9.697000000000000000e+03
5.550000000000000000e+05 9.753000000000000000e+03
5.600000000000000000e+05 9.878000000000000000e+03
5.650000000000000000e+05 9.750000000000000000e+03
5.700000000000000000e+05 9.715000000000000000e+03
5.750000000000000000e+05 9.924000000000000000e+03
5.800000000000000000e+05 1.009600000000000000e+04
5.850000000000000000e+05 9.779000000000000000e+03
5.900000000000000000e+05 9.940000000000000000e+03
5.950000000000000000e+05 9.859000000000000000e+03
6.000000000000000000e+05 1.002100000000000000e+04
6.050000000000000000e+05 9.929000000000000000e+03
6.100000000000000000e+05 9.807000000000000000e+03
6.150000000000000000e+05 9.922000000000000000e+03
6.200000000000000000e+05 9.780000000000000000e+03
6.250000000000000000e+05 9.817000000000000000e+03
6.300000000000000000e+05 9.743000000000000000e+03
6.350000000000000000e+05 9.726000000000000000e+03
6.400000000000000000e+05 9.723000000000000000e+03
6.450000000000000000e+05 9.574000000000000000e+03
6.500000000000000000e+05 9.443000000000000000e+03
6.550000000000000000e+05 9.589000000000000000e+03
6.600000000000000000e+05 9.283000000000000000e+03
6.650000000000000000e+05 9.336000000000000000e+03
6.700000000000000000e+05 9.178000000000000000e+03
6.750000000000000000e+05 9.003000000000000000e+03
6.800000000000000000e+05 9.039000000000000000e+03
6.850000000000000000e+05 8.947000000000000000e+03
6.900000000000000000e+05 8.726000000000000000e+03
6.950000000000000000e+05 8.531000000000000000e+03
7.000000000000000000e+05 8.381000000000000000e+03
7.050000000000000000e+05 8.225000000000000000e+03
7.100000000000000000e+05 7.969000000000000000e+03
7.150000000000000000e+05 7.585000000000000000e+03
7.200000000000000000e+05 7.325000000000000000e+03
7.250000000000000000e+05 7.221000000000000000e+03
7.300000000000000000e+05 7.131000000000000000e+03
7.350000000000000000e+05 6.877000000000000000e+03
7.400000000000000000e+05 6.506000000000000000e+03
7.450000000000000000e+05 6.249000000000000000e+03
7.500000000000000000e+05 5.907000000000000000e+03
7.550000000000000000e+05 5.804000000000000000e+03
7.600000000000000000e+05 5.544000000000000000e+03
7.650000000000000000e+05 5.267000000000000000e+03
7.700000000000000000e+05 4.959000000000000000e+03
7.750000000000000000e+05 4.649000000000000000e+03
7.800000000000000000e+05 4.514000000000000000e+03
7.850000000000000000e+05 4.181000000000000000e+03
7.900000000000000000e+05 3.903000000000000000e+03
7.950000000000000000e+05 3.691000000000000000e+03
8.000000000000000000e+05 3.539000000000000000e+03
8.050000000000000000e+05 3.422000000000000000e+03
8.100000000000000000e+05 3.214000000000000000e+03
8.150000000000000000e+05 3.034000000000000000e+03
8.200000000000000000e+05 2.843000000000000000e+03
8.250000000000000000e+05 2.720000000000000000e+03
8.300000000000000000e+05 2.705000000000000000e+03
8.350000000000000000e+05 2.674000000000000000e+03
8.400000000000000000e+05 2.673000000000000000e+03
8.450000000000000000e+05 2.598000000000000000e+03
8.500000000000000000e+05 2.544000000000000000e+03
8.550000000000000000e+05 2.677000000000000000e+03
8.600000000000000000e+05 2.698000000000000000e+03
8.650000000000000000e+05 2.820000000000000000e+03
8.700000000000000000e+05 2.747000000000000000e+03
8.750000000000000000e+05 2.909000000000000000e+03
8.800000000000000000e+05 3.138000000000000000e+03
8.850000000000000000e+05 3.297000000000000000e+03
8.900000000000000000e+05 3.446000000000000000e+03
8.950000000000000000e+05 3.788000000000000000e+03
9.000000000000000000e+05 3.755000000000000000e+03
9.050000000000000000e+05 4.066000000000000000e+03
9.100000000000000000e+05 4.289000000000000000e+03
9.150000000000000000e+05 4.584000000000000000e+03
9.200000000000000000e+05 4.936000000000000000e+03
9.250000000000000000e+05 5.067000000000000000e+03
9.300000000000000000e+05 5.334000000000000000e+03
9.350000000000000000e+05 5.537000000000000000e+03
9.400000000000000000e+05 5.893000000000000000e+03
9.450000000000000000e+05 6.131000000000000000e+03
9.500000000000000000e+05 6.340000000000000000e+03
9.550000000000000000e+05 6.700000000000000000e+03
9.600000000000000000e+05 6.847000000000000000e+03
9.650000000000000000e+05 7.137000000000000000e+03
9.700000000000000000e+05 7.291000000000000000e+03
9.750000000000000000e+05 7.567000000000000000e+03
9.800000000000000000e+05 7.989000000000000000e+03
9.850000000000000000e+05 7.992000000000000000e+03
9.900000000000000000e+05 8.331000000000000000e+03
9.950000000000000000e+05 8.329000000000000000e+03
