0.000000000000000000e+00 8.448000000000000000e+03
1.667000000000000000e+03 8.471000000000000000e+03
3.334000000000000000e+03 8.693000000000000000e+03
5.001000000000000000e+03 8.910000000000000000e+03
6.668000000000000000e+03 8.883000000000000000e+03
8.335000000000000000e+03 9.092000000000000000e+03
1.000200000000000000e+04 8.922000000000000000e+03
1.166900000000000000e+04 9.227000000000000000e+03
1.333600000000000000e+04 9.313000000000000000e+03
1.500300000000000000e+04 9.438000000000000000e+03
1.667000000000000000e+04 9.592000000000000000e+03
1.833700000000000000e+04 9.530000000000000000e+03
2.000400000000000000e+04 9.486000000000000000e+03
2.167100000000000000e+04 9.621000000000000000e+03
2.333800000000000000e+04 9.370000000000000000e+03
2.500500000000000000e+04 9.616000000000000000e+03
2.667200000000000000e+04 9.693000000000000000e+03
2.833900000000000000e+04 9.724000000000000000e+03
3.000600000000000000e+04 9.787000000000000000e+03
3.167300000000000000e+04 9.715000000000000000e+03
3.334000000000000000e+04 9.356000000000000000e+03
3.500700000000000000e+04 9.663000000000000000e+03
3.667400000000000000e+04 9.762000000000000000e+03
3.834100000000000000e+04 9.550000000000000000e+03
4.000800000000000000e+04 9.619000000000000000e+03
4.167500000000000000e+04 9.729000000000000000e+03
4.334200000000000000e+04 9.731000000000000000e+03
4.500900000000000000e+04 9.512000000000000000e+03
4.667600000000000000e+04 9.411000000000000000e+03
4.834300000000000000e+04 9.488000000000000000e+03
5.001000000000000000e+04 9.202000000000000000e+03
5.167700000000000000e+04 9.354000000000000000e+03
5.334400000000000000e+04 9.196000000000000000e+03
5.501100000000000000e+04 8.955000000000000000e+03
5.667800000000000000e+04 9.173000000000000000e+03
5.834500000000000000e+04 8.928000000000000000e+03
6.001200000000000000e+04 8.676000000000000000e+03
6.167900000000000000e+04 8.408000000000000000e+03
6.334600000000000000e+04 8.404000000000000000e+03
6.501300000000000000e+04 8.297000000000000000e+03
6.668000000000000000e+04 8.087000000000000000e+03
6.834700000000000000e+04 7.914000000000000000e+03
7.001400000000000000e+04 7.635000000000000000e+03
7.168100000000000000e+04 7.485000000000000000e+03
7.334800000000000000e+04 7.379000000000000000e+03
7.501500000000000000e+04 7.185000000000000000e+03
7.668200000000000000e+04 6.786000000000000000e+03
7.834900000000000000e+04 6.701000000000000000e+03
8.001600000000000000e+04 6.496000000000000000e+03
8.168300000000000000e+04 6.128000000000000000e+03
8.335000000000000000e+04 5.776000000000000000e+03
8.501700000000000000e+04 5.796000000000000000e+03
8.668400000000000000e+04 5.319000000000000000e+03
8.835100000000000000e+04 5.017000000000000000e+03
9.001800000000000000e+04 4.935000000000000000e+03
9.168500000000000000e+04 4.650000000000000000e+03
9.335200000000000000e+04 4.293000000000000000e+03
9.501900000000000000e+04 4.288000000000000000e+03
9.668600000000000000e+04 3.876000000000000000e+03
9.835300000000000000e+04 3.700000000000000000e+03
1.000200000000000000e+05 3.585000000000000000e+03
1.016870000000000000e+05 3.332000000000000000e+03
1.033540000000000000e+05 3.263000000000000000e+03
1.050210000000000000e+05 3.027000000000000000e+03
1.066880000000000000e+05 2.836000000000000000e+03
1.083550000000000000e+05 2.742000000000000000e+03
1.100220000000000000e+05 2.685000000000000000e+03
1.116890000000000000e+05 2.598000000000000000e+03
1.133560000000000000e+05 2.600000000000000000e+03
1.150230000000000000e+05 2.609000000000000000e+03
1.166900000000000000e+05 2.605000000000000000e+03
1.183570000000000000e+05 2.568000000000000000e+03
1.200240000000000000e+05 2.658000000000000000e+03
1.216910000000000000e+05 2.731000000000000000e+03
1.233580000000000000e+05 2.861000000000000000e+03
1.250250000000000000e+05 2.944000000000000000e+03
1.266920000000000000e+05 3.100000000000000000e+03
1.283590000000000000e+05 3.205000000000000000e+03
1.300260000000000000e+05 3.376000000000000000e+03
1.316930000000000000e+05 3.551000000000000000e+03
1.333600000000000000e+05 3.772000000000000000e+03
1.350270000000000000e+05 4.002000000000000000e+03
1.366940000000000000e+05 4.174000000000000000e+03
1.383610000000000000e+05 4.530000000000000000e+03
1.400280000000000000e+05 4.705000000000000000e+03
1.416950000000000000e+05 5.085000000000000000e+03
1.433620000000000000e+05 5.227000000000000000e+03
1.450290000000000000e+05 5.521000000000000000e+03
1.466960000000000000e+05 5.730000000000000000e+03
1.483630000000000000e+05 6.063000000000000000e+03
1.500300000000000000e+05 6.214000000000000000e+03
1.516970000000000000e+05 6.637000000000000000e+03
1.533640000000000000e+05 6.808000000000000000e+03
1.550310000000000000e+05 7.030000000000000000e+03
1.566980000000000000e+05 7.248000000000000000e+03
1.583650000000000000e+05 7.395000000000000000e+03
1.600320000000000000e+05 7.830000000000000000e+03
1.616990000000000000e+05 7.858000000000000000e+03
1.633660000000000000e+05 8.112000000000000000e+03
1.650330000000000000e+05 8.083000000000000000e+03
1.667000000000000000e+05 8.469000000000000000e+03
1.683670000000000000e+05 8.298000000000000000e+03
1.700340000000000000e+05 8.746000000000000000e+03
1.717010000000000000e+05 8.832000000000000000e+03
1.733680000000000000e+05 8.867000000000000000e+03
1.750350000000000000e+05 9.130000000000000000e+03
1.767020000000000000e+05 9.256000000000000000e+03
1.783690000000000000e+05 9.302000000000000000e+03
1.800360000000000000e+05 9.435000000000000000e+03
1.817030000000000000e+05 9.459000000000000000e+03
1.833700000000000000e+05 9.382000000000000000e+03
1.850370000000000000e+05 9.498000000000000000e+03
1.867040000000000000e+05 9.604000000000000000e+03
1.883710000000000000e+05 9.645000000000000000e+03
1.900380000000000000e+05 9.644000000000000000e+03
1.917050000000000000e+05 9.774000000000000000e+03
1.933720000000000000e+05 9.608000000000000000e+03
1.950390000000000000e+05 9.757000000000000000e+03
1.967060000000000000e+05 9.799000000000000000e+03
1.983730000000000000e+05 9.756000000000000000e+03
2.000400000000000000e+05 9.838000000000000000e+03
2.017070000000000000e+05 9.739000000000000000e+03
2.033740000000000000e+05 9.811000000000000000e+03
2.050410000000000000e+05 9.895000000000000000e+03
2.067080000000000000e+05 9.505000000000000000e+03
2.083750000000000000e+05 9.513000000000000000e+03
2.100420000000000000e+05 9.604000000000000000e+03
2.117090000000000000e+05 9.597000000000000000e+03
2.133760000000000000e+05 9.583000000000000000e+03
2.150430000000000000e+05 9.550000000000000000e+03
2.167100000000000000e+05 9.274000000000000000e+03
2.183770000000000000e+05 8.998000000000000000e+03
2.200440000000000000e+05 9.077000000000000000e+03
2.217110000000000000e+05 9.099000000000000000e+03
2.233780000000000000e+05 8.896000000000000000e+03
2.250450000000000000e+05 8.946000000000000000e+03
2.267120000000000000e+05 8.698000000000000000e+03
2.283790000000000000e+05 8.590000000000000000e+03
2.300460000000000000e+05 8.565000000000000000e+03
2.317130000000000000e+05 8.474000000000000000e+03
2.333800000000000000e+05 8.153000000000000000e+03
2.350470000000000000e+05 7.856000000000000000e+03
2.367140000000000000e+05 7.701000000000000000e+03
2.383810000000000000e+05 7.573000000000000000e+03
2.400480000000000000e+05 7.283000000000000000e+03
2.417150000000000000e+05 7.172000000000000000e+03
2.433820000000000000e+05 6.964000000000000000e+03
2.450490000000000000e+05 6.673000000000000000e+03
2.467160000000000000e+05 6.532000000000000000e+03
2.483830000000000000e+05 6.219000000000000000e+03
2.500500000000000000e+05 5.946000000000000000e+03
2.517170000000000000e+05 5.803000000000000000e+03
2.533840000000000000e+05 5.318000000000000000e+03
2.550510000000000000e+05 4.971000000000000000e+03
2.567180000000000000e+05 4.864000000000000000e+03
2.583850000000000000e+05 4.733000000000000000e+03
2.600520000000000000e+05 4.357000000000000000e+03
2.617190000000000000e+05 4.151000000000000000e+03
2.633860000000000000e+05 3.896000000000000000e+03
2.650530000000000000e+05 3.688000000000000000e+03
2.667200000000000000e+05 3.371000000000000000e+03
2.683870000000000000e+05 3.393000000000000000e+03
2.700540000000000000e+05 3.039000000000000000e+03
2.717210000000000000e+05 3.030000000000000000e+03
2.733880000000000000e+05 2.900000000000000000e+03
2.750550000000000000e+05 2.848000000000000000e+03
2.767220000000000000e+05 2.724000000000000000e+03
2.783890000000000000e+05 2.626000000000000000e+03
2.800560000000000000e+05 2.619000000000000000e+03
2.817230000000000000e+05 2.543000000000000000e+03
2.833900000000000000e+05 2.495000000000000000e+03
2.850570000000000000e+05 2.672000000000000000e+03
2.867240000000000000e+05 2.722000000000000000e+03
2.883910000000000000e+05 2.776000000000000000e+03
2.900580000000000000e+05 2.879000000000000000e+03
2.917250000000000000e+05 2.823000000000000000e+03
2.933920000000000000e+05 3.101000000000000000e+03
2.950590000000000000e+05 3.273000000000000000e+03
2.967260000000000000e+05 3.443000000000000000e+03
2.983930000000000000e+05 3.579000000000000000e+03
3.000600000000000000e+05 3.922000000000000000e+03
3.017270000000000000e+05 4.039000000000000000e+03
3.033940000000000000e+05 4.222000000000000000e+03
3.050610000000000000e+05 4.496000000000000000e+03
3.067280000000000000e+05 4.547000000000000000e+03
3.083950000000000000e+05 5.046000000000000000e+03
3.100620000000000000e+05 5.301000000000000000e+03
3.117290000000000000e+05 5.637000000000000000e+03
3.133960000000000000e+05 5.674000000000000000e+03
3.150630000000000000e+05 5.957000000000000000e+03
3.167300000000000000e+05 6.264000000000000000e+03
3.183970000000000000e+05 6.498000000000000000e+03
3.200640000000000000e+05 6.847000000000000000e+03
3.217310000000000000e+05 7.110000000000000000e+03
3.233980000000000000e+05 7.270000000000000000e+03
3.250650000000000000e+05 7.549000000000000000e+03
3.267320000000000000e+05 7.700000000000000000e+03
3.283990000000000000e+05 7.899000000000000000e+03
3.300660000000000000e+05 8.211000000000000000e+03
3.317330000000000000e+05 8.271000000000000000e+03
