0.000000000000000000e+00 6.738000000000000000e+03
1.000000000000000000e+03 6.898000000000000000e+03
2.000000000000000000e+03 6.912000000000000000e+03
3.000000000000000000e+03 6.867000000000000000e+03
4.000000000000000000e+03 7.232000000000000000e+03
5.000000000000000000e+03 7.121000000000000000e+03
6.000000000000000000e+03 7.427000000000000000e+03
7.000000000000000000e+03 7.527000000000000000e+03
8.000000000000000000e+03 7.665000000000000000e+03
9.000000000000000000e+03 7.644000000000000000e+03
1.000000000000000000e+04 7.626000000000000000e+03
1.100000000000000000e+04 7.620000000000000000e+03
1.200000000000000000e+04 7.707000000000000000e+03
1.300000000000000000e+04 7.836000000000000000e+03
1.400000000000000000e+04 7.741000000000000000e+03
1.500000000000000000e+04 7.722000000000000000e+03
1.600000000000000000e+04 7.892000000000000000e+03
1.700000000000000000e+04 7.827000000000000000e+03
1.800000000000000000e+04 7.882000000000000000e+03
1.900000000000000000e+04 7.923000000000000000e+03
2.000000000000000000e+04 7.719000000000000000e+03
2.100000000000000000e+04 7.893000000000000000e+03
2.200000000000000000e+04 7.939000000000000000e+03
2.300000000000000000e+04 7.777000000000000000e+03
2.400000000000000000e+04 7.875000000000000000e+03
2.500000000000000000e+04 7.922000000000000000e+03
2.600000000000000000e+04 7.751000000000000000e+03
2.700000000000000000e+04 7.646000000000000000e+03
2.800000000000000000e+04 7.620000000000000000e+03
2.900000000000000000e+04 7.612000000000000000e+03
3.000000000000000000e+04 7.582000000000000000e+03
3.100000000000000000e+04 7.408000000000000000e+03
3.200000000000000000e+04 7.377000000000000000e+03
3.300000000000000000e+04 7.279000000000000000e+03
3.400000000000000000e+04 7.459000000000000000e+03
3.500000000000000000e+04 7.163000000000000000e+03
3.600000000000000000e+04 6.896000000000000000e+03
3.700000000000000000e+04 6.889000000000000000e+03
3.800000000000000000e+04 6.893000000000000000e+03
3.900000000000000000e+04 6.626000000000000000e+03
4.000000000000000000e+04 6.557000000000000000e+03
4.100000000000000000e+04 6.576000000000000000e+03
4.200000000000000000e+04 6.262000000000000000e+03
4.300000000000000000e+04 6.190000000000000000e+03
4.400000000000000000e+04 6.050000000000000000e+03
4.500000000000000000e+04 5.818000000000000000e+03
4.600000000000000000e+04 5.410000000000000000e+03
4.700000000000000000e+04 5.323000000000000000e+03
4.800000000000000000e+04 5.137000000000000000e+03
4.900000000000000000e+04 4.923000000000000000e+03
5.000000000000000000e+04 4.752000000000000000e+03
5.100000000000000000e+04 4.741000000000000000e+03
5.200000000000000000e+04 4.354000000000000000e+03
5.300000000000000000e+04 4.153000000000000000e+03
5.400000000000000000e+04 3.956000000000000000e+03
5.500000000000000000e+04 3.747000000000000000e+03
5.600000000000000000e+04 3.589000000000000000e+03
5.700000000000000000e+04 3.402000000000000000e+03
5.800000000000000000e+04 3.156000000000000000e+03
5.900000000000000000e+04 3.057000000000000000e+03
6.000000000000000000e+04 2.866000000000000000e+03
6.100000000000000000e+04 2.642000000000000000e+03
6.200000000000000000e+04 2.510000000000000000e+03
6.300000000000000000e+04 2.385000000000000000e+03
6.400000000000000000e+04 2.237000000000000000e+03
6.500000000000000000e+04 2.232000000000000000e+03
6.600000000000000000e+04 2.309000000000000000e+03
6.700000000000000000e+04 2.222000000000000000e+03
6.800000000000000000e+04 2.073000000000000000e+03
6.900000000000000000e+04 2.090000000000000000e+03
7.000000000000000000e+04 2.065000000000000000e+03
7.100000000000000000e+04 2.120000000000000000e+03
7.200000000000000000e+04 2.118000000000000000e+03
7.300000000000000000e+04 2.143000000000000000e+03
7.400000000000000000e+04 2.256000000000000000e+03
7.500000000000000000e+04 2.532000000000000000e+03
7.600000000000000000e+04 2.518000000000000000e+03
7.700000000000000000e+04 2.659000000000000000e+03
7.800000000000000000e+04 2.754000000000000000e+03
7.900000000000000000e+04 2.805000000000000000e+03
8.000000000000000000e+04 3.181000000000000000e+03
8.100000000000000000e+04 3.143000000000000000e+03
8.200000000000000000e+04 3.455000000000000000e+03
8.300000000000000000e+04 3.662000000000000000e+03
8.400000000000000000e+04 3.773000000000000000e+03
8.500000000000000000e+04 4.083000000000000000e+03
8.600000000000000000e+04 4.249000000000000000e+03
8.700000000000000000e+04 4.397000000000000000e+03
8.800000000000000000e+04 4.653000000000000000e+03
8.900000000000000000e+04 4.823000000000000000e+03
9.000000000000000000e+04 5.217000000000000000e+03
9.100000000000000000e+04 5.193000000000000000e+03
9.200000000000000000e+04 5.531000000000000000e+03
9.300000000000000000e+04 5.674000000000000000e+03
9.400000000000000000e+04 5.955000000000000000e+03
9.500000000000000000e+04 5.914000000000000000e+03
9.600000000000000000e+04 6.262000000000000000e+03
9.700000000000000000e+04 6.196000000000000000e+03
9.800000000000000000e+04 6.498000000000000000e+03
9.900000000000000000e+04 6.549000000000000000e+03
1.000000000000000000e+05 6.744000000000000000e+03
1.010000000000000000e+05 6.956000000000000000e+03
1.020000000000000000e+05 7.127000000000000000e+03
1.030000000000000000e+05 6.879000000000000000e+03
1.040000000000000000e+05 7.316000000000000000e+03
1.050000000000000000e+05 7.343000000000000000e+03
1.060000000000000000e+05 7.232000000000000000e+03
1.070000000000000000e+05 7.520000000000000000e+03
1.080000000000000000e+05 7.777000000000000000e+03
1.090000000000000000e+05 8.005000000000000000e+03
1.100000000000000000e+05 7.615000000000000000e+03
1.110000000000000000e+05 7.786000000000000000e+03
1.120000000000000000e+05 7.771000000000000000e+03
1.130000000000000000e+05 7.786000000000000000e+03
1.140000000000000000e+05 7.724000000000000000e+03
1.150000000000000000e+05 7.834000000000000000e+03
1.160000000000000000e+05 7.763000000000000000e+03
1.170000000000000000e+05 7.846000000000000000e+03
1.180000000000000000e+05 7.740000000000000000e+03
1.190000000000000000e+05 7.790000000000000000e+03
1.200000000000000000e+05 7.688000000000000000e+03
1.210000000000000000e+05 7.649000000000000000e+03
1.220000000000000000e+05 7.922000000000000000e+03
1.230000000000000000e+05 7.750000000000000000e+03
1.240000000000000000e+05 8.009000000000000000e+03
1.250000000000000000e+05 7.996000000000000000e+03
1.260000000000000000e+05 7.715000000000000000e+03
1.270000000000000000e+05 7.752000000000000000e+03
1.280000000000000000e+05 7.648000000000000000e+03
1.290000000000000000e+05 7.481000000000000000e+03
1.300000000000000000e+05 7.449000000000000000e+03
1.310000000000000000e+05 7.442000000000000000e+03
1.320000000000000000e+05 7.270000000000000000e+03
1.330000000000000000e+05 7.303000000000000000e+03
1.340000000000000000e+05 7.414000000000000000e+03
1.350000000000000000e+05 7.346000000000000000e+03
1.360000000000000000e+05 7.074000000000000000e+03
1.370000000000000000e+05 6.971000000000000000e+03
1.380000000000000000e+05 6.764000000000000000e+03
1.390000000000000000e+05 6.710000000000000000e+03
1.400000000000000000e+05 6.398000000000000000e+03
1.410000000000000000e+05 6.468000000000000000e+03
1.420000000000000000e+05 6.329000000000000000e+03
1.430000000000000000e+05 6.186000000000000000e+03
1.440000000000000000e+05 6.004000000000000000e+03
1.450000000000000000e+05 5.737000000000000000e+03
1.460000000000000000e+05 5.361000000000000000e+03
1.470000000000000000e+05 5.376000000000000000e+03
1.480000000000000000e+05 5.163000000000000000e+03
1.490000000000000000e+05 5.014000000000000000e+03
1.500000000000000000e+05 4.853000000000000000e+03
1.510000000000000000e+05 4.643000000000000000e+03
1.520000000000000000e+05 4.407000000000000000e+03
1.530000000000000000e+05 4.125000000000000000e+03
1.540000000000000000e+05 3.767000000000000000e+03
1.550000000000000000e+05 3.708000000000000000e+03
1.560000000000000000e+05 3.553000000000000000e+03
1.570000000000000000e+05 3.382000000000000000e+03
1.580000000000000000e+05 3.249000000000000000e+03
1.590000000000000000e+05 3.126000000000000000e+03
1.600000000000000000e+05 2.811000000000000000e+03
1.610000000000000000e+05 2.655000000000000000e+03
1.620000000000000000e+05 2.486000000000000000e+03
1.630000000000000000e+05 2.389000000000000000e+03
1.640000000000000000e+05 2.335000000000000000e+03
1.650000000000000000e+05 2.109000000000000000e+03
1.660000000000000000e+05 2.229000000000000000e+03
1.670000000000000000e+05 2.232000000000000000e+03
1.680000000000000000e+05 2.167000000000000000e+03
1.690000000000000000e+05 2.084000000000000000e+03
1.700000000000000000e+05 1.970000000000000000e+03
1.710000000000000000e+05 2.007000000000000000e+03
1.720000000000000000e+05 2.134000000000000000e+03
1.730000000000000000e+05 2.233000000000000000e+03
1.740000000000000000e+05 2.449000000000000000e+03
1.750000000000000000e+05 2.429000000000000000e+03
1.760000000000000000e+05 2.508000000000000000e+03
1.770000000000000000e+05 2.535000000000000000e+03
1.780000000000000000e+05 2.708000000000000000e+03
1.790000000000000000e+05 2.876000000000000000e+03
1.800000000000000000e+05 3.075000000000000000e+03
1.810000000000000000e+05 3.312000000000000000e+03
1.820000000000000000e+05 3.430000000000000000e+03
1.830000000000000000e+05 3.625000000000000000e+03
1.840000000000000000e+05 3.840000000000000000e+03
1.850000000000000000e+05 4.149000000000000000e+03
1.860000000000000000e+05 4.235000000000000000e+03
1.870000000000000000e+05 4.319000000000000000e+03
1.880000000000000000e+05 4.675000000000000000e+03
1.890000000000000000e+05 4.981000000000000000e+03
1.900000000000000000e+05 5.165000000000000000e+03
1.910000000000000000e+05 5.243000000000000000e+03
1.920000000000000000e+05 5.583000000000000000e+03
1.930000000000000000e+05 5.769000000000000000e+03
1.940000000000000000e+05 5.850000000000000000e+03
1.950000000000000000e+05 5.963000000000000000e+03
1.960000000000000000e+05 6.177000000000000000e+03
1.970000000000000000e+05 6.383000000000000000e+03
1.980000000000000000e+05 6.497000000000000000e+03
1.990000000000000000e+05 6.510000000000000000e+03
