0.000000000000000000e+00 6.658000000000000000e+03
1.670000000000000000e+02 6.781000000000000000e+03
3.340000000000000000e+02 6.693000000000000000e+03
5.010000000000000000e+02 6.802000000000000000e+03
6.680000000000000000e+02 6.862000000000000000e+03
8.350000000000000000e+02 7.063000000000000000e+03
1.002000000000000000e+03 7.211000000000000000e+03
1.169000000000000000e+03 7.092000000000000000e+03
1.336000000000000000e+03 7.281000000000000000e+03
1.503000000000000000e+03 7.430000000000000000e+03
1.670000000000000000e+03 7.248000000000000000e+03
1.837000000000000000e+03 7.387000000000000000e+03
2.004000000000000000e+03 7.454000000000000000e+03
2.171000000000000000e+03 7.403000000000000000e+03
2.338000000000000000e+03 7.599000000000000000e+03
2.505000000000000000e+03 7.571000000000000000e+03
2.672000000000000000e+03 7.563000000000000000e+03
2.839000000000000000e+03 7.429000000000000000e+03
3.006000000000000000e+03 7.508000000000000000e+03
3.173000000000000000e+03 7.598000000000000000e+03
3.340000000000000000e+03 7.585000000000000000e+03
3.507000000000000000e+03 7.595000000000000000e+03
3.674000000000000000e+03 7.611000000000000000e+03
3.841000000000000000e+03 7.683000000000000000e+03
4.008000000000000000e+03 7.618000000000000000e+03
4.175000000000000000e+03 7.614000000000000000e+03
4.342000000000000000e+03 7.688000000000000000e+03
4.509000000000000000e+03 7.578000000000000000e+03
4.676000000000000000e+03 7.465000000000000000e+03
4.843000000000000000e+03 7.439000000000000000e+03
5.010000000000000000e+03 7.465000000000000000e+03
5.177000000000000000e+03 7.437000000000000000e+03
5.344000000000000000e+03 7.308000000000000000e+03
5.511000000000000000e+03 7.176000000000000000e+03
5.678000000000000000e+03 6.941000000000000000e+03
5.845000000000000000e+03 7.006000000000000000e+03
6.012000000000000000e+03 7.035000000000000000e+03
6.179000000000000000e+03 6.697000000000000000e+03
6.346000000000000000e+03 6.492000000000000000e+03
6.513000000000000000e+03 6.507000000000000000e+03
6.680000000000000000e+03 6.360000000000000000e+03
6.847000000000000000e+03 6.162000000000000000e+03
7.014000000000000000e+03 6.133000000000000000e+03
7.181000000000000000e+03 6.063000000000000000e+03
7.348000000000000000e+03 5.951000000000000000e+03
7.515000000000000000e+03 5.558000000000000000e+03
7.682000000000000000e+03 5.424000000000000000e+03
7.849000000000000000e+03 5.259000000000000000e+03
8.016000000000000000e+03 5.199000000000000000e+03
8.183000000000000000e+03 5.063000000000000000e+03
8.350000000000000000e+03 4.888000000000000000e+03
8.517000000000000000e+03 4.448000000000000000e+03
8.684000000000000000e+03 4.345000000000000000e+03
8.851000000000000000e+03 4.102000000000000000e+03
9.018000000000000000e+03 3.825000000000000000e+03
9.185000000000000000e+03 3.628000000000000000e+03
9.352000000000000000e+03 3.511000000000000000e+03
9.519000000000000000e+03 3.410000000000000000e+03
9.686000000000000000e+03 3.080000000000000000e+03
9.853000000000000000e+03 2.896000000000000000e+03
1.002000000000000000e+04 2.867000000000000000e+03
1.018700000000000000e+04 2.674000000000000000e+03
1.035400000000000000e+04 2.620000000000000000e+03
1.052100000000000000e+04 2.458000000000000000e+03
1.068800000000000000e+04 2.359000000000000000e+03
1.085500000000000000e+04 2.325000000000000000e+03
1.102200000000000000e+04 2.153000000000000000e+03
1.118900000000000000e+04 2.185000000000000000e+03
1.135600000000000000e+04 2.120000000000000000e+03
1.152300000000000000e+04 2.078000000000000000e+03
1.169000000000000000e+04 2.009000000000000000e+03
1.185700000000000000e+04 2.201000000000000000e+03
1.202400000000000000e+04 2.182000000000000000e+03
1.219100000000000000e+04 2.239000000000000000e+03
1.235800000000000000e+04 2.205000000000000000e+03
1.252500000000000000e+04 2.278000000000000000e+03
1.269200000000000000e+04 2.374000000000000000e+03
1.285900000000000000e+04 2.567000000000000000e+03
1.302600000000000000e+04 2.660000000000000000e+03
1.319300000000000000e+04 2.838000000000000000e+03
1.336000000000000000e+04 3.089000000000000000e+03
1.352700000000000000e+04 3.092000000000000000e+03
1.369400000000000000e+04 3.436000000000000000e+03
1.386100000000000000e+04 3.670000000000000000e+03
1.402800000000000000e+04 3.804000000000000000e+03
1.419500000000000000e+04 4.116000000000000000e+03
1.436200000000000000e+04 4.237000000000000000e+03
1.452900000000000000e+04 4.446000000000000000e+03
1.469600000000000000e+04 4.716000000000000000e+03
1.486300000000000000e+04 4.707000000000000000e+03
1.503000000000000000e+04 4.905000000000000000e+03
1.519700000000000000e+04 5.274000000000000000e+03
1.536400000000000000e+04 5.256000000000000000e+03
1.553100000000000000e+04 5.564000000000000000e+03
1.569800000000000000e+04 5.791000000000000000e+03
1.586500000000000000e+04 5.822000000000000000e+03
1.603200000000000000e+04 5.904000000000000000e+03
1.619900000000000000e+04 6.188000000000000000e+03
1.636600000000000000e+04 6.267000000000000000e+03
1.653300000000000000e+04 6.379000000000000000e+03
1.670000000000000000e+04 6.587000000000000000e+03
1.686700000000000000e+04 6.523000000000000000e+03
1.703400000000000000e+04 6.692000000000000000e+03
1.720100000000000000e+04 6.774000000000000000e+03
1.736800000000000000e+04 6.986000000000000000e+03
1.753500000000000000e+04 7.120000000000000000e+03
1.770200000000000000e+04 7.077000000000000000e+03
1.786900000000000000e+04 7.127000000000000000e+03
1.803600000000000000e+04 7.246000000000000000e+03
1.820300000000000000e+04 7.519000000000000000e+03
1.837000000000000000e+04 7.479000000000000000e+03
1.853700000000000000e+04 7.470000000000000000e+03
1.870400000000000000e+04 7.567000000000000000e+03
1.887100000000000000e+04 7.311000000000000000e+03
1.903800000000000000e+04 7.457000000000000000e+03
1.920500000000000000e+04 7.503000000000000000e+03
1.937200000000000000e+04 7.531000000000000000e+03
1.953900000000000000e+04 7.509000000000000000e+03
1.970600000000000000e+04 7.400000000000000000e+03
1.987300000000000000e+04 7.418000000000000000e+03
2.004000000000000000e+04 7.670000000000000000e+03
2.020700000000000000e+04 7.638000000000000000e+03
2.037400000000000000e+04 7.743000000000000000e+03
2.054100000000000000e+04 7.691000000000000000e+03
2.070800000000000000e+04 7.606000000000000000e+03
2.087500000000000000e+04 7.478000000000000000e+03
2.104200000000000000e+04 7.568000000000000000e+03
2.120900000000000000e+04 7.541000000000000000e+03
2.137600000000000000e+04 7.477000000000000000e+03
2.154300000000000000e+04 7.541000000000000000e+03
2.171000000000000000e+04 7.335000000000000000e+03
2.187700000000000000e+04 7.473000000000000000e+03
2.204400000000000000e+04 7.199000000000000000e+03
2.221100000000000000e+04 7.243000000000000000e+03
2.237800000000000000e+04 6.980000000000000000e+03
2.254500000000000000e+04 6.930000000000000000e+03
2.271200000000000000e+04 6.929000000000000000e+03
2.287900000000000000e+04 6.685000000000000000e+03
2.304600000000000000e+04 6.647000000000000000e+03
2.321300000000000000e+04 6.408000000000000000e+03
2.338000000000000000e+04 6.354000000000000000e+03
2.354700000000000000e+04 6.097000000000000000e+03
2.371400000000000000e+04 5.932000000000000000e+03
2.388100000000000000e+04 5.981000000000000000e+03
2.404800000000000000e+04 5.694000000000000000e+03
2.421500000000000000e+04 5.558000000000000000e+03
2.438200000000000000e+04 5.330000000000000000e+03
2.454900000000000000e+04 5.248000000000000000e+03
2.471600000000000000e+04 5.105000000000000000e+03
2.488300000000000000e+04 4.851000000000000000e+03
2.505000000000000000e+04 4.656000000000000000e+03
2.521700000000000000e+04 4.513000000000000000e+03
2.538400000000000000e+04 4.356000000000000000e+03
2.555100000000000000e+04 3.977000000000000000e+03
2.571800000000000000e+04 3.844000000000000000e+03
2.588500000000000000e+04 3.711000000000000000e+03
2.605200000000000000e+04 3.441000000000000000e+03
2.621900000000000000e+04 3.424000000000000000e+03
2.638600000000000000e+04 3.145000000000000000e+03
2.655300000000000000e+04 2.928000000000000000e+03
2.672000000000000000e+04 2.737000000000000000e+03
2.688700000000000000e+04 2.589000000000000000e+03
2.705400000000000000e+04 2.586000000000000000e+03
2.722100000000000000e+04 2.534000000000000000e+03
2.738800000000000000e+04 2.294000000000000000e+03
2.755500000000000000e+04 2.264000000000000000e+03
2.772200000000000000e+04 2.167000000000000000e+03
2.788900000000000000e+04 2.152000000000000000e+03
2.805600000000000000e+04 2.153000000000000000e+03
2.822300000000000000e+04 2.063000000000000000e+03
2.839000000000000000e+04 2.026000000000000000e+03
2.855700000000000000e+04 2.120000000000000000e+03
2.872400000000000000e+04 2.083000000000000000e+03
2.889100000000000000e+04 2.229000000000000000e+03
2.905800000000000000e+04 2.242000000000000000e+03
2.922500000000000000e+04 2.287000000000000000e+03
2.939200000000000000e+04 2.350000000000000000e+03
2.955900000000000000e+04 2.530000000000000000e+03
2.972600000000000000e+04 2.708000000000000000e+03
2.989300000000000000e+04 2.886000000000000000e+03
3.006000000000000000e+04 3.064000000000000000e+03
3.022700000000000000e+04 3.242000000000000000e+03
3.039400000000000000e+04 3.517000000000000000e+03
3.056100000000000000e+04 3.593000000000000000e+03
3.072800000000000000e+04 3.791000000000000000e+03
3.089500000000000000e+04 3.983000000000000000e+03
3.106200000000000000e+04 4.307000000000000000e+03
3.122900000000000000e+04 4.366000000000000000e+03
3.139600000000000000e+04 4.651000000000000000e+03
3.156300000000000000e+04 4.664000000000000000e+03
3.173000000000000000e+04 5.117000000000000000e+03
3.189700000000000000e+04 5.194000000000000000e+03
3.206400000000000000e+04 5.485000000000000000e+03
3.223100000000000000e+04 5.556000000000000000e+03
3.239800000000000000e+04 5.777000000000000000e+03
3.256500000000000000e+04 5.906000000000000000e+03
3.273200000000000000e+04 6.071000000000000000e+03
3.289900000000000000e+04 5.915000000000000000e+03
3.306600000000000000e+04 6.435000000000000000e+03
