0.000000000000000000e+00 6.956000000000000000e+03
5.000000000000000000e+02 7.067000000000000000e+03
1.000000000000000000e+03 7.314000000000000000e+03
1.500000000000000000e+03 7.206000000000000000e+03
2.000000000000000000e+03 7.261000000000000000e+03
2.500000000000000000e+03 7.307000000000000000e+03
3.000000000000000000e+03 7.648000000000000000e+03
3.500000000000000000e+03 7.747000000000000000e+03
4.000000000000000000e+03 8.023000000000000000e+03
4.500000000000000000e+03 8.064000000000000000e+03
5.000000000000000000e+03 7.858000000000000000e+03
5.500000000000000000e+03 7.800000000000000000e+03
6.000000000000000000e+03 7.709000000000000000e+03
6.500000000000000000e+03 7.986000000000000000e+03
7.000000000000000000e+03 7.757000000000000000e+03
7.500000000000000000e+03 7.945000000000000000e+03
8.000000000000000000e+03 8.257000000000000000e+03
8.500000000000000000e+03 8.230000000000000000e+03
9.000000000000000000e+03 8.088000000000000000e+03
9.500000000000000000e+03 8.102000000000000000e+03
1.000000000000000000e+04 7.967000000000000000e+03
1.050000000000000000e+04 8.042000000000000000e+03
1.100000000000000000e+04 8.108000000000000000e+03
1.150000000000000000e+04 8.079000000000000000e+03
1.200000000000000000e+04 8.021000000000000000e+03
1.250000000000000000e+04 7.905000000000000000e+03
1.300000000000000000e+04 8.104000000000000000e+03
1.350000000000000000e+04 7.990000000000000000e+03
1.400000000000000000e+04 8.059000000000000000e+03
1.450000000000000000e+04 7.855000000000000000e+03
1.500000000000000000e+04 7.808000000000000000e+03
1.550000000000000000e+04 7.463000000000000000e+03
1.600000000000000000e+04 7.631000000000000000e+03
1.650000000000000000e+04 7.638000000000000000e+03
1.700000000000000000e+04 7.557000000000000000e+03
1.750000000000000000e+04 7.311000000000000000e+03
1.800000000000000000e+04 7.319000000000000000e+03
1.850000000000000000e+04 7.390000000000000000e+03
1.900000000000000000e+04 6.942000000000000000e+03
1.950000000000000000e+04 6.981000000000000000e+03
2.000000000000000000e+04 6.808000000000000000e+03
2.050000000000000000e+04 6.744000000000000000e+03
2.100000000000000000e+04 6.611000000000000000e+03
2.150000000000000000e+04 6.412000000000000000e+03
2.200000000000000000e+04 6.193000000000000000e+03
2.250000000000000000e+04 6.046000000000000000e+03
2.300000000000000000e+04 5.853000000000000000e+03
2.350000000000000000e+04 5.582000000000000000e+03
2.400000000000000000e+04 5.257000000000000000e+03
2.450000000000000000e+04 5.160000000000000000e+03
2.500000000000000000e+04 4.822000000000000000e+03
2.550000000000000000e+04 4.772000000000000000e+03
2.600000000000000000e+04 4.507000000000000000e+03
2.650000000000000000e+04 4.378000000000000000e+03
2.700000000000000000e+04 4.113000000000000000e+03
2.750000000000000000e+04 3.833000000000000000e+03
2.800000000000000000e+04 3.824000000000000000e+03
2.850000000000000000e+04 3.474000000000000000e+03
2.900000000000000000e+04 3.327000000000000000e+03
2.950000000000000000e+04 3.109000000000000000e+03
3.000000000000000000e+04 2.869000000000000000e+03
3.050000000000000000e+04 2.839000000000000000e+03
3.100000000000000000e+04 2.615000000000000000e+03
3.150000000000000000e+04 2.529000000000000000e+03
3.200000000000000000e+04 2.336000000000000000e+03
3.250000000000000000e+04 2.355000000000000000e+03
3.300000000000000000e+04 2.274000000000000000e+03
3.350000000000000000e+04 2.205000000000000000e+03
3.400000000000000000e+04 2.201000000000000000e+03
3.450000000000000000e+04 2.142000000000000000e+03
3.500000000000000000e+04 2.105000000000000000e+03
3.550000000000000000e+04 2.234000000000000000e+03
3.600000000000000000e+04 2.262000000000000000e+03
3.650000000000000000e+04 2.218000000000000000e+03
3.700000000000000000e+04 2.397000000000000000e+03
3.750000000000000000e+04 2.511000000000000000e+03
3.800000000000000000e+04 2.527000000000000000e+03
3.850000000000000000e+04 2.677000000000000000e+03
3.900000000000000000e+04 2.869000000000000000e+03
3.950000000000000000e+04 3.026000000000000000e+03
4.000000000000000000e+04 3.329000000000000000e+03
4.050000000000000000e+04 3.508000000000000000e+03
4.100000000000000000e+04 3.561000000000000000e+03
4.150000000000000000e+04 3.672000000000000000e+03
4.200000000000000000e+04 3.974000000000000000e+03
4.250000000000000000e+04 3.985000000000000000e+03
4.300000000000000000e+04 4.368000000000000000e+03
4.350000000000000000e+04 4.444000000000000000e+03
4.400000000000000000e+04 4.821000000000000000e+03
4.450000000000000000e+04 5.016000000000000000e+03
4.500000000000000000e+04 5.464000000000000000e+03
4.550000000000000000e+04 5.536000000000000000e+03
4.600000000000000000e+04 5.656000000000000000e+03
4.650000000000000000e+04 5.914000000000000000e+03
4.700000000000000000e+04 6.017000000000000000e+03
4.750000000000000000e+04 6.057000000000000000e+03
4.800000000000000000e+04 6.297000000000000000e+03
4.850000000000000000e+04 6.453000000000000000e+03
4.900000000000000000e+04 6.853000000000000000e+03
4.950000000000000000e+04 6.911000000000000000e+03
5.000000000000000000e+04 6.989000000000000000e+03
5.050000000000000000e+04 7.171000000000000000e+03
5.100000000000000000e+04 7.055000000000000000e+03
5.150000000000000000e+04 7.440000000000000000e+03
5.200000000000000000e+04 7.489000000000000000e+03
5.250000000000000000e+04 7.449000000000000000e+03
5.300000000000000000e+04 7.613000000000000000e+03
5.350000000000000000e+04 7.631000000000000000e+03
5.400000000000000000e+04 7.929000000000000000e+03
5.450000000000000000e+04 7.801000000000000000e+03
5.500000000000000000e+04 7.886000000000000000e+03
5.550000000000000000e+04 7.848000000000000000e+03
5.600000000000000000e+04 8.021000000000000000e+03
5.650000000000000000e+04 7.826000000000000000e+03
5.700000000000000000e+04 8.101000000000000000e+03
5.750000000000000000e+04 8.035000000000000000e+03
5.800000000000000000e+04 7.989000000000000000e+03
5.850000000000000000e+04 8.162000000000000000e+03
5.900000000000000000e+04 8.160000000000000000e+03
5.950000000000000000e+04 8.246000000000000000e+03
6.000000000000000000e+04 8.114000000000000000e+03
6.050000000000000000e+04 8.057000000000000000e+03
6.100000000000000000e+04 7.898000000000000000e+03
6.150000000000000000e+04 7.922000000000000000e+03
6.200000000000000000e+04 7.956000000000000000e+03
6.250000000000000000e+04 8.190000000000000000e+03
6.300000000000000000e+04 8.010000000000000000e+03
6.350000000000000000e+04 8.024000000000000000e+03
6.400000000000000000e+04 7.947000000000000000e+03
6.450000000000000000e+04 7.830000000000000000e+03
6.500000000000000000e+04 7.751000000000000000e+03
6.550000000000000000e+04 7.600000000000000000e+03
6.600000000000000000e+04 7.600000000000000000e+03
6.650000000000000000e+04 7.393000000000000000e+03
6.700000000000000000e+04 7.569000000000000000e+03
6.750000000000000000e+04 7.398000000000000000e+03
6.800000000000000000e+04 7.207000000000000000e+03
6.850000000000000000e+04 7.290000000000000000e+03
6.900000000000000000e+04 6.980000000000000000e+03
6.950000000000000000e+04 6.832000000000000000e+03
7.000000000000000000e+04 6.812000000000000000e+03
7.050000000000000000e+04 6.552000000000000000e+03
7.100000000000000000e+04 6.336000000000000000e+03
7.150000000000000000e+04 6.493000000000000000e+03
7.200000000000000000e+04 6.115000000000000000e+03
7.250000000000000000e+04 6.044000000000000000e+03
7.300000000000000000e+04 5.660000000000000000e+03
7.350000000000000000e+04 5.505000000000000000e+03
7.400000000000000000e+04 5.454000000000000000e+03
7.450000000000000000e+04 5.138000000000000000e+03
7.500000000000000000e+04 4.911000000000000000e+03
7.550000000000000000e+04 4.686000000000000000e+03
7.600000000000000000e+04 4.633000000000000000e+03
7.650000000000000000e+04 4.254000000000000000e+03
7.700000000000000000e+04 4.024000000000000000e+03
7.750000000000000000e+04 4.127000000000000000e+03
7.800000000000000000e+04 3.685000000000000000e+03
7.850000000000000000e+04 3.390000000000000000e+03
7.900000000000000000e+04 3.338000000000000000e+03
7.950000000000000000e+04 3.104000000000000000e+03
8.000000000000000000e+04 2.962000000000000000e+03
8.050000000000000000e+04 2.834000000000000000e+03
8.100000000000000000e+04 2.702000000000000000e+03
8.150000000000000000e+04 2.519000000000000000e+03
8.200000000000000000e+04 2.477000000000000000e+03
8.250000000000000000e+04 2.315000000000000000e+03
8.300000000000000000e+04 2.301000000000000000e+03
8.350000000000000000e+04 2.134000000000000000e+03
8.400000000000000000e+04 2.113000000000000000e+03
8.450000000000000000e+04 2.194000000000000000e+03
8.500000000000000000e+04 2.215000000000000000e+03
8.550000000000000000e+04 2.057000000000000000e+03
8.600000000000000000e+04 2.267000000000000000e+03
8.650000000000000000e+04 2.320000000000000000e+03
8.700000000000000000e+04 2.358000000000000000e+03
8.750000000000000000e+04 2.517000000000000000e+03
8.800000000000000000e+04 2.533000000000000000e+03
8.850000000000000000e+04 2.527000000000000000e+03
8.900000000000000000e+04 2.785000000000000000e+03
8.950000000000000000e+04 2.950000000000000000e+03
9.000000000000000000e+04 3.166000000000000000e+03
9.050000000000000000e+04 3.386000000000000000e+03
9.100000000000000000e+04 3.641000000000000000e+03
9.150000000000000000e+04 3.875000000000000000e+03
9.200000000000000000e+04 3.942000000000000000e+03
9.250000000000000000e+04 4.150000000000000000e+03
9.300000000000000000e+04 4.402000000000000000e+03
9.350000000000000000e+04 4.635000000000000000e+03
9.400000000000000000e+04 4.888000000000000000e+03
9.450000000000000000e+04 5.073000000000000000e+03
9.500000000000000000e+04 5.310000000000000000e+03
9.550000000000000000e+04 5.542000000000000000e+03
9.600000000000000000e+04 5.698000000000000000e+03
9.650000000000000000e+04 5.835000000000000000e+03
9.700000000000000000e+04 5.957000000000000000e+03
9.750000000000000000e+04 6.289000000000000000e+03
9.800000000000000000e+04 6.320000000000000000e+03
9.850000000000000000e+04 6.559000000000000000e+03
9.900000000000000000e+04 6.581000000000000000e+03
9.950000000000000000e+04 6.979000000000000000e+03
