0.000000000000000000e+00 1.278000000000000000e+04
3.333000000000000000e+03 1.293800000000000000e+04
6.666000000000000000e+03 1.324200000000000000e+04
9.999000000000000000e+03 1.355100000000000000e+04
1.333200000000000000e+04 1.363200000000000000e+04
1.666500000000000000e+04 1.388300000000000000e+04
1.999800000000000000e+04 1.400900000000000000e+04
2.333100000000000000e+04 1.392100000000000000e+04
2.666400000000000000e+04 1.407400000000000000e+04
2.999700000000000000e+04 1.457200000000000000e+04
3.333000000000000000e+04 1.453300000000000000e+04
3.666300000000000000e+04 1.458300000000000000e+04
3.999600000000000000e+04 1.459700000000000000e+04
4.332900000000000000e+04 1.474700000000000000e+04
4.666200000000000000e+04 1.468000000000000000e+04
4.999500000000000000e+04 1.515000000000000000e+04
5.332800000000000000e+04 1.459800000000000000e+04
5.666100000000000000e+04 1.475100000000000000e+04
5.999400000000000000e+04 1.498900000000000000e+04
6.332700000000000000e+04 1.484100000000000000e+04
6.666000000000000000e+04 1.497900000000000000e+04
6.999300000000000000e+04 1.491200000000000000e+04
7.332600000000000000e+04 1.469400000000000000e+04
7.665900000000000000e+04 1.474300000000000000e+04
7.999200000000000000e+04 1.470700000000000000e+04
8.332500000000000000e+04 1.446900000000000000e+04
8.665800000000000000e+04 1.468700000000000000e+04
8.999100000000000000e+04 1.480500000000000000e+04
9.332400000000000000e+04 1.465300000000000000e+04
9.665700000000000000e+04 1.449400000000000000e+04
9.999000000000000000e+04 1.415500000000000000e+04
1.033230000000000000e+05 1.418700000000000000e+04
1.066560000000000000e+05 1.436500000000000000e+04
1.099890000000000000e+05 1.404200000000000000e+04
1.133220000000000000e+05 1.377500000000000000e+04
1.166550000000000000e+05 1.348300000000000000e+04
1.199880000000000000e+05 1.340000000000000000e+04
1.233210000000000000e+05 1.317700000000000000e+04
1.266540000000000000e+05 1.312500000000000000e+04
1.299870000000000000e+05 1.270400000000000000e+04
1.333200000000000000e+05 1.263600000000000000e+04
1.366530000000000000e+05 1.223300000000000000e+04
1.399860000000000000e+05 1.200500000000000000e+04
1.433190000000000000e+05 1.173400000000000000e+04
1.466520000000000000e+05 1.114600000000000000e+04
1.499850000000000000e+05 1.114100000000000000e+04
1.533180000000000000e+05 1.051900000000000000e+04
1.566510000000000000e+05 1.036500000000000000e+04
1.599840000000000000e+05 1.006800000000000000e+04
1.633170000000000000e+05 9.755000000000000000e+03
1.666500000000000000e+05 9.166000000000000000e+03
1.699830000000000000e+05 9.015000000000000000e+03
1.733160000000000000e+05 8.419000000000000000e+03
1.766490000000000000e+05 8.093000000000000000e+03
1.799820000000000000e+05 7.623000000000000000e+03
1.833150000000000000e+05 7.336000000000000000e+03
1.866480000000000000e+05 6.979000000000000000e+03
1.899810000000000000e+05 6.595000000000000000e+03
1.933140000000000000e+05 6.354000000000000000e+03
1.966470000000000000e+05 5.764000000000000000e+03
1.999800000000000000e+05 5.584000000000000000e+03
2.033130000000000000e+05 5.277000000000000000e+03
2.066460000000000000e+05 5.007000000000000000e+03
2.099790000000000000e+05 4.765000000000000000e+03
2.133120000000000000e+05 4.722000000000000000e+03
2.166450000000000000e+05 4.619000000000000000e+03
2.199780000000000000e+05 4.455000000000000000e+03
2.233110000000000000e+05 4.205000000000000000e+03
2.266440000000000000e+05 4.206000000000000000e+03
2.299770000000000000e+05 4.262000000000000000e+03
2.333100000000000000e+05 4.222000000000000000e+03
2.366430000000000000e+05 4.239000000000000000e+03
2.399760000000000000e+05 4.396000000000000000e+03
2.433090000000000000e+05 4.517000000000000000e+03
2.466420000000000000e+05 4.546000000000000000e+03
2.499750000000000000e+05 4.974000000000000000e+03
2.533080000000000000e+05 5.029000000000000000e+03
2.566410000000000000e+05 5.206000000000000000e+03
2.599740000000000000e+05 5.636000000000000000e+03
2.633070000000000000e+05 5.961000000000000000e+03
2.666400000000000000e+05 6.027000000000000000e+03
2.699730000000000000e+05 6.591000000000000000e+03
2.733060000000000000e+05 6.793000000000000000e+03
2.766390000000000000e+05 7.129000000000000000e+03
2.799720000000000000e+05 7.380000000000000000e+03
2.833050000000000000e+05 7.902000000000000000e+03
2.866380000000000000e+05 8.220000000000000000e+03
2.899710000000000000e+05 8.687000000000000000e+03
2.933040000000000000e+05 9.035000000000000000e+03
2.966370000000000000e+05 9.415000000000000000e+03
2.999700000000000000e+05 9.972000000000000000e+03
3.033030000000000000e+05 1.026000000000000000e+04
3.066360000000000000e+05 1.057800000000000000e+04
3.099690000000000000e+05 1.119600000000000000e+04
3.133020000000000000e+05 1.145900000000000000e+04
3.166350000000000000e+05 1.159500000000000000e+04
3.199680000000000000e+05 1.157900000000000000e+04
3.233010000000000000e+05 1.219900000000000000e+04
3.266340000000000000e+05 1.245400000000000000e+04
3.299670000000000000e+05 1.269600000000000000e+04
3.333000000000000000e+05 1.272800000000000000e+04
3.366330000000000000e+05 1.321000000000000000e+04
3.399660000000000000e+05 1.326400000000000000e+04
3.432990000000000000e+05 1.360700000000000000e+04
3.466320000000000000e+05 1.374300000000000000e+04
3.499650000000000000e+05 1.401600000000000000e+04
3.532980000000000000e+05 1.388300000000000000e+04
3.566310000000000000e+05 1.422000000000000000e+04
3.599640000000000000e+05 1.436000000000000000e+04
3.632970000000000000e+05 1.393900000000000000e+04
3.666300000000000000e+05 1.450900000000000000e+04
3.699630000000000000e+05 1.443900000000000000e+04
3.732960000000000000e+05 1.462100000000000000e+04
3.766290000000000000e+05 1.510800000000000000e+04
3.799620000000000000e+05 1.483000000000000000e+04
3.832950000000000000e+05 1.483500000000000000e+04
3.866280000000000000e+05 1.485200000000000000e+04
3.899610000000000000e+05 1.471300000000000000e+04
3.932940000000000000e+05 1.476600000000000000e+04
3.966270000000000000e+05 1.494100000000000000e+04
3.999600000000000000e+05 1.498400000000000000e+04
4.032930000000000000e+05 1.496600000000000000e+04
4.066260000000000000e+05 1.491100000000000000e+04
4.099590000000000000e+05 1.473600000000000000e+04
4.132920000000000000e+05 1.487400000000000000e+04
4.166250000000000000e+05 1.495400000000000000e+04
4.199580000000000000e+05 1.459500000000000000e+04
4.232910000000000000e+05 1.495600000000000000e+04
4.266240000000000000e+05 1.453000000000000000e+04
4.299570000000000000e+05 1.468500000000000000e+04
4.332900000000000000e+05 1.398500000000000000e+04
4.366230000000000000e+05 1.431500000000000000e+04
4.399560000000000000e+05 1.424700000000000000e+04
4.432890000000000000e+05 1.375500000000000000e+04
4.466220000000000000e+05 1.389600000000000000e+04
4.499550000000000000e+05 1.335900000000000000e+04
4.532880000000000000e+05 1.362800000000000000e+04
4.566210000000000000e+05 1.336100000000000000e+04
4.599540000000000000e+05 1.303900000000000000e+04
4.632870000000000000e+05 1.279300000000000000e+04
4.666200000000000000e+05 1.261200000000000000e+04
4.699530000000000000e+05 1.248100000000000000e+04
4.732860000000000000e+05 1.183800000000000000e+04
4.766190000000000000e+05 1.188900000000000000e+04
4.799520000000000000e+05 1.137200000000000000e+04
4.832850000000000000e+05 1.110700000000000000e+04
4.866180000000000000e+05 1.079200000000000000e+04
4.899510000000000000e+05 1.032000000000000000e+04
4.932840000000000000e+05 9.990000000000000000e+03
4.966170000000000000e+05 9.700000000000000000e+03
4.999500000000000000e+05 9.284000000000000000e+03
5.032830000000000000e+05 9.047000000000000000e+03
5.066160000000000000e+05 8.419000000000000000e+03
5.099490000000000000e+05 8.035000000000000000e+03
5.132820000000000000e+05 7.783000000000000000e+03
5.166150000000000000e+05 7.233000000000000000e+03
5.199480000000000000e+05 6.970000000000000000e+03
5.232810000000000000e+05 6.685000000000000000e+03
5.266140000000000000e+05 6.280000000000000000e+03
5.299470000000000000e+05 5.812000000000000000e+03
5.332800000000000000e+05 5.497000000000000000e+03
5.366130000000000000e+05 5.287000000000000000e+03
5.399460000000000000e+05 5.045000000000000000e+03
5.432790000000000000e+05 5.012000000000000000e+03
5.466120000000000000e+05 4.489000000000000000e+03
5.499450000000000000e+05 4.550000000000000000e+03
5.532780000000000000e+05 4.422000000000000000e+03
5.566110000000000000e+05 4.221000000000000000e+03
5.599440000000000000e+05 4.274000000000000000e+03
5.632770000000000000e+05 4.195000000000000000e+03
5.666100000000000000e+05 4.077000000000000000e+03
5.699430000000000000e+05 4.043000000000000000e+03
5.732760000000000000e+05 4.253000000000000000e+03
5.766090000000000000e+05 4.561000000000000000e+03
5.799420000000000000e+05 4.476000000000000000e+03
5.832750000000000000e+05 4.818000000000000000e+03
5.866080000000000000e+05 4.936000000000000000e+03
5.899410000000000000e+05 5.183000000000000000e+03
5.932740000000000000e+05 5.542000000000000000e+03
5.966070000000000000e+05 5.929000000000000000e+03
5.999400000000000000e+05 6.146000000000000000e+03
6.032730000000000000e+05 6.383000000000000000e+03
6.066060000000000000e+05 6.939000000000000000e+03
6.099390000000000000e+05 7.265000000000000000e+03
6.132720000000000000e+05 7.476000000000000000e+03
6.166050000000000000e+05 7.994000000000000000e+03
6.199380000000000000e+05 8.135000000000000000e+03
6.232710000000000000e+05 8.598000000000000000e+03
6.266040000000000000e+05 9.150000000000000000e+03
6.299370000000000000e+05 9.615000000000000000e+03
6.332700000000000000e+05 9.828000000000000000e+03
6.366030000000000000e+05 1.022400000000000000e+04
6.399360000000000000e+05 1.050700000000000000e+04
6.432690000000000000e+05 1.101900000000000000e+04
6.466020000000000000e+05 1.112200000000000000e+04
6.499350000000000000e+05 1.172400000000000000e+04
6.532680000000000000e+05 1.178600000000000000e+04
6.566010000000000000e+05 1.226200000000000000e+04
6.599340000000000000e+05 1.245300000000000000e+04
6.632670000000000000e+05 1.246700000000000000e+04
