0.000000000000000000e+00 6.133000000000000000e+03
1.000000000000000000e+02 6.348000000000000000e+03
2.000000000000000000e+02 6.490000000000000000e+03
3.000000000000000000e+02 6.676000000000000000e+03
4.000000000000000000e+02 6.594000000000000000e+03
5.000000000000000000e+02 6.641000000000000000e+03
6.000000000000000000e+02 6.920000000000000000e+03
7.000000000000000000e+02 6.988000000000000000e+03
8.000000000000000000e+02 6.898000000000000000e+03
9.000000000000000000e+02 7.122000000000000000e+03
1.000000000000000000e+03 7.222000000000000000e+03
1.100000000000000000e+03 7.211000000000000000e+03
1.200000000000000000e+03 7.145000000000000000e+03
1.300000000000000000e+03 7.257000000000000000e+03
1.400000000000000000e+03 7.172000000000000000e+03
1.500000000000000000e+03 7.257000000000000000e+03
1.600000000000000000e+03 7.185000000000000000e+03
1.700000000000000000e+03 7.209000000000000000e+03
1.800000000000000000e+03 7.215000000000000000e+03
1.900000000000000000e+03 7.491000000000000000e+03
2.000000000000000000e+03 7.355000000000000000e+03
2.100000000000000000e+03 7.350000000000000000e+03
2.200000000000000000e+03 7.252000000000000000e+03
2.300000000000000000e+03 7.369000000000000000e+03
2.400000000000000000e+03 7.190000000000000000e+03
2.500000000000000000e+03 7.223000000000000000e+03
2.600000000000000000e+03 7.139000000000000000e+03
2.700000000000000000e+03 6.927000000000000000e+03
2.800000000000000000e+03 7.019000000000000000e+03
2.900000000000000000e+03 7.021000000000000000e+03
3.000000000000000000e+03 6.924000000000000000e+03
3.100000000000000000e+03 6.872000000000000000e+03
3.200000000000000000e+03 6.915000000000000000e+03
3.300000000000000000e+03 6.862000000000000000e+03
3.400000000000000000e+03 6.599000000000000000e+03
3.500000000000000000e+03 6.782000000000000000e+03
3.600000000000000000e+03 6.388000000000000000e+03
3.700000000000000000e+03 6.296000000000000000e+03
3.800000000000000000e+03 6.327000000000000000e+03
3.900000000000000000e+03 6.083000000000000000e+03
4.000000000000000000e+03 6.165000000000000000e+03
4.100000000000000000e+03 6.116000000000000000e+03
4.200000000000000000e+03 5.800000000000000000e+03
4.300000000000000000e+03 5.674000000000000000e+03
4.400000000000000000e+03 5.742000000000000000e+03
4.500000000000000000e+03 5.496000000000000000e+03
4.600000000000000000e+03 5.302000000000000000e+03
4.700000000000000000e+03 5.106000000000000000e+03
4.800000000000000000e+03 5.091000000000000000e+03
4.900000000000000000e+03 4.853000000000000000e+03
5.000000000000000000e+03 4.641000000000000000e+03
5.100000000000000000e+03 4.333000000000000000e+03
5.200000000000000000e+03 4.143000000000000000e+03
5.300000000000000000e+03 3.866000000000000000e+03
5.400000000000000000e+03 3.817000000000000000e+03
5.500000000000000000e+03 3.504000000000000000e+03
5.600000000000000000e+03 3.436000000000000000e+03
5.700000000000000000e+03 3.203000000000000000e+03
5.800000000000000000e+03 3.083000000000000000e+03
5.900000000000000000e+03 2.828000000000000000e+03
6.000000000000000000e+03 2.812000000000000000e+03
6.100000000000000000e+03 2.607000000000000000e+03
6.200000000000000000e+03 2.486000000000000000e+03
6.300000000000000000e+03 2.474000000000000000e+03
6.400000000000000000e+03 2.351000000000000000e+03
6.500000000000000000e+03 2.176000000000000000e+03
6.600000000000000000e+03 2.208000000000000000e+03
6.700000000000000000e+03 2.107000000000000000e+03
6.800000000000000000e+03 2.079000000000000000e+03
6.900000000000000000e+03 2.150000000000000000e+03
7.000000000000000000e+03 1.941000000000000000e+03
7.100000000000000000e+03 1.920000000000000000e+03
7.200000000000000000e+03 2.007000000000000000e+03
7.300000000000000000e+03 2.086000000000000000e+03
7.400000000000000000e+03 2.146000000000000000e+03
7.500000000000000000e+03 2.104000000000000000e+03
7.600000000000000000e+03 2.167000000000000000e+03
7.700000000000000000e+03 2.373000000000000000e+03
7.800000000000000000e+03 2.493000000000000000e+03
7.900000000000000000e+03 2.579000000000000000e+03
8.000000000000000000e+03 2.818000000000000000e+03
8.100000000000000000e+03 2.953000000000000000e+03
8.200000000000000000e+03 3.070000000000000000e+03
8.300000000000000000e+03 3.242000000000000000e+03
8.400000000000000000e+03 3.444000000000000000e+03
8.500000000000000000e+03 3.745000000000000000e+03
8.600000000000000000e+03 3.884000000000000000e+03
8.700000000000000000e+03 4.120000000000000000e+03
8.800000000000000000e+03 4.347000000000000000e+03
8.900000000000000000e+03 4.512000000000000000e+03
9.000000000000000000e+03 4.560000000000000000e+03
9.100000000000000000e+03 4.706000000000000000e+03
9.200000000000000000e+03 5.076000000000000000e+03
9.300000000000000000e+03 5.114000000000000000e+03
9.400000000000000000e+03 5.382000000000000000e+03
9.500000000000000000e+03 5.467000000000000000e+03
9.600000000000000000e+03 5.636000000000000000e+03
9.700000000000000000e+03 5.655000000000000000e+03
9.800000000000000000e+03 5.850000000000000000e+03
9.900000000000000000e+03 6.080000000000000000e+03
1.000000000000000000e+04 6.230000000000000000e+03
1.010000000000000000e+04 6.549000000000000000e+03
1.020000000000000000e+04 6.401000000000000000e+03
1.030000000000000000e+04 6.661000000000000000e+03
1.040000000000000000e+04 6.551000000000000000e+03
1.050000000000000000e+04 6.828000000000000000e+03
1.060000000000000000e+04 6.769000000000000000e+03
1.070000000000000000e+04 6.972000000000000000e+03
1.080000000000000000e+04 6.815000000000000000e+03
1.090000000000000000e+04 6.984000000000000000e+03
1.100000000000000000e+04 7.080000000000000000e+03
1.110000000000000000e+04 7.127000000000000000e+03
1.120000000000000000e+04 7.183000000000000000e+03
1.130000000000000000e+04 7.126000000000000000e+03
1.140000000000000000e+04 7.249000000000000000e+03
1.150000000000000000e+04 7.161000000000000000e+03
1.160000000000000000e+04 7.190000000000000000e+03
1.170000000000000000e+04 7.182000000000000000e+03
1.180000000000000000e+04 7.228000000000000000e+03
1.190000000000000000e+04 7.233000000000000000e+03
1.200000000000000000e+04 7.221000000000000000e+03
1.210000000000000000e+04 7.050000000000000000e+03
1.220000000000000000e+04 7.239000000000000000e+03
1.230000000000000000e+04 7.336000000000000000e+03
1.240000000000000000e+04 7.276000000000000000e+03
1.250000000000000000e+04 7.219000000000000000e+03
1.260000000000000000e+04 7.433000000000000000e+03
1.270000000000000000e+04 7.016000000000000000e+03
1.280000000000000000e+04 7.103000000000000000e+03
1.290000000000000000e+04 6.998000000000000000e+03
1.300000000000000000e+04 6.955000000000000000e+03
1.310000000000000000e+04 6.948000000000000000e+03
1.320000000000000000e+04 6.877000000000000000e+03
1.330000000000000000e+04 6.726000000000000000e+03
1.340000000000000000e+04 6.644000000000000000e+03
1.350000000000000000e+04 6.526000000000000000e+03
1.360000000000000000e+04 6.491000000000000000e+03
1.370000000000000000e+04 6.336000000000000000e+03
1.380000000000000000e+04 6.389000000000000000e+03
1.390000000000000000e+04 6.233000000000000000e+03
1.400000000000000000e+04 6.224000000000000000e+03
1.410000000000000000e+04 5.918000000000000000e+03
1.420000000000000000e+04 5.775000000000000000e+03
1.430000000000000000e+04 5.751000000000000000e+03
1.440000000000000000e+04 5.783000000000000000e+03
1.450000000000000000e+04 5.387000000000000000e+03
1.460000000000000000e+04 5.291000000000000000e+03
1.470000000000000000e+04 5.047000000000000000e+03
1.480000000000000000e+04 4.888000000000000000e+03
1.490000000000000000e+04 4.878000000000000000e+03
1.500000000000000000e+04 4.718000000000000000e+03
1.510000000000000000e+04 4.306000000000000000e+03
1.520000000000000000e+04 4.129000000000000000e+03
1.530000000000000000e+04 3.996000000000000000e+03
1.540000000000000000e+04 3.795000000000000000e+03
1.550000000000000000e+04 3.767000000000000000e+03
1.560000000000000000e+04 3.453000000000000000e+03
1.570000000000000000e+04 3.311000000000000000e+03
1.580000000000000000e+04 2.989000000000000000e+03
1.590000000000000000e+04 2.995000000000000000e+03
1.600000000000000000e+04 2.795000000000000000e+03
1.610000000000000000e+04 2.609000000000000000e+03
1.620000000000000000e+04 2.560000000000000000e+03
1.630000000000000000e+04 2.377000000000000000e+03
1.640000000000000000e+04 2.363000000000000000e+03
1.650000000000000000e+04 2.247000000000000000e+03
1.660000000000000000e+04 2.195000000000000000e+03
1.670000000000000000e+04 2.115000000000000000e+03
1.680000000000000000e+04 2.019000000000000000e+03
1.690000000000000000e+04 2.098000000000000000e+03
1.700000000000000000e+04 2.003000000000000000e+03
1.710000000000000000e+04 2.033000000000000000e+03
1.720000000000000000e+04 2.032000000000000000e+03
1.730000000000000000e+04 2.088000000000000000e+03
1.740000000000000000e+04 2.122000000000000000e+03
1.750000000000000000e+04 2.059000000000000000e+03
1.760000000000000000e+04 2.313000000000000000e+03
1.770000000000000000e+04 2.341000000000000000e+03
1.780000000000000000e+04 2.491000000000000000e+03
1.790000000000000000e+04 2.583000000000000000e+03
1.800000000000000000e+04 2.730000000000000000e+03
1.810000000000000000e+04 2.944000000000000000e+03
1.820000000000000000e+04 3.029000000000000000e+03
1.830000000000000000e+04 3.253000000000000000e+03
1.840000000000000000e+04 3.520000000000000000e+03
1.850000000000000000e+04 3.570000000000000000e+03
1.860000000000000000e+04 3.946000000000000000e+03
1.870000000000000000e+04 4.079000000000000000e+03
1.880000000000000000e+04 4.270000000000000000e+03
1.890000000000000000e+04 4.257000000000000000e+03
1.900000000000000000e+04 4.557000000000000000e+03
1.910000000000000000e+04 4.676000000000000000e+03
1.920000000000000000e+04 4.982000000000000000e+03
1.930000000000000000e+04 5.110000000000000000e+03
1.940000000000000000e+04 5.321000000000000000e+03
1.950000000000000000e+04 5.384000000000000000e+03
1.960000000000000000e+04 5.762000000000000000e+03
1.970000000000000000e+04 5.732000000000000000e+03
1.980000000000000000e+04 5.775000000000000000e+03
1.990000000000000000e+04 6.040000000000000000e+03
