0.000000000000000000e+00 6.060000000000000000e+03
3.300000000000000000e+01 6.147000000000000000e+03
6.600000000000000000e+01 6.439000000000000000e+03
9.900000000000000000e+01 6.580000000000000000e+03
1.320000000000000000e+02 6.580000000000000000e+03
1.650000000000000000e+02 6.690000000000000000e+03
1.980000000000000000e+02 6.740000000000000000e+03
2.310000000000000000e+02 6.894000000000000000e+03
2.640000000000000000e+02 6.861000000000000000e+03
2.970000000000000000e+02 6.920000000000000000e+03
3.300000000000000000e+02 7.030000000000000000e+03
3.630000000000000000e+02 7.111000000000000000e+03
3.960000000000000000e+02 7.165000000000000000e+03
4.290000000000000000e+02 7.255000000000000000e+03
4.620000000000000000e+02 7.110000000000000000e+03
4.950000000000000000e+02 7.365000000000000000e+03
5.280000000000000000e+02 7.429000000000000000e+03
5.610000000000000000e+02 7.364000000000000000e+03
5.940000000000000000e+02 7.486000000000000000e+03
6.270000000000000000e+02 7.172000000000000000e+03
6.600000000000000000e+02 7.361000000000000000e+03
6.930000000000000000e+02 7.395000000000000000e+03
7.260000000000000000e+02 7.348000000000000000e+03
7.590000000000000000e+02 7.430000000000000000e+03
7.920000000000000000e+02 7.487000000000000000e+03
8.250000000000000000e+02 7.343000000000000000e+03
8.580000000000000000e+02 7.209000000000000000e+03
8.910000000000000000e+02 7.377000000000000000e+03
9.240000000000000000e+02 7.380000000000000000e+03
9.570000000000000000e+02 7.314000000000000000e+03
9.900000000000000000e+02 7.131000000000000000e+03
1.023000000000000000e+03 7.169000000000000000e+03
1.056000000000000000e+03 7.224000000000000000e+03
1.089000000000000000e+03 6.868000000000000000e+03
1.122000000000000000e+03 7.065000000000000000e+03
1.155000000000000000e+03 6.905000000000000000e+03
1.188000000000000000e+03 6.865000000000000000e+03
1.221000000000000000e+03 6.834000000000000000e+03
1.254000000000000000e+03 6.902000000000000000e+03
1.287000000000000000e+03 6.540000000000000000e+03
1.320000000000000000e+03 6.469000000000000000e+03
1.353000000000000000e+03 6.251000000000000000e+03
1.386000000000000000e+03 6.225000000000000000e+03
1.419000000000000000e+03 6.259000000000000000e+03
1.452000000000000000e+03 5.926000000000000000e+03
1.485000000000000000e+03 5.899000000000000000e+03
1.518000000000000000e+03 5.696000000000000000e+03
1.551000000000000000e+03 5.567000000000000000e+03
1.584000000000000000e+03 5.394000000000000000e+03
1.617000000000000000e+03 5.187000000000000000e+03
1.650000000000000000e+03 4.981000000000000000e+03
1.683000000000000000e+03 4.814000000000000000e+03
1.716000000000000000e+03 4.736000000000000000e+03
1.749000000000000000e+03 4.342000000000000000e+03
1.782000000000000000e+03 4.330000000000000000e+03
1.815000000000000000e+03 4.089000000000000000e+03
1.848000000000000000e+03 3.948000000000000000e+03
1.881000000000000000e+03 3.851000000000000000e+03
1.914000000000000000e+03 3.557000000000000000e+03
1.947000000000000000e+03 3.397000000000000000e+03
1.980000000000000000e+03 3.159000000000000000e+03
2.013000000000000000e+03 3.292000000000000000e+03
2.046000000000000000e+03 3.047000000000000000e+03
2.079000000000000000e+03 2.993000000000000000e+03
2.112000000000000000e+03 2.697000000000000000e+03
2.145000000000000000e+03 2.600000000000000000e+03
2.178000000000000000e+03 2.512000000000000000e+03
2.211000000000000000e+03 2.435000000000000000e+03
2.244000000000000000e+03 2.334000000000000000e+03
2.277000000000000000e+03 2.253000000000000000e+03
2.310000000000000000e+03 2.229000000000000000e+03
2.343000000000000000e+03 2.128000000000000000e+03
2.376000000000000000e+03 2.088000000000000000e+03
2.409000000000000000e+03 2.069000000000000000e+03
2.442000000000000000e+03 2.081000000000000000e+03
2.475000000000000000e+03 2.082000000000000000e+03
2.508000000000000000e+03 2.171000000000000000e+03
2.541000000000000000e+03 2.189000000000000000e+03
2.574000000000000000e+03 2.273000000000000000e+03
2.607000000000000000e+03 2.297000000000000000e+03
2.640000000000000000e+03 2.423000000000000000e+03
2.673000000000000000e+03 2.438000000000000000e+03
2.706000000000000000e+03 2.619000000000000000e+03
2.739000000000000000e+03 2.688000000000000000e+03
2.772000000000000000e+03 2.940000000000000000e+03
2.805000000000000000e+03 3.040000000000000000e+03
2.838000000000000000e+03 3.262000000000000000e+03
2.871000000000000000e+03 3.360000000000000000e+03
2.904000000000000000e+03 3.561000000000000000e+03
2.937000000000000000e+03 3.888000000000000000e+03
2.970000000000000000e+03 4.005000000000000000e+03
3.003000000000000000e+03 4.193000000000000000e+03
3.036000000000000000e+03 4.415000000000000000e+03
3.069000000000000000e+03 4.670000000000000000e+03
3.102000000000000000e+03 4.873000000000000000e+03
3.135000000000000000e+03 4.953000000000000000e+03
3.168000000000000000e+03 5.206000000000000000e+03
3.201000000000000000e+03 5.421000000000000000e+03
3.234000000000000000e+03 5.481000000000000000e+03
3.267000000000000000e+03 5.693000000000000000e+03
3.300000000000000000e+03 5.920000000000000000e+03
3.333000000000000000e+03 6.093000000000000000e+03
3.366000000000000000e+03 6.244000000000000000e+03
3.399000000000000000e+03 6.256000000000000000e+03
3.432000000000000000e+03 6.368000000000000000e+03
3.465000000000000000e+03 6.541000000000000000e+03
3.498000000000000000e+03 6.711000000000000000e+03
3.531000000000000000e+03 6.767000000000000000e+03
3.564000000000000000e+03 6.954000000000000000e+03
3.597000000000000000e+03 6.904000000000000000e+03
3.630000000000000000e+03 6.975000000000000000e+03
3.663000000000000000e+03 7.065000000000000000e+03
3.696000000000000000e+03 7.205000000000000000e+03
3.729000000000000000e+03 7.227000000000000000e+03
3.762000000000000000e+03 7.170000000000000000e+03
3.795000000000000000e+03 7.360000000000000000e+03
3.828000000000000000e+03 7.402000000000000000e+03
3.861000000000000000e+03 7.240000000000000000e+03
3.894000000000000000e+03 7.548000000000000000e+03
3.927000000000000000e+03 7.379000000000000000e+03
3.960000000000000000e+03 7.388000000000000000e+03
3.993000000000000000e+03 7.525000000000000000e+03
4.026000000000000000e+03 7.433000000000000000e+03
4.059000000000000000e+03 7.368000000000000000e+03
4.092000000000000000e+03 7.474000000000000000e+03
4.125000000000000000e+03 7.279000000000000000e+03
4.158000000000000000e+03 7.517000000000000000e+03
4.191000000000000000e+03 7.472000000000000000e+03
4.224000000000000000e+03 7.182000000000000000e+03
4.257000000000000000e+03 7.188000000000000000e+03
4.290000000000000000e+03 7.281000000000000000e+03
4.323000000000000000e+03 7.258000000000000000e+03
4.356000000000000000e+03 7.122000000000000000e+03
4.389000000000000000e+03 7.217000000000000000e+03
4.422000000000000000e+03 7.261000000000000000e+03
4.455000000000000000e+03 6.890000000000000000e+03
4.488000000000000000e+03 6.879000000000000000e+03
4.521000000000000000e+03 7.070000000000000000e+03
4.554000000000000000e+03 6.762000000000000000e+03
4.587000000000000000e+03 6.708000000000000000e+03
4.620000000000000000e+03 6.610000000000000000e+03
4.653000000000000000e+03 6.470000000000000000e+03
4.686000000000000000e+03 6.360000000000000000e+03
4.719000000000000000e+03 6.292000000000000000e+03
4.752000000000000000e+03 6.056000000000000000e+03
4.785000000000000000e+03 5.903000000000000000e+03
4.818000000000000000e+03 5.779000000000000000e+03
4.851000000000000000e+03 5.704000000000000000e+03
4.884000000000000000e+03 5.600000000000000000e+03
4.917000000000000000e+03 5.161000000000000000e+03
4.950000000000000000e+03 5.185000000000000000e+03
4.983000000000000000e+03 4.841000000000000000e+03
5.016000000000000000e+03 4.708000000000000000e+03
5.049000000000000000e+03 4.526000000000000000e+03
5.082000000000000000e+03 4.345000000000000000e+03
5.115000000000000000e+03 4.286000000000000000e+03
5.148000000000000000e+03 4.244000000000000000e+03
5.181000000000000000e+03 3.951000000000000000e+03
5.214000000000000000e+03 3.771000000000000000e+03
5.247000000000000000e+03 3.602000000000000000e+03
5.280000000000000000e+03 3.527000000000000000e+03
5.313000000000000000e+03 3.207000000000000000e+03
5.346000000000000000e+03 3.137000000000000000e+03
5.379000000000000000e+03 3.008000000000000000e+03
5.412000000000000000e+03 2.911000000000000000e+03
5.445000000000000000e+03 2.789000000000000000e+03
5.478000000000000000e+03 2.591000000000000000e+03
5.511000000000000000e+03 2.480000000000000000e+03
5.544000000000000000e+03 2.460000000000000000e+03
5.577000000000000000e+03 2.391000000000000000e+03
5.610000000000000000e+03 2.270000000000000000e+03
5.643000000000000000e+03 2.175000000000000000e+03
5.676000000000000000e+03 2.239000000000000000e+03
5.709000000000000000e+03 2.128000000000000000e+03
5.742000000000000000e+03 2.179000000000000000e+03
5.775000000000000000e+03 2.079000000000000000e+03
5.808000000000000000e+03 2.063000000000000000e+03
5.841000000000000000e+03 2.147000000000000000e+03
5.874000000000000000e+03 2.157000000000000000e+03
5.907000000000000000e+03 2.236000000000000000e+03
5.940000000000000000e+03 2.386000000000000000e+03
5.973000000000000000e+03 2.364000000000000000e+03
6.006000000000000000e+03 2.487000000000000000e+03
6.039000000000000000e+03 2.605000000000000000e+03
6.072000000000000000e+03 2.783000000000000000e+03
6.105000000000000000e+03 2.963000000000000000e+03
6.138000000000000000e+03 2.922000000000000000e+03
6.171000000000000000e+03 3.246000000000000000e+03
6.204000000000000000e+03 3.544000000000000000e+03
6.237000000000000000e+03 3.675000000000000000e+03
6.270000000000000000e+03 3.842000000000000000e+03
6.303000000000000000e+03 3.997000000000000000e+03
6.336000000000000000e+03 4.118000000000000000e+03
6.369000000000000000e+03 4.510000000000000000e+03
6.402000000000000000e+03 4.717000000000000000e+03
6.435000000000000000e+03 4.713000000000000000e+03
6.468000000000000000e+03 5.175000000000000000e+03
6.501000000000000000e+03 5.187000000000000000e+03
6.534000000000000000e+03 5.419000000000000000e+03
6.567000000000000000e+03 5.615000000000000000e+03
6.600000000000000000e+03 5.853000000000000000e+03
6.633000000000000000e+03 6.042000000000000000e+03
