0.000000000000000000e+00 3.743000000000000000e+03
5.000000000000000000e+01 3.842000000000000000e+03
1.000000000000000000e+02 4.124000000000000000e+03
1.500000000000000000e+02 3.991000000000000000e+03
2.000000000000000000e+02 4.246000000000000000e+03
2.500000000000000000e+02 4.196000000000000000e+03
3.000000000000000000e+02 4.118000000000000000e+03
3.500000000000000000e+02 4.392000000000000000e+03
4.000000000000000000e+02 4.383000000000000000e+03
4.500000000000000000e+02 4.371000000000000000e+03
5.000000000000000000e+02 4.435000000000000000e+03
5.500000000000000000e+02 4.499000000000000000e+03
6.000000000000000000e+02 4.487000000000000000e+03
6.500000000000000000e+02 4.544000000000000000e+03
7.000000000000000000e+02 4.605000000000000000e+03
7.500000000000000000e+02 4.439000000000000000e+03
8.000000000000000000e+02 4.626000000000000000e+03
8.500000000000000000e+02 4.596000000000000000e+03
9.000000000000000000e+02 4.540000000000000000e+03
9.500000000000000000e+02 4.653000000000000000e+03
1.000000000000000000e+03 4.612000000000000000e+03
1.050000000000000000e+03 4.657000000000000000e+03
1.100000000000000000e+03 4.722000000000000000e+03
1.150000000000000000e+03 4.598000000000000000e+03
1.200000000000000000e+03 4.606000000000000000e+03
1.250000000000000000e+03 4.523000000000000000e+03
1.300000000000000000e+03 4.543000000000000000e+03
1.350000000000000000e+03 4.652000000000000000e+03
1.400000000000000000e+03 4.516000000000000000e+03
1.450000000000000000e+03 4.516000000000000000e+03
1.500000000000000000e+03 4.528000000000000000e+03
1.550000000000000000e+03 4.312000000000000000e+03
1.600000000000000000e+03 4.410000000000000000e+03
1.650000000000000000e+03 4.232000000000000000e+03
1.700000000000000000e+03 4.356000000000000000e+03
1.750000000000000000e+03 4.193000000000000000e+03
1.800000000000000000e+03 4.274000000000000000e+03
1.850000000000000000e+03 4.128000000000000000e+03
1.900000000000000000e+03 3.922000000000000000e+03
1.950000000000000000e+03 3.993000000000000000e+03
2.000000000000000000e+03 3.854000000000000000e+03
2.050000000000000000e+03 3.798000000000000000e+03
2.100000000000000000e+03 3.655000000000000000e+03
2.150000000000000000e+03 3.734000000000000000e+03
2.200000000000000000e+03 3.494000000000000000e+03
2.250000000000000000e+03 3.446000000000000000e+03
2.300000000000000000e+03 3.214000000000000000e+03
2.350000000000000000e+03 3.266000000000000000e+03
2.400000000000000000e+03 2.998000000000000000e+03
2.450000000000000000e+03 2.937000000000000000e+03
2.500000000000000000e+03 2.787000000000000000e+03
2.550000000000000000e+03 2.618000000000000000e+03
2.600000000000000000e+03 2.696000000000000000e+03
2.650000000000000000e+03 2.482000000000000000e+03
2.700000000000000000e+03 2.422000000000000000e+03
2.750000000000000000e+03 2.232000000000000000e+03
2.800000000000000000e+03 2.256000000000000000e+03
2.850000000000000000e+03 2.081000000000000000e+03
2.900000000000000000e+03 1.937000000000000000e+03
2.950000000000000000e+03 1.898000000000000000e+03
3.000000000000000000e+03 1.738000000000000000e+03
3.050000000000000000e+03 1.715000000000000000e+03
3.100000000000000000e+03 1.601000000000000000e+03
3.150000000000000000e+03 1.510000000000000000e+03
3.200000000000000000e+03 1.458000000000000000e+03
3.250000000000000000e+03 1.291000000000000000e+03
3.300000000000000000e+03 1.272000000000000000e+03
3.350000000000000000e+03 1.267000000000000000e+03
3.400000000000000000e+03 1.125000000000000000e+03
3.450000000000000000e+03 1.194000000000000000e+03
3.500000000000000000e+03 1.136000000000000000e+03
3.550000000000000000e+03 1.159000000000000000e+03
3.600000000000000000e+03 1.068000000000000000e+03
3.650000000000000000e+03 1.110000000000000000e+03
3.700000000000000000e+03 1.124000000000000000e+03
3.750000000000000000e+03 1.169000000000000000e+03
3.800000000000000000e+03 1.128000000000000000e+03
3.850000000000000000e+03 1.149000000000000000e+03
3.900000000000000000e+03 1.188000000000000000e+03
3.950000000000000000e+03 1.275000000000000000e+03
4.000000000000000000e+03 1.365000000000000000e+03
4.050000000000000000e+03 1.452000000000000000e+03
4.100000000000000000e+03 1.500000000000000000e+03
4.150000000000000000e+03 1.645000000000000000e+03
4.200000000000000000e+03 1.807000000000000000e+03
4.250000000000000000e+03 1.887000000000000000e+03
4.300000000000000000e+03 2.014000000000000000e+03
4.350000000000000000e+03 2.106000000000000000e+03
4.400000000000000000e+03 2.159000000000000000e+03
4.450000000000000000e+03 2.396000000000000000e+03
4.500000000000000000e+03 2.512000000000000000e+03
4.550000000000000000e+03 2.586000000000000000e+03
4.600000000000000000e+03 2.854000000000000000e+03
4.650000000000000000e+03 2.953000000000000000e+03
4.700000000000000000e+03 3.102000000000000000e+03
4.750000000000000000e+03 3.188000000000000000e+03
4.800000000000000000e+03 3.421000000000000000e+03
4.850000000000000000e+03 3.493000000000000000e+03
4.900000000000000000e+03 3.528000000000000000e+03
4.950000000000000000e+03 3.801000000000000000e+03
5.000000000000000000e+03 3.722000000000000000e+03
5.050000000000000000e+03 3.833000000000000000e+03
5.100000000000000000e+03 3.992000000000000000e+03
5.150000000000000000e+03 4.111000000000000000e+03
5.200000000000000000e+03 4.180000000000000000e+03
5.250000000000000000e+03 4.088000000000000000e+03
5.300000000000000000e+03 4.256000000000000000e+03
5.350000000000000000e+03 4.361000000000000000e+03
5.400000000000000000e+03 4.305000000000000000e+03
5.450000000000000000e+03 4.321000000000000000e+03
5.500000000000000000e+03 4.529000000000000000e+03
5.550000000000000000e+03 4.448000000000000000e+03
5.600000000000000000e+03 4.357000000000000000e+03
5.650000000000000000e+03 4.515000000000000000e+03
5.700000000000000000e+03 4.613000000000000000e+03
5.750000000000000000e+03 4.540000000000000000e+03
5.800000000000000000e+03 4.642000000000000000e+03
5.850000000000000000e+03 4.591000000000000000e+03
5.900000000000000000e+03 4.669000000000000000e+03
5.950000000000000000e+03 4.667000000000000000e+03
6.000000000000000000e+03 4.670000000000000000e+03
6.050000000000000000e+03 4.742000000000000000e+03
6.100000000000000000e+03 4.619000000000000000e+03
6.150000000000000000e+03 4.610000000000000000e+03
6.200000000000000000e+03 4.736000000000000000e+03
6.250000000000000000e+03 4.599000000000000000e+03
6.300000000000000000e+03 4.620000000000000000e+03
6.350000000000000000e+03 4.548000000000000000e+03
6.400000000000000000e+03 4.416000000000000000e+03
6.450000000000000000e+03 4.399000000000000000e+03
6.500000000000000000e+03 4.498000000000000000e+03
6.550000000000000000e+03 4.418000000000000000e+03
6.600000000000000000e+03 4.406000000000000000e+03
6.650000000000000000e+03 4.337000000000000000e+03
6.700000000000000000e+03 4.262000000000000000e+03
6.750000000000000000e+03 4.229000000000000000e+03
6.800000000000000000e+03 4.151000000000000000e+03
6.850000000000000000e+03 4.138000000000000000e+03
6.900000000000000000e+03 4.079000000000000000e+03
6.950000000000000000e+03 3.920000000000000000e+03
7.000000000000000000e+03 3.876000000000000000e+03
7.050000000000000000e+03 3.778000000000000000e+03
7.100000000000000000e+03 3.814000000000000000e+03
7.150000000000000000e+03 3.646000000000000000e+03
7.200000000000000000e+03 3.456000000000000000e+03
7.250000000000000000e+03 3.366000000000000000e+03
7.300000000000000000e+03 3.241000000000000000e+03
7.350000000000000000e+03 3.208000000000000000e+03
7.400000000000000000e+03 3.177000000000000000e+03
7.450000000000000000e+03 3.035000000000000000e+03
7.500000000000000000e+03 2.827000000000000000e+03
7.550000000000000000e+03 2.640000000000000000e+03
7.600000000000000000e+03 2.622000000000000000e+03
7.650000000000000000e+03 2.516000000000000000e+03
7.700000000000000000e+03 2.453000000000000000e+03
7.750000000000000000e+03 2.247000000000000000e+03
7.800000000000000000e+03 2.218000000000000000e+03
7.850000000000000000e+03 1.906000000000000000e+03
7.900000000000000000e+03 1.967000000000000000e+03
7.950000000000000000e+03 1.994000000000000000e+03
8.000000000000000000e+03 1.755000000000000000e+03
8.050000000000000000e+03 1.684000000000000000e+03
8.100000000000000000e+03 1.593000000000000000e+03
8.150000000000000000e+03 1.434000000000000000e+03
8.200000000000000000e+03 1.414000000000000000e+03
8.250000000000000000e+03 1.344000000000000000e+03
8.300000000000000000e+03 1.313000000000000000e+03
8.350000000000000000e+03 1.215000000000000000e+03
8.400000000000000000e+03 1.181000000000000000e+03
8.450000000000000000e+03 1.142000000000000000e+03
8.500000000000000000e+03 1.105000000000000000e+03
8.550000000000000000e+03 1.123000000000000000e+03
8.600000000000000000e+03 1.073000000000000000e+03
8.650000000000000000e+03 1.154000000000000000e+03
8.700000000000000000e+03 1.091000000000000000e+03
8.750000000000000000e+03 1.121000000000000000e+03
8.800000000000000000e+03 1.186000000000000000e+03
8.850000000000000000e+03 1.261000000000000000e+03
8.900000000000000000e+03 1.228000000000000000e+03
8.950000000000000000e+03 1.285000000000000000e+03
9.000000000000000000e+03 1.379000000000000000e+03
9.050000000000000000e+03 1.421000000000000000e+03
9.100000000000000000e+03 1.547000000000000000e+03
9.150000000000000000e+03 1.594000000000000000e+03
9.200000000000000000e+03 1.724000000000000000e+03
9.250000000000000000e+03 1.862000000000000000e+03
9.300000000000000000e+03 1.936000000000000000e+03
9.350000000000000000e+03 2.073000000000000000e+03
9.400000000000000000e+03 2.304000000000000000e+03
9.450000000000000000e+03 2.308000000000000000e+03
9.500000000000000000e+03 2.553000000000000000e+03
9.550000000000000000e+03 2.870000000000000000e+03
9.600000000000000000e+03 2.814000000000000000e+03
9.650000000000000000e+03 2.914000000000000000e+03
9.700000000000000000e+03 3.027000000000000000e+03
9.750000000000000000e+03 3.297000000000000000e+03
9.800000000000000000e+03 3.214000000000000000e+03
9.850000000000000000e+03 3.464000000000000000e+03
9.900000000000000000e+03 3.603000000000000000e+03
9.950000000000000000e+03 3.675000000000000000e+03
