0.000000000000000000e+00 3.881000000000000000e+03
1.400000000000000000e+01 4.070000000000000000e+03
2.800000000000000000e+01 4.431000000000000000e+03
4.200000000000000000e+01 4.360000000000000000e+03
5.600000000000000000e+01 4.450000000000000000e+03
7.000000000000000000e+01 4.567000000000000000e+03
8.400000000000000000e+01 4.729000000000000000e+03
9.800000000000000000e+01 4.782000000000000000e+03
1.120000000000000000e+02 4.868000000000000000e+03
1.260000000000000000e+02 4.896000000000000000e+03
1.400000000000000000e+02 4.918000000000000000e+03
1.540000000000000000e+02 4.983000000000000000e+03
1.680000000000000000e+02 5.144000000000000000e+03
1.820000000000000000e+02 5.126000000000000000e+03
1.960000000000000000e+02 5.338000000000000000e+03
2.100000000000000000e+02 5.258000000000000000e+03
2.240000000000000000e+02 5.288000000000000000e+03
2.380000000000000000e+02 5.317000000000000000e+03
2.520000000000000000e+02 5.412000000000000000e+03
2.660000000000000000e+02 5.427000000000000000e+03
2.800000000000000000e+02 5.281000000000000000e+03
2.940000000000000000e+02 5.321000000000000000e+03
3.080000000000000000e+02 5.435000000000000000e+03
3.220000000000000000e+02 5.460000000000000000e+03
3.360000000000000000e+02 5.421000000000000000e+03
3.500000000000000000e+02 5.434000000000000000e+03
3.640000000000000000e+02 5.508000000000000000e+03
3.780000000000000000e+02 5.468000000000000000e+03
3.920000000000000000e+02 5.368000000000000000e+03
4.060000000000000000e+02 5.365000000000000000e+03
4.200000000000000000e+02 5.403000000000000000e+03
4.340000000000000000e+02 5.416000000000000000e+03
4.480000000000000000e+02 5.283000000000000000e+03
4.620000000000000000e+02 5.112000000000000000e+03
4.760000000000000000e+02 5.259000000000000000e+03
4.900000000000000000e+02 5.090000000000000000e+03
5.040000000000000000e+02 5.128000000000000000e+03
5.180000000000000000e+02 5.094000000000000000e+03
5.320000000000000000e+02 5.064000000000000000e+03
5.460000000000000000e+02 5.007000000000000000e+03
5.600000000000000000e+02 5.018000000000000000e+03
5.740000000000000000e+02 4.923000000000000000e+03
5.880000000000000000e+02 4.795000000000000000e+03
6.020000000000000000e+02 4.781000000000000000e+03
6.160000000000000000e+02 4.713000000000000000e+03
6.300000000000000000e+02 4.347000000000000000e+03
6.440000000000000000e+02 4.500000000000000000e+03
6.580000000000000000e+02 4.312000000000000000e+03
6.720000000000000000e+02 4.284000000000000000e+03
6.860000000000000000e+02 4.144000000000000000e+03
7.000000000000000000e+02 3.975000000000000000e+03
7.140000000000000000e+02 4.092000000000000000e+03
7.280000000000000000e+02 3.811000000000000000e+03
7.420000000000000000e+02 3.748000000000000000e+03
7.560000000000000000e+02 3.693000000000000000e+03
7.700000000000000000e+02 3.510000000000000000e+03
7.840000000000000000e+02 3.395000000000000000e+03
7.980000000000000000e+02 3.199000000000000000e+03
8.120000000000000000e+02 3.263000000000000000e+03
8.260000000000000000e+02 3.011000000000000000e+03
8.400000000000000000e+02 3.064000000000000000e+03
8.540000000000000000e+02 2.898000000000000000e+03
8.680000000000000000e+02 2.704000000000000000e+03
8.820000000000000000e+02 2.630000000000000000e+03
8.960000000000000000e+02 2.428000000000000000e+03
9.100000000000000000e+02 2.377000000000000000e+03
9.240000000000000000e+02 2.311000000000000000e+03
9.380000000000000000e+02 2.272000000000000000e+03
9.520000000000000000e+02 2.221000000000000000e+03
9.660000000000000000e+02 2.186000000000000000e+03
9.800000000000000000e+02 2.073000000000000000e+03
9.940000000000000000e+02 1.924000000000000000e+03
1.008000000000000000e+03 2.015000000000000000e+03
1.022000000000000000e+03 1.900000000000000000e+03
1.036000000000000000e+03 1.811000000000000000e+03
1.050000000000000000e+03 1.845000000000000000e+03
1.064000000000000000e+03 1.839000000000000000e+03
1.078000000000000000e+03 1.753000000000000000e+03
1.092000000000000000e+03 1.755000000000000000e+03
1.106000000000000000e+03 1.867000000000000000e+03
1.120000000000000000e+03 1.755000000000000000e+03
1.134000000000000000e+03 1.837000000000000000e+03
1.148000000000000000e+03 1.768000000000000000e+03
1.162000000000000000e+03 1.764000000000000000e+03
1.176000000000000000e+03 1.971000000000000000e+03
1.190000000000000000e+03 2.028000000000000000e+03
1.204000000000000000e+03 2.072000000000000000e+03
1.218000000000000000e+03 2.129000000000000000e+03
1.232000000000000000e+03 2.118000000000000000e+03
1.246000000000000000e+03 2.253000000000000000e+03
1.260000000000000000e+03 2.327000000000000000e+03
1.274000000000000000e+03 2.468000000000000000e+03
1.288000000000000000e+03 2.555000000000000000e+03
1.302000000000000000e+03 2.751000000000000000e+03
1.316000000000000000e+03 2.881000000000000000e+03
1.330000000000000000e+03 3.012000000000000000e+03
1.344000000000000000e+03 3.170000000000000000e+03
1.358000000000000000e+03 3.411000000000000000e+03
1.372000000000000000e+03 3.467000000000000000e+03
1.386000000000000000e+03 3.577000000000000000e+03
1.400000000000000000e+03 3.684000000000000000e+03
1.414000000000000000e+03 4.035000000000000000e+03
1.428000000000000000e+03 4.064000000000000000e+03
1.442000000000000000e+03 4.001000000000000000e+03
1.456000000000000000e+03 4.261000000000000000e+03
1.470000000000000000e+03 4.462000000000000000e+03
1.484000000000000000e+03 4.615000000000000000e+03
1.498000000000000000e+03 4.560000000000000000e+03
1.512000000000000000e+03 4.792000000000000000e+03
1.526000000000000000e+03 4.747000000000000000e+03
1.540000000000000000e+03 4.864000000000000000e+03
1.554000000000000000e+03 4.907000000000000000e+03
1.568000000000000000e+03 5.169000000000000000e+03
1.582000000000000000e+03 5.044000000000000000e+03
1.596000000000000000e+03 5.038000000000000000e+03
1.610000000000000000e+03 5.089000000000000000e+03
1.624000000000000000e+03 5.305000000000000000e+03
1.638000000000000000e+03 5.284000000000000000e+03
1.652000000000000000e+03 5.405000000000000000e+03
1.666000000000000000e+03 5.358000000000000000e+03
1.680000000000000000e+03 5.422000000000000000e+03
1.694000000000000000e+03 5.424000000000000000e+03
1.708000000000000000e+03 5.444000000000000000e+03
1.722000000000000000e+03 5.443000000000000000e+03
1.736000000000000000e+03 5.395000000000000000e+03
1.750000000000000000e+03 5.380000000000000000e+03
1.764000000000000000e+03 5.435000000000000000e+03
1.778000000000000000e+03 5.304000000000000000e+03
1.792000000000000000e+03 5.502000000000000000e+03
1.806000000000000000e+03 5.381000000000000000e+03
1.820000000000000000e+03 5.435000000000000000e+03
1.834000000000000000e+03 5.456000000000000000e+03
1.848000000000000000e+03 5.402000000000000000e+03
1.862000000000000000e+03 5.278000000000000000e+03
1.876000000000000000e+03 5.334000000000000000e+03
1.890000000000000000e+03 5.344000000000000000e+03
1.904000000000000000e+03 5.281000000000000000e+03
1.918000000000000000e+03 5.248000000000000000e+03
1.932000000000000000e+03 5.229000000000000000e+03
1.946000000000000000e+03 5.073000000000000000e+03
1.960000000000000000e+03 5.159000000000000000e+03
1.974000000000000000e+03 5.008000000000000000e+03
1.988000000000000000e+03 5.024000000000000000e+03
2.002000000000000000e+03 4.831000000000000000e+03
2.016000000000000000e+03 4.890000000000000000e+03
2.030000000000000000e+03 4.564000000000000000e+03
2.044000000000000000e+03 4.570000000000000000e+03
2.058000000000000000e+03 4.616000000000000000e+03
2.072000000000000000e+03 4.441000000000000000e+03
2.086000000000000000e+03 4.272000000000000000e+03
2.100000000000000000e+03 4.239000000000000000e+03
2.114000000000000000e+03 4.215000000000000000e+03
2.128000000000000000e+03 3.962000000000000000e+03
2.142000000000000000e+03 3.916000000000000000e+03
2.156000000000000000e+03 3.805000000000000000e+03
2.170000000000000000e+03 3.697000000000000000e+03
2.184000000000000000e+03 3.683000000000000000e+03
2.198000000000000000e+03 3.420000000000000000e+03
2.212000000000000000e+03 3.317000000000000000e+03
2.226000000000000000e+03 3.352000000000000000e+03
2.240000000000000000e+03 3.252000000000000000e+03
2.254000000000000000e+03 3.070000000000000000e+03
2.268000000000000000e+03 2.980000000000000000e+03
2.282000000000000000e+03 2.918000000000000000e+03
2.296000000000000000e+03 2.721000000000000000e+03
2.310000000000000000e+03 2.593000000000000000e+03
2.324000000000000000e+03 2.454000000000000000e+03
2.338000000000000000e+03 2.506000000000000000e+03
2.352000000000000000e+03 2.321000000000000000e+03
2.366000000000000000e+03 2.183000000000000000e+03
2.380000000000000000e+03 2.244000000000000000e+03
2.394000000000000000e+03 2.128000000000000000e+03
2.408000000000000000e+03 2.096000000000000000e+03
2.422000000000000000e+03 2.051000000000000000e+03
2.436000000000000000e+03 1.936000000000000000e+03
2.450000000000000000e+03 1.877000000000000000e+03
2.464000000000000000e+03 1.830000000000000000e+03
2.478000000000000000e+03 1.893000000000000000e+03
2.492000000000000000e+03 1.802000000000000000e+03
2.506000000000000000e+03 1.731000000000000000e+03
2.520000000000000000e+03 1.823000000000000000e+03
2.534000000000000000e+03 1.754000000000000000e+03
2.548000000000000000e+03 1.816000000000000000e+03
2.562000000000000000e+03 1.749000000000000000e+03
2.576000000000000000e+03 1.776000000000000000e+03
2.590000000000000000e+03 1.803000000000000000e+03
2.604000000000000000e+03 1.942000000000000000e+03
2.618000000000000000e+03 1.918000000000000000e+03
2.632000000000000000e+03 2.020000000000000000e+03
2.646000000000000000e+03 2.058000000000000000e+03
2.660000000000000000e+03 2.166000000000000000e+03
2.674000000000000000e+03 2.231000000000000000e+03
2.688000000000000000e+03 2.376000000000000000e+03
2.702000000000000000e+03 2.428000000000000000e+03
2.716000000000000000e+03 2.581000000000000000e+03
2.730000000000000000e+03 2.746000000000000000e+03
2.744000000000000000e+03 2.838000000000000000e+03
2.758000000000000000e+03 2.993000000000000000e+03
2.772000000000000000e+03 3.192000000000000000e+03
2.786000000000000000e+03 3.377000000000000000e+03
2.800000000000000000e+03 3.394000000000000000e+03
2.814000000000000000e+03 3.669000000000000000e+03
2.828000000000000000e+03 3.805000000000000000e+03
2.842000000000000000e+03 3.769000000000000000e+03
