0.000000000000000000e+00 6.054000000000000000e+03
2.000000000000000000e+03 6.195000000000000000e+03
4.000000000000000000e+03 6.129000000000000000e+03
6.000000000000000000e+03 6.261000000000000000e+03
8.000000000000000000e+03 6.494000000000000000e+03
1.000000000000000000e+04 6.369000000000000000e+03
1.200000000000000000e+04 6.533000000000000000e+03
1.400000000000000000e+04 6.582000000000000000e+03
1.600000000000000000e+04 6.607000000000000000e+03
1.800000000000000000e+04 6.749000000000000000e+03
2.000000000000000000e+04 6.605000000000000000e+03
2.200000000000000000e+04 6.780000000000000000e+03
2.400000000000000000e+04 6.619000000000000000e+03
2.600000000000000000e+04 6.764000000000000000e+03
2.800000000000000000e+04 6.816000000000000000e+03
3.000000000000000000e+04 6.881000000000000000e+03
3.200000000000000000e+04 6.874000000000000000e+03
3.400000000000000000e+04 6.797000000000000000e+03
3.600000000000000000e+04 6.874000000000000000e+03
3.800000000000000000e+04 6.852000000000000000e+03
4.000000000000000000e+04 6.839000000000000000e+03
4.200000000000000000e+04 6.987000000000000000e+03
4.400000000000000000e+04 6.836000000000000000e+03
4.600000000000000000e+04 6.972000000000000000e+03
4.800000000000000000e+04 6.957000000000000000e+03
5.000000000000000000e+04 6.721000000000000000e+03
5.200000000000000000e+04 6.726000000000000000e+03
5.400000000000000000e+04 6.788000000000000000e+03
5.600000000000000000e+04 6.740000000000000000e+03
5.800000000000000000e+04 6.771000000000000000e+03
6.000000000000000000e+04 6.691000000000000000e+03
6.200000000000000000e+04 6.677000000000000000e+03
6.400000000000000000e+04 6.421000000000000000e+03
6.600000000000000000e+04 6.489000000000000000e+03
6.800000000000000000e+04 6.246000000000000000e+03
7.000000000000000000e+04 6.400000000000000000e+03
7.200000000000000000e+04 6.140000000000000000e+03
7.400000000000000000e+04 6.077000000000000000e+03
7.600000000000000000e+04 6.057000000000000000e+03
7.800000000000000000e+04 6.004000000000000000e+03
8.000000000000000000e+04 5.759000000000000000e+03
8.200000000000000000e+04 5.624000000000000000e+03
8.400000000000000000e+04 5.435000000000000000e+03
8.600000000000000000e+04 5.422000000000000000e+03
8.800000000000000000e+04 5.231000000000000000e+03
9.000000000000000000e+04 5.049000000000000000e+03
9.200000000000000000e+04 4.841000000000000000e+03
9.400000000000000000e+04 4.740000000000000000e+03
9.600000000000000000e+04 4.543000000000000000e+03
9.800000000000000000e+04 4.278000000000000000e+03
1.000000000000000000e+05 4.148000000000000000e+03
1.020000000000000000e+05 3.837000000000000000e+03
1.040000000000000000e+05 3.750000000000000000e+03
1.060000000000000000e+05 3.590000000000000000e+03
1.080000000000000000e+05 3.434000000000000000e+03
1.100000000000000000e+05 3.163000000000000000e+03
1.120000000000000000e+05 3.065000000000000000e+03
1.140000000000000000e+05 2.929000000000000000e+03
1.160000000000000000e+05 2.709000000000000000e+03
1.180000000000000000e+05 2.584000000000000000e+03
1.200000000000000000e+05 2.450000000000000000e+03
1.220000000000000000e+05 2.389000000000000000e+03
1.240000000000000000e+05 2.252000000000000000e+03
1.260000000000000000e+05 2.116000000000000000e+03
1.280000000000000000e+05 1.932000000000000000e+03
1.300000000000000000e+05 1.788000000000000000e+03
1.320000000000000000e+05 1.773000000000000000e+03
1.340000000000000000e+05 1.845000000000000000e+03
1.360000000000000000e+05 1.751000000000000000e+03
1.380000000000000000e+05 1.708000000000000000e+03
1.400000000000000000e+05 1.758000000000000000e+03
1.420000000000000000e+05 1.809000000000000000e+03
1.440000000000000000e+05 1.903000000000000000e+03
1.460000000000000000e+05 1.898000000000000000e+03
1.480000000000000000e+05 1.956000000000000000e+03
1.500000000000000000e+05 1.974000000000000000e+03
1.520000000000000000e+05 2.172000000000000000e+03
1.540000000000000000e+05 2.239000000000000000e+03
1.560000000000000000e+05 2.389000000000000000e+03
1.580000000000000000e+05 2.469000000000000000e+03
1.600000000000000000e+05 2.584000000000000000e+03
1.620000000000000000e+05 2.819000000000000000e+03
1.640000000000000000e+05 2.882000000000000000e+03
1.660000000000000000e+05 3.183000000000000000e+03
1.680000000000000000e+05 3.247000000000000000e+03
1.700000000000000000e+05 3.597000000000000000e+03
1.720000000000000000e+05 3.645000000000000000e+03
1.740000000000000000e+05 3.964000000000000000e+03
1.760000000000000000e+05 4.114000000000000000e+03
1.780000000000000000e+05 4.220000000000000000e+03
1.800000000000000000e+05 4.491000000000000000e+03
1.820000000000000000e+05 4.688000000000000000e+03
1.840000000000000000e+05 4.858000000000000000e+03
1.860000000000000000e+05 5.028000000000000000e+03
1.880000000000000000e+05 5.228000000000000000e+03
1.900000000000000000e+05 5.282000000000000000e+03
1.920000000000000000e+05 5.463000000000000000e+03
1.940000000000000000e+05 5.626000000000000000e+03
1.960000000000000000e+05 5.641000000000000000e+03
1.980000000000000000e+05 6.012000000000000000e+03
2.000000000000000000e+05 5.962000000000000000e+03
2.020000000000000000e+05 6.216000000000000000e+03
2.040000000000000000e+05 6.220000000000000000e+03
2.060000000000000000e+05 6.374000000000000000e+03
2.080000000000000000e+05 6.423000000000000000e+03
2.100000000000000000e+05 6.731000000000000000e+03
2.120000000000000000e+05 6.622000000000000000e+03
2.140000000000000000e+05 6.532000000000000000e+03
2.160000000000000000e+05 6.533000000000000000e+03
2.180000000000000000e+05 6.781000000000000000e+03
2.200000000000000000e+05 6.624000000000000000e+03
2.220000000000000000e+05 6.818000000000000000e+03
2.240000000000000000e+05 6.699000000000000000e+03
2.260000000000000000e+05 6.782000000000000000e+03
2.280000000000000000e+05 6.937000000000000000e+03
2.300000000000000000e+05 6.880000000000000000e+03
2.320000000000000000e+05 6.763000000000000000e+03
2.340000000000000000e+05 6.734000000000000000e+03
2.360000000000000000e+05 6.992000000000000000e+03
2.380000000000000000e+05 6.978000000000000000e+03
2.400000000000000000e+05 6.797000000000000000e+03
2.420000000000000000e+05 6.918000000000000000e+03
2.440000000000000000e+05 6.906000000000000000e+03
2.460000000000000000e+05 6.782000000000000000e+03
2.480000000000000000e+05 6.863000000000000000e+03
2.500000000000000000e+05 6.865000000000000000e+03
2.520000000000000000e+05 6.802000000000000000e+03
2.540000000000000000e+05 6.890000000000000000e+03
2.560000000000000000e+05 6.775000000000000000e+03
2.580000000000000000e+05 6.602000000000000000e+03
2.600000000000000000e+05 6.654000000000000000e+03
2.620000000000000000e+05 6.745000000000000000e+03
2.640000000000000000e+05 6.431000000000000000e+03
2.660000000000000000e+05 6.354000000000000000e+03
2.680000000000000000e+05 6.189000000000000000e+03
2.700000000000000000e+05 6.226000000000000000e+03
2.720000000000000000e+05 6.355000000000000000e+03
2.740000000000000000e+05 6.102000000000000000e+03
2.760000000000000000e+05 6.016000000000000000e+03
2.780000000000000000e+05 5.837000000000000000e+03
2.800000000000000000e+05 5.872000000000000000e+03
2.820000000000000000e+05 5.560000000000000000e+03
2.840000000000000000e+05 5.370000000000000000e+03
2.860000000000000000e+05 5.258000000000000000e+03
2.880000000000000000e+05 5.182000000000000000e+03
2.900000000000000000e+05 5.108000000000000000e+03
2.920000000000000000e+05 5.016000000000000000e+03
2.940000000000000000e+05 4.667000000000000000e+03
2.960000000000000000e+05 4.483000000000000000e+03
2.980000000000000000e+05 4.217000000000000000e+03
3.000000000000000000e+05 4.208000000000000000e+03
3.020000000000000000e+05 3.924000000000000000e+03
3.040000000000000000e+05 3.790000000000000000e+03
3.060000000000000000e+05 3.533000000000000000e+03
3.080000000000000000e+05 3.468000000000000000e+03
3.100000000000000000e+05 3.229000000000000000e+03
3.120000000000000000e+05 3.143000000000000000e+03
3.140000000000000000e+05 2.876000000000000000e+03
3.160000000000000000e+05 2.703000000000000000e+03
3.180000000000000000e+05 2.517000000000000000e+03
3.200000000000000000e+05 2.462000000000000000e+03
3.220000000000000000e+05 2.248000000000000000e+03
3.240000000000000000e+05 2.136000000000000000e+03
3.260000000000000000e+05 2.089000000000000000e+03
3.280000000000000000e+05 2.001000000000000000e+03
3.300000000000000000e+05 1.926000000000000000e+03
3.320000000000000000e+05 1.882000000000000000e+03
3.340000000000000000e+05 1.833000000000000000e+03
3.360000000000000000e+05 1.773000000000000000e+03
3.380000000000000000e+05 1.737000000000000000e+03
3.400000000000000000e+05 1.801000000000000000e+03
3.420000000000000000e+05 1.719000000000000000e+03
3.440000000000000000e+05 1.836000000000000000e+03
3.460000000000000000e+05 1.874000000000000000e+03
3.480000000000000000e+05 1.947000000000000000e+03
3.500000000000000000e+05 2.054000000000000000e+03
3.520000000000000000e+05 2.130000000000000000e+03
3.540000000000000000e+05 2.311000000000000000e+03
3.560000000000000000e+05 2.385000000000000000e+03
3.580000000000000000e+05 2.510000000000000000e+03
3.600000000000000000e+05 2.694000000000000000e+03
3.620000000000000000e+05 2.845000000000000000e+03
3.640000000000000000e+05 3.038000000000000000e+03
3.660000000000000000e+05 3.134000000000000000e+03
3.680000000000000000e+05 3.343000000000000000e+03
3.700000000000000000e+05 3.483000000000000000e+03
3.720000000000000000e+05 3.763000000000000000e+03
3.740000000000000000e+05 3.957000000000000000e+03
3.760000000000000000e+05 4.030000000000000000e+03
3.780000000000000000e+05 4.357000000000000000e+03
3.800000000000000000e+05 4.478000000000000000e+03
3.820000000000000000e+05 4.677000000000000000e+03
3.840000000000000000e+05 4.830000000000000000e+03
3.860000000000000000e+05 4.963000000000000000e+03
3.880000000000000000e+05 5.079000000000000000e+03
3.900000000000000000e+05 5.320000000000000000e+03
3.920000000000000000e+05 5.482000000000000000e+03
3.940000000000000000e+05 5.585000000000000000e+03
3.960000000000000000e+05 5.689000000000000000e+03
3.980000000000000000e+05 5.815000000000000000e+03
