0.000000000000000000e+00 4.765000000000000000e+03
3.330000000000000000e+02 4.734000000000000000e+03
6.660000000000000000e+02 4.917000000000000000e+03
9.990000000000000000e+02 4.818000000000000000e+03
1.332000000000000000e+03 4.887000000000000000e+03
1.665000000000000000e+03 5.035000000000000000e+03
1.998000000000000000e+03 5.149000000000000000e+03
2.331000000000000000e+03 5.208000000000000000e+03
2.664000000000000000e+03 5.232000000000000000e+03
2.997000000000000000e+03 5.473000000000000000e+03
3.330000000000000000e+03 5.441000000000000000e+03
3.663000000000000000e+03 5.435000000000000000e+03
3.996000000000000000e+03 5.489000000000000000e+03
4.329000000000000000e+03 5.428000000000000000e+03
4.662000000000000000e+03 5.541000000000000000e+03
4.995000000000000000e+03 5.462000000000000000e+03
5.328000000000000000e+03 5.550000000000000000e+03
5.661000000000000000e+03 5.455000000000000000e+03
5.994000000000000000e+03 5.650000000000000000e+03
6.327000000000000000e+03 5.436000000000000000e+03
6.660000000000000000e+03 5.533000000000000000e+03
6.993000000000000000e+03 5.551000000000000000e+03
7.326000000000000000e+03 5.390000000000000000e+03
7.659000000000000000e+03 5.333000000000000000e+03
7.992000000000000000e+03 5.439000000000000000e+03
8.325000000000000000e+03 5.507000000000000000e+03
8.658000000000000000e+03 5.377000000000000000e+03
8.991000000000000000e+03 5.418000000000000000e+03
9.324000000000000000e+03 5.342000000000000000e+03
9.657000000000000000e+03 5.394000000000000000e+03
9.990000000000000000e+03 5.272000000000000000e+03
1.032300000000000000e+04 5.188000000000000000e+03
1.065600000000000000e+04 5.265000000000000000e+03
1.098900000000000000e+04 5.162000000000000000e+03
1.132200000000000000e+04 5.080000000000000000e+03
1.165500000000000000e+04 4.966000000000000000e+03
1.198800000000000000e+04 5.029000000000000000e+03
1.232100000000000000e+04 4.842000000000000000e+03
1.265400000000000000e+04 4.712000000000000000e+03
1.298700000000000000e+04 4.814000000000000000e+03
1.332000000000000000e+04 4.710000000000000000e+03
1.365300000000000000e+04 4.574000000000000000e+03
1.398600000000000000e+04 4.260000000000000000e+03
1.431900000000000000e+04 4.214000000000000000e+03
1.465200000000000000e+04 4.121000000000000000e+03
1.498500000000000000e+04 4.202000000000000000e+03
1.531800000000000000e+04 3.788000000000000000e+03
1.565100000000000000e+04 3.683000000000000000e+03
1.598400000000000000e+04 3.708000000000000000e+03
1.631700000000000000e+04 3.529000000000000000e+03
1.665000000000000000e+04 3.268000000000000000e+03
1.698300000000000000e+04 3.207000000000000000e+03
1.731600000000000000e+04 2.880000000000000000e+03
1.764900000000000000e+04 2.802000000000000000e+03
1.798200000000000000e+04 2.717000000000000000e+03
1.831500000000000000e+04 2.503000000000000000e+03
1.864800000000000000e+04 2.324000000000000000e+03
1.898100000000000000e+04 2.317000000000000000e+03
1.931400000000000000e+04 2.129000000000000000e+03
1.964700000000000000e+04 2.007000000000000000e+03
1.998000000000000000e+04 1.828000000000000000e+03
2.031300000000000000e+04 1.785000000000000000e+03
2.064600000000000000e+04 1.649000000000000000e+03
2.097900000000000000e+04 1.633000000000000000e+03
2.131200000000000000e+04 1.477000000000000000e+03
2.164500000000000000e+04 1.445000000000000000e+03
2.197800000000000000e+04 1.416000000000000000e+03
2.231100000000000000e+04 1.365000000000000000e+03
2.264400000000000000e+04 1.352000000000000000e+03
2.297700000000000000e+04 1.409000000000000000e+03
2.331000000000000000e+04 1.262000000000000000e+03
2.364300000000000000e+04 1.293000000000000000e+03
2.397600000000000000e+04 1.361000000000000000e+03
2.430900000000000000e+04 1.397000000000000000e+03
2.464200000000000000e+04 1.361000000000000000e+03
2.497500000000000000e+04 1.382000000000000000e+03
2.530800000000000000e+04 1.565000000000000000e+03
2.564100000000000000e+04 1.607000000000000000e+03
2.597400000000000000e+04 1.850000000000000000e+03
2.630700000000000000e+04 1.832000000000000000e+03
2.664000000000000000e+04 2.008000000000000000e+03
2.697300000000000000e+04 2.081000000000000000e+03
2.730600000000000000e+04 2.149000000000000000e+03
2.763900000000000000e+04 2.360000000000000000e+03
2.797200000000000000e+04 2.392000000000000000e+03
2.830500000000000000e+04 2.664000000000000000e+03
2.863800000000000000e+04 2.848000000000000000e+03
2.897100000000000000e+04 2.953000000000000000e+03
2.930400000000000000e+04 3.165000000000000000e+03
2.963700000000000000e+04 3.323000000000000000e+03
2.997000000000000000e+04 3.452000000000000000e+03
3.030300000000000000e+04 3.658000000000000000e+03
3.063600000000000000e+04 3.650000000000000000e+03
3.096900000000000000e+04 3.869000000000000000e+03
3.130200000000000000e+04 4.027000000000000000e+03
3.163500000000000000e+04 4.149000000000000000e+03
3.196800000000000000e+04 4.195000000000000000e+03
3.230100000000000000e+04 4.375000000000000000e+03
3.263400000000000000e+04 4.518000000000000000e+03
3.296700000000000000e+04 4.738000000000000000e+03
3.330000000000000000e+04 4.708000000000000000e+03
3.363300000000000000e+04 4.814000000000000000e+03
3.396600000000000000e+04 4.976000000000000000e+03
3.429900000000000000e+04 4.831000000000000000e+03
3.463200000000000000e+04 4.863000000000000000e+03
3.496500000000000000e+04 5.083000000000000000e+03
3.529800000000000000e+04 5.102000000000000000e+03
3.563100000000000000e+04 5.145000000000000000e+03
3.596400000000000000e+04 5.185000000000000000e+03
3.629700000000000000e+04 5.230000000000000000e+03
3.663000000000000000e+04 5.383000000000000000e+03
3.696300000000000000e+04 5.449000000000000000e+03
3.729600000000000000e+04 5.268000000000000000e+03
3.762900000000000000e+04 5.426000000000000000e+03
3.796200000000000000e+04 5.327000000000000000e+03
3.829500000000000000e+04 5.390000000000000000e+03
3.862800000000000000e+04 5.418000000000000000e+03
3.896100000000000000e+04 5.412000000000000000e+03
3.929400000000000000e+04 5.425000000000000000e+03
3.962700000000000000e+04 5.668000000000000000e+03
3.996000000000000000e+04 5.473000000000000000e+03
4.029300000000000000e+04 5.477000000000000000e+03
4.062600000000000000e+04 5.463000000000000000e+03
4.095900000000000000e+04 5.490000000000000000e+03
4.129200000000000000e+04 5.373000000000000000e+03
4.162500000000000000e+04 5.503000000000000000e+03
4.195800000000000000e+04 5.347000000000000000e+03
4.229100000000000000e+04 5.282000000000000000e+03
4.262400000000000000e+04 5.552000000000000000e+03
4.295700000000000000e+04 5.356000000000000000e+03
4.329000000000000000e+04 5.252000000000000000e+03
4.362300000000000000e+04 5.207000000000000000e+03
4.395600000000000000e+04 5.221000000000000000e+03
4.428900000000000000e+04 5.145000000000000000e+03
4.462200000000000000e+04 5.037000000000000000e+03
4.495500000000000000e+04 4.947000000000000000e+03
4.528800000000000000e+04 5.058000000000000000e+03
4.562100000000000000e+04 4.967000000000000000e+03
4.595400000000000000e+04 4.904000000000000000e+03
4.628700000000000000e+04 4.628000000000000000e+03
4.662000000000000000e+04 4.701000000000000000e+03
4.695300000000000000e+04 4.466000000000000000e+03
4.728600000000000000e+04 4.365000000000000000e+03
4.761900000000000000e+04 4.269000000000000000e+03
4.795200000000000000e+04 4.136000000000000000e+03
4.828500000000000000e+04 3.963000000000000000e+03
4.861800000000000000e+04 3.729000000000000000e+03
4.895100000000000000e+04 3.580000000000000000e+03
4.928400000000000000e+04 3.650000000000000000e+03
4.961700000000000000e+04 3.476000000000000000e+03
4.995000000000000000e+04 3.185000000000000000e+03
5.028300000000000000e+04 3.111000000000000000e+03
5.061600000000000000e+04 3.011000000000000000e+03
5.094900000000000000e+04 2.787000000000000000e+03
5.128200000000000000e+04 2.677000000000000000e+03
5.161500000000000000e+04 2.503000000000000000e+03
5.194800000000000000e+04 2.332000000000000000e+03
5.228100000000000000e+04 2.248000000000000000e+03
5.261400000000000000e+04 2.136000000000000000e+03
5.294700000000000000e+04 1.990000000000000000e+03
5.328000000000000000e+04 1.879000000000000000e+03
5.361300000000000000e+04 1.767000000000000000e+03
5.394600000000000000e+04 1.679000000000000000e+03
5.427900000000000000e+04 1.605000000000000000e+03
5.461200000000000000e+04 1.491000000000000000e+03
5.494500000000000000e+04 1.477000000000000000e+03
5.527800000000000000e+04 1.382000000000000000e+03
5.561100000000000000e+04 1.396000000000000000e+03
5.594400000000000000e+04 1.310000000000000000e+03
5.627700000000000000e+04 1.331000000000000000e+03
5.661000000000000000e+04 1.329000000000000000e+03
5.694300000000000000e+04 1.422000000000000000e+03
5.727600000000000000e+04 1.374000000000000000e+03
5.760900000000000000e+04 1.351000000000000000e+03
5.794200000000000000e+04 1.410000000000000000e+03
5.827500000000000000e+04 1.456000000000000000e+03
5.860800000000000000e+04 1.580000000000000000e+03
5.894100000000000000e+04 1.642000000000000000e+03
5.927400000000000000e+04 1.708000000000000000e+03
5.960700000000000000e+04 1.872000000000000000e+03
5.994000000000000000e+04 1.948000000000000000e+03
6.027300000000000000e+04 2.033000000000000000e+03
6.060600000000000000e+04 2.187000000000000000e+03
6.093900000000000000e+04 2.244000000000000000e+03
6.127200000000000000e+04 2.551000000000000000e+03
6.160500000000000000e+04 2.646000000000000000e+03
6.193800000000000000e+04 2.822000000000000000e+03
6.227100000000000000e+04 2.989000000000000000e+03
6.260400000000000000e+04 3.125000000000000000e+03
6.293700000000000000e+04 3.371000000000000000e+03
6.327000000000000000e+04 3.333000000000000000e+03
6.360300000000000000e+04 3.515000000000000000e+03
6.393600000000000000e+04 3.726000000000000000e+03
6.426900000000000000e+04 3.873000000000000000e+03
6.460200000000000000e+04 3.894000000000000000e+03
6.493500000000000000e+04 4.115000000000000000e+03
6.526800000000000000e+04 4.170000000000000000e+03
6.560100000000000000e+04 4.391000000000000000e+03
6.593400000000000000e+04 4.450000000000000000e+03
6.626700000000000000e+04 4.657000000000000000e+03
