0.000000000000000000e+00 7.875000000000000000e+03
3.333000000000000000e+03 8.003000000000000000e+03
6.666000000000000000e+03 8.121000000000000000e+03
9.999000000000000000e+03 8.373000000000000000e+03
1.333200000000000000e+04 8.309000000000000000e+03
1.666500000000000000e+04 8.527000000000000000e+03
1.999800000000000000e+04 8.650000000000000000e+03
2.333100000000000000e+04 8.749000000000000000e+03
2.666400000000000000e+04 8.798000000000000000e+03
2.999700000000000000e+04 8.782000000000000000e+03
3.333000000000000000e+04 8.940000000000000000e+03
3.666300000000000000e+04 8.985000000000000000e+03
3.999600000000000000e+04 9.042000000000000000e+03
4.332900000000000000e+04 9.165000000000000000e+03
4.666200000000000000e+04 9.220000000000000000e+03
4.999500000000000000e+04 9.183000000000000000e+03
5.332800000000000000e+04 9.177000000000000000e+03
5.666100000000000000e+04 9.167000000000000000e+03
5.999400000000000000e+04 9.281000000000000000e+03
6.332700000000000000e+04 8.927000000000000000e+03
6.666000000000000000e+04 9.513000000000000000e+03
6.999300000000000000e+04 9.153000000000000000e+03
7.332600000000000000e+04 9.259000000000000000e+03
7.665900000000000000e+04 9.135000000000000000e+03
7.999200000000000000e+04 9.113000000000000000e+03
8.332500000000000000e+04 9.200000000000000000e+03
8.665800000000000000e+04 9.092000000000000000e+03
8.999100000000000000e+04 8.906000000000000000e+03
9.332400000000000000e+04 8.867000000000000000e+03
9.665700000000000000e+04 8.795000000000000000e+03
9.999000000000000000e+04 8.721000000000000000e+03
1.033230000000000000e+05 8.646000000000000000e+03
1.066560000000000000e+05 8.643000000000000000e+03
1.099890000000000000e+05 8.374000000000000000e+03
1.133220000000000000e+05 8.561000000000000000e+03
1.166550000000000000e+05 8.144000000000000000e+03
1.199880000000000000e+05 8.279000000000000000e+03
1.233210000000000000e+05 7.894000000000000000e+03
1.266540000000000000e+05 7.779000000000000000e+03
1.299870000000000000e+05 7.562000000000000000e+03
1.333200000000000000e+05 7.552000000000000000e+03
1.366530000000000000e+05 7.595000000000000000e+03
1.399860000000000000e+05 7.301000000000000000e+03
1.433190000000000000e+05 7.000000000000000000e+03
1.466520000000000000e+05 6.922000000000000000e+03
1.499850000000000000e+05 6.646000000000000000e+03
1.533180000000000000e+05 6.434000000000000000e+03
1.566510000000000000e+05 5.946000000000000000e+03
1.599840000000000000e+05 5.933000000000000000e+03
1.633170000000000000e+05 5.495000000000000000e+03
1.666500000000000000e+05 5.252000000000000000e+03
1.699830000000000000e+05 4.983000000000000000e+03
1.733160000000000000e+05 4.829000000000000000e+03
1.766490000000000000e+05 4.546000000000000000e+03
1.799820000000000000e+05 4.326000000000000000e+03
1.833150000000000000e+05 4.033000000000000000e+03
1.866480000000000000e+05 3.812000000000000000e+03
1.899810000000000000e+05 3.811000000000000000e+03
1.933140000000000000e+05 3.394000000000000000e+03
1.966470000000000000e+05 3.215000000000000000e+03
1.999800000000000000e+05 2.937000000000000000e+03
2.033130000000000000e+05 2.838000000000000000e+03
2.066460000000000000e+05 2.691000000000000000e+03
2.099790000000000000e+05 2.547000000000000000e+03
2.133120000000000000e+05 2.391000000000000000e+03
2.166450000000000000e+05 2.352000000000000000e+03
2.199780000000000000e+05 2.324000000000000000e+03
2.233110000000000000e+05 2.199000000000000000e+03
2.266440000000000000e+05 2.100000000000000000e+03
2.299770000000000000e+05 2.128000000000000000e+03
2.333100000000000000e+05 2.193000000000000000e+03
2.366430000000000000e+05 2.188000000000000000e+03
2.399760000000000000e+05 2.266000000000000000e+03
2.433090000000000000e+05 2.308000000000000000e+03
2.466420000000000000e+05 2.457000000000000000e+03
2.499750000000000000e+05 2.448000000000000000e+03
2.533080000000000000e+05 2.771000000000000000e+03
2.566410000000000000e+05 2.829000000000000000e+03
2.599740000000000000e+05 2.897000000000000000e+03
2.633070000000000000e+05 3.104000000000000000e+03
2.666400000000000000e+05 3.263000000000000000e+03
2.699730000000000000e+05 3.475000000000000000e+03
2.733060000000000000e+05 3.660000000000000000e+03
2.766390000000000000e+05 3.960000000000000000e+03
2.799720000000000000e+05 4.402000000000000000e+03
2.833050000000000000e+05 4.339000000000000000e+03
2.866380000000000000e+05 4.658000000000000000e+03
2.899710000000000000e+05 4.978000000000000000e+03
2.933040000000000000e+05 5.234000000000000000e+03
2.966370000000000000e+05 5.454000000000000000e+03
2.999700000000000000e+05 5.681000000000000000e+03
3.033030000000000000e+05 6.296000000000000000e+03
3.066360000000000000e+05 6.324000000000000000e+03
3.099690000000000000e+05 6.535000000000000000e+03
3.133020000000000000e+05 6.886000000000000000e+03
3.166350000000000000e+05 6.915000000000000000e+03
3.199680000000000000e+05 7.113000000000000000e+03
3.233010000000000000e+05 7.221000000000000000e+03
3.266340000000000000e+05 7.678000000000000000e+03
3.299670000000000000e+05 7.650000000000000000e+03
3.333000000000000000e+05 7.807000000000000000e+03
3.366330000000000000e+05 7.786000000000000000e+03
3.399660000000000000e+05 8.098000000000000000e+03
3.432990000000000000e+05 8.382000000000000000e+03
3.466320000000000000e+05 8.393000000000000000e+03
3.499650000000000000e+05 8.433000000000000000e+03
3.532980000000000000e+05 8.523000000000000000e+03
3.566310000000000000e+05 8.810000000000000000e+03
3.599640000000000000e+05 8.647000000000000000e+03
3.632970000000000000e+05 8.829000000000000000e+03
3.666300000000000000e+05 8.934000000000000000e+03
3.699630000000000000e+05 8.963000000000000000e+03
3.732960000000000000e+05 8.989000000000000000e+03
3.766290000000000000e+05 9.089000000000000000e+03
3.799620000000000000e+05 9.236000000000000000e+03
3.832950000000000000e+05 9.026000000000000000e+03
3.866280000000000000e+05 9.113000000000000000e+03
3.899610000000000000e+05 9.332000000000000000e+03
3.932940000000000000e+05 9.156000000000000000e+03
3.966270000000000000e+05 9.154000000000000000e+03
3.999600000000000000e+05 9.154000000000000000e+03
4.032930000000000000e+05 9.067000000000000000e+03
4.066260000000000000e+05 9.129000000000000000e+03
4.099590000000000000e+05 9.128000000000000000e+03
4.132920000000000000e+05 9.299000000000000000e+03
4.166250000000000000e+05 9.066000000000000000e+03
4.199580000000000000e+05 8.940000000000000000e+03
4.232910000000000000e+05 9.043000000000000000e+03
4.266240000000000000e+05 8.947000000000000000e+03
4.299570000000000000e+05 8.946000000000000000e+03
4.332900000000000000e+05 8.824000000000000000e+03
4.366230000000000000e+05 8.532000000000000000e+03
4.399560000000000000e+05 8.538000000000000000e+03
4.432890000000000000e+05 8.605000000000000000e+03
4.466220000000000000e+05 8.424000000000000000e+03
4.499550000000000000e+05 8.377000000000000000e+03
4.532880000000000000e+05 8.157000000000000000e+03
4.566210000000000000e+05 7.929000000000000000e+03
4.599540000000000000e+05 7.741000000000000000e+03
4.632870000000000000e+05 7.685000000000000000e+03
4.666200000000000000e+05 7.504000000000000000e+03
4.699530000000000000e+05 7.519000000000000000e+03
4.732860000000000000e+05 7.419000000000000000e+03
4.766190000000000000e+05 7.185000000000000000e+03
4.799520000000000000e+05 6.781000000000000000e+03
4.832850000000000000e+05 6.493000000000000000e+03
4.866180000000000000e+05 6.463000000000000000e+03
4.899510000000000000e+05 6.079000000000000000e+03
4.932840000000000000e+05 5.745000000000000000e+03
4.966170000000000000e+05 5.538000000000000000e+03
4.999500000000000000e+05 5.356000000000000000e+03
5.032830000000000000e+05 5.042000000000000000e+03
5.066160000000000000e+05 4.845000000000000000e+03
5.099490000000000000e+05 4.517000000000000000e+03
5.132820000000000000e+05 4.258000000000000000e+03
5.166150000000000000e+05 3.994000000000000000e+03
5.199480000000000000e+05 3.796000000000000000e+03
5.232810000000000000e+05 3.551000000000000000e+03
5.266140000000000000e+05 3.388000000000000000e+03
5.299470000000000000e+05 3.230000000000000000e+03
5.332800000000000000e+05 2.946000000000000000e+03
5.366130000000000000e+05 2.941000000000000000e+03
5.399460000000000000e+05 2.708000000000000000e+03
5.432790000000000000e+05 2.587000000000000000e+03
5.466120000000000000e+05 2.421000000000000000e+03
5.499450000000000000e+05 2.269000000000000000e+03
5.532780000000000000e+05 2.252000000000000000e+03
5.566110000000000000e+05 2.186000000000000000e+03
5.599440000000000000e+05 2.173000000000000000e+03
5.632770000000000000e+05 2.183000000000000000e+03
5.666100000000000000e+05 2.149000000000000000e+03
5.699430000000000000e+05 2.322000000000000000e+03
5.732760000000000000e+05 2.283000000000000000e+03
5.766090000000000000e+05 2.299000000000000000e+03
5.799420000000000000e+05 2.379000000000000000e+03
5.832750000000000000e+05 2.559000000000000000e+03
5.866080000000000000e+05 2.570000000000000000e+03
5.899410000000000000e+05 2.715000000000000000e+03
5.932740000000000000e+05 2.817000000000000000e+03
5.966070000000000000e+05 3.191000000000000000e+03
5.999400000000000000e+05 3.386000000000000000e+03
6.032730000000000000e+05 3.467000000000000000e+03
6.066060000000000000e+05 3.672000000000000000e+03
6.099390000000000000e+05 3.988000000000000000e+03
6.132720000000000000e+05 4.063000000000000000e+03
6.166050000000000000e+05 4.549000000000000000e+03
6.199380000000000000e+05 4.776000000000000000e+03
6.232710000000000000e+05 4.910000000000000000e+03
6.266040000000000000e+05 5.174000000000000000e+03
6.299370000000000000e+05 5.496000000000000000e+03
6.332700000000000000e+05 5.748000000000000000e+03
6.366030000000000000e+05 5.831000000000000000e+03
6.399360000000000000e+05 6.356000000000000000e+03
6.432690000000000000e+05 6.376000000000000000e+03
6.466020000000000000e+05 6.615000000000000000e+03
6.499350000000000000e+05 6.817000000000000000e+03
6.532680000000000000e+05 7.256000000000000000e+03
6.566010000000000000e+05 7.319000000000000000e+03
6.599340000000000000e+05 7.397000000000000000e+03
6.632670000000000000e+05 7.649000000000000000e+03
