0.000000000000000000e+00 3.838000000000000000e+03
3.300000000000000000e+01 4.009000000000000000e+03
6.600000000000000000e+01 4.225000000000000000e+03
9.900000000000000000e+01 4.130000000000000000e+03
1.320000000000000000e+02 4.250000000000000000e+03
1.650000000000000000e+02 4.356000000000000000e+03
1.980000000000000000e+02 4.513000000000000000e+03
2.310000000000000000e+02 4.588000000000000000e+03
2.640000000000000000e+02 4.670000000000000000e+03
2.970000000000000000e+02 4.533000000000000000e+03
3.300000000000000000e+02 4.582000000000000000e+03
3.630000000000000000e+02 4.735000000000000000e+03
3.960000000000000000e+02 4.898000000000000000e+03
4.290000000000000000e+02 4.755000000000000000e+03
4.620000000000000000e+02 4.875000000000000000e+03
4.950000000000000000e+02 4.803000000000000000e+03
5.280000000000000000e+02 4.812000000000000000e+03
5.610000000000000000e+02 4.758000000000000000e+03
5.940000000000000000e+02 4.981000000000000000e+03
6.270000000000000000e+02 4.743000000000000000e+03
6.600000000000000000e+02 4.875000000000000000e+03
6.930000000000000000e+02 4.892000000000000000e+03
7.260000000000000000e+02 4.861000000000000000e+03
7.590000000000000000e+02 4.966000000000000000e+03
7.920000000000000000e+02 4.681000000000000000e+03
8.250000000000000000e+02 4.817000000000000000e+03
8.580000000000000000e+02 4.880000000000000000e+03
8.910000000000000000e+02 4.805000000000000000e+03
9.240000000000000000e+02 4.810000000000000000e+03
9.570000000000000000e+02 4.868000000000000000e+03
9.900000000000000000e+02 4.773000000000000000e+03
1.023000000000000000e+03 4.752000000000000000e+03
1.056000000000000000e+03 4.740000000000000000e+03
1.089000000000000000e+03 4.643000000000000000e+03
1.122000000000000000e+03 4.605000000000000000e+03
1.155000000000000000e+03 4.624000000000000000e+03
1.188000000000000000e+03 4.435000000000000000e+03
1.221000000000000000e+03 4.394000000000000000e+03
1.254000000000000000e+03 4.483000000000000000e+03
1.287000000000000000e+03 4.279000000000000000e+03
1.320000000000000000e+03 4.237000000000000000e+03
1.353000000000000000e+03 4.216000000000000000e+03
1.386000000000000000e+03 4.088000000000000000e+03
1.419000000000000000e+03 3.939000000000000000e+03
1.452000000000000000e+03 3.914000000000000000e+03
1.485000000000000000e+03 3.784000000000000000e+03
1.518000000000000000e+03 3.614000000000000000e+03
1.551000000000000000e+03 3.546000000000000000e+03
1.584000000000000000e+03 3.522000000000000000e+03
1.617000000000000000e+03 3.224000000000000000e+03
1.650000000000000000e+03 3.263000000000000000e+03
1.683000000000000000e+03 3.169000000000000000e+03
1.716000000000000000e+03 3.101000000000000000e+03
1.749000000000000000e+03 2.961000000000000000e+03
1.782000000000000000e+03 2.668000000000000000e+03
1.815000000000000000e+03 2.639000000000000000e+03
1.848000000000000000e+03 2.571000000000000000e+03
1.881000000000000000e+03 2.495000000000000000e+03
1.914000000000000000e+03 2.337000000000000000e+03
1.947000000000000000e+03 2.250000000000000000e+03
1.980000000000000000e+03 2.158000000000000000e+03
2.013000000000000000e+03 2.097000000000000000e+03
2.046000000000000000e+03 1.913000000000000000e+03
2.079000000000000000e+03 1.893000000000000000e+03
2.112000000000000000e+03 1.681000000000000000e+03
2.145000000000000000e+03 1.588000000000000000e+03
2.178000000000000000e+03 1.566000000000000000e+03
2.211000000000000000e+03 1.651000000000000000e+03
2.244000000000000000e+03 1.433000000000000000e+03
2.277000000000000000e+03 1.467000000000000000e+03
2.310000000000000000e+03 1.313000000000000000e+03
2.343000000000000000e+03 1.344000000000000000e+03
2.376000000000000000e+03 1.326000000000000000e+03
2.409000000000000000e+03 1.295000000000000000e+03
2.442000000000000000e+03 1.282000000000000000e+03
2.475000000000000000e+03 1.237000000000000000e+03
2.508000000000000000e+03 1.280000000000000000e+03
2.541000000000000000e+03 1.337000000000000000e+03
2.574000000000000000e+03 1.326000000000000000e+03
2.607000000000000000e+03 1.341000000000000000e+03
2.640000000000000000e+03 1.470000000000000000e+03
2.673000000000000000e+03 1.477000000000000000e+03
2.706000000000000000e+03 1.526000000000000000e+03
2.739000000000000000e+03 1.689000000000000000e+03
2.772000000000000000e+03 1.745000000000000000e+03
2.805000000000000000e+03 1.851000000000000000e+03
2.838000000000000000e+03 2.018000000000000000e+03
2.871000000000000000e+03 2.052000000000000000e+03
2.904000000000000000e+03 2.224000000000000000e+03
2.937000000000000000e+03 2.402000000000000000e+03
2.970000000000000000e+03 2.417000000000000000e+03
3.003000000000000000e+03 2.689000000000000000e+03
3.036000000000000000e+03 2.747000000000000000e+03
3.069000000000000000e+03 2.875000000000000000e+03
3.102000000000000000e+03 3.042000000000000000e+03
3.135000000000000000e+03 3.267000000000000000e+03
3.168000000000000000e+03 3.328000000000000000e+03
3.201000000000000000e+03 3.472000000000000000e+03
3.234000000000000000e+03 3.523000000000000000e+03
3.267000000000000000e+03 3.704000000000000000e+03
3.300000000000000000e+03 3.867000000000000000e+03
3.333000000000000000e+03 3.890000000000000000e+03
3.366000000000000000e+03 4.029000000000000000e+03
3.399000000000000000e+03 4.072000000000000000e+03
3.432000000000000000e+03 4.117000000000000000e+03
3.465000000000000000e+03 4.329000000000000000e+03
3.498000000000000000e+03 4.351000000000000000e+03
3.531000000000000000e+03 4.512000000000000000e+03
3.564000000000000000e+03 4.572000000000000000e+03
3.597000000000000000e+03 4.653000000000000000e+03
3.630000000000000000e+03 4.538000000000000000e+03
3.663000000000000000e+03 4.682000000000000000e+03
3.696000000000000000e+03 4.657000000000000000e+03
3.729000000000000000e+03 4.570000000000000000e+03
3.762000000000000000e+03 4.826000000000000000e+03
3.795000000000000000e+03 4.703000000000000000e+03
3.828000000000000000e+03 4.749000000000000000e+03
3.861000000000000000e+03 4.822000000000000000e+03
3.894000000000000000e+03 4.881000000000000000e+03
3.927000000000000000e+03 4.765000000000000000e+03
3.960000000000000000e+03 4.952000000000000000e+03
3.993000000000000000e+03 4.981000000000000000e+03
4.026000000000000000e+03 4.969000000000000000e+03
4.059000000000000000e+03 5.152000000000000000e+03
4.092000000000000000e+03 4.900000000000000000e+03
4.125000000000000000e+03 4.861000000000000000e+03
4.158000000000000000e+03 4.930000000000000000e+03
4.191000000000000000e+03 4.898000000000000000e+03
4.224000000000000000e+03 4.829000000000000000e+03
4.257000000000000000e+03 4.773000000000000000e+03
4.290000000000000000e+03 4.877000000000000000e+03
4.323000000000000000e+03 4.776000000000000000e+03
4.356000000000000000e+03 4.847000000000000000e+03
4.389000000000000000e+03 4.713000000000000000e+03
4.422000000000000000e+03 4.645000000000000000e+03
4.455000000000000000e+03 4.640000000000000000e+03
4.488000000000000000e+03 4.491000000000000000e+03
4.521000000000000000e+03 4.643000000000000000e+03
4.554000000000000000e+03 4.430000000000000000e+03
4.587000000000000000e+03 4.464000000000000000e+03
4.620000000000000000e+03 4.246000000000000000e+03
4.653000000000000000e+03 4.282000000000000000e+03
4.686000000000000000e+03 4.295000000000000000e+03
4.719000000000000000e+03 4.064000000000000000e+03
4.752000000000000000e+03 3.911000000000000000e+03
4.785000000000000000e+03 3.760000000000000000e+03
4.818000000000000000e+03 3.859000000000000000e+03
4.851000000000000000e+03 3.697000000000000000e+03
4.884000000000000000e+03 3.518000000000000000e+03
4.917000000000000000e+03 3.460000000000000000e+03
4.950000000000000000e+03 3.318000000000000000e+03
4.983000000000000000e+03 3.242000000000000000e+03
5.016000000000000000e+03 3.037000000000000000e+03
5.049000000000000000e+03 3.068000000000000000e+03
5.082000000000000000e+03 2.917000000000000000e+03
5.115000000000000000e+03 2.780000000000000000e+03
5.148000000000000000e+03 2.723000000000000000e+03
5.181000000000000000e+03 2.572000000000000000e+03
5.214000000000000000e+03 2.401000000000000000e+03
5.247000000000000000e+03 2.324000000000000000e+03
5.280000000000000000e+03 2.183000000000000000e+03
5.313000000000000000e+03 2.122000000000000000e+03
5.346000000000000000e+03 1.925000000000000000e+03
5.379000000000000000e+03 1.991000000000000000e+03
5.412000000000000000e+03 1.851000000000000000e+03
5.445000000000000000e+03 1.792000000000000000e+03
5.478000000000000000e+03 1.605000000000000000e+03
5.511000000000000000e+03 1.590000000000000000e+03
5.544000000000000000e+03 1.552000000000000000e+03
5.577000000000000000e+03 1.556000000000000000e+03
5.610000000000000000e+03 1.467000000000000000e+03
5.643000000000000000e+03 1.394000000000000000e+03
5.676000000000000000e+03 1.342000000000000000e+03
5.709000000000000000e+03 1.328000000000000000e+03
5.742000000000000000e+03 1.206000000000000000e+03
5.775000000000000000e+03 1.276000000000000000e+03
5.808000000000000000e+03 1.289000000000000000e+03
5.841000000000000000e+03 1.264000000000000000e+03
5.874000000000000000e+03 1.284000000000000000e+03
5.907000000000000000e+03 1.289000000000000000e+03
5.940000000000000000e+03 1.414000000000000000e+03
5.973000000000000000e+03 1.371000000000000000e+03
6.006000000000000000e+03 1.480000000000000000e+03
6.039000000000000000e+03 1.586000000000000000e+03
6.072000000000000000e+03 1.683000000000000000e+03
6.105000000000000000e+03 1.709000000000000000e+03
6.138000000000000000e+03 1.813000000000000000e+03
6.171000000000000000e+03 1.999000000000000000e+03
6.204000000000000000e+03 2.084000000000000000e+03
6.237000000000000000e+03 2.162000000000000000e+03
6.270000000000000000e+03 2.310000000000000000e+03
6.303000000000000000e+03 2.513000000000000000e+03
6.336000000000000000e+03 2.597000000000000000e+03
6.369000000000000000e+03 2.736000000000000000e+03
6.402000000000000000e+03 2.894000000000000000e+03
6.435000000000000000e+03 3.032000000000000000e+03
6.468000000000000000e+03 3.265000000000000000e+03
6.501000000000000000e+03 3.284000000000000000e+03
6.534000000000000000e+03 3.501000000000000000e+03
6.567000000000000000e+03 3.637000000000000000e+03
6.600000000000000000e+03 3.704000000000000000e+03
6.633000000000000000e+03 3.891000000000000000e+03
