0.000000000000000000e+00 4.242000000000000000e+03
1.420000000000000000e+02 4.262000000000000000e+03
2.840000000000000000e+02 4.413000000000000000e+03
4.260000000000000000e+02 4.489000000000000000e+03
5.680000000000000000e+02 4.618000000000000000e+03
7.100000000000000000e+02 4.681000000000000000e+03
8.520000000000000000e+02 4.823000000000000000e+03
9.940000000000000000e+02 4.917000000000000000e+03
1.136000000000000000e+03 4.899000000000000000e+03
1.278000000000000000e+03 4.888000000000000000e+03
1.420000000000000000e+03 4.901000000000000000e+03
1.562000000000000000e+03 4.808000000000000000e+03
1.704000000000000000e+03 5.128000000000000000e+03
1.846000000000000000e+03 4.931000000000000000e+03
1.988000000000000000e+03 5.118000000000000000e+03
2.130000000000000000e+03 5.059000000000000000e+03
2.272000000000000000e+03 4.973000000000000000e+03
2.414000000000000000e+03 5.036000000000000000e+03
2.556000000000000000e+03 5.024000000000000000e+03
2.698000000000000000e+03 5.026000000000000000e+03
2.840000000000000000e+03 5.017000000000000000e+03
2.982000000000000000e+03 5.040000000000000000e+03
3.124000000000000000e+03 5.007000000000000000e+03
3.266000000000000000e+03 4.980000000000000000e+03
3.408000000000000000e+03 5.032000000000000000e+03
3.550000000000000000e+03 5.017000000000000000e+03
3.692000000000000000e+03 4.924000000000000000e+03
3.834000000000000000e+03 4.950000000000000000e+03
3.976000000000000000e+03 4.956000000000000000e+03
4.118000000000000000e+03 4.905000000000000000e+03
4.260000000000000000e+03 4.842000000000000000e+03
4.402000000000000000e+03 4.777000000000000000e+03
4.544000000000000000e+03 4.710000000000000000e+03
4.686000000000000000e+03 4.655000000000000000e+03
4.828000000000000000e+03 4.675000000000000000e+03
4.970000000000000000e+03 4.570000000000000000e+03
5.112000000000000000e+03 4.635000000000000000e+03
5.254000000000000000e+03 4.515000000000000000e+03
5.396000000000000000e+03 4.434000000000000000e+03
5.538000000000000000e+03 4.280000000000000000e+03
5.680000000000000000e+03 4.227000000000000000e+03
5.822000000000000000e+03 4.046000000000000000e+03
5.964000000000000000e+03 4.028000000000000000e+03
6.106000000000000000e+03 3.857000000000000000e+03
6.248000000000000000e+03 3.812000000000000000e+03
6.390000000000000000e+03 3.709000000000000000e+03
6.532000000000000000e+03 3.541000000000000000e+03
6.674000000000000000e+03 3.500000000000000000e+03
6.816000000000000000e+03 3.372000000000000000e+03
6.958000000000000000e+03 3.227000000000000000e+03
7.100000000000000000e+03 3.054000000000000000e+03
7.242000000000000000e+03 2.845000000000000000e+03
7.384000000000000000e+03 2.839000000000000000e+03
7.526000000000000000e+03 2.732000000000000000e+03
7.668000000000000000e+03 2.588000000000000000e+03
7.810000000000000000e+03 2.312000000000000000e+03
7.952000000000000000e+03 2.204000000000000000e+03
8.094000000000000000e+03 2.063000000000000000e+03
8.236000000000000000e+03 2.046000000000000000e+03
8.378000000000000000e+03 1.887000000000000000e+03
8.520000000000000000e+03 1.819000000000000000e+03
8.662000000000000000e+03 1.662000000000000000e+03
8.804000000000000000e+03 1.637000000000000000e+03
8.946000000000000000e+03 1.507000000000000000e+03
9.088000000000000000e+03 1.409000000000000000e+03
9.230000000000000000e+03 1.383000000000000000e+03
9.372000000000000000e+03 1.334000000000000000e+03
9.514000000000000000e+03 1.353000000000000000e+03
9.656000000000000000e+03 1.164000000000000000e+03
9.798000000000000000e+03 1.202000000000000000e+03
9.940000000000000000e+03 1.214000000000000000e+03
1.008200000000000000e+04 1.203000000000000000e+03
1.022400000000000000e+04 1.202000000000000000e+03
1.036600000000000000e+04 1.235000000000000000e+03
1.050800000000000000e+04 1.279000000000000000e+03
1.065000000000000000e+04 1.292000000000000000e+03
1.079200000000000000e+04 1.337000000000000000e+03
1.093400000000000000e+04 1.445000000000000000e+03
1.107600000000000000e+04 1.495000000000000000e+03
1.121800000000000000e+04 1.481000000000000000e+03
1.136000000000000000e+04 1.619000000000000000e+03
1.150200000000000000e+04 1.801000000000000000e+03
1.164400000000000000e+04 1.885000000000000000e+03
1.178600000000000000e+04 2.019000000000000000e+03
1.192800000000000000e+04 2.248000000000000000e+03
1.207000000000000000e+04 2.229000000000000000e+03
1.221200000000000000e+04 2.414000000000000000e+03
1.235400000000000000e+04 2.566000000000000000e+03
1.249600000000000000e+04 2.783000000000000000e+03
1.263800000000000000e+04 2.917000000000000000e+03
1.278000000000000000e+04 3.006000000000000000e+03
1.292200000000000000e+04 3.114000000000000000e+03
1.306400000000000000e+04 3.128000000000000000e+03
1.320600000000000000e+04 3.460000000000000000e+03
1.334800000000000000e+04 3.429000000000000000e+03
1.349000000000000000e+04 3.641000000000000000e+03
1.363200000000000000e+04 3.628000000000000000e+03
1.377400000000000000e+04 3.918000000000000000e+03
1.391600000000000000e+04 4.014000000000000000e+03
1.405800000000000000e+04 4.141000000000000000e+03
1.420000000000000000e+04 4.231000000000000000e+03
1.434200000000000000e+04 4.375000000000000000e+03
1.448400000000000000e+04 4.396000000000000000e+03
1.462600000000000000e+04 4.344000000000000000e+03
1.476800000000000000e+04 4.566000000000000000e+03
1.491000000000000000e+04 4.605000000000000000e+03
1.505200000000000000e+04 4.680000000000000000e+03
1.519400000000000000e+04 4.674000000000000000e+03
1.533600000000000000e+04 4.725000000000000000e+03
1.547800000000000000e+04 4.827000000000000000e+03
1.562000000000000000e+04 4.947000000000000000e+03
1.576200000000000000e+04 4.966000000000000000e+03
1.590400000000000000e+04 4.996000000000000000e+03
1.604600000000000000e+04 5.033000000000000000e+03
1.618800000000000000e+04 4.926000000000000000e+03
1.633000000000000000e+04 5.076000000000000000e+03
1.647200000000000000e+04 5.077000000000000000e+03
1.661400000000000000e+04 5.005000000000000000e+03
1.675600000000000000e+04 5.191000000000000000e+03
1.689800000000000000e+04 5.055000000000000000e+03
1.704000000000000000e+04 5.126000000000000000e+03
1.718200000000000000e+04 4.917000000000000000e+03
1.732400000000000000e+04 5.139000000000000000e+03
1.746600000000000000e+04 5.123000000000000000e+03
1.760800000000000000e+04 5.133000000000000000e+03
1.775000000000000000e+04 5.065000000000000000e+03
1.789200000000000000e+04 4.943000000000000000e+03
1.803400000000000000e+04 5.057000000000000000e+03
1.817600000000000000e+04 4.946000000000000000e+03
1.831800000000000000e+04 4.978000000000000000e+03
1.846000000000000000e+04 4.768000000000000000e+03
1.860200000000000000e+04 4.845000000000000000e+03
1.874400000000000000e+04 4.708000000000000000e+03
1.888600000000000000e+04 4.738000000000000000e+03
1.902800000000000000e+04 4.773000000000000000e+03
1.917000000000000000e+04 4.584000000000000000e+03
1.931200000000000000e+04 4.584000000000000000e+03
1.945400000000000000e+04 4.543000000000000000e+03
1.959600000000000000e+04 4.450000000000000000e+03
1.973800000000000000e+04 4.402000000000000000e+03
1.988000000000000000e+04 4.312000000000000000e+03
2.002200000000000000e+04 4.309000000000000000e+03
2.016400000000000000e+04 4.044000000000000000e+03
2.030600000000000000e+04 3.990000000000000000e+03
2.044800000000000000e+04 3.887000000000000000e+03
2.059000000000000000e+04 3.669000000000000000e+03
2.073200000000000000e+04 3.736000000000000000e+03
2.087400000000000000e+04 3.542000000000000000e+03
2.101600000000000000e+04 3.382000000000000000e+03
2.115800000000000000e+04 3.223000000000000000e+03
2.130000000000000000e+04 3.200000000000000000e+03
2.144200000000000000e+04 3.118000000000000000e+03
2.158400000000000000e+04 2.980000000000000000e+03
2.172600000000000000e+04 2.794000000000000000e+03
2.186800000000000000e+04 2.679000000000000000e+03
2.201000000000000000e+04 2.407000000000000000e+03
2.215200000000000000e+04 2.346000000000000000e+03
2.229400000000000000e+04 2.187000000000000000e+03
2.243600000000000000e+04 2.074000000000000000e+03
2.257800000000000000e+04 1.941000000000000000e+03
2.272000000000000000e+04 1.877000000000000000e+03
2.286200000000000000e+04 1.742000000000000000e+03
2.300400000000000000e+04 1.705000000000000000e+03
2.314600000000000000e+04 1.583000000000000000e+03
2.328800000000000000e+04 1.476000000000000000e+03
2.343000000000000000e+04 1.386000000000000000e+03
2.357200000000000000e+04 1.334000000000000000e+03
2.371400000000000000e+04 1.298000000000000000e+03
2.385600000000000000e+04 1.247000000000000000e+03
2.399800000000000000e+04 1.250000000000000000e+03
2.414000000000000000e+04 1.331000000000000000e+03
2.428200000000000000e+04 1.137000000000000000e+03
2.442400000000000000e+04 1.215000000000000000e+03
2.456600000000000000e+04 1.218000000000000000e+03
2.470800000000000000e+04 1.221000000000000000e+03
2.485000000000000000e+04 1.276000000000000000e+03
2.499200000000000000e+04 1.324000000000000000e+03
2.513400000000000000e+04 1.342000000000000000e+03
2.527600000000000000e+04 1.451000000000000000e+03
2.541800000000000000e+04 1.533000000000000000e+03
2.556000000000000000e+04 1.604000000000000000e+03
2.570200000000000000e+04 1.774000000000000000e+03
2.584400000000000000e+04 1.786000000000000000e+03
2.598600000000000000e+04 1.993000000000000000e+03
2.612800000000000000e+04 2.142000000000000000e+03
2.627000000000000000e+04 2.159000000000000000e+03
2.641200000000000000e+04 2.265000000000000000e+03
2.655400000000000000e+04 2.500000000000000000e+03
2.669600000000000000e+04 2.552000000000000000e+03
2.683800000000000000e+04 2.873000000000000000e+03
2.698000000000000000e+04 2.938000000000000000e+03
2.712200000000000000e+04 3.179000000000000000e+03
2.726400000000000000e+04 3.186000000000000000e+03
2.740600000000000000e+04 3.275000000000000000e+03
2.754800000000000000e+04 3.374000000000000000e+03
2.769000000000000000e+04 3.549000000000000000e+03
2.783200000000000000e+04 3.737000000000000000e+03
2.797400000000000000e+04 3.794000000000000000e+03
2.811600000000000000e+04 3.878000000000000000e+03
2.825800000000000000e+04 4.119000000000000000e+03
2.840000000000000000e+04 4.181000000000000000e+03
