0.000000000000000000e+00 6.963000000000000000e+03
5.000000000000000000e+03 7.258000000000000000e+03
1.000000000000000000e+04 7.331000000000000000e+03
1.500000000000000000e+04 7.530000000000000000e+03
2.000000000000000000e+04 7.624000000000000000e+03
2.500000000000000000e+04 7.692000000000000000e+03
3.000000000000000000e+04 7.827000000000000000e+03
3.500000000000000000e+04 7.890000000000000000e+03
4.000000000000000000e+04 7.873000000000000000e+03
4.500000000000000000e+04 7.886000000000000000e+03
5.000000000000000000e+04 8.198000000000000000e+03
5.500000000000000000e+04 8.128000000000000000e+03
6.000000000000000000e+04 8.089000000000000000e+03
6.500000000000000000e+04 7.955000000000000000e+03
7.000000000000000000e+04 8.167000000000000000e+03
7.500000000000000000e+04 8.012000000000000000e+03
8.000000000000000000e+04 8.230000000000000000e+03
8.500000000000000000e+04 8.225000000000000000e+03
9.000000000000000000e+04 8.204000000000000000e+03
9.500000000000000000e+04 8.078000000000000000e+03
1.000000000000000000e+05 8.280000000000000000e+03
1.050000000000000000e+05 8.140000000000000000e+03
1.100000000000000000e+05 8.080000000000000000e+03
1.150000000000000000e+05 8.175000000000000000e+03
1.200000000000000000e+05 8.348000000000000000e+03
1.250000000000000000e+05 8.014000000000000000e+03
1.300000000000000000e+05 8.142000000000000000e+03
1.350000000000000000e+05 7.974000000000000000e+03
1.400000000000000000e+05 8.050000000000000000e+03
1.450000000000000000e+05 7.882000000000000000e+03
1.500000000000000000e+05 7.747000000000000000e+03
1.550000000000000000e+05 7.861000000000000000e+03
1.600000000000000000e+05 7.802000000000000000e+03
1.650000000000000000e+05 7.523000000000000000e+03
1.700000000000000000e+05 7.548000000000000000e+03
1.750000000000000000e+05 7.423000000000000000e+03
1.800000000000000000e+05 7.395000000000000000e+03
1.850000000000000000e+05 7.125000000000000000e+03
1.900000000000000000e+05 7.003000000000000000e+03
1.950000000000000000e+05 7.022000000000000000e+03
2.000000000000000000e+05 6.842000000000000000e+03
2.050000000000000000e+05 6.758000000000000000e+03
2.100000000000000000e+05 6.455000000000000000e+03
2.150000000000000000e+05 6.459000000000000000e+03
2.200000000000000000e+05 6.194000000000000000e+03
2.250000000000000000e+05 5.971000000000000000e+03
2.300000000000000000e+05 5.805000000000000000e+03
2.350000000000000000e+05 5.599000000000000000e+03
2.400000000000000000e+05 5.354000000000000000e+03
2.450000000000000000e+05 5.199000000000000000e+03
2.500000000000000000e+05 5.037000000000000000e+03
2.550000000000000000e+05 4.621000000000000000e+03
2.600000000000000000e+05 4.547000000000000000e+03
2.650000000000000000e+05 4.115000000000000000e+03
2.700000000000000000e+05 4.021000000000000000e+03
2.750000000000000000e+05 3.789000000000000000e+03
2.800000000000000000e+05 3.590000000000000000e+03
2.850000000000000000e+05 3.456000000000000000e+03
2.900000000000000000e+05 3.174000000000000000e+03
2.950000000000000000e+05 3.017000000000000000e+03
3.000000000000000000e+05 2.730000000000000000e+03
3.050000000000000000e+05 2.671000000000000000e+03
3.100000000000000000e+05 2.483000000000000000e+03
3.150000000000000000e+05 2.533000000000000000e+03
3.200000000000000000e+05 2.351000000000000000e+03
3.250000000000000000e+05 2.276000000000000000e+03
3.300000000000000000e+05 2.259000000000000000e+03
3.350000000000000000e+05 2.162000000000000000e+03
3.400000000000000000e+05 2.051000000000000000e+03
3.450000000000000000e+05 2.157000000000000000e+03
3.500000000000000000e+05 2.010000000000000000e+03
3.550000000000000000e+05 2.129000000000000000e+03
3.600000000000000000e+05 2.253000000000000000e+03
3.650000000000000000e+05 2.249000000000000000e+03
3.700000000000000000e+05 2.256000000000000000e+03
3.750000000000000000e+05 2.464000000000000000e+03
3.800000000000000000e+05 2.494000000000000000e+03
3.850000000000000000e+05 2.634000000000000000e+03
3.900000000000000000e+05 2.747000000000000000e+03
3.950000000000000000e+05 3.005000000000000000e+03
4.000000000000000000e+05 3.170000000000000000e+03
4.050000000000000000e+05 3.247000000000000000e+03
4.100000000000000000e+05 3.521000000000000000e+03
4.150000000000000000e+05 3.631000000000000000e+03
4.200000000000000000e+05 4.007000000000000000e+03
4.250000000000000000e+05 4.186000000000000000e+03
4.300000000000000000e+05 4.385000000000000000e+03
4.350000000000000000e+05 4.532000000000000000e+03
4.400000000000000000e+05 4.936000000000000000e+03
4.450000000000000000e+05 5.094000000000000000e+03
4.500000000000000000e+05 5.323000000000000000e+03
4.550000000000000000e+05 5.449000000000000000e+03
4.600000000000000000e+05 5.738000000000000000e+03
4.650000000000000000e+05 5.965000000000000000e+03
4.700000000000000000e+05 6.076000000000000000e+03
4.750000000000000000e+05 6.194000000000000000e+03
4.800000000000000000e+05 6.486000000000000000e+03
4.850000000000000000e+05 6.513000000000000000e+03
4.900000000000000000e+05 6.905000000000000000e+03
4.950000000000000000e+05 6.810000000000000000e+03
5.000000000000000000e+05 7.136000000000000000e+03
5.050000000000000000e+05 7.207000000000000000e+03
5.100000000000000000e+05 7.311000000000000000e+03
5.150000000000000000e+05 7.369000000000000000e+03
5.200000000000000000e+05 7.547000000000000000e+03
5.250000000000000000e+05 7.657000000000000000e+03
5.300000000000000000e+05 7.764000000000000000e+03
5.350000000000000000e+05 7.615000000000000000e+03
5.400000000000000000e+05 7.734000000000000000e+03
5.450000000000000000e+05 7.794000000000000000e+03
5.500000000000000000e+05 7.902000000000000000e+03
5.550000000000000000e+05 8.097000000000000000e+03
5.600000000000000000e+05 8.120000000000000000e+03
5.650000000000000000e+05 8.127000000000000000e+03
5.700000000000000000e+05 8.103000000000000000e+03
5.750000000000000000e+05 8.120000000000000000e+03
5.800000000000000000e+05 8.126000000000000000e+03
5.850000000000000000e+05 8.128000000000000000e+03
5.900000000000000000e+05 8.211000000000000000e+03
5.950000000000000000e+05 8.170000000000000000e+03
6.000000000000000000e+05 8.224000000000000000e+03
6.050000000000000000e+05 8.186000000000000000e+03
6.100000000000000000e+05 8.021000000000000000e+03
6.150000000000000000e+05 8.060000000000000000e+03
6.200000000000000000e+05 8.168000000000000000e+03
6.250000000000000000e+05 8.272000000000000000e+03
6.300000000000000000e+05 8.158000000000000000e+03
6.350000000000000000e+05 7.968000000000000000e+03
6.400000000000000000e+05 8.094000000000000000e+03
6.450000000000000000e+05 7.894000000000000000e+03
6.500000000000000000e+05 7.822000000000000000e+03
6.550000000000000000e+05 7.903000000000000000e+03
6.600000000000000000e+05 7.520000000000000000e+03
6.650000000000000000e+05 7.611000000000000000e+03
6.700000000000000000e+05 7.499000000000000000e+03
6.750000000000000000e+05 7.542000000000000000e+03
6.800000000000000000e+05 7.235000000000000000e+03
6.850000000000000000e+05 7.183000000000000000e+03
6.900000000000000000e+05 7.131000000000000000e+03
6.950000000000000000e+05 6.882000000000000000e+03
7.000000000000000000e+05 6.785000000000000000e+03
7.050000000000000000e+05 6.526000000000000000e+03
7.100000000000000000e+05 6.608000000000000000e+03
7.150000000000000000e+05 6.275000000000000000e+03
7.200000000000000000e+05 6.212000000000000000e+03
7.250000000000000000e+05 5.944000000000000000e+03
7.300000000000000000e+05 5.685000000000000000e+03
7.350000000000000000e+05 5.510000000000000000e+03
7.400000000000000000e+05 5.284000000000000000e+03
7.450000000000000000e+05 4.998000000000000000e+03
7.500000000000000000e+05 4.985000000000000000e+03
7.550000000000000000e+05 4.609000000000000000e+03
7.600000000000000000e+05 4.464000000000000000e+03
7.650000000000000000e+05 4.129000000000000000e+03
7.700000000000000000e+05 4.075000000000000000e+03
7.750000000000000000e+05 3.870000000000000000e+03
7.800000000000000000e+05 3.624000000000000000e+03
7.850000000000000000e+05 3.295000000000000000e+03
7.900000000000000000e+05 3.216000000000000000e+03
7.950000000000000000e+05 3.011000000000000000e+03
8.000000000000000000e+05 2.858000000000000000e+03
8.050000000000000000e+05 2.597000000000000000e+03
8.100000000000000000e+05 2.504000000000000000e+03
8.150000000000000000e+05 2.463000000000000000e+03
8.200000000000000000e+05 2.396000000000000000e+03
8.250000000000000000e+05 2.284000000000000000e+03
8.300000000000000000e+05 2.172000000000000000e+03
8.350000000000000000e+05 2.108000000000000000e+03
8.400000000000000000e+05 1.998000000000000000e+03
8.450000000000000000e+05 2.112000000000000000e+03
8.500000000000000000e+05 2.062000000000000000e+03
8.550000000000000000e+05 2.096000000000000000e+03
8.600000000000000000e+05 2.175000000000000000e+03
8.650000000000000000e+05 2.257000000000000000e+03
8.700000000000000000e+05 2.353000000000000000e+03
8.750000000000000000e+05 2.387000000000000000e+03
8.800000000000000000e+05 2.423000000000000000e+03
8.850000000000000000e+05 2.631000000000000000e+03
8.900000000000000000e+05 2.838000000000000000e+03
8.950000000000000000e+05 2.847000000000000000e+03
9.000000000000000000e+05 3.130000000000000000e+03
9.050000000000000000e+05 3.448000000000000000e+03
9.100000000000000000e+05 3.413000000000000000e+03
9.150000000000000000e+05 3.688000000000000000e+03
9.200000000000000000e+05 3.952000000000000000e+03
9.250000000000000000e+05 4.125000000000000000e+03
9.300000000000000000e+05 4.396000000000000000e+03
9.350000000000000000e+05 4.608000000000000000e+03
9.400000000000000000e+05 4.849000000000000000e+03
9.450000000000000000e+05 5.089000000000000000e+03
9.500000000000000000e+05 5.175000000000000000e+03
9.550000000000000000e+05 5.514000000000000000e+03
9.600000000000000000e+05 5.714000000000000000e+03
9.650000000000000000e+05 5.869000000000000000e+03
9.700000000000000000e+05 6.185000000000000000e+03
9.750000000000000000e+05 6.115000000000000000e+03
9.800000000000000000e+05 6.634000000000000000e+03
9.850000000000000000e+05 6.534000000000000000e+03
9.900000000000000000e+05 6.913000000000000000e+03
9.950000000000000000e+05 7.044000000000000000e+03
