0.000000000000000000e+00 1.251300000000000000e+04
3.333000000000000000e+03 1.264100000000000000e+04
6.666000000000000000e+03 1.290100000000000000e+04
9.999000000000000000e+03 1.314500000000000000e+04
1.333200000000000000e+04 1.326900000000000000e+04
1.666500000000000000e+04 1.329900000000000000e+04
1.999800000000000000e+04 1.365600000000000000e+04
2.333100000000000000e+04 1.375200000000000000e+04
2.666400000000000000e+04 1.360200000000000000e+04
2.999700000000000000e+04 1.405500000000000000e+04
3.333000000000000000e+04 1.416200000000000000e+04
3.666300000000000000e+04 1.411000000000000000e+04
3.999600000000000000e+04 1.425100000000000000e+04
4.332900000000000000e+04 1.411500000000000000e+04
4.666200000000000000e+04 1.437000000000000000e+04
4.999500000000000000e+04 1.429300000000000000e+04
5.332800000000000000e+04 1.419600000000000000e+04
5.666100000000000000e+04 1.439600000000000000e+04
5.999400000000000000e+04 1.441400000000000000e+04
6.332700000000000000e+04 1.440900000000000000e+04
6.666000000000000000e+04 1.420700000000000000e+04
6.999300000000000000e+04 1.459800000000000000e+04
7.332600000000000000e+04 1.447900000000000000e+04
7.665900000000000000e+04 1.442800000000000000e+04
7.999200000000000000e+04 1.427500000000000000e+04
8.332500000000000000e+04 1.410800000000000000e+04
8.665800000000000000e+04 1.418300000000000000e+04
8.999100000000000000e+04 1.405000000000000000e+04
9.332400000000000000e+04 1.419700000000000000e+04
9.665700000000000000e+04 1.376400000000000000e+04
9.999000000000000000e+04 1.367600000000000000e+04
1.033230000000000000e+05 1.377600000000000000e+04
1.066560000000000000e+05 1.353500000000000000e+04
1.099890000000000000e+05 1.370300000000000000e+04
1.133220000000000000e+05 1.311100000000000000e+04
1.166550000000000000e+05 1.304400000000000000e+04
1.199880000000000000e+05 1.295800000000000000e+04
1.233210000000000000e+05 1.275700000000000000e+04
1.266540000000000000e+05 1.246200000000000000e+04
1.299870000000000000e+05 1.239800000000000000e+04
1.333200000000000000e+05 1.221800000000000000e+04
1.366530000000000000e+05 1.190100000000000000e+04
1.399860000000000000e+05 1.173400000000000000e+04
1.433190000000000000e+05 1.124000000000000000e+04
1.466520000000000000e+05 1.114100000000000000e+04
1.499850000000000000e+05 1.081900000000000000e+04
1.533180000000000000e+05 1.055500000000000000e+04
1.566510000000000000e+05 1.036100000000000000e+04
1.599840000000000000e+05 9.824000000000000000e+03
1.633170000000000000e+05 9.553000000000000000e+03
1.666500000000000000e+05 9.271000000000000000e+03
1.699830000000000000e+05 8.598000000000000000e+03
1.733160000000000000e+05 8.384000000000000000e+03
1.766490000000000000e+05 7.900000000000000000e+03
1.799820000000000000e+05 7.609000000000000000e+03
1.833150000000000000e+05 7.128000000000000000e+03
1.866480000000000000e+05 6.818000000000000000e+03
1.899810000000000000e+05 6.353000000000000000e+03
1.933140000000000000e+05 6.456000000000000000e+03
1.966470000000000000e+05 5.943000000000000000e+03
1.999800000000000000e+05 5.654000000000000000e+03
2.033130000000000000e+05 5.300000000000000000e+03
2.066460000000000000e+05 5.070000000000000000e+03
2.099790000000000000e+05 4.933000000000000000e+03
2.133120000000000000e+05 4.628000000000000000e+03
2.166450000000000000e+05 4.671000000000000000e+03
2.199780000000000000e+05 4.566000000000000000e+03
2.233110000000000000e+05 4.304000000000000000e+03
2.266440000000000000e+05 4.283000000000000000e+03
2.299770000000000000e+05 4.223000000000000000e+03
2.333100000000000000e+05 4.398000000000000000e+03
2.366430000000000000e+05 4.235000000000000000e+03
2.399760000000000000e+05 4.458000000000000000e+03
2.433090000000000000e+05 4.486000000000000000e+03
2.466420000000000000e+05 4.620000000000000000e+03
2.499750000000000000e+05 4.801000000000000000e+03
2.533080000000000000e+05 5.130000000000000000e+03
2.566410000000000000e+05 5.240000000000000000e+03
2.599740000000000000e+05 5.629000000000000000e+03
2.633070000000000000e+05 5.868000000000000000e+03
2.666400000000000000e+05 6.093000000000000000e+03
2.699730000000000000e+05 6.463000000000000000e+03
2.733060000000000000e+05 6.625000000000000000e+03
2.766390000000000000e+05 7.165000000000000000e+03
2.799720000000000000e+05 7.500000000000000000e+03
2.833050000000000000e+05 7.878000000000000000e+03
2.866380000000000000e+05 8.148000000000000000e+03
2.899710000000000000e+05 8.661000000000000000e+03
2.933040000000000000e+05 9.070000000000000000e+03
2.966370000000000000e+05 9.457000000000000000e+03
2.999700000000000000e+05 9.655000000000000000e+03
3.033030000000000000e+05 9.890000000000000000e+03
3.066360000000000000e+05 1.025100000000000000e+04
3.099690000000000000e+05 1.065100000000000000e+04
3.133020000000000000e+05 1.086400000000000000e+04
3.166350000000000000e+05 1.133100000000000000e+04
3.199680000000000000e+05 1.156600000000000000e+04
3.233010000000000000e+05 1.177900000000000000e+04
3.266340000000000000e+05 1.214800000000000000e+04
3.299670000000000000e+05 1.252900000000000000e+04
3.333000000000000000e+05 1.272700000000000000e+04
3.366330000000000000e+05 1.282700000000000000e+04
3.399660000000000000e+05 1.297600000000000000e+04
3.432990000000000000e+05 1.306500000000000000e+04
3.466320000000000000e+05 1.320400000000000000e+04
3.499650000000000000e+05 1.325300000000000000e+04
3.532980000000000000e+05 1.354200000000000000e+04
3.566310000000000000e+05 1.372200000000000000e+04
3.599640000000000000e+05 1.370600000000000000e+04
3.632970000000000000e+05 1.380900000000000000e+04
3.666300000000000000e+05 1.418100000000000000e+04
3.699630000000000000e+05 1.396500000000000000e+04
3.732960000000000000e+05 1.433500000000000000e+04
3.766290000000000000e+05 1.402600000000000000e+04
3.799620000000000000e+05 1.452200000000000000e+04
3.832950000000000000e+05 1.446400000000000000e+04
3.866280000000000000e+05 1.431700000000000000e+04
3.899610000000000000e+05 1.424800000000000000e+04
3.932940000000000000e+05 1.433100000000000000e+04
3.966270000000000000e+05 1.427300000000000000e+04
3.999600000000000000e+05 1.439200000000000000e+04
4.032930000000000000e+05 1.439500000000000000e+04
4.066260000000000000e+05 1.441500000000000000e+04
4.099590000000000000e+05 1.424900000000000000e+04
4.132920000000000000e+05 1.441900000000000000e+04
4.166250000000000000e+05 1.438100000000000000e+04
4.199580000000000000e+05 1.412500000000000000e+04
4.232910000000000000e+05 1.428600000000000000e+04
4.266240000000000000e+05 1.382200000000000000e+04
4.299570000000000000e+05 1.395000000000000000e+04
4.332900000000000000e+05 1.371100000000000000e+04
4.366230000000000000e+05 1.388000000000000000e+04
4.399560000000000000e+05 1.355400000000000000e+04
4.432890000000000000e+05 1.362700000000000000e+04
4.466220000000000000e+05 1.339400000000000000e+04
4.499550000000000000e+05 1.322900000000000000e+04
4.532880000000000000e+05 1.302000000000000000e+04
4.566210000000000000e+05 1.270900000000000000e+04
4.599540000000000000e+05 1.287500000000000000e+04
4.632870000000000000e+05 1.224800000000000000e+04
4.666200000000000000e+05 1.209600000000000000e+04
4.699530000000000000e+05 1.196200000000000000e+04
4.732860000000000000e+05 1.178400000000000000e+04
4.766190000000000000e+05 1.126800000000000000e+04
4.799520000000000000e+05 1.104700000000000000e+04
4.832850000000000000e+05 1.087000000000000000e+04
4.866180000000000000e+05 1.039800000000000000e+04
4.899510000000000000e+05 1.035600000000000000e+04
4.932840000000000000e+05 9.721000000000000000e+03
4.966170000000000000e+05 9.365000000000000000e+03
4.999500000000000000e+05 9.198000000000000000e+03
5.032830000000000000e+05 8.707000000000000000e+03
5.066160000000000000e+05 8.336000000000000000e+03
5.099490000000000000e+05 7.979000000000000000e+03
5.132820000000000000e+05 7.530000000000000000e+03
5.166150000000000000e+05 7.174000000000000000e+03
5.199480000000000000e+05 6.905000000000000000e+03
5.232810000000000000e+05 6.591000000000000000e+03
5.266140000000000000e+05 6.254000000000000000e+03
5.299470000000000000e+05 5.944000000000000000e+03
5.332800000000000000e+05 5.584000000000000000e+03
5.366130000000000000e+05 5.526000000000000000e+03
5.399460000000000000e+05 5.081000000000000000e+03
5.432790000000000000e+05 4.960000000000000000e+03
5.466120000000000000e+05 4.646000000000000000e+03
5.499450000000000000e+05 4.537000000000000000e+03
5.532780000000000000e+05 4.459000000000000000e+03
5.566110000000000000e+05 4.434000000000000000e+03
5.599440000000000000e+05 4.370000000000000000e+03
5.632770000000000000e+05 4.223000000000000000e+03
5.666100000000000000e+05 4.141000000000000000e+03
5.699430000000000000e+05 4.313000000000000000e+03
5.732760000000000000e+05 4.390000000000000000e+03
5.766090000000000000e+05 4.498000000000000000e+03
5.799420000000000000e+05 4.546000000000000000e+03
5.832750000000000000e+05 4.834000000000000000e+03
5.866080000000000000e+05 5.056000000000000000e+03
5.899410000000000000e+05 5.287000000000000000e+03
5.932740000000000000e+05 5.364000000000000000e+03
5.966070000000000000e+05 5.690000000000000000e+03
5.999400000000000000e+05 6.072000000000000000e+03
6.032730000000000000e+05 6.479000000000000000e+03
6.066060000000000000e+05 6.828000000000000000e+03
6.099390000000000000e+05 7.104000000000000000e+03
6.132720000000000000e+05 7.410000000000000000e+03
6.166050000000000000e+05 7.842000000000000000e+03
6.199380000000000000e+05 8.280000000000000000e+03
6.232710000000000000e+05 8.574000000000000000e+03
6.266040000000000000e+05 9.064000000000000000e+03
6.299370000000000000e+05 9.325000000000000000e+03
6.332700000000000000e+05 9.612000000000000000e+03
6.366030000000000000e+05 9.872000000000000000e+03
6.399360000000000000e+05 1.031200000000000000e+04
6.432690000000000000e+05 1.066700000000000000e+04
6.466020000000000000e+05 1.116600000000000000e+04
6.499350000000000000e+05 1.127300000000000000e+04
6.532680000000000000e+05 1.161900000000000000e+04
6.566010000000000000e+05 1.183700000000000000e+04
6.599340000000000000e+05 1.205400000000000000e+04
6.632670000000000000e+05 1.229800000000000000e+04
