0.000000000000000000e+00 7.457000000000000000e+03
1.000000000000000000e+03 7.503000000000000000e+03
2.000000000000000000e+03 7.541000000000000000e+03
3.000000000000000000e+03 7.672000000000000000e+03
4.000000000000000000e+03 7.899000000000000000e+03
5.000000000000000000e+03 7.845000000000000000e+03
6.000000000000000000e+03 7.838000000000000000e+03
7.000000000000000000e+03 8.069000000000000000e+03
8.000000000000000000e+03 8.219000000000000000e+03
9.000000000000000000e+03 8.158000000000000000e+03
1.000000000000000000e+04 8.340000000000000000e+03
1.100000000000000000e+04 8.825000000000000000e+03
1.200000000000000000e+04 8.363000000000000000e+03
1.300000000000000000e+04 8.479000000000000000e+03
1.400000000000000000e+04 8.576000000000000000e+03
1.500000000000000000e+04 8.540000000000000000e+03
1.600000000000000000e+04 8.655000000000000000e+03
1.700000000000000000e+04 8.737000000000000000e+03
1.800000000000000000e+04 8.538000000000000000e+03
1.900000000000000000e+04 8.495000000000000000e+03
2.000000000000000000e+04 8.532000000000000000e+03
2.100000000000000000e+04 8.479000000000000000e+03
2.200000000000000000e+04 8.561000000000000000e+03
2.300000000000000000e+04 8.658000000000000000e+03
2.400000000000000000e+04 8.588000000000000000e+03
2.500000000000000000e+04 8.456000000000000000e+03
2.600000000000000000e+04 8.350000000000000000e+03
2.700000000000000000e+04 8.432000000000000000e+03
2.800000000000000000e+04 8.315000000000000000e+03
2.900000000000000000e+04 8.212000000000000000e+03
3.000000000000000000e+04 8.255000000000000000e+03
3.100000000000000000e+04 8.173000000000000000e+03
3.200000000000000000e+04 7.954000000000000000e+03
3.300000000000000000e+04 7.985000000000000000e+03
3.400000000000000000e+04 8.049000000000000000e+03
3.500000000000000000e+04 7.866000000000000000e+03
3.600000000000000000e+04 7.837000000000000000e+03
3.700000000000000000e+04 7.485000000000000000e+03
3.800000000000000000e+04 7.339000000000000000e+03
3.900000000000000000e+04 7.266000000000000000e+03
4.000000000000000000e+04 6.936000000000000000e+03
4.100000000000000000e+04 6.921000000000000000e+03
4.200000000000000000e+04 6.731000000000000000e+03
4.300000000000000000e+04 6.537000000000000000e+03
4.400000000000000000e+04 6.356000000000000000e+03
4.500000000000000000e+04 6.106000000000000000e+03
4.600000000000000000e+04 5.676000000000000000e+03
4.700000000000000000e+04 5.703000000000000000e+03
4.800000000000000000e+04 5.314000000000000000e+03
4.900000000000000000e+04 5.065000000000000000e+03
5.000000000000000000e+04 5.000000000000000000e+03
5.100000000000000000e+04 4.646000000000000000e+03
5.200000000000000000e+04 4.396000000000000000e+03
5.300000000000000000e+04 4.253000000000000000e+03
5.400000000000000000e+04 3.985000000000000000e+03
5.500000000000000000e+04 3.733000000000000000e+03
5.600000000000000000e+04 3.599000000000000000e+03
5.700000000000000000e+04 3.237000000000000000e+03
5.800000000000000000e+04 3.085000000000000000e+03
5.900000000000000000e+04 2.865000000000000000e+03
6.000000000000000000e+04 2.693000000000000000e+03
6.100000000000000000e+04 2.542000000000000000e+03
6.200000000000000000e+04 2.531000000000000000e+03
6.300000000000000000e+04 2.248000000000000000e+03
6.400000000000000000e+04 2.227000000000000000e+03
6.500000000000000000e+04 2.057000000000000000e+03
6.600000000000000000e+04 2.006000000000000000e+03
6.700000000000000000e+04 1.893000000000000000e+03
6.800000000000000000e+04 1.958000000000000000e+03
6.900000000000000000e+04 1.887000000000000000e+03
7.000000000000000000e+04 1.868000000000000000e+03
7.100000000000000000e+04 1.891000000000000000e+03
7.200000000000000000e+04 2.041000000000000000e+03
7.300000000000000000e+04 1.974000000000000000e+03
7.400000000000000000e+04 2.147000000000000000e+03
7.500000000000000000e+04 2.245000000000000000e+03
7.600000000000000000e+04 2.371000000000000000e+03
7.700000000000000000e+04 2.402000000000000000e+03
7.800000000000000000e+04 2.559000000000000000e+03
7.900000000000000000e+04 2.698000000000000000e+03
8.000000000000000000e+04 3.044000000000000000e+03
8.100000000000000000e+04 3.235000000000000000e+03
8.200000000000000000e+04 3.392000000000000000e+03
8.300000000000000000e+04 3.598000000000000000e+03
8.400000000000000000e+04 3.880000000000000000e+03
8.500000000000000000e+04 4.079000000000000000e+03
8.600000000000000000e+04 4.405000000000000000e+03
8.700000000000000000e+04 4.533000000000000000e+03
8.800000000000000000e+04 4.772000000000000000e+03
8.900000000000000000e+04 5.028000000000000000e+03
9.000000000000000000e+04 5.393000000000000000e+03
9.100000000000000000e+04 5.616000000000000000e+03
9.200000000000000000e+04 5.614000000000000000e+03
9.300000000000000000e+04 6.143000000000000000e+03
9.400000000000000000e+04 6.292000000000000000e+03
9.500000000000000000e+04 6.304000000000000000e+03
9.600000000000000000e+04 6.435000000000000000e+03
9.700000000000000000e+04 6.808000000000000000e+03
9.800000000000000000e+04 6.886000000000000000e+03
9.900000000000000000e+04 7.243000000000000000e+03
1.000000000000000000e+05 7.347000000000000000e+03
1.010000000000000000e+05 7.444000000000000000e+03
1.020000000000000000e+05 7.562000000000000000e+03
1.030000000000000000e+05 7.667000000000000000e+03
1.040000000000000000e+05 7.960000000000000000e+03
1.050000000000000000e+05 7.853000000000000000e+03
1.060000000000000000e+05 8.160000000000000000e+03
1.070000000000000000e+05 8.131000000000000000e+03
1.080000000000000000e+05 8.445000000000000000e+03
1.090000000000000000e+05 8.424000000000000000e+03
1.100000000000000000e+05 8.356000000000000000e+03
1.110000000000000000e+05 8.434000000000000000e+03
1.120000000000000000e+05 8.514000000000000000e+03
1.130000000000000000e+05 8.571000000000000000e+03
1.140000000000000000e+05 8.448000000000000000e+03
1.150000000000000000e+05 8.509000000000000000e+03
1.160000000000000000e+05 8.610000000000000000e+03
1.170000000000000000e+05 8.529000000000000000e+03
1.180000000000000000e+05 8.610000000000000000e+03
1.190000000000000000e+05 8.583000000000000000e+03
1.200000000000000000e+05 8.548000000000000000e+03
1.210000000000000000e+05 8.581000000000000000e+03
1.220000000000000000e+05 8.641000000000000000e+03
1.230000000000000000e+05 8.502000000000000000e+03
1.240000000000000000e+05 8.415000000000000000e+03
1.250000000000000000e+05 8.325000000000000000e+03
1.260000000000000000e+05 8.569000000000000000e+03
1.270000000000000000e+05 8.472000000000000000e+03
1.280000000000000000e+05 8.637000000000000000e+03
1.290000000000000000e+05 8.409000000000000000e+03
1.300000000000000000e+05 8.198000000000000000e+03
1.310000000000000000e+05 8.003000000000000000e+03
1.320000000000000000e+05 8.081000000000000000e+03
1.330000000000000000e+05 7.985000000000000000e+03
1.340000000000000000e+05 7.864000000000000000e+03
1.350000000000000000e+05 7.828000000000000000e+03
1.360000000000000000e+05 7.654000000000000000e+03
1.370000000000000000e+05 7.448000000000000000e+03
1.380000000000000000e+05 7.497000000000000000e+03
1.390000000000000000e+05 7.205000000000000000e+03
1.400000000000000000e+05 7.051000000000000000e+03
1.410000000000000000e+05 7.008000000000000000e+03
1.420000000000000000e+05 6.755000000000000000e+03
1.430000000000000000e+05 6.606000000000000000e+03
1.440000000000000000e+05 6.260000000000000000e+03
1.450000000000000000e+05 6.176000000000000000e+03
1.460000000000000000e+05 5.867000000000000000e+03
1.470000000000000000e+05 5.702000000000000000e+03
1.480000000000000000e+05 5.326000000000000000e+03
1.490000000000000000e+05 5.222000000000000000e+03
1.500000000000000000e+05 4.948000000000000000e+03
1.510000000000000000e+05 4.644000000000000000e+03
1.520000000000000000e+05 4.419000000000000000e+03
1.530000000000000000e+05 4.274000000000000000e+03
1.540000000000000000e+05 3.968000000000000000e+03
1.550000000000000000e+05 3.576000000000000000e+03
1.560000000000000000e+05 3.608000000000000000e+03
1.570000000000000000e+05 3.354000000000000000e+03
1.580000000000000000e+05 3.114000000000000000e+03
1.590000000000000000e+05 2.845000000000000000e+03
1.600000000000000000e+05 2.739000000000000000e+03
1.610000000000000000e+05 2.567000000000000000e+03
1.620000000000000000e+05 2.275000000000000000e+03
1.630000000000000000e+05 2.264000000000000000e+03
1.640000000000000000e+05 2.154000000000000000e+03
1.650000000000000000e+05 2.086000000000000000e+03
1.660000000000000000e+05 1.954000000000000000e+03
1.670000000000000000e+05 1.961000000000000000e+03
1.680000000000000000e+05 2.014000000000000000e+03
1.690000000000000000e+05 1.919000000000000000e+03
1.700000000000000000e+05 1.894000000000000000e+03
1.710000000000000000e+05 1.918000000000000000e+03
1.720000000000000000e+05 1.955000000000000000e+03
1.730000000000000000e+05 2.003000000000000000e+03
1.740000000000000000e+05 1.977000000000000000e+03
1.750000000000000000e+05 2.211000000000000000e+03
1.760000000000000000e+05 2.252000000000000000e+03
1.770000000000000000e+05 2.470000000000000000e+03
1.780000000000000000e+05 2.610000000000000000e+03
1.790000000000000000e+05 2.778000000000000000e+03
1.800000000000000000e+05 2.965000000000000000e+03
1.810000000000000000e+05 3.126000000000000000e+03
1.820000000000000000e+05 3.399000000000000000e+03
1.830000000000000000e+05 3.525000000000000000e+03
1.840000000000000000e+05 3.940000000000000000e+03
1.850000000000000000e+05 4.063000000000000000e+03
1.860000000000000000e+05 4.400000000000000000e+03
1.870000000000000000e+05 4.437000000000000000e+03
1.880000000000000000e+05 4.799000000000000000e+03
1.890000000000000000e+05 5.045000000000000000e+03
1.900000000000000000e+05 5.237000000000000000e+03
1.910000000000000000e+05 5.468000000000000000e+03
1.920000000000000000e+05 5.787000000000000000e+03
1.930000000000000000e+05 5.906000000000000000e+03
1.940000000000000000e+05 6.217000000000000000e+03
1.950000000000000000e+05 6.330000000000000000e+03
1.960000000000000000e+05 6.736000000000000000e+03
1.970000000000000000e+05 6.776000000000000000e+03
1.980000000000000000e+05 7.041000000000000000e+03
1.990000000000000000e+05 7.140000000000000000e+03
