0.000000000000000000e+00 6.285000000000000000e+03
1.000000000000000000e+02 6.470000000000000000e+03
2.000000000000000000e+02 6.519000000000000000e+03
3.000000000000000000e+02 6.669000000000000000e+03
4.000000000000000000e+02 6.804000000000000000e+03
5.000000000000000000e+02 6.929000000000000000e+03
6.000000000000000000e+02 6.871000000000000000e+03
7.000000000000000000e+02 7.030000000000000000e+03
8.000000000000000000e+02 7.051000000000000000e+03
9.000000000000000000e+02 7.131000000000000000e+03
1.000000000000000000e+03 7.066000000000000000e+03
1.100000000000000000e+03 7.261000000000000000e+03
1.200000000000000000e+03 7.149000000000000000e+03
1.300000000000000000e+03 7.442000000000000000e+03
1.400000000000000000e+03 7.297000000000000000e+03
1.500000000000000000e+03 7.325000000000000000e+03
1.600000000000000000e+03 7.337000000000000000e+03
1.700000000000000000e+03 7.290000000000000000e+03
1.800000000000000000e+03 7.335000000000000000e+03
1.900000000000000000e+03 7.203000000000000000e+03
2.000000000000000000e+03 7.331000000000000000e+03
2.100000000000000000e+03 7.321000000000000000e+03
2.200000000000000000e+03 7.397000000000000000e+03
2.300000000000000000e+03 7.281000000000000000e+03
2.400000000000000000e+03 7.296000000000000000e+03
2.500000000000000000e+03 7.028000000000000000e+03
2.600000000000000000e+03 7.121000000000000000e+03
2.700000000000000000e+03 7.137000000000000000e+03
2.800000000000000000e+03 7.017000000000000000e+03
2.900000000000000000e+03 6.987000000000000000e+03
3.000000000000000000e+03 6.962000000000000000e+03
3.100000000000000000e+03 7.118000000000000000e+03
3.200000000000000000e+03 6.977000000000000000e+03
3.300000000000000000e+03 6.961000000000000000e+03
3.400000000000000000e+03 6.841000000000000000e+03
3.500000000000000000e+03 6.732000000000000000e+03
3.600000000000000000e+03 6.766000000000000000e+03
3.700000000000000000e+03 6.632000000000000000e+03
3.800000000000000000e+03 6.506000000000000000e+03
3.900000000000000000e+03 6.372000000000000000e+03
4.000000000000000000e+03 6.189000000000000000e+03
4.100000000000000000e+03 6.108000000000000000e+03
4.200000000000000000e+03 6.068000000000000000e+03
4.300000000000000000e+03 5.963000000000000000e+03
4.400000000000000000e+03 5.769000000000000000e+03
4.500000000000000000e+03 5.593000000000000000e+03
4.600000000000000000e+03 5.512000000000000000e+03
4.700000000000000000e+03 5.202000000000000000e+03
4.800000000000000000e+03 5.132000000000000000e+03
4.900000000000000000e+03 4.935000000000000000e+03
5.000000000000000000e+03 4.651000000000000000e+03
5.100000000000000000e+03 4.504000000000000000e+03
5.200000000000000000e+03 4.247000000000000000e+03
5.300000000000000000e+03 4.163000000000000000e+03
5.400000000000000000e+03 4.048000000000000000e+03
5.500000000000000000e+03 3.863000000000000000e+03
5.600000000000000000e+03 3.693000000000000000e+03
5.700000000000000000e+03 3.439000000000000000e+03
5.800000000000000000e+03 3.379000000000000000e+03
5.900000000000000000e+03 3.284000000000000000e+03
6.000000000000000000e+03 3.058000000000000000e+03
6.100000000000000000e+03 2.885000000000000000e+03
6.200000000000000000e+03 2.810000000000000000e+03
6.300000000000000000e+03 2.701000000000000000e+03
6.400000000000000000e+03 2.525000000000000000e+03
6.500000000000000000e+03 2.444000000000000000e+03
6.600000000000000000e+03 2.335000000000000000e+03
6.700000000000000000e+03 2.345000000000000000e+03
6.800000000000000000e+03 2.178000000000000000e+03
6.900000000000000000e+03 2.121000000000000000e+03
7.000000000000000000e+03 2.186000000000000000e+03
7.100000000000000000e+03 2.158000000000000000e+03
7.200000000000000000e+03 2.199000000000000000e+03
7.300000000000000000e+03 2.325000000000000000e+03
7.400000000000000000e+03 2.347000000000000000e+03
7.500000000000000000e+03 2.333000000000000000e+03
7.600000000000000000e+03 2.493000000000000000e+03
7.700000000000000000e+03 2.446000000000000000e+03
7.800000000000000000e+03 2.718000000000000000e+03
7.900000000000000000e+03 2.793000000000000000e+03
8.000000000000000000e+03 2.951000000000000000e+03
8.100000000000000000e+03 3.056000000000000000e+03
8.200000000000000000e+03 3.277000000000000000e+03
8.300000000000000000e+03 3.443000000000000000e+03
8.400000000000000000e+03 3.671000000000000000e+03
8.500000000000000000e+03 3.888000000000000000e+03
8.600000000000000000e+03 4.090000000000000000e+03
8.700000000000000000e+03 4.207000000000000000e+03
8.800000000000000000e+03 4.473000000000000000e+03
8.900000000000000000e+03 4.620000000000000000e+03
9.000000000000000000e+03 4.812000000000000000e+03
9.100000000000000000e+03 5.029000000000000000e+03
9.200000000000000000e+03 5.210000000000000000e+03
9.300000000000000000e+03 5.357000000000000000e+03
9.400000000000000000e+03 5.456000000000000000e+03
9.500000000000000000e+03 5.597000000000000000e+03
9.600000000000000000e+03 5.958000000000000000e+03
9.700000000000000000e+03 5.994000000000000000e+03
9.800000000000000000e+03 5.973000000000000000e+03
9.900000000000000000e+03 6.302000000000000000e+03
1.000000000000000000e+04 6.435000000000000000e+03
1.010000000000000000e+04 6.447000000000000000e+03
1.020000000000000000e+04 6.518000000000000000e+03
1.030000000000000000e+04 6.725000000000000000e+03
1.040000000000000000e+04 6.864000000000000000e+03
1.050000000000000000e+04 6.770000000000000000e+03
1.060000000000000000e+04 6.932000000000000000e+03
1.070000000000000000e+04 6.999000000000000000e+03
1.080000000000000000e+04 6.932000000000000000e+03
1.090000000000000000e+04 7.045000000000000000e+03
1.100000000000000000e+04 7.176000000000000000e+03
1.110000000000000000e+04 7.248000000000000000e+03
1.120000000000000000e+04 7.166000000000000000e+03
1.130000000000000000e+04 7.241000000000000000e+03
1.140000000000000000e+04 7.306000000000000000e+03
1.150000000000000000e+04 7.221000000000000000e+03
1.160000000000000000e+04 7.381000000000000000e+03
1.170000000000000000e+04 7.446000000000000000e+03
1.180000000000000000e+04 7.489000000000000000e+03
1.190000000000000000e+04 7.432000000000000000e+03
1.200000000000000000e+04 7.233000000000000000e+03
1.210000000000000000e+04 7.351000000000000000e+03
1.220000000000000000e+04 7.215000000000000000e+03
1.230000000000000000e+04 7.407000000000000000e+03
1.240000000000000000e+04 7.327000000000000000e+03
1.250000000000000000e+04 7.125000000000000000e+03
1.260000000000000000e+04 7.129000000000000000e+03
1.270000000000000000e+04 7.145000000000000000e+03
1.280000000000000000e+04 7.033000000000000000e+03
1.290000000000000000e+04 7.135000000000000000e+03
1.300000000000000000e+04 6.934000000000000000e+03
1.310000000000000000e+04 7.054000000000000000e+03
1.320000000000000000e+04 6.963000000000000000e+03
1.330000000000000000e+04 6.914000000000000000e+03
1.340000000000000000e+04 6.998000000000000000e+03
1.350000000000000000e+04 6.760000000000000000e+03
1.360000000000000000e+04 6.638000000000000000e+03
1.370000000000000000e+04 6.462000000000000000e+03
1.380000000000000000e+04 6.395000000000000000e+03
1.390000000000000000e+04 6.241000000000000000e+03
1.400000000000000000e+04 6.128000000000000000e+03
1.410000000000000000e+04 6.203000000000000000e+03
1.420000000000000000e+04 6.028000000000000000e+03
1.430000000000000000e+04 5.883000000000000000e+03
1.440000000000000000e+04 5.717000000000000000e+03
1.450000000000000000e+04 5.557000000000000000e+03
1.460000000000000000e+04 5.467000000000000000e+03
1.470000000000000000e+04 5.246000000000000000e+03
1.480000000000000000e+04 5.150000000000000000e+03
1.490000000000000000e+04 5.009000000000000000e+03
1.500000000000000000e+04 5.009000000000000000e+03
1.510000000000000000e+04 4.665000000000000000e+03
1.520000000000000000e+04 4.380000000000000000e+03
1.530000000000000000e+04 4.157000000000000000e+03
1.540000000000000000e+04 3.930000000000000000e+03
1.550000000000000000e+04 3.899000000000000000e+03
1.560000000000000000e+04 3.783000000000000000e+03
1.570000000000000000e+04 3.495000000000000000e+03
1.580000000000000000e+04 3.295000000000000000e+03
1.590000000000000000e+04 3.083000000000000000e+03
1.600000000000000000e+04 3.009000000000000000e+03
1.610000000000000000e+04 2.943000000000000000e+03
1.620000000000000000e+04 2.674000000000000000e+03
1.630000000000000000e+04 2.619000000000000000e+03
1.640000000000000000e+04 2.521000000000000000e+03
1.650000000000000000e+04 2.486000000000000000e+03
1.660000000000000000e+04 2.329000000000000000e+03
1.670000000000000000e+04 2.260000000000000000e+03
1.680000000000000000e+04 2.195000000000000000e+03
1.690000000000000000e+04 2.171000000000000000e+03
1.700000000000000000e+04 2.226000000000000000e+03
1.710000000000000000e+04 2.166000000000000000e+03
1.720000000000000000e+04 2.240000000000000000e+03
1.730000000000000000e+04 2.261000000000000000e+03
1.740000000000000000e+04 2.304000000000000000e+03
1.750000000000000000e+04 2.322000000000000000e+03
1.760000000000000000e+04 2.411000000000000000e+03
1.770000000000000000e+04 2.542000000000000000e+03
1.780000000000000000e+04 2.735000000000000000e+03
1.790000000000000000e+04 2.784000000000000000e+03
1.800000000000000000e+04 2.943000000000000000e+03
1.810000000000000000e+04 3.133000000000000000e+03
1.820000000000000000e+04 3.379000000000000000e+03
1.830000000000000000e+04 3.540000000000000000e+03
1.840000000000000000e+04 3.613000000000000000e+03
1.850000000000000000e+04 3.913000000000000000e+03
1.860000000000000000e+04 4.038000000000000000e+03
1.870000000000000000e+04 4.143000000000000000e+03
1.880000000000000000e+04 4.497000000000000000e+03
1.890000000000000000e+04 4.579000000000000000e+03
1.900000000000000000e+04 4.851000000000000000e+03
1.910000000000000000e+04 4.919000000000000000e+03
1.920000000000000000e+04 5.321000000000000000e+03
1.930000000000000000e+04 5.360000000000000000e+03
1.940000000000000000e+04 5.495000000000000000e+03
1.950000000000000000e+04 5.668000000000000000e+03
1.960000000000000000e+04 5.757000000000000000e+03
1.970000000000000000e+04 6.075000000000000000e+03
1.980000000000000000e+04 6.099000000000000000e+03
1.990000000000000000e+04 6.145000000000000000e+03
