0.000000000000000000e+00 6.973000000000000000e+03
3.330000000000000000e+02 7.108000000000000000e+03
6.660000000000000000e+02 7.225000000000000000e+03
9.990000000000000000e+02 7.407000000000000000e+03
1.332000000000000000e+03 7.392000000000000000e+03
1.665000000000000000e+03 7.651000000000000000e+03
1.998000000000000000e+03 7.663000000000000000e+03
2.331000000000000000e+03 7.845000000000000000e+03
2.664000000000000000e+03 7.606000000000000000e+03
2.997000000000000000e+03 7.651000000000000000e+03
3.330000000000000000e+03 8.074000000000000000e+03
3.663000000000000000e+03 7.756000000000000000e+03
3.996000000000000000e+03 7.859000000000000000e+03
4.329000000000000000e+03 7.855000000000000000e+03
4.662000000000000000e+03 7.962000000000000000e+03
4.995000000000000000e+03 8.143000000000000000e+03
5.328000000000000000e+03 8.090000000000000000e+03
5.661000000000000000e+03 8.123000000000000000e+03
5.994000000000000000e+03 7.990000000000000000e+03
6.327000000000000000e+03 7.926000000000000000e+03
6.660000000000000000e+03 8.013000000000000000e+03
6.993000000000000000e+03 8.157000000000000000e+03
7.326000000000000000e+03 8.132000000000000000e+03
7.659000000000000000e+03 7.923000000000000000e+03
7.992000000000000000e+03 8.035000000000000000e+03
8.325000000000000000e+03 7.883000000000000000e+03
8.658000000000000000e+03 8.023000000000000000e+03
8.991000000000000000e+03 7.871000000000000000e+03
9.324000000000000000e+03 7.666000000000000000e+03
9.657000000000000000e+03 7.714000000000000000e+03
9.990000000000000000e+03 7.752000000000000000e+03
1.032300000000000000e+04 7.659000000000000000e+03
1.065600000000000000e+04 7.778000000000000000e+03
1.098900000000000000e+04 7.592000000000000000e+03
1.132200000000000000e+04 7.472000000000000000e+03
1.165500000000000000e+04 7.347000000000000000e+03
1.198800000000000000e+04 7.370000000000000000e+03
1.232100000000000000e+04 7.129000000000000000e+03
1.265400000000000000e+04 7.038000000000000000e+03
1.298700000000000000e+04 7.026000000000000000e+03
1.332000000000000000e+04 6.874000000000000000e+03
1.365300000000000000e+04 6.767000000000000000e+03
1.398600000000000000e+04 6.722000000000000000e+03
1.431900000000000000e+04 6.465000000000000000e+03
1.465200000000000000e+04 6.343000000000000000e+03
1.498500000000000000e+04 6.103000000000000000e+03
1.531800000000000000e+04 5.780000000000000000e+03
1.565100000000000000e+04 5.644000000000000000e+03
1.598400000000000000e+04 5.502000000000000000e+03
1.631700000000000000e+04 5.279000000000000000e+03
1.665000000000000000e+04 5.278000000000000000e+03
1.698300000000000000e+04 4.955000000000000000e+03
1.731600000000000000e+04 4.744000000000000000e+03
1.764900000000000000e+04 4.580000000000000000e+03
1.798200000000000000e+04 4.434000000000000000e+03
1.831500000000000000e+04 4.144000000000000000e+03
1.864800000000000000e+04 3.910000000000000000e+03
1.898100000000000000e+04 3.684000000000000000e+03
1.931400000000000000e+04 3.408000000000000000e+03
1.964700000000000000e+04 3.291000000000000000e+03
1.998000000000000000e+04 3.175000000000000000e+03
2.031300000000000000e+04 2.944000000000000000e+03
2.064600000000000000e+04 2.839000000000000000e+03
2.097900000000000000e+04 2.831000000000000000e+03
2.131200000000000000e+04 2.585000000000000000e+03
2.164500000000000000e+04 2.496000000000000000e+03
2.197800000000000000e+04 2.510000000000000000e+03
2.231100000000000000e+04 2.467000000000000000e+03
2.264400000000000000e+04 2.334000000000000000e+03
2.297700000000000000e+04 2.383000000000000000e+03
2.331000000000000000e+04 2.306000000000000000e+03
2.364300000000000000e+04 2.448000000000000000e+03
2.397600000000000000e+04 2.413000000000000000e+03
2.430900000000000000e+04 2.595000000000000000e+03
2.464200000000000000e+04 2.497000000000000000e+03
2.497500000000000000e+04 2.648000000000000000e+03
2.530800000000000000e+04 2.722000000000000000e+03
2.564100000000000000e+04 2.897000000000000000e+03
2.597400000000000000e+04 3.105000000000000000e+03
2.630700000000000000e+04 3.176000000000000000e+03
2.664000000000000000e+04 3.364000000000000000e+03
2.697300000000000000e+04 3.583000000000000000e+03
2.730600000000000000e+04 3.686000000000000000e+03
2.763900000000000000e+04 3.861000000000000000e+03
2.797200000000000000e+04 4.035000000000000000e+03
2.830500000000000000e+04 4.364000000000000000e+03
2.863800000000000000e+04 4.676000000000000000e+03
2.897100000000000000e+04 4.743000000000000000e+03
2.930400000000000000e+04 5.034000000000000000e+03
2.963700000000000000e+04 5.177000000000000000e+03
2.997000000000000000e+04 5.589000000000000000e+03
3.030300000000000000e+04 5.433000000000000000e+03
3.063600000000000000e+04 5.956000000000000000e+03
3.096900000000000000e+04 6.135000000000000000e+03
3.130200000000000000e+04 6.124000000000000000e+03
3.163500000000000000e+04 6.270000000000000000e+03
3.196800000000000000e+04 6.347000000000000000e+03
3.230100000000000000e+04 6.558000000000000000e+03
3.263400000000000000e+04 6.747000000000000000e+03
3.296700000000000000e+04 6.752000000000000000e+03
3.330000000000000000e+04 6.808000000000000000e+03
3.363300000000000000e+04 7.141000000000000000e+03
3.396600000000000000e+04 7.364000000000000000e+03
3.429900000000000000e+04 7.403000000000000000e+03
3.463200000000000000e+04 7.491000000000000000e+03
3.496500000000000000e+04 7.503000000000000000e+03
3.529800000000000000e+04 7.609000000000000000e+03
3.563100000000000000e+04 7.655000000000000000e+03
3.596400000000000000e+04 7.692000000000000000e+03
3.629700000000000000e+04 7.766000000000000000e+03
3.663000000000000000e+04 7.898000000000000000e+03
3.696300000000000000e+04 7.927000000000000000e+03
3.729600000000000000e+04 7.971000000000000000e+03
3.762900000000000000e+04 7.993000000000000000e+03
3.796200000000000000e+04 8.108000000000000000e+03
3.829500000000000000e+04 7.971000000000000000e+03
3.862800000000000000e+04 7.924000000000000000e+03
3.896100000000000000e+04 8.137000000000000000e+03
3.929400000000000000e+04 7.990000000000000000e+03
3.962700000000000000e+04 8.074000000000000000e+03
3.996000000000000000e+04 8.000000000000000000e+03
4.029300000000000000e+04 8.134000000000000000e+03
4.062600000000000000e+04 8.119000000000000000e+03
4.095900000000000000e+04 8.091000000000000000e+03
4.129200000000000000e+04 7.916000000000000000e+03
4.162500000000000000e+04 8.005000000000000000e+03
4.195800000000000000e+04 7.969000000000000000e+03
4.229100000000000000e+04 7.688000000000000000e+03
4.262400000000000000e+04 7.845000000000000000e+03
4.295700000000000000e+04 7.729000000000000000e+03
4.329000000000000000e+04 7.758000000000000000e+03
4.362300000000000000e+04 7.627000000000000000e+03
4.395600000000000000e+04 7.736000000000000000e+03
4.428900000000000000e+04 7.561000000000000000e+03
4.462200000000000000e+04 7.449000000000000000e+03
4.495500000000000000e+04 7.340000000000000000e+03
4.528800000000000000e+04 7.287000000000000000e+03
4.562100000000000000e+04 7.319000000000000000e+03
4.595400000000000000e+04 7.075000000000000000e+03
4.628700000000000000e+04 6.883000000000000000e+03
4.662000000000000000e+04 7.014000000000000000e+03
4.695300000000000000e+04 6.811000000000000000e+03
4.728600000000000000e+04 6.592000000000000000e+03
4.761900000000000000e+04 6.309000000000000000e+03
4.795200000000000000e+04 6.398000000000000000e+03
4.828500000000000000e+04 6.053000000000000000e+03
4.861800000000000000e+04 5.947000000000000000e+03
4.895100000000000000e+04 5.724000000000000000e+03
4.928400000000000000e+04 5.428000000000000000e+03
4.961700000000000000e+04 5.310000000000000000e+03
4.995000000000000000e+04 5.098000000000000000e+03
5.028300000000000000e+04 5.120000000000000000e+03
5.061600000000000000e+04 4.620000000000000000e+03
5.094900000000000000e+04 4.470000000000000000e+03
5.128200000000000000e+04 4.281000000000000000e+03
5.161500000000000000e+04 4.060000000000000000e+03
5.194800000000000000e+04 3.837000000000000000e+03
5.228100000000000000e+04 3.806000000000000000e+03
5.261400000000000000e+04 3.645000000000000000e+03
5.294700000000000000e+04 3.335000000000000000e+03
5.328000000000000000e+04 3.146000000000000000e+03
5.361300000000000000e+04 2.983000000000000000e+03
5.394600000000000000e+04 2.870000000000000000e+03
5.427900000000000000e+04 2.737000000000000000e+03
5.461200000000000000e+04 2.618000000000000000e+03
5.494500000000000000e+04 2.618000000000000000e+03
5.527800000000000000e+04 2.499000000000000000e+03
5.561100000000000000e+04 2.366000000000000000e+03
5.594400000000000000e+04 2.454000000000000000e+03
5.627700000000000000e+04 2.383000000000000000e+03
5.661000000000000000e+04 2.400000000000000000e+03
5.694300000000000000e+04 2.349000000000000000e+03
5.727600000000000000e+04 2.433000000000000000e+03
5.760900000000000000e+04 2.471000000000000000e+03
5.794200000000000000e+04 2.456000000000000000e+03
5.827500000000000000e+04 2.558000000000000000e+03
5.860800000000000000e+04 2.745000000000000000e+03
5.894100000000000000e+04 2.993000000000000000e+03
5.927400000000000000e+04 2.942000000000000000e+03
5.960700000000000000e+04 3.132000000000000000e+03
5.994000000000000000e+04 3.366000000000000000e+03
6.027300000000000000e+04 3.475000000000000000e+03
6.060600000000000000e+04 3.667000000000000000e+03
6.093900000000000000e+04 3.982000000000000000e+03
6.127200000000000000e+04 4.098000000000000000e+03
6.160500000000000000e+04 4.190000000000000000e+03
6.193800000000000000e+04 4.485000000000000000e+03
6.227100000000000000e+04 4.649000000000000000e+03
6.260400000000000000e+04 4.845000000000000000e+03
6.293700000000000000e+04 5.117000000000000000e+03
6.327000000000000000e+04 5.302000000000000000e+03
6.360300000000000000e+04 5.408000000000000000e+03
6.393600000000000000e+04 5.753000000000000000e+03
6.426900000000000000e+04 5.945000000000000000e+03
6.460200000000000000e+04 6.101000000000000000e+03
6.493500000000000000e+04 6.331000000000000000e+03
6.526800000000000000e+04 6.545000000000000000e+03
6.560100000000000000e+04 6.666000000000000000e+03
6.593400000000000000e+04 6.563000000000000000e+03
6.626700000000000000e+04 6.947000000000000000e+03
