0.000000000000000000e+00 1.685000000000000000e+04
1.000000000000000000e+04 1.805700000000000000e+04
2.000000000000000000e+04 1.838600000000000000e+04
3.000000000000000000e+04 1.829100000000000000e+04
4.000000000000000000e+04 1.815200000000000000e+04
5.000000000000000000e+04 1.869500000000000000e+04
6.000000000000000000e+04 1.894700000000000000e+04
7.000000000000000000e+04 1.889900000000000000e+04
8.000000000000000000e+04 1.911800000000000000e+04
9.000000000000000000e+04 1.915200000000000000e+04
1.000000000000000000e+05 1.939300000000000000e+04
1.100000000000000000e+05 1.928700000000000000e+04
1.200000000000000000e+05 1.940400000000000000e+04
1.300000000000000000e+05 1.950500000000000000e+04
1.400000000000000000e+05 1.969000000000000000e+04
1.500000000000000000e+05 1.971200000000000000e+04
1.600000000000000000e+05 1.939800000000000000e+04
1.700000000000000000e+05 1.958600000000000000e+04
1.800000000000000000e+05 1.960700000000000000e+04
1.900000000000000000e+05 2.002000000000000000e+04
2.000000000000000000e+05 1.942600000000000000e+04
2.100000000000000000e+05 1.986900000000000000e+04
2.200000000000000000e+05 1.985700000000000000e+04
2.300000000000000000e+05 1.973700000000000000e+04
2.400000000000000000e+05 1.925400000000000000e+04
2.500000000000000000e+05 1.951900000000000000e+04
2.600000000000000000e+05 1.966800000000000000e+04
2.700000000000000000e+05 1.924600000000000000e+04
2.800000000000000000e+05 1.934900000000000000e+04
2.900000000000000000e+05 1.919400000000000000e+04
3.000000000000000000e+05 1.898700000000000000e+04
3.100000000000000000e+05 1.879100000000000000e+04
3.200000000000000000e+05 1.890800000000000000e+04
3.300000000000000000e+05 1.852000000000000000e+04
3.400000000000000000e+05 1.831800000000000000e+04
3.500000000000000000e+05 1.794000000000000000e+04
3.600000000000000000e+05 1.796300000000000000e+04
3.700000000000000000e+05 1.771300000000000000e+04
3.800000000000000000e+05 1.733700000000000000e+04
3.900000000000000000e+05 1.709200000000000000e+04
4.000000000000000000e+05 1.671200000000000000e+04
4.100000000000000000e+05 1.614300000000000000e+04
4.200000000000000000e+05 1.588700000000000000e+04
4.300000000000000000e+05 1.546300000000000000e+04
4.400000000000000000e+05 1.502000000000000000e+04
4.500000000000000000e+05 1.446400000000000000e+04
4.600000000000000000e+05 1.412900000000000000e+04
4.700000000000000000e+05 1.375400000000000000e+04
4.800000000000000000e+05 1.315500000000000000e+04
4.900000000000000000e+05 1.255400000000000000e+04
5.000000000000000000e+05 1.221000000000000000e+04
5.100000000000000000e+05 1.170900000000000000e+04
5.200000000000000000e+05 1.107700000000000000e+04
5.300000000000000000e+05 1.070000000000000000e+04
5.400000000000000000e+05 1.010300000000000000e+04
5.500000000000000000e+05 9.551000000000000000e+03
5.600000000000000000e+05 8.991000000000000000e+03
5.700000000000000000e+05 8.396000000000000000e+03
5.800000000000000000e+05 8.187000000000000000e+03
5.900000000000000000e+05 7.859000000000000000e+03
6.000000000000000000e+05 7.313000000000000000e+03
6.100000000000000000e+05 6.869000000000000000e+03
6.200000000000000000e+05 6.593000000000000000e+03
6.300000000000000000e+05 6.133000000000000000e+03
6.400000000000000000e+05 6.030000000000000000e+03
6.500000000000000000e+05 5.937000000000000000e+03
6.600000000000000000e+05 5.567000000000000000e+03
6.700000000000000000e+05 5.509000000000000000e+03
6.800000000000000000e+05 5.359000000000000000e+03
6.900000000000000000e+05 5.363000000000000000e+03
7.000000000000000000e+05 5.484000000000000000e+03
7.100000000000000000e+05 5.321000000000000000e+03
7.200000000000000000e+05 5.651000000000000000e+03
7.300000000000000000e+05 5.667000000000000000e+03
7.400000000000000000e+05 5.940000000000000000e+03
7.500000000000000000e+05 5.905000000000000000e+03
7.600000000000000000e+05 6.338000000000000000e+03
7.700000000000000000e+05 6.864000000000000000e+03
7.800000000000000000e+05 7.028000000000000000e+03
7.900000000000000000e+05 7.546000000000000000e+03
8.000000000000000000e+05 7.984000000000000000e+03
8.100000000000000000e+05 8.228000000000000000e+03
8.200000000000000000e+05 8.944000000000000000e+03
8.300000000000000000e+05 9.383000000000000000e+03
8.400000000000000000e+05 9.769000000000000000e+03
8.500000000000000000e+05 1.026200000000000000e+04
8.600000000000000000e+05 1.102100000000000000e+04
8.700000000000000000e+05 1.121600000000000000e+04
8.800000000000000000e+05 1.203900000000000000e+04
8.900000000000000000e+05 1.247800000000000000e+04
9.000000000000000000e+05 1.303500000000000000e+04
9.100000000000000000e+05 1.352800000000000000e+04
9.200000000000000000e+05 1.406300000000000000e+04
9.300000000000000000e+05 1.427100000000000000e+04
9.400000000000000000e+05 1.464600000000000000e+04
9.500000000000000000e+05 1.529900000000000000e+04
9.600000000000000000e+05 1.548700000000000000e+04
9.700000000000000000e+05 1.613800000000000000e+04
9.800000000000000000e+05 1.641700000000000000e+04
9.900000000000000000e+05 1.674600000000000000e+04
1.000000000000000000e+06 1.691200000000000000e+04
1.010000000000000000e+06 1.735000000000000000e+04
1.020000000000000000e+06 1.788900000000000000e+04
1.030000000000000000e+06 1.788700000000000000e+04
1.040000000000000000e+06 1.835400000000000000e+04
1.050000000000000000e+06 1.838500000000000000e+04
1.060000000000000000e+06 1.871600000000000000e+04
1.070000000000000000e+06 1.920700000000000000e+04
1.080000000000000000e+06 1.901800000000000000e+04
1.090000000000000000e+06 1.924200000000000000e+04
1.100000000000000000e+06 1.932100000000000000e+04
1.110000000000000000e+06 1.927000000000000000e+04
1.120000000000000000e+06 1.931600000000000000e+04
1.130000000000000000e+06 1.969000000000000000e+04
1.140000000000000000e+06 1.973900000000000000e+04
1.150000000000000000e+06 1.949500000000000000e+04
1.160000000000000000e+06 1.986800000000000000e+04
1.170000000000000000e+06 1.954700000000000000e+04
1.180000000000000000e+06 2.000600000000000000e+04
1.190000000000000000e+06 1.985700000000000000e+04
1.200000000000000000e+06 1.973600000000000000e+04
1.210000000000000000e+06 1.974500000000000000e+04
1.220000000000000000e+06 1.980800000000000000e+04
1.230000000000000000e+06 1.968100000000000000e+04
1.240000000000000000e+06 1.975900000000000000e+04
1.250000000000000000e+06 1.977100000000000000e+04
1.260000000000000000e+06 1.942800000000000000e+04
1.270000000000000000e+06 1.943600000000000000e+04
1.280000000000000000e+06 1.951300000000000000e+04
1.290000000000000000e+06 1.902400000000000000e+04
1.300000000000000000e+06 1.904100000000000000e+04
1.310000000000000000e+06 1.873300000000000000e+04
1.320000000000000000e+06 1.855300000000000000e+04
1.330000000000000000e+06 1.850200000000000000e+04
1.340000000000000000e+06 1.827300000000000000e+04
1.350000000000000000e+06 1.802800000000000000e+04
1.360000000000000000e+06 1.771200000000000000e+04
1.370000000000000000e+06 1.755200000000000000e+04
1.380000000000000000e+06 1.721000000000000000e+04
1.390000000000000000e+06 1.695500000000000000e+04
1.400000000000000000e+06 1.679100000000000000e+04
1.410000000000000000e+06 1.615400000000000000e+04
1.420000000000000000e+06 1.596200000000000000e+04
1.430000000000000000e+06 1.564700000000000000e+04
1.440000000000000000e+06 1.499900000000000000e+04
1.450000000000000000e+06 1.459300000000000000e+04
1.460000000000000000e+06 1.401500000000000000e+04
1.470000000000000000e+06 1.365300000000000000e+04
1.480000000000000000e+06 1.315200000000000000e+04
1.490000000000000000e+06 1.261300000000000000e+04
1.500000000000000000e+06 1.223400000000000000e+04
1.510000000000000000e+06 1.172600000000000000e+04
1.520000000000000000e+06 1.109000000000000000e+04
1.530000000000000000e+06 1.062700000000000000e+04
1.540000000000000000e+06 9.945000000000000000e+03
1.550000000000000000e+06 9.541000000000000000e+03
1.560000000000000000e+06 9.124000000000000000e+03
1.570000000000000000e+06 8.569000000000000000e+03
1.580000000000000000e+06 8.083000000000000000e+03
1.590000000000000000e+06 7.522000000000000000e+03
1.600000000000000000e+06 7.327000000000000000e+03
1.610000000000000000e+06 6.806000000000000000e+03
1.620000000000000000e+06 6.561000000000000000e+03
1.630000000000000000e+06 6.381000000000000000e+03
1.640000000000000000e+06 5.996000000000000000e+03
1.650000000000000000e+06 5.851000000000000000e+03
1.660000000000000000e+06 5.607000000000000000e+03
1.670000000000000000e+06 5.596000000000000000e+03
1.680000000000000000e+06 5.538000000000000000e+03
1.690000000000000000e+06 5.433000000000000000e+03
1.700000000000000000e+06 5.348000000000000000e+03
1.710000000000000000e+06 5.342000000000000000e+03
1.720000000000000000e+06 5.526000000000000000e+03
1.730000000000000000e+06 5.680000000000000000e+03
1.740000000000000000e+06 5.868000000000000000e+03
1.750000000000000000e+06 5.863000000000000000e+03
1.760000000000000000e+06 6.459000000000000000e+03
1.770000000000000000e+06 6.838000000000000000e+03
1.780000000000000000e+06 7.093000000000000000e+03
1.790000000000000000e+06 7.432000000000000000e+03
1.800000000000000000e+06 7.861000000000000000e+03
1.810000000000000000e+06 8.296000000000000000e+03
1.820000000000000000e+06 8.784000000000000000e+03
1.830000000000000000e+06 9.396000000000000000e+03
1.840000000000000000e+06 9.773000000000000000e+03
1.850000000000000000e+06 1.046800000000000000e+04
1.860000000000000000e+06 1.100700000000000000e+04
1.870000000000000000e+06 1.141100000000000000e+04
1.880000000000000000e+06 1.179500000000000000e+04
1.890000000000000000e+06 1.247300000000000000e+04
1.900000000000000000e+06 1.282300000000000000e+04
1.910000000000000000e+06 1.334500000000000000e+04
1.920000000000000000e+06 1.399900000000000000e+04
1.930000000000000000e+06 1.448300000000000000e+04
1.940000000000000000e+06 1.485800000000000000e+04
1.950000000000000000e+06 1.537000000000000000e+04
1.960000000000000000e+06 1.572500000000000000e+04
1.970000000000000000e+06 1.613100000000000000e+04
1.980000000000000000e+06 1.664400000000000000e+04
1.990000000000000000e+06 1.686400000000000000e+04
