0.000000000000000000e+00 3.706000000000000000e+03
5.000000000000000000e+03 3.740000000000000000e+03
1.000000000000000000e+04 3.798000000000000000e+03
1.500000000000000000e+04 3.805000000000000000e+03
2.000000000000000000e+04 3.912000000000000000e+03
2.500000000000000000e+04 4.141000000000000000e+03
3.000000000000000000e+04 4.006000000000000000e+03
3.500000000000000000e+04 4.042000000000000000e+03
4.000000000000000000e+04 4.156000000000000000e+03
4.500000000000000000e+04 4.093000000000000000e+03
5.000000000000000000e+04 4.086000000000000000e+03
5.500000000000000000e+04 4.132000000000000000e+03
6.000000000000000000e+04 4.148000000000000000e+03
6.500000000000000000e+04 4.096000000000000000e+03
7.000000000000000000e+04 4.246000000000000000e+03
7.500000000000000000e+04 4.194000000000000000e+03
8.000000000000000000e+04 4.376000000000000000e+03
8.500000000000000000e+04 4.282000000000000000e+03
9.000000000000000000e+04 4.143000000000000000e+03
9.500000000000000000e+04 4.252000000000000000e+03
1.000000000000000000e+05 4.276000000000000000e+03
1.050000000000000000e+05 4.258000000000000000e+03
1.100000000000000000e+05 4.336000000000000000e+03
1.150000000000000000e+05 4.225000000000000000e+03
1.200000000000000000e+05 4.139000000000000000e+03
1.250000000000000000e+05 4.318000000000000000e+03
1.300000000000000000e+05 4.087000000000000000e+03
1.350000000000000000e+05 4.164000000000000000e+03
1.400000000000000000e+05 4.105000000000000000e+03
1.450000000000000000e+05 4.204000000000000000e+03
1.500000000000000000e+05 4.119000000000000000e+03
1.550000000000000000e+05 4.040000000000000000e+03
1.600000000000000000e+05 3.976000000000000000e+03
1.650000000000000000e+05 3.878000000000000000e+03
1.700000000000000000e+05 4.037000000000000000e+03
1.750000000000000000e+05 3.809000000000000000e+03
1.800000000000000000e+05 3.719000000000000000e+03
1.850000000000000000e+05 3.668000000000000000e+03
1.900000000000000000e+05 3.703000000000000000e+03
1.950000000000000000e+05 3.733000000000000000e+03
2.000000000000000000e+05 3.634000000000000000e+03
2.050000000000000000e+05 3.531000000000000000e+03
2.100000000000000000e+05 3.560000000000000000e+03
2.150000000000000000e+05 3.333000000000000000e+03
2.200000000000000000e+05 3.349000000000000000e+03
2.250000000000000000e+05 3.203000000000000000e+03
2.300000000000000000e+05 3.010000000000000000e+03
2.350000000000000000e+05 2.971000000000000000e+03
2.400000000000000000e+05 2.959000000000000000e+03
2.450000000000000000e+05 2.873000000000000000e+03
2.500000000000000000e+05 2.690000000000000000e+03
2.550000000000000000e+05 2.610000000000000000e+03
2.600000000000000000e+05 2.540000000000000000e+03
2.650000000000000000e+05 2.504000000000000000e+03
2.700000000000000000e+05 2.238000000000000000e+03
2.750000000000000000e+05 2.141000000000000000e+03
2.800000000000000000e+05 2.145000000000000000e+03
2.850000000000000000e+05 2.021000000000000000e+03
2.900000000000000000e+05 1.986000000000000000e+03
2.950000000000000000e+05 1.866000000000000000e+03
3.000000000000000000e+05 1.789000000000000000e+03
3.050000000000000000e+05 1.619000000000000000e+03
3.100000000000000000e+05 1.565000000000000000e+03
3.150000000000000000e+05 1.549000000000000000e+03
3.200000000000000000e+05 1.471000000000000000e+03
3.250000000000000000e+05 1.473000000000000000e+03
3.300000000000000000e+05 1.406000000000000000e+03
3.350000000000000000e+05 1.388000000000000000e+03
3.400000000000000000e+05 1.374000000000000000e+03
3.450000000000000000e+05 1.347000000000000000e+03
3.500000000000000000e+05 1.415000000000000000e+03
3.550000000000000000e+05 1.386000000000000000e+03
3.600000000000000000e+05 1.352000000000000000e+03
3.650000000000000000e+05 1.394000000000000000e+03
3.700000000000000000e+05 1.493000000000000000e+03
3.750000000000000000e+05 1.568000000000000000e+03
3.800000000000000000e+05 1.527000000000000000e+03
3.850000000000000000e+05 1.607000000000000000e+03
3.900000000000000000e+05 1.706000000000000000e+03
3.950000000000000000e+05 1.739000000000000000e+03
4.000000000000000000e+05 1.817000000000000000e+03
4.050000000000000000e+05 1.994000000000000000e+03
4.100000000000000000e+05 2.029000000000000000e+03
4.150000000000000000e+05 2.152000000000000000e+03
4.200000000000000000e+05 2.291000000000000000e+03
4.250000000000000000e+05 2.392000000000000000e+03
4.300000000000000000e+05 2.481000000000000000e+03
4.350000000000000000e+05 2.643000000000000000e+03
4.400000000000000000e+05 2.606000000000000000e+03
4.450000000000000000e+05 2.685000000000000000e+03
4.500000000000000000e+05 2.958000000000000000e+03
4.550000000000000000e+05 3.055000000000000000e+03
4.600000000000000000e+05 3.074000000000000000e+03
4.650000000000000000e+05 3.217000000000000000e+03
4.700000000000000000e+05 3.258000000000000000e+03
4.750000000000000000e+05 3.450000000000000000e+03
4.800000000000000000e+05 3.417000000000000000e+03
4.850000000000000000e+05 3.411000000000000000e+03
4.900000000000000000e+05 3.609000000000000000e+03
4.950000000000000000e+05 3.710000000000000000e+03
5.000000000000000000e+05 3.778000000000000000e+03
5.050000000000000000e+05 3.762000000000000000e+03
5.100000000000000000e+05 3.823000000000000000e+03
5.150000000000000000e+05 3.900000000000000000e+03
5.200000000000000000e+05 3.874000000000000000e+03
5.250000000000000000e+05 4.013000000000000000e+03
5.300000000000000000e+05 4.062000000000000000e+03
5.350000000000000000e+05 4.077000000000000000e+03
5.400000000000000000e+05 4.047000000000000000e+03
5.450000000000000000e+05 4.118000000000000000e+03
5.500000000000000000e+05 4.161000000000000000e+03
5.550000000000000000e+05 4.152000000000000000e+03
5.600000000000000000e+05 4.209000000000000000e+03
5.650000000000000000e+05 4.318000000000000000e+03
5.700000000000000000e+05 4.155000000000000000e+03
5.750000000000000000e+05 4.236000000000000000e+03
5.800000000000000000e+05 4.256000000000000000e+03
5.850000000000000000e+05 4.300000000000000000e+03
5.900000000000000000e+05 4.272000000000000000e+03
5.950000000000000000e+05 4.316000000000000000e+03
6.000000000000000000e+05 4.233000000000000000e+03
6.050000000000000000e+05 4.361000000000000000e+03
6.100000000000000000e+05 4.205000000000000000e+03
6.150000000000000000e+05 4.231000000000000000e+03
6.200000000000000000e+05 4.303000000000000000e+03
6.250000000000000000e+05 4.218000000000000000e+03
6.300000000000000000e+05 4.145000000000000000e+03
6.350000000000000000e+05 4.193000000000000000e+03
6.400000000000000000e+05 4.083000000000000000e+03
6.450000000000000000e+05 4.125000000000000000e+03
6.500000000000000000e+05 4.044000000000000000e+03
6.550000000000000000e+05 4.022000000000000000e+03
6.600000000000000000e+05 3.983000000000000000e+03
6.650000000000000000e+05 3.998000000000000000e+03
6.700000000000000000e+05 3.980000000000000000e+03
6.750000000000000000e+05 3.808000000000000000e+03
6.800000000000000000e+05 3.785000000000000000e+03
6.850000000000000000e+05 3.849000000000000000e+03
6.900000000000000000e+05 3.895000000000000000e+03
6.950000000000000000e+05 3.577000000000000000e+03
7.000000000000000000e+05 3.608000000000000000e+03
7.050000000000000000e+05 3.425000000000000000e+03
7.100000000000000000e+05 3.510000000000000000e+03
7.150000000000000000e+05 3.346000000000000000e+03
7.200000000000000000e+05 3.379000000000000000e+03
7.250000000000000000e+05 3.166000000000000000e+03
7.300000000000000000e+05 3.099000000000000000e+03
7.350000000000000000e+05 2.986000000000000000e+03
7.400000000000000000e+05 2.912000000000000000e+03
7.450000000000000000e+05 2.779000000000000000e+03
7.500000000000000000e+05 2.743000000000000000e+03
7.550000000000000000e+05 2.618000000000000000e+03
7.600000000000000000e+05 2.578000000000000000e+03
7.650000000000000000e+05 2.481000000000000000e+03
7.700000000000000000e+05 2.236000000000000000e+03
7.750000000000000000e+05 2.238000000000000000e+03
7.800000000000000000e+05 2.158000000000000000e+03
7.850000000000000000e+05 2.050000000000000000e+03
7.900000000000000000e+05 1.901000000000000000e+03
7.950000000000000000e+05 1.788000000000000000e+03
8.000000000000000000e+05 1.738000000000000000e+03
8.050000000000000000e+05 1.728000000000000000e+03
8.100000000000000000e+05 1.625000000000000000e+03
8.150000000000000000e+05 1.565000000000000000e+03
8.200000000000000000e+05 1.389000000000000000e+03
8.250000000000000000e+05 1.421000000000000000e+03
8.300000000000000000e+05 1.399000000000000000e+03
8.350000000000000000e+05 1.351000000000000000e+03
8.400000000000000000e+05 1.367000000000000000e+03
8.450000000000000000e+05 1.278000000000000000e+03
8.500000000000000000e+05 1.361000000000000000e+03
8.550000000000000000e+05 1.309000000000000000e+03
8.600000000000000000e+05 1.422000000000000000e+03
8.650000000000000000e+05 1.407000000000000000e+03
8.700000000000000000e+05 1.438000000000000000e+03
8.750000000000000000e+05 1.508000000000000000e+03
8.800000000000000000e+05 1.590000000000000000e+03
8.850000000000000000e+05 1.614000000000000000e+03
8.900000000000000000e+05 1.744000000000000000e+03
8.950000000000000000e+05 1.749000000000000000e+03
9.000000000000000000e+05 1.894000000000000000e+03
9.050000000000000000e+05 1.996000000000000000e+03
9.100000000000000000e+05 2.021000000000000000e+03
9.150000000000000000e+05 2.165000000000000000e+03
9.200000000000000000e+05 2.284000000000000000e+03
9.250000000000000000e+05 2.395000000000000000e+03
9.300000000000000000e+05 2.594000000000000000e+03
9.350000000000000000e+05 2.597000000000000000e+03
9.400000000000000000e+05 2.614000000000000000e+03
9.450000000000000000e+05 2.762000000000000000e+03
9.500000000000000000e+05 2.984000000000000000e+03
9.550000000000000000e+05 2.924000000000000000e+03
9.600000000000000000e+05 3.042000000000000000e+03
9.650000000000000000e+05 3.113000000000000000e+03
9.700000000000000000e+05 3.189000000000000000e+03
9.750000000000000000e+05 3.438000000000000000e+03
9.800000000000000000e+05 3.430000000000000000e+03
9.850000000000000000e+05 3.517000000000000000e+03
9.900000000000000000e+05 3.597000000000000000e+03
9.950000000000000000e+05 3.716000000000000000e+03
