0.000000000000000000e+00 3.086000000000000000e+03
2.500000000000000000e+02 3.210000000000000000e+03
5.000000000000000000e+02 3.264000000000000000e+03
7.500000000000000000e+02 3.261000000000000000e+03
1.000000000000000000e+03 3.351000000000000000e+03
1.250000000000000000e+03 3.303000000000000000e+03
1.500000000000000000e+03 3.504000000000000000e+03
1.750000000000000000e+03 3.491000000000000000e+03
2.000000000000000000e+03 3.484000000000000000e+03
2.250000000000000000e+03 3.439000000000000000e+03
2.500000000000000000e+03 3.553000000000000000e+03
2.750000000000000000e+03 3.595000000000000000e+03
3.000000000000000000e+03 3.581000000000000000e+03
3.250000000000000000e+03 3.640000000000000000e+03
3.500000000000000000e+03 3.564000000000000000e+03
3.750000000000000000e+03 3.680000000000000000e+03
4.000000000000000000e+03 3.617000000000000000e+03
4.250000000000000000e+03 3.632000000000000000e+03
4.500000000000000000e+03 3.585000000000000000e+03
4.750000000000000000e+03 3.622000000000000000e+03
5.000000000000000000e+03 3.619000000000000000e+03
5.250000000000000000e+03 3.581000000000000000e+03
5.500000000000000000e+03 3.749000000000000000e+03
5.750000000000000000e+03 3.504000000000000000e+03
6.000000000000000000e+03 3.576000000000000000e+03
6.250000000000000000e+03 3.550000000000000000e+03
6.500000000000000000e+03 3.597000000000000000e+03
6.750000000000000000e+03 3.550000000000000000e+03
7.000000000000000000e+03 3.519000000000000000e+03
7.250000000000000000e+03 3.473000000000000000e+03
7.500000000000000000e+03 3.508000000000000000e+03
7.750000000000000000e+03 3.403000000000000000e+03
8.000000000000000000e+03 3.525000000000000000e+03
8.250000000000000000e+03 3.339000000000000000e+03
8.500000000000000000e+03 3.368000000000000000e+03
8.750000000000000000e+03 3.326000000000000000e+03
9.000000000000000000e+03 3.335000000000000000e+03
9.250000000000000000e+03 3.153000000000000000e+03
9.500000000000000000e+03 3.190000000000000000e+03
9.750000000000000000e+03 3.196000000000000000e+03
1.000000000000000000e+04 3.112000000000000000e+03
1.025000000000000000e+04 3.098000000000000000e+03
1.050000000000000000e+04 2.974000000000000000e+03
1.075000000000000000e+04 2.895000000000000000e+03
1.100000000000000000e+04 2.870000000000000000e+03
1.125000000000000000e+04 2.735000000000000000e+03
1.150000000000000000e+04 2.582000000000000000e+03
1.175000000000000000e+04 2.569000000000000000e+03
1.200000000000000000e+04 2.439000000000000000e+03
1.225000000000000000e+04 2.528000000000000000e+03
1.250000000000000000e+04 2.324000000000000000e+03
1.275000000000000000e+04 2.248000000000000000e+03
1.300000000000000000e+04 2.111000000000000000e+03
1.325000000000000000e+04 2.059000000000000000e+03
1.350000000000000000e+04 1.958000000000000000e+03
1.375000000000000000e+04 1.914000000000000000e+03
1.400000000000000000e+04 1.907000000000000000e+03
1.425000000000000000e+04 1.802000000000000000e+03
1.450000000000000000e+04 1.627000000000000000e+03
1.475000000000000000e+04 1.614000000000000000e+03
1.500000000000000000e+04 1.487000000000000000e+03
1.525000000000000000e+04 1.413000000000000000e+03
1.550000000000000000e+04 1.437000000000000000e+03
1.575000000000000000e+04 1.375000000000000000e+03
1.600000000000000000e+04 1.329000000000000000e+03
1.625000000000000000e+04 1.266000000000000000e+03
1.650000000000000000e+04 1.174000000000000000e+03
1.675000000000000000e+04 1.178000000000000000e+03
1.700000000000000000e+04 1.157000000000000000e+03
1.725000000000000000e+04 1.138000000000000000e+03
1.750000000000000000e+04 1.214000000000000000e+03
1.775000000000000000e+04 1.195000000000000000e+03
1.800000000000000000e+04 1.218000000000000000e+03
1.825000000000000000e+04 1.178000000000000000e+03
1.850000000000000000e+04 1.193000000000000000e+03
1.875000000000000000e+04 1.276000000000000000e+03
1.900000000000000000e+04 1.356000000000000000e+03
1.925000000000000000e+04 1.415000000000000000e+03
1.950000000000000000e+04 1.413000000000000000e+03
1.975000000000000000e+04 1.435000000000000000e+03
2.000000000000000000e+04 1.585000000000000000e+03
2.025000000000000000e+04 1.699000000000000000e+03
2.050000000000000000e+04 1.683000000000000000e+03
2.075000000000000000e+04 1.839000000000000000e+03
2.100000000000000000e+04 1.926000000000000000e+03
2.125000000000000000e+04 1.866000000000000000e+03
2.150000000000000000e+04 2.048000000000000000e+03
2.175000000000000000e+04 2.197000000000000000e+03
2.200000000000000000e+04 2.283000000000000000e+03
2.225000000000000000e+04 2.317000000000000000e+03
2.250000000000000000e+04 2.513000000000000000e+03
2.275000000000000000e+04 2.550000000000000000e+03
2.300000000000000000e+04 2.520000000000000000e+03
2.325000000000000000e+04 2.676000000000000000e+03
2.350000000000000000e+04 2.743000000000000000e+03
2.375000000000000000e+04 2.811000000000000000e+03
2.400000000000000000e+04 2.967000000000000000e+03
2.425000000000000000e+04 2.931000000000000000e+03
2.450000000000000000e+04 3.052000000000000000e+03
2.475000000000000000e+04 3.031000000000000000e+03
2.500000000000000000e+04 3.120000000000000000e+03
2.525000000000000000e+04 3.167000000000000000e+03
2.550000000000000000e+04 3.239000000000000000e+03
2.575000000000000000e+04 3.353000000000000000e+03
2.600000000000000000e+04 3.228000000000000000e+03
2.625000000000000000e+04 3.438000000000000000e+03
2.650000000000000000e+04 3.484000000000000000e+03
2.675000000000000000e+04 3.455000000000000000e+03
2.700000000000000000e+04 3.523000000000000000e+03
2.725000000000000000e+04 3.470000000000000000e+03
2.750000000000000000e+04 3.585000000000000000e+03
2.775000000000000000e+04 3.543000000000000000e+03
2.800000000000000000e+04 3.574000000000000000e+03
2.825000000000000000e+04 3.493000000000000000e+03
2.850000000000000000e+04 3.496000000000000000e+03
2.875000000000000000e+04 3.571000000000000000e+03
2.900000000000000000e+04 3.641000000000000000e+03
2.925000000000000000e+04 3.651000000000000000e+03
2.950000000000000000e+04 3.584000000000000000e+03
2.975000000000000000e+04 3.737000000000000000e+03
3.000000000000000000e+04 3.621000000000000000e+03
3.025000000000000000e+04 3.599000000000000000e+03
3.050000000000000000e+04 3.507000000000000000e+03
3.075000000000000000e+04 3.662000000000000000e+03
3.100000000000000000e+04 3.539000000000000000e+03
3.125000000000000000e+04 3.517000000000000000e+03
3.150000000000000000e+04 3.390000000000000000e+03
3.175000000000000000e+04 3.542000000000000000e+03
3.200000000000000000e+04 3.556000000000000000e+03
3.225000000000000000e+04 3.423000000000000000e+03
3.250000000000000000e+04 3.604000000000000000e+03
3.275000000000000000e+04 3.475000000000000000e+03
3.300000000000000000e+04 3.410000000000000000e+03
3.325000000000000000e+04 3.272000000000000000e+03
3.350000000000000000e+04 3.399000000000000000e+03
3.375000000000000000e+04 3.363000000000000000e+03
3.400000000000000000e+04 3.299000000000000000e+03
3.425000000000000000e+04 3.175000000000000000e+03
3.450000000000000000e+04 3.083000000000000000e+03
3.475000000000000000e+04 3.043000000000000000e+03
3.500000000000000000e+04 3.197000000000000000e+03
3.525000000000000000e+04 2.897000000000000000e+03
3.550000000000000000e+04 2.929000000000000000e+03
3.575000000000000000e+04 2.849000000000000000e+03
3.600000000000000000e+04 2.900000000000000000e+03
3.625000000000000000e+04 2.766000000000000000e+03
3.650000000000000000e+04 2.693000000000000000e+03
3.675000000000000000e+04 2.438000000000000000e+03
3.700000000000000000e+04 2.469000000000000000e+03
3.725000000000000000e+04 2.339000000000000000e+03
3.750000000000000000e+04 2.445000000000000000e+03
3.775000000000000000e+04 2.353000000000000000e+03
3.800000000000000000e+04 2.210000000000000000e+03
3.825000000000000000e+04 2.056000000000000000e+03
3.850000000000000000e+04 2.083000000000000000e+03
3.875000000000000000e+04 1.967000000000000000e+03
3.900000000000000000e+04 1.901000000000000000e+03
3.925000000000000000e+04 1.729000000000000000e+03
3.950000000000000000e+04 1.633000000000000000e+03
3.975000000000000000e+04 1.587000000000000000e+03
4.000000000000000000e+04 1.471000000000000000e+03
4.025000000000000000e+04 1.472000000000000000e+03
4.050000000000000000e+04 1.432000000000000000e+03
4.075000000000000000e+04 1.386000000000000000e+03
4.100000000000000000e+04 1.376000000000000000e+03
4.125000000000000000e+04 1.306000000000000000e+03
4.150000000000000000e+04 1.170000000000000000e+03
4.175000000000000000e+04 1.214000000000000000e+03
4.200000000000000000e+04 1.161000000000000000e+03
4.225000000000000000e+04 1.132000000000000000e+03
4.250000000000000000e+04 1.131000000000000000e+03
4.275000000000000000e+04 1.232000000000000000e+03
4.300000000000000000e+04 1.254000000000000000e+03
4.325000000000000000e+04 1.134000000000000000e+03
4.350000000000000000e+04 1.228000000000000000e+03
4.375000000000000000e+04 1.298000000000000000e+03
4.400000000000000000e+04 1.314000000000000000e+03
4.425000000000000000e+04 1.356000000000000000e+03
4.450000000000000000e+04 1.409000000000000000e+03
4.475000000000000000e+04 1.506000000000000000e+03
4.500000000000000000e+04 1.572000000000000000e+03
4.525000000000000000e+04 1.574000000000000000e+03
4.550000000000000000e+04 1.731000000000000000e+03
4.575000000000000000e+04 1.797000000000000000e+03
4.600000000000000000e+04 1.863000000000000000e+03
4.625000000000000000e+04 1.983000000000000000e+03
4.650000000000000000e+04 2.100000000000000000e+03
4.675000000000000000e+04 2.120000000000000000e+03
4.700000000000000000e+04 2.309000000000000000e+03
4.725000000000000000e+04 2.333000000000000000e+03
4.750000000000000000e+04 2.402000000000000000e+03
4.775000000000000000e+04 2.530000000000000000e+03
4.800000000000000000e+04 2.657000000000000000e+03
4.825000000000000000e+04 2.676000000000000000e+03
4.850000000000000000e+04 2.804000000000000000e+03
4.875000000000000000e+04 2.791000000000000000e+03
4.900000000000000000e+04 2.932000000000000000e+03
4.925000000000000000e+04 2.860000000000000000e+03
4.950000000000000000e+04 3.064000000000000000e+03
4.975000000000000000e+04 3.213000000000000000e+03
