0.000000000000000000e+00 3.192000000000000000e+03
5.000000000000000000e+02 3.199000000000000000e+03
1.000000000000000000e+03 3.244000000000000000e+03
1.500000000000000000e+03 3.262000000000000000e+03
2.000000000000000000e+03 3.287000000000000000e+03
2.500000000000000000e+03 3.265000000000000000e+03
3.000000000000000000e+03 3.309000000000000000e+03
3.500000000000000000e+03 3.313000000000000000e+03
4.000000000000000000e+03 3.439000000000000000e+03
4.500000000000000000e+03 3.432000000000000000e+03
5.000000000000000000e+03 3.469000000000000000e+03
5.500000000000000000e+03 3.407000000000000000e+03
6.000000000000000000e+03 3.376000000000000000e+03
6.500000000000000000e+03 3.505000000000000000e+03
7.000000000000000000e+03 3.531000000000000000e+03
7.500000000000000000e+03 3.535000000000000000e+03
8.000000000000000000e+03 3.498000000000000000e+03
8.500000000000000000e+03 3.565000000000000000e+03
9.000000000000000000e+03 3.564000000000000000e+03
9.500000000000000000e+03 3.565000000000000000e+03
1.000000000000000000e+04 3.652000000000000000e+03
1.050000000000000000e+04 3.629000000000000000e+03
1.100000000000000000e+04 3.490000000000000000e+03
1.150000000000000000e+04 3.579000000000000000e+03
1.200000000000000000e+04 3.488000000000000000e+03
1.250000000000000000e+04 3.529000000000000000e+03
1.300000000000000000e+04 3.558000000000000000e+03
1.350000000000000000e+04 3.647000000000000000e+03
1.400000000000000000e+04 3.468000000000000000e+03
1.450000000000000000e+04 3.367000000000000000e+03
1.500000000000000000e+04 3.287000000000000000e+03
1.550000000000000000e+04 3.215000000000000000e+03
1.600000000000000000e+04 3.320000000000000000e+03
1.650000000000000000e+04 3.375000000000000000e+03
1.700000000000000000e+04 3.186000000000000000e+03
1.750000000000000000e+04 3.175000000000000000e+03
1.800000000000000000e+04 3.154000000000000000e+03
1.850000000000000000e+04 3.104000000000000000e+03
1.900000000000000000e+04 3.091000000000000000e+03
1.950000000000000000e+04 2.995000000000000000e+03
2.000000000000000000e+04 2.910000000000000000e+03
2.050000000000000000e+04 2.895000000000000000e+03
2.100000000000000000e+04 2.872000000000000000e+03
2.150000000000000000e+04 2.919000000000000000e+03
2.200000000000000000e+04 2.697000000000000000e+03
2.250000000000000000e+04 2.593000000000000000e+03
2.300000000000000000e+04 2.555000000000000000e+03
2.350000000000000000e+04 2.592000000000000000e+03
2.400000000000000000e+04 2.345000000000000000e+03
2.450000000000000000e+04 2.342000000000000000e+03
2.500000000000000000e+04 2.251000000000000000e+03
2.550000000000000000e+04 2.166000000000000000e+03
2.600000000000000000e+04 2.062000000000000000e+03
2.650000000000000000e+04 2.017000000000000000e+03
2.700000000000000000e+04 1.886000000000000000e+03
2.750000000000000000e+04 1.873000000000000000e+03
2.800000000000000000e+04 1.749000000000000000e+03
2.850000000000000000e+04 1.667000000000000000e+03
2.900000000000000000e+04 1.583000000000000000e+03
2.950000000000000000e+04 1.504000000000000000e+03
3.000000000000000000e+04 1.503000000000000000e+03
3.050000000000000000e+04 1.419000000000000000e+03
3.100000000000000000e+04 1.311000000000000000e+03
3.150000000000000000e+04 1.303000000000000000e+03
3.200000000000000000e+04 1.269000000000000000e+03
3.250000000000000000e+04 1.166000000000000000e+03
3.300000000000000000e+04 1.187000000000000000e+03
3.350000000000000000e+04 1.117000000000000000e+03
3.400000000000000000e+04 1.166000000000000000e+03
3.450000000000000000e+04 1.092000000000000000e+03
3.500000000000000000e+04 1.136000000000000000e+03
3.550000000000000000e+04 1.105000000000000000e+03
3.600000000000000000e+04 1.147000000000000000e+03
3.650000000000000000e+04 1.100000000000000000e+03
3.700000000000000000e+04 1.186000000000000000e+03
3.750000000000000000e+04 1.236000000000000000e+03
3.800000000000000000e+04 1.259000000000000000e+03
3.850000000000000000e+04 1.294000000000000000e+03
3.900000000000000000e+04 1.306000000000000000e+03
3.950000000000000000e+04 1.452000000000000000e+03
4.000000000000000000e+04 1.559000000000000000e+03
4.050000000000000000e+04 1.633000000000000000e+03
4.100000000000000000e+04 1.711000000000000000e+03
4.150000000000000000e+04 1.738000000000000000e+03
4.200000000000000000e+04 1.841000000000000000e+03
4.250000000000000000e+04 1.930000000000000000e+03
4.300000000000000000e+04 1.971000000000000000e+03
4.350000000000000000e+04 2.088000000000000000e+03
4.400000000000000000e+04 2.302000000000000000e+03
4.450000000000000000e+04 2.355000000000000000e+03
4.500000000000000000e+04 2.477000000000000000e+03
4.550000000000000000e+04 2.411000000000000000e+03
4.600000000000000000e+04 2.574000000000000000e+03
4.650000000000000000e+04 2.597000000000000000e+03
4.700000000000000000e+04 2.678000000000000000e+03
4.750000000000000000e+04 2.683000000000000000e+03
4.800000000000000000e+04 2.743000000000000000e+03
4.850000000000000000e+04 2.852000000000000000e+03
4.900000000000000000e+04 3.004000000000000000e+03
4.950000000000000000e+04 3.151000000000000000e+03
5.000000000000000000e+04 3.123000000000000000e+03
5.050000000000000000e+04 3.157000000000000000e+03
5.100000000000000000e+04 3.084000000000000000e+03
5.150000000000000000e+04 3.239000000000000000e+03
5.200000000000000000e+04 3.191000000000000000e+03
5.250000000000000000e+04 3.280000000000000000e+03
5.300000000000000000e+04 3.459000000000000000e+03
5.350000000000000000e+04 3.398000000000000000e+03
5.400000000000000000e+04 3.516000000000000000e+03
5.450000000000000000e+04 3.396000000000000000e+03
5.500000000000000000e+04 3.458000000000000000e+03
5.550000000000000000e+04 3.553000000000000000e+03
5.600000000000000000e+04 3.530000000000000000e+03
5.650000000000000000e+04 3.457000000000000000e+03
5.700000000000000000e+04 3.495000000000000000e+03
5.750000000000000000e+04 3.568000000000000000e+03
5.800000000000000000e+04 3.544000000000000000e+03
5.850000000000000000e+04 3.484000000000000000e+03
5.900000000000000000e+04 3.525000000000000000e+03
5.950000000000000000e+04 3.581000000000000000e+03
6.000000000000000000e+04 3.598000000000000000e+03
6.050000000000000000e+04 3.488000000000000000e+03
6.100000000000000000e+04 3.514000000000000000e+03
6.150000000000000000e+04 3.555000000000000000e+03
6.200000000000000000e+04 3.477000000000000000e+03
6.250000000000000000e+04 3.502000000000000000e+03
6.300000000000000000e+04 3.567000000000000000e+03
6.350000000000000000e+04 3.530000000000000000e+03
6.400000000000000000e+04 3.495000000000000000e+03
6.450000000000000000e+04 3.363000000000000000e+03
6.500000000000000000e+04 3.289000000000000000e+03
6.550000000000000000e+04 3.286000000000000000e+03
6.600000000000000000e+04 3.228000000000000000e+03
6.650000000000000000e+04 3.379000000000000000e+03
6.700000000000000000e+04 3.222000000000000000e+03
6.750000000000000000e+04 3.287000000000000000e+03
6.800000000000000000e+04 3.223000000000000000e+03
6.850000000000000000e+04 3.181000000000000000e+03
6.900000000000000000e+04 3.159000000000000000e+03
6.950000000000000000e+04 3.002000000000000000e+03
7.000000000000000000e+04 2.948000000000000000e+03
7.050000000000000000e+04 2.949000000000000000e+03
7.100000000000000000e+04 2.851000000000000000e+03
7.150000000000000000e+04 2.830000000000000000e+03
7.200000000000000000e+04 2.749000000000000000e+03
7.250000000000000000e+04 2.741000000000000000e+03
7.300000000000000000e+04 2.611000000000000000e+03
7.350000000000000000e+04 2.487000000000000000e+03
7.400000000000000000e+04 2.446000000000000000e+03
7.450000000000000000e+04 2.247000000000000000e+03
7.500000000000000000e+04 2.195000000000000000e+03
7.550000000000000000e+04 2.179000000000000000e+03
7.600000000000000000e+04 2.085000000000000000e+03
7.650000000000000000e+04 2.096000000000000000e+03
7.700000000000000000e+04 1.897000000000000000e+03
7.750000000000000000e+04 1.863000000000000000e+03
7.800000000000000000e+04 1.799000000000000000e+03
7.850000000000000000e+04 1.686000000000000000e+03
7.900000000000000000e+04 1.591000000000000000e+03
7.950000000000000000e+04 1.561000000000000000e+03
8.000000000000000000e+04 1.484000000000000000e+03
8.050000000000000000e+04 1.402000000000000000e+03
8.100000000000000000e+04 1.327000000000000000e+03
8.150000000000000000e+04 1.305000000000000000e+03
8.200000000000000000e+04 1.254000000000000000e+03
8.250000000000000000e+04 1.211000000000000000e+03
8.300000000000000000e+04 1.134000000000000000e+03
8.350000000000000000e+04 1.134000000000000000e+03
8.400000000000000000e+04 1.132000000000000000e+03
8.450000000000000000e+04 1.137000000000000000e+03
8.500000000000000000e+04 1.095000000000000000e+03
8.550000000000000000e+04 1.230000000000000000e+03
8.600000000000000000e+04 1.160000000000000000e+03
8.650000000000000000e+04 1.243000000000000000e+03
8.700000000000000000e+04 1.189000000000000000e+03
8.750000000000000000e+04 1.282000000000000000e+03
8.800000000000000000e+04 1.248000000000000000e+03
8.850000000000000000e+04 1.302000000000000000e+03
8.900000000000000000e+04 1.375000000000000000e+03
8.950000000000000000e+04 1.514000000000000000e+03
9.000000000000000000e+04 1.579000000000000000e+03
9.050000000000000000e+04 1.578000000000000000e+03
9.100000000000000000e+04 1.720000000000000000e+03
9.150000000000000000e+04 1.756000000000000000e+03
9.200000000000000000e+04 1.901000000000000000e+03
9.250000000000000000e+04 1.935000000000000000e+03
9.300000000000000000e+04 2.027000000000000000e+03
9.350000000000000000e+04 2.120000000000000000e+03
9.400000000000000000e+04 2.264000000000000000e+03
9.450000000000000000e+04 2.360000000000000000e+03
9.500000000000000000e+04 2.413000000000000000e+03
9.550000000000000000e+04 2.498000000000000000e+03
9.600000000000000000e+04 2.635000000000000000e+03
9.650000000000000000e+04 2.685000000000000000e+03
9.700000000000000000e+04 2.678000000000000000e+03
9.750000000000000000e+04 2.744000000000000000e+03
9.800000000000000000e+04 2.681000000000000000e+03
9.850000000000000000e+04 2.890000000000000000e+03
9.900000000000000000e+04 2.888000000000000000e+03
9.950000000000000000e+04 3.151000000000000000e+03
