0.000000000000000000e+00 2.982000000000000000e+03
1.670000000000000000e+02 3.003000000000000000e+03
3.340000000000000000e+02 3.186000000000000000e+03
5.010000000000000000e+02 3.153000000000000000e+03
6.680000000000000000e+02 3.117000000000000000e+03
8.350000000000000000e+02 3.298000000000000000e+03
1.002000000000000000e+03 3.299000000000000000e+03
1.169000000000000000e+03 3.214000000000000000e+03
1.336000000000000000e+03 3.231000000000000000e+03
1.503000000000000000e+03 3.335000000000000000e+03
1.670000000000000000e+03 3.279000000000000000e+03
1.837000000000000000e+03 3.221000000000000000e+03
2.004000000000000000e+03 3.401000000000000000e+03
2.171000000000000000e+03 3.353000000000000000e+03
2.338000000000000000e+03 3.421000000000000000e+03
2.505000000000000000e+03 3.351000000000000000e+03
2.672000000000000000e+03 3.397000000000000000e+03
2.839000000000000000e+03 3.453000000000000000e+03
3.006000000000000000e+03 3.411000000000000000e+03
3.173000000000000000e+03 3.278000000000000000e+03
3.340000000000000000e+03 3.452000000000000000e+03
3.507000000000000000e+03 3.402000000000000000e+03
3.674000000000000000e+03 3.328000000000000000e+03
3.841000000000000000e+03 3.386000000000000000e+03
4.008000000000000000e+03 3.360000000000000000e+03
4.175000000000000000e+03 3.381000000000000000e+03
4.342000000000000000e+03 3.365000000000000000e+03
4.509000000000000000e+03 3.447000000000000000e+03
4.676000000000000000e+03 3.268000000000000000e+03
4.843000000000000000e+03 3.284000000000000000e+03
5.010000000000000000e+03 3.367000000000000000e+03
5.177000000000000000e+03 3.341000000000000000e+03
5.344000000000000000e+03 3.231000000000000000e+03
5.511000000000000000e+03 3.220000000000000000e+03
5.678000000000000000e+03 3.179000000000000000e+03
5.845000000000000000e+03 3.093000000000000000e+03
6.012000000000000000e+03 3.175000000000000000e+03
6.179000000000000000e+03 3.070000000000000000e+03
6.346000000000000000e+03 2.974000000000000000e+03
6.513000000000000000e+03 2.920000000000000000e+03
6.680000000000000000e+03 2.919000000000000000e+03
6.847000000000000000e+03 2.783000000000000000e+03
7.014000000000000000e+03 2.751000000000000000e+03
7.181000000000000000e+03 2.714000000000000000e+03
7.348000000000000000e+03 2.604000000000000000e+03
7.515000000000000000e+03 2.628000000000000000e+03
7.682000000000000000e+03 2.459000000000000000e+03
7.849000000000000000e+03 2.471000000000000000e+03
8.016000000000000000e+03 2.278000000000000000e+03
8.183000000000000000e+03 2.359000000000000000e+03
8.350000000000000000e+03 2.244000000000000000e+03
8.517000000000000000e+03 2.204000000000000000e+03
8.684000000000000000e+03 2.106000000000000000e+03
8.851000000000000000e+03 2.007000000000000000e+03
9.018000000000000000e+03 1.864000000000000000e+03
9.185000000000000000e+03 1.850000000000000000e+03
9.352000000000000000e+03 1.790000000000000000e+03
9.519000000000000000e+03 1.659000000000000000e+03
9.686000000000000000e+03 1.626000000000000000e+03
9.853000000000000000e+03 1.457000000000000000e+03
1.002000000000000000e+04 1.553000000000000000e+03
1.018700000000000000e+04 1.512000000000000000e+03
1.035400000000000000e+04 1.427000000000000000e+03
1.052100000000000000e+04 1.320000000000000000e+03
1.068800000000000000e+04 1.289000000000000000e+03
1.085500000000000000e+04 1.218000000000000000e+03
1.102200000000000000e+04 1.261000000000000000e+03
1.118900000000000000e+04 1.200000000000000000e+03
1.135600000000000000e+04 1.235000000000000000e+03
1.152300000000000000e+04 1.183000000000000000e+03
1.169000000000000000e+04 1.139000000000000000e+03
1.185700000000000000e+04 1.212000000000000000e+03
1.202400000000000000e+04 1.189000000000000000e+03
1.219100000000000000e+04 1.192000000000000000e+03
1.235800000000000000e+04 1.229000000000000000e+03
1.252500000000000000e+04 1.268000000000000000e+03
1.269200000000000000e+04 1.364000000000000000e+03
1.285900000000000000e+04 1.358000000000000000e+03
1.302600000000000000e+04 1.434000000000000000e+03
1.319300000000000000e+04 1.379000000000000000e+03
1.336000000000000000e+04 1.510000000000000000e+03
1.352700000000000000e+04 1.568000000000000000e+03
1.369400000000000000e+04 1.656000000000000000e+03
1.386100000000000000e+04 1.747000000000000000e+03
1.402800000000000000e+04 1.739000000000000000e+03
1.419500000000000000e+04 1.896000000000000000e+03
1.436200000000000000e+04 1.985000000000000000e+03
1.452900000000000000e+04 2.084000000000000000e+03
1.469600000000000000e+04 2.098000000000000000e+03
1.486300000000000000e+04 2.282000000000000000e+03
1.503000000000000000e+04 2.320000000000000000e+03
1.519700000000000000e+04 2.382000000000000000e+03
1.536400000000000000e+04 2.420000000000000000e+03
1.553100000000000000e+04 2.464000000000000000e+03
1.569800000000000000e+04 2.590000000000000000e+03
1.586500000000000000e+04 2.673000000000000000e+03
1.603200000000000000e+04 2.744000000000000000e+03
1.619900000000000000e+04 2.778000000000000000e+03
1.636600000000000000e+04 2.864000000000000000e+03
1.653300000000000000e+04 2.932000000000000000e+03
1.670000000000000000e+04 2.945000000000000000e+03
1.686700000000000000e+04 2.939000000000000000e+03
1.703400000000000000e+04 2.998000000000000000e+03
1.720100000000000000e+04 2.935000000000000000e+03
1.736800000000000000e+04 3.079000000000000000e+03
1.753500000000000000e+04 3.253000000000000000e+03
1.770200000000000000e+04 3.241000000000000000e+03
1.786900000000000000e+04 3.253000000000000000e+03
1.803600000000000000e+04 3.317000000000000000e+03
1.820300000000000000e+04 3.355000000000000000e+03
1.837000000000000000e+04 3.335000000000000000e+03
1.853700000000000000e+04 3.352000000000000000e+03
1.870400000000000000e+04 3.386000000000000000e+03
1.887100000000000000e+04 3.411000000000000000e+03
1.903800000000000000e+04 3.457000000000000000e+03
1.920500000000000000e+04 3.394000000000000000e+03
1.937200000000000000e+04 3.515000000000000000e+03
1.953900000000000000e+04 3.265000000000000000e+03
1.970600000000000000e+04 3.305000000000000000e+03
1.987300000000000000e+04 3.381000000000000000e+03
2.004000000000000000e+04 3.337000000000000000e+03
2.020700000000000000e+04 3.445000000000000000e+03
2.037400000000000000e+04 3.433000000000000000e+03
2.054100000000000000e+04 3.306000000000000000e+03
2.070800000000000000e+04 3.438000000000000000e+03
2.087500000000000000e+04 3.385000000000000000e+03
2.104200000000000000e+04 3.368000000000000000e+03
2.120900000000000000e+04 3.288000000000000000e+03
2.137600000000000000e+04 3.426000000000000000e+03
2.154300000000000000e+04 3.352000000000000000e+03
2.171000000000000000e+04 3.192000000000000000e+03
2.187700000000000000e+04 3.283000000000000000e+03
2.204400000000000000e+04 3.141000000000000000e+03
2.221100000000000000e+04 3.181000000000000000e+03
2.237800000000000000e+04 3.190000000000000000e+03
2.254500000000000000e+04 3.083000000000000000e+03
2.271200000000000000e+04 3.225000000000000000e+03
2.287900000000000000e+04 2.978000000000000000e+03
2.304600000000000000e+04 2.978000000000000000e+03
2.321300000000000000e+04 2.923000000000000000e+03
2.338000000000000000e+04 2.954000000000000000e+03
2.354700000000000000e+04 2.861000000000000000e+03
2.371400000000000000e+04 2.752000000000000000e+03
2.388100000000000000e+04 2.735000000000000000e+03
2.404800000000000000e+04 2.773000000000000000e+03
2.421500000000000000e+04 2.596000000000000000e+03
2.438200000000000000e+04 2.515000000000000000e+03
2.454900000000000000e+04 2.424000000000000000e+03
2.471600000000000000e+04 2.403000000000000000e+03
2.488300000000000000e+04 2.289000000000000000e+03
2.505000000000000000e+04 2.236000000000000000e+03
2.521700000000000000e+04 2.134000000000000000e+03
2.538400000000000000e+04 1.966000000000000000e+03
2.555100000000000000e+04 2.004000000000000000e+03
2.571800000000000000e+04 1.944000000000000000e+03
2.588500000000000000e+04 1.819000000000000000e+03
2.605200000000000000e+04 1.828000000000000000e+03
2.621900000000000000e+04 1.648000000000000000e+03
2.638600000000000000e+04 1.631000000000000000e+03
2.655300000000000000e+04 1.457000000000000000e+03
2.672000000000000000e+04 1.500000000000000000e+03
2.688700000000000000e+04 1.342000000000000000e+03
2.705400000000000000e+04 1.413000000000000000e+03
2.722100000000000000e+04 1.344000000000000000e+03
2.738800000000000000e+04 1.236000000000000000e+03
2.755500000000000000e+04 1.288000000000000000e+03
2.772200000000000000e+04 1.196000000000000000e+03
2.788900000000000000e+04 1.318000000000000000e+03
2.805600000000000000e+04 1.163000000000000000e+03
2.822300000000000000e+04 1.196000000000000000e+03
2.839000000000000000e+04 1.180000000000000000e+03
2.855700000000000000e+04 1.122000000000000000e+03
2.872400000000000000e+04 1.142000000000000000e+03
2.889100000000000000e+04 1.201000000000000000e+03
2.905800000000000000e+04 1.217000000000000000e+03
2.922500000000000000e+04 1.183000000000000000e+03
2.939200000000000000e+04 1.338000000000000000e+03
2.955900000000000000e+04 1.337000000000000000e+03
2.972600000000000000e+04 1.361000000000000000e+03
2.989300000000000000e+04 1.503000000000000000e+03
3.006000000000000000e+04 1.510000000000000000e+03
3.022700000000000000e+04 1.550000000000000000e+03
3.039400000000000000e+04 1.679000000000000000e+03
3.056100000000000000e+04 1.815000000000000000e+03
3.072800000000000000e+04 1.858000000000000000e+03
3.089500000000000000e+04 1.964000000000000000e+03
3.106200000000000000e+04 2.006000000000000000e+03
3.122900000000000000e+04 2.138000000000000000e+03
3.139600000000000000e+04 2.193000000000000000e+03
3.156300000000000000e+04 2.186000000000000000e+03
3.173000000000000000e+04 2.266000000000000000e+03
3.189700000000000000e+04 2.439000000000000000e+03
3.206400000000000000e+04 2.473000000000000000e+03
3.223100000000000000e+04 2.568000000000000000e+03
3.239800000000000000e+04 2.572000000000000000e+03
3.256500000000000000e+04 2.773000000000000000e+03
3.273200000000000000e+04 2.674000000000000000e+03
3.289900000000000000e+04 2.814000000000000000e+03
3.306600000000000000e+04 2.966000000000000000e+03
