0.000000000000000000e+00 5.153000000000000000e+03
3.333000000000000000e+03 5.202000000000000000e+03
6.666000000000000000e+03 5.386000000000000000e+03
9.999000000000000000e+03 5.454000000000000000e+03
1.333200000000000000e+04 5.599000000000000000e+03
1.666500000000000000e+04 5.643000000000000000e+03
1.999800000000000000e+04 5.699000000000000000e+03
2.333100000000000000e+04 5.605000000000000000e+03
2.666400000000000000e+04 5.744000000000000000e+03
2.999700000000000000e+04 5.765000000000000000e+03
3.333000000000000000e+04 5.795000000000000000e+03
3.666300000000000000e+04 5.849000000000000000e+03
3.999600000000000000e+04 5.995000000000000000e+03
4.332900000000000000e+04 5.793000000000000000e+03
4.666200000000000000e+04 6.035000000000000000e+03
4.999500000000000000e+04 6.012000000000000000e+03
5.332800000000000000e+04 5.871000000000000000e+03
5.666100000000000000e+04 5.869000000000000000e+03
5.999400000000000000e+04 6.078000000000000000e+03
6.332700000000000000e+04 6.035000000000000000e+03
6.666000000000000000e+04 6.162000000000000000e+03
6.999300000000000000e+04 6.032000000000000000e+03
7.332600000000000000e+04 6.063000000000000000e+03
7.665900000000000000e+04 6.101000000000000000e+03
7.999200000000000000e+04 5.920000000000000000e+03
8.332500000000000000e+04 6.010000000000000000e+03
8.665800000000000000e+04 5.868000000000000000e+03
8.999100000000000000e+04 5.897000000000000000e+03
9.332400000000000000e+04 5.799000000000000000e+03
9.665700000000000000e+04 5.867000000000000000e+03
9.999000000000000000e+04 5.880000000000000000e+03
1.033230000000000000e+05 5.724000000000000000e+03
1.066560000000000000e+05 5.804000000000000000e+03
1.099890000000000000e+05 5.634000000000000000e+03
1.133220000000000000e+05 5.397000000000000000e+03
1.166550000000000000e+05 5.668000000000000000e+03
1.199880000000000000e+05 5.284000000000000000e+03
1.233210000000000000e+05 5.287000000000000000e+03
1.266540000000000000e+05 5.318000000000000000e+03
1.299870000000000000e+05 5.201000000000000000e+03
1.333200000000000000e+05 4.993000000000000000e+03
1.366530000000000000e+05 4.954000000000000000e+03
1.399860000000000000e+05 4.756000000000000000e+03
1.433190000000000000e+05 4.703000000000000000e+03
1.466520000000000000e+05 4.558000000000000000e+03
1.499850000000000000e+05 4.506000000000000000e+03
1.533180000000000000e+05 4.285000000000000000e+03
1.566510000000000000e+05 4.284000000000000000e+03
1.599840000000000000e+05 4.046000000000000000e+03
1.633170000000000000e+05 3.966000000000000000e+03
1.666500000000000000e+05 3.783000000000000000e+03
1.699830000000000000e+05 3.664000000000000000e+03
1.733160000000000000e+05 3.418000000000000000e+03
1.766490000000000000e+05 3.256000000000000000e+03
1.799820000000000000e+05 2.984000000000000000e+03
1.833150000000000000e+05 3.050000000000000000e+03
1.866480000000000000e+05 2.812000000000000000e+03
1.899810000000000000e+05 2.746000000000000000e+03
1.933140000000000000e+05 2.593000000000000000e+03
1.966470000000000000e+05 2.425000000000000000e+03
1.999800000000000000e+05 2.320000000000000000e+03
2.033130000000000000e+05 2.262000000000000000e+03
2.066460000000000000e+05 2.057000000000000000e+03
2.099790000000000000e+05 2.011000000000000000e+03
2.133120000000000000e+05 1.948000000000000000e+03
2.166450000000000000e+05 1.832000000000000000e+03
2.199780000000000000e+05 1.860000000000000000e+03
2.233110000000000000e+05 1.875000000000000000e+03
2.266440000000000000e+05 1.759000000000000000e+03
2.299770000000000000e+05 1.731000000000000000e+03
2.333100000000000000e+05 1.744000000000000000e+03
2.366430000000000000e+05 1.753000000000000000e+03
2.399760000000000000e+05 1.753000000000000000e+03
2.433090000000000000e+05 1.819000000000000000e+03
2.466420000000000000e+05 1.931000000000000000e+03
2.499750000000000000e+05 1.915000000000000000e+03
2.533080000000000000e+05 2.068000000000000000e+03
2.566410000000000000e+05 2.209000000000000000e+03
2.599740000000000000e+05 2.303000000000000000e+03
2.633070000000000000e+05 2.392000000000000000e+03
2.666400000000000000e+05 2.556000000000000000e+03
2.699730000000000000e+05 2.670000000000000000e+03
2.733060000000000000e+05 2.715000000000000000e+03
2.766390000000000000e+05 2.819000000000000000e+03
2.799720000000000000e+05 3.060000000000000000e+03
2.833050000000000000e+05 3.245000000000000000e+03
2.866380000000000000e+05 3.295000000000000000e+03
2.899710000000000000e+05 3.537000000000000000e+03
2.933040000000000000e+05 3.685000000000000000e+03
2.966370000000000000e+05 3.783000000000000000e+03
2.999700000000000000e+05 3.976000000000000000e+03
3.033030000000000000e+05 4.220000000000000000e+03
3.066360000000000000e+05 4.349000000000000000e+03
3.099690000000000000e+05 4.318000000000000000e+03
3.133020000000000000e+05 4.444000000000000000e+03
3.166350000000000000e+05 4.740000000000000000e+03
3.199680000000000000e+05 4.871000000000000000e+03
3.233010000000000000e+05 4.824000000000000000e+03
3.266340000000000000e+05 5.113000000000000000e+03
3.299670000000000000e+05 4.995000000000000000e+03
3.333000000000000000e+05 5.336000000000000000e+03
3.366330000000000000e+05 5.314000000000000000e+03
3.399660000000000000e+05 5.400000000000000000e+03
3.432990000000000000e+05 5.448000000000000000e+03
3.466320000000000000e+05 5.471000000000000000e+03
3.499650000000000000e+05 5.441000000000000000e+03
3.532980000000000000e+05 5.612000000000000000e+03
3.566310000000000000e+05 5.811000000000000000e+03
3.599640000000000000e+05 5.802000000000000000e+03
3.632970000000000000e+05 5.728000000000000000e+03
3.666300000000000000e+05 5.767000000000000000e+03
3.699630000000000000e+05 5.956000000000000000e+03
3.732960000000000000e+05 6.002000000000000000e+03
3.766290000000000000e+05 5.973000000000000000e+03
3.799620000000000000e+05 6.025000000000000000e+03
3.832950000000000000e+05 5.954000000000000000e+03
3.866280000000000000e+05 6.084000000000000000e+03
3.899610000000000000e+05 6.088000000000000000e+03
3.932940000000000000e+05 5.899000000000000000e+03
3.966270000000000000e+05 6.006000000000000000e+03
3.999600000000000000e+05 6.014000000000000000e+03
4.032930000000000000e+05 5.928000000000000000e+03
4.066260000000000000e+05 6.058000000000000000e+03
4.099590000000000000e+05 5.881000000000000000e+03
4.132920000000000000e+05 5.980000000000000000e+03
4.166250000000000000e+05 6.016000000000000000e+03
4.199580000000000000e+05 5.962000000000000000e+03
4.232910000000000000e+05 5.876000000000000000e+03
4.266240000000000000e+05 5.830000000000000000e+03
4.299570000000000000e+05 5.835000000000000000e+03
4.332900000000000000e+05 5.872000000000000000e+03
4.366230000000000000e+05 5.907000000000000000e+03
4.399560000000000000e+05 5.771000000000000000e+03
4.432890000000000000e+05 5.606000000000000000e+03
4.466220000000000000e+05 5.421000000000000000e+03
4.499550000000000000e+05 5.625000000000000000e+03
4.532880000000000000e+05 5.380000000000000000e+03
4.566210000000000000e+05 5.269000000000000000e+03
4.599540000000000000e+05 5.211000000000000000e+03
4.632870000000000000e+05 5.081000000000000000e+03
4.666200000000000000e+05 4.983000000000000000e+03
4.699530000000000000e+05 4.933000000000000000e+03
4.732860000000000000e+05 4.847000000000000000e+03
4.766190000000000000e+05 4.692000000000000000e+03
4.799520000000000000e+05 4.606000000000000000e+03
4.832850000000000000e+05 4.567000000000000000e+03
4.866180000000000000e+05 4.392000000000000000e+03
4.899510000000000000e+05 4.118000000000000000e+03
4.932840000000000000e+05 3.982000000000000000e+03
4.966170000000000000e+05 3.944000000000000000e+03
4.999500000000000000e+05 3.786000000000000000e+03
5.032830000000000000e+05 3.596000000000000000e+03
5.066160000000000000e+05 3.360000000000000000e+03
5.099490000000000000e+05 3.232000000000000000e+03
5.132820000000000000e+05 3.141000000000000000e+03
5.166150000000000000e+05 3.041000000000000000e+03
5.199480000000000000e+05 2.890000000000000000e+03
5.232810000000000000e+05 2.654000000000000000e+03
5.266140000000000000e+05 2.616000000000000000e+03
5.299470000000000000e+05 2.396000000000000000e+03
5.332800000000000000e+05 2.370000000000000000e+03
5.366130000000000000e+05 2.242000000000000000e+03
5.399460000000000000e+05 2.080000000000000000e+03
5.432790000000000000e+05 1.977000000000000000e+03
5.466120000000000000e+05 1.915000000000000000e+03
5.499450000000000000e+05 1.947000000000000000e+03
5.532780000000000000e+05 1.831000000000000000e+03
5.566110000000000000e+05 1.790000000000000000e+03
5.599440000000000000e+05 1.748000000000000000e+03
5.632770000000000000e+05 1.743000000000000000e+03
5.666100000000000000e+05 1.772000000000000000e+03
5.699430000000000000e+05 1.877000000000000000e+03
5.732760000000000000e+05 1.830000000000000000e+03
5.766090000000000000e+05 1.835000000000000000e+03
5.799420000000000000e+05 1.828000000000000000e+03
5.832750000000000000e+05 1.910000000000000000e+03
5.866080000000000000e+05 2.095000000000000000e+03
5.899410000000000000e+05 2.189000000000000000e+03
5.932740000000000000e+05 2.177000000000000000e+03
5.966070000000000000e+05 2.323000000000000000e+03
5.999400000000000000e+05 2.544000000000000000e+03
6.032730000000000000e+05 2.638000000000000000e+03
6.066060000000000000e+05 2.830000000000000000e+03
6.099390000000000000e+05 2.873000000000000000e+03
6.132720000000000000e+05 3.084000000000000000e+03
6.166050000000000000e+05 3.117000000000000000e+03
6.199380000000000000e+05 3.330000000000000000e+03
6.232710000000000000e+05 3.517000000000000000e+03
6.266040000000000000e+05 3.627000000000000000e+03
6.299370000000000000e+05 3.801000000000000000e+03
6.332700000000000000e+05 3.967000000000000000e+03
6.366030000000000000e+05 4.110000000000000000e+03
6.399360000000000000e+05 4.304000000000000000e+03
6.432690000000000000e+05 4.400000000000000000e+03
6.466020000000000000e+05 4.583000000000000000e+03
6.499350000000000000e+05 4.563000000000000000e+03
6.532680000000000000e+05 4.726000000000000000e+03
6.566010000000000000e+05 4.935000000000000000e+03
6.599340000000000000e+05 4.977000000000000000e+03
6.632670000000000000e+05 5.082000000000000000e+03
