0.000000000000000000e+00 2.826000000000000000e+03
5.000000000000000000e+01 2.774000000000000000e+03
1.000000000000000000e+02 2.996000000000000000e+03
1.500000000000000000e+02 2.957000000000000000e+03
2.000000000000000000e+02 2.969000000000000000e+03
2.500000000000000000e+02 3.160000000000000000e+03
3.000000000000000000e+02 3.242000000000000000e+03
3.500000000000000000e+02 3.151000000000000000e+03
4.000000000000000000e+02 3.168000000000000000e+03
4.500000000000000000e+02 3.328000000000000000e+03
5.000000000000000000e+02 3.213000000000000000e+03
5.500000000000000000e+02 3.276000000000000000e+03
6.000000000000000000e+02 3.301000000000000000e+03
6.500000000000000000e+02 3.258000000000000000e+03
7.000000000000000000e+02 3.332000000000000000e+03
7.500000000000000000e+02 3.321000000000000000e+03
8.000000000000000000e+02 3.247000000000000000e+03
8.500000000000000000e+02 3.358000000000000000e+03
9.000000000000000000e+02 3.336000000000000000e+03
9.500000000000000000e+02 3.343000000000000000e+03
1.000000000000000000e+03 3.302000000000000000e+03
1.050000000000000000e+03 3.306000000000000000e+03
1.100000000000000000e+03 3.265000000000000000e+03
1.150000000000000000e+03 3.383000000000000000e+03
1.200000000000000000e+03 3.360000000000000000e+03
1.250000000000000000e+03 3.326000000000000000e+03
1.300000000000000000e+03 3.329000000000000000e+03
1.350000000000000000e+03 3.324000000000000000e+03
1.400000000000000000e+03 3.350000000000000000e+03
1.450000000000000000e+03 3.287000000000000000e+03
1.500000000000000000e+03 3.225000000000000000e+03
1.550000000000000000e+03 3.259000000000000000e+03
1.600000000000000000e+03 3.176000000000000000e+03
1.650000000000000000e+03 3.173000000000000000e+03
1.700000000000000000e+03 3.227000000000000000e+03
1.750000000000000000e+03 3.157000000000000000e+03
1.800000000000000000e+03 3.108000000000000000e+03
1.850000000000000000e+03 3.070000000000000000e+03
1.900000000000000000e+03 3.092000000000000000e+03
1.950000000000000000e+03 2.947000000000000000e+03
2.000000000000000000e+03 2.760000000000000000e+03
2.050000000000000000e+03 2.814000000000000000e+03
2.100000000000000000e+03 2.872000000000000000e+03
2.150000000000000000e+03 2.678000000000000000e+03
2.200000000000000000e+03 2.650000000000000000e+03
2.250000000000000000e+03 2.534000000000000000e+03
2.300000000000000000e+03 2.468000000000000000e+03
2.350000000000000000e+03 2.532000000000000000e+03
2.400000000000000000e+03 2.444000000000000000e+03
2.450000000000000000e+03 2.339000000000000000e+03
2.500000000000000000e+03 2.271000000000000000e+03
2.550000000000000000e+03 2.193000000000000000e+03
2.600000000000000000e+03 2.173000000000000000e+03
2.650000000000000000e+03 2.003000000000000000e+03
2.700000000000000000e+03 1.975000000000000000e+03
2.750000000000000000e+03 1.896000000000000000e+03
2.800000000000000000e+03 1.831000000000000000e+03
2.850000000000000000e+03 1.788000000000000000e+03
2.900000000000000000e+03 1.802000000000000000e+03
2.950000000000000000e+03 1.653000000000000000e+03
3.000000000000000000e+03 1.562000000000000000e+03
3.050000000000000000e+03 1.529000000000000000e+03
3.100000000000000000e+03 1.478000000000000000e+03
3.150000000000000000e+03 1.409000000000000000e+03
3.200000000000000000e+03 1.332000000000000000e+03
3.250000000000000000e+03 1.294000000000000000e+03
3.300000000000000000e+03 1.270000000000000000e+03
3.350000000000000000e+03 1.220000000000000000e+03
3.400000000000000000e+03 1.229000000000000000e+03
3.450000000000000000e+03 1.179000000000000000e+03
3.500000000000000000e+03 1.220000000000000000e+03
3.550000000000000000e+03 1.145000000000000000e+03
3.600000000000000000e+03 1.255000000000000000e+03
3.650000000000000000e+03 1.146000000000000000e+03
3.700000000000000000e+03 1.137000000000000000e+03
3.750000000000000000e+03 1.264000000000000000e+03
3.800000000000000000e+03 1.230000000000000000e+03
3.850000000000000000e+03 1.220000000000000000e+03
3.900000000000000000e+03 1.271000000000000000e+03
3.950000000000000000e+03 1.247000000000000000e+03
4.000000000000000000e+03 1.315000000000000000e+03
4.050000000000000000e+03 1.446000000000000000e+03
4.100000000000000000e+03 1.480000000000000000e+03
4.150000000000000000e+03 1.575000000000000000e+03
4.200000000000000000e+03 1.620000000000000000e+03
4.250000000000000000e+03 1.734000000000000000e+03
4.300000000000000000e+03 1.726000000000000000e+03
4.350000000000000000e+03 1.830000000000000000e+03
4.400000000000000000e+03 1.933000000000000000e+03
4.450000000000000000e+03 2.018000000000000000e+03
4.500000000000000000e+03 2.122000000000000000e+03
4.550000000000000000e+03 2.231000000000000000e+03
4.600000000000000000e+03 2.262000000000000000e+03
4.650000000000000000e+03 2.243000000000000000e+03
4.700000000000000000e+03 2.442000000000000000e+03
4.750000000000000000e+03 2.444000000000000000e+03
4.800000000000000000e+03 2.691000000000000000e+03
4.850000000000000000e+03 2.711000000000000000e+03
4.900000000000000000e+03 2.758000000000000000e+03
4.950000000000000000e+03 2.846000000000000000e+03
5.000000000000000000e+03 2.798000000000000000e+03
5.050000000000000000e+03 2.934000000000000000e+03
5.100000000000000000e+03 3.036000000000000000e+03
5.150000000000000000e+03 3.045000000000000000e+03
5.200000000000000000e+03 3.156000000000000000e+03
5.250000000000000000e+03 3.043000000000000000e+03
5.300000000000000000e+03 3.123000000000000000e+03
5.350000000000000000e+03 3.113000000000000000e+03
5.400000000000000000e+03 3.264000000000000000e+03
5.450000000000000000e+03 3.148000000000000000e+03
5.500000000000000000e+03 3.185000000000000000e+03
5.550000000000000000e+03 3.261000000000000000e+03
5.600000000000000000e+03 3.184000000000000000e+03
5.650000000000000000e+03 3.249000000000000000e+03
5.700000000000000000e+03 3.211000000000000000e+03
5.750000000000000000e+03 3.253000000000000000e+03
5.800000000000000000e+03 3.323000000000000000e+03
5.850000000000000000e+03 3.418000000000000000e+03
5.900000000000000000e+03 3.370000000000000000e+03
5.950000000000000000e+03 3.341000000000000000e+03
6.000000000000000000e+03 3.374000000000000000e+03
6.050000000000000000e+03 3.347000000000000000e+03
6.100000000000000000e+03 3.323000000000000000e+03
6.150000000000000000e+03 3.359000000000000000e+03
6.200000000000000000e+03 3.391000000000000000e+03
6.250000000000000000e+03 3.445000000000000000e+03
6.300000000000000000e+03 3.345000000000000000e+03
6.350000000000000000e+03 3.321000000000000000e+03
6.400000000000000000e+03 3.270000000000000000e+03
6.450000000000000000e+03 3.264000000000000000e+03
6.500000000000000000e+03 3.202000000000000000e+03
6.550000000000000000e+03 3.186000000000000000e+03
6.600000000000000000e+03 3.229000000000000000e+03
6.650000000000000000e+03 3.093000000000000000e+03
6.700000000000000000e+03 3.142000000000000000e+03
6.750000000000000000e+03 3.214000000000000000e+03
6.800000000000000000e+03 3.022000000000000000e+03
6.850000000000000000e+03 3.089000000000000000e+03
6.900000000000000000e+03 2.959000000000000000e+03
6.950000000000000000e+03 2.947000000000000000e+03
7.000000000000000000e+03 2.928000000000000000e+03
7.050000000000000000e+03 2.761000000000000000e+03
7.100000000000000000e+03 2.776000000000000000e+03
7.150000000000000000e+03 2.711000000000000000e+03
7.200000000000000000e+03 2.657000000000000000e+03
7.250000000000000000e+03 2.626000000000000000e+03
7.300000000000000000e+03 2.592000000000000000e+03
7.350000000000000000e+03 2.366000000000000000e+03
7.400000000000000000e+03 2.339000000000000000e+03
7.450000000000000000e+03 2.305000000000000000e+03
7.500000000000000000e+03 2.319000000000000000e+03
7.550000000000000000e+03 2.163000000000000000e+03
7.600000000000000000e+03 2.119000000000000000e+03
7.650000000000000000e+03 2.041000000000000000e+03
7.700000000000000000e+03 1.910000000000000000e+03
7.750000000000000000e+03 1.882000000000000000e+03
7.800000000000000000e+03 1.770000000000000000e+03
7.850000000000000000e+03 1.792000000000000000e+03
7.900000000000000000e+03 1.725000000000000000e+03
7.950000000000000000e+03 1.632000000000000000e+03
8.000000000000000000e+03 1.590000000000000000e+03
8.050000000000000000e+03 1.494000000000000000e+03
8.100000000000000000e+03 1.476000000000000000e+03
8.150000000000000000e+03 1.384000000000000000e+03
8.200000000000000000e+03 1.339000000000000000e+03
8.250000000000000000e+03 1.297000000000000000e+03
8.300000000000000000e+03 1.295000000000000000e+03
8.350000000000000000e+03 1.339000000000000000e+03
8.400000000000000000e+03 1.194000000000000000e+03
8.450000000000000000e+03 1.236000000000000000e+03
8.500000000000000000e+03 1.156000000000000000e+03
8.550000000000000000e+03 1.050000000000000000e+03
8.600000000000000000e+03 1.117000000000000000e+03
8.650000000000000000e+03 1.124000000000000000e+03
8.700000000000000000e+03 1.213000000000000000e+03
8.750000000000000000e+03 1.153000000000000000e+03
8.800000000000000000e+03 1.198000000000000000e+03
8.850000000000000000e+03 1.281000000000000000e+03
8.900000000000000000e+03 1.302000000000000000e+03
8.950000000000000000e+03 1.333000000000000000e+03
9.000000000000000000e+03 1.328000000000000000e+03
9.050000000000000000e+03 1.392000000000000000e+03
9.100000000000000000e+03 1.496000000000000000e+03
9.150000000000000000e+03 1.572000000000000000e+03
9.200000000000000000e+03 1.635000000000000000e+03
9.250000000000000000e+03 1.660000000000000000e+03
9.300000000000000000e+03 1.781000000000000000e+03
9.350000000000000000e+03 1.776000000000000000e+03
9.400000000000000000e+03 1.902000000000000000e+03
9.450000000000000000e+03 2.085000000000000000e+03
9.500000000000000000e+03 2.139000000000000000e+03
9.550000000000000000e+03 2.202000000000000000e+03
9.600000000000000000e+03 2.278000000000000000e+03
9.650000000000000000e+03 2.357000000000000000e+03
9.700000000000000000e+03 2.462000000000000000e+03
9.750000000000000000e+03 2.466000000000000000e+03
9.800000000000000000e+03 2.573000000000000000e+03
9.850000000000000000e+03 2.646000000000000000e+03
9.900000000000000000e+03 2.704000000000000000e+03
9.950000000000000000e+03 2.732000000000000000e+03
