0.000000000000000000e+00 2.434000000000000000e+03
1.000000000000000000e+02 2.468000000000000000e+03
2.000000000000000000e+02 2.559000000000000000e+03
3.000000000000000000e+02 2.610000000000000000e+03
4.000000000000000000e+02 2.694000000000000000e+03
5.000000000000000000e+02 2.690000000000000000e+03
6.000000000000000000e+02 2.688000000000000000e+03
7.000000000000000000e+02 2.836000000000000000e+03
8.000000000000000000e+02 2.724000000000000000e+03
9.000000000000000000e+02 2.722000000000000000e+03
1.000000000000000000e+03 2.785000000000000000e+03
1.100000000000000000e+03 2.906000000000000000e+03
1.200000000000000000e+03 2.848000000000000000e+03
1.300000000000000000e+03 2.878000000000000000e+03
1.400000000000000000e+03 2.849000000000000000e+03
1.500000000000000000e+03 2.942000000000000000e+03
1.600000000000000000e+03 2.893000000000000000e+03
1.700000000000000000e+03 2.915000000000000000e+03
1.800000000000000000e+03 2.950000000000000000e+03
1.900000000000000000e+03 2.881000000000000000e+03
2.000000000000000000e+03 2.932000000000000000e+03
2.100000000000000000e+03 2.893000000000000000e+03
2.200000000000000000e+03 2.925000000000000000e+03
2.300000000000000000e+03 2.848000000000000000e+03
2.400000000000000000e+03 2.943000000000000000e+03
2.500000000000000000e+03 2.865000000000000000e+03
2.600000000000000000e+03 2.864000000000000000e+03
2.700000000000000000e+03 2.709000000000000000e+03
2.800000000000000000e+03 2.807000000000000000e+03
2.900000000000000000e+03 2.631000000000000000e+03
3.000000000000000000e+03 2.812000000000000000e+03
3.100000000000000000e+03 2.792000000000000000e+03
3.200000000000000000e+03 2.768000000000000000e+03
3.300000000000000000e+03 2.783000000000000000e+03
3.400000000000000000e+03 2.637000000000000000e+03
3.500000000000000000e+03 2.703000000000000000e+03
3.600000000000000000e+03 2.661000000000000000e+03
3.700000000000000000e+03 2.544000000000000000e+03
3.800000000000000000e+03 2.470000000000000000e+03
3.900000000000000000e+03 2.596000000000000000e+03
4.000000000000000000e+03 2.365000000000000000e+03
4.100000000000000000e+03 2.454000000000000000e+03
4.200000000000000000e+03 2.353000000000000000e+03
4.300000000000000000e+03 2.280000000000000000e+03
4.400000000000000000e+03 2.399000000000000000e+03
4.500000000000000000e+03 2.216000000000000000e+03
4.600000000000000000e+03 2.070000000000000000e+03
4.700000000000000000e+03 1.993000000000000000e+03
4.800000000000000000e+03 2.027000000000000000e+03
4.900000000000000000e+03 1.939000000000000000e+03
5.000000000000000000e+03 1.864000000000000000e+03
5.100000000000000000e+03 1.802000000000000000e+03
5.200000000000000000e+03 1.742000000000000000e+03
5.300000000000000000e+03 1.665000000000000000e+03
5.400000000000000000e+03 1.603000000000000000e+03
5.500000000000000000e+03 1.541000000000000000e+03
5.600000000000000000e+03 1.483000000000000000e+03
5.700000000000000000e+03 1.380000000000000000e+03
5.800000000000000000e+03 1.356000000000000000e+03
5.900000000000000000e+03 1.322000000000000000e+03
6.000000000000000000e+03 1.196000000000000000e+03
6.100000000000000000e+03 1.186000000000000000e+03
6.200000000000000000e+03 1.117000000000000000e+03
6.300000000000000000e+03 1.108000000000000000e+03
6.400000000000000000e+03 1.018000000000000000e+03
6.500000000000000000e+03 9.730000000000000000e+02
6.600000000000000000e+03 9.790000000000000000e+02
6.700000000000000000e+03 9.320000000000000000e+02
6.800000000000000000e+03 9.170000000000000000e+02
6.900000000000000000e+03 8.990000000000000000e+02
7.000000000000000000e+03 8.800000000000000000e+02
7.100000000000000000e+03 9.310000000000000000e+02
7.200000000000000000e+03 8.180000000000000000e+02
7.300000000000000000e+03 8.100000000000000000e+02
7.400000000000000000e+03 8.670000000000000000e+02
7.500000000000000000e+03 8.760000000000000000e+02
7.600000000000000000e+03 8.630000000000000000e+02
7.700000000000000000e+03 9.080000000000000000e+02
7.800000000000000000e+03 9.720000000000000000e+02
7.900000000000000000e+03 1.023000000000000000e+03
8.000000000000000000e+03 1.068000000000000000e+03
8.100000000000000000e+03 1.182000000000000000e+03
8.200000000000000000e+03 1.191000000000000000e+03
8.300000000000000000e+03 1.270000000000000000e+03
8.400000000000000000e+03 1.361000000000000000e+03
8.500000000000000000e+03 1.401000000000000000e+03
8.600000000000000000e+03 1.457000000000000000e+03
8.700000000000000000e+03 1.507000000000000000e+03
8.800000000000000000e+03 1.643000000000000000e+03
8.900000000000000000e+03 1.697000000000000000e+03
9.000000000000000000e+03 1.731000000000000000e+03
9.100000000000000000e+03 1.813000000000000000e+03
9.200000000000000000e+03 1.911000000000000000e+03
9.300000000000000000e+03 2.101000000000000000e+03
9.400000000000000000e+03 2.063000000000000000e+03
9.500000000000000000e+03 2.146000000000000000e+03
9.600000000000000000e+03 2.193000000000000000e+03
9.700000000000000000e+03 2.375000000000000000e+03
9.800000000000000000e+03 2.426000000000000000e+03
9.900000000000000000e+03 2.492000000000000000e+03
1.000000000000000000e+04 2.428000000000000000e+03
1.010000000000000000e+04 2.445000000000000000e+03
1.020000000000000000e+04 2.510000000000000000e+03
1.030000000000000000e+04 2.664000000000000000e+03
1.040000000000000000e+04 2.660000000000000000e+03
1.050000000000000000e+04 2.717000000000000000e+03
1.060000000000000000e+04 2.794000000000000000e+03
1.070000000000000000e+04 2.827000000000000000e+03
1.080000000000000000e+04 2.736000000000000000e+03
1.090000000000000000e+04 2.830000000000000000e+03
1.100000000000000000e+04 2.858000000000000000e+03
1.110000000000000000e+04 2.862000000000000000e+03
1.120000000000000000e+04 2.808000000000000000e+03
1.130000000000000000e+04 2.768000000000000000e+03
1.140000000000000000e+04 2.880000000000000000e+03
1.150000000000000000e+04 2.957000000000000000e+03
1.160000000000000000e+04 2.847000000000000000e+03
1.170000000000000000e+04 2.916000000000000000e+03
1.180000000000000000e+04 2.894000000000000000e+03
1.190000000000000000e+04 2.885000000000000000e+03
1.200000000000000000e+04 2.915000000000000000e+03
1.210000000000000000e+04 2.805000000000000000e+03
1.220000000000000000e+04 2.903000000000000000e+03
1.230000000000000000e+04 2.787000000000000000e+03
1.240000000000000000e+04 2.847000000000000000e+03
1.250000000000000000e+04 2.859000000000000000e+03
1.260000000000000000e+04 2.875000000000000000e+03
1.270000000000000000e+04 2.835000000000000000e+03
1.280000000000000000e+04 2.897000000000000000e+03
1.290000000000000000e+04 2.789000000000000000e+03
1.300000000000000000e+04 2.851000000000000000e+03
1.310000000000000000e+04 2.838000000000000000e+03
1.320000000000000000e+04 2.720000000000000000e+03
1.330000000000000000e+04 2.750000000000000000e+03
1.340000000000000000e+04 2.689000000000000000e+03
1.350000000000000000e+04 2.692000000000000000e+03
1.360000000000000000e+04 2.614000000000000000e+03
1.370000000000000000e+04 2.566000000000000000e+03
1.380000000000000000e+04 2.540000000000000000e+03
1.390000000000000000e+04 2.582000000000000000e+03
1.400000000000000000e+04 2.471000000000000000e+03
1.410000000000000000e+04 2.468000000000000000e+03
1.420000000000000000e+04 2.347000000000000000e+03
1.430000000000000000e+04 2.359000000000000000e+03
1.440000000000000000e+04 2.381000000000000000e+03
1.450000000000000000e+04 2.139000000000000000e+03
1.460000000000000000e+04 2.172000000000000000e+03
1.470000000000000000e+04 1.966000000000000000e+03
1.480000000000000000e+04 2.073000000000000000e+03
1.490000000000000000e+04 2.014000000000000000e+03
1.500000000000000000e+04 1.919000000000000000e+03
1.510000000000000000e+04 1.875000000000000000e+03
1.520000000000000000e+04 1.774000000000000000e+03
1.530000000000000000e+04 1.620000000000000000e+03
1.540000000000000000e+04 1.603000000000000000e+03
1.550000000000000000e+04 1.534000000000000000e+03
1.560000000000000000e+04 1.549000000000000000e+03
1.570000000000000000e+04 1.331000000000000000e+03
1.580000000000000000e+04 1.312000000000000000e+03
1.590000000000000000e+04 1.241000000000000000e+03
1.600000000000000000e+04 1.196000000000000000e+03
1.610000000000000000e+04 1.244000000000000000e+03
1.620000000000000000e+04 1.057000000000000000e+03
1.630000000000000000e+04 9.960000000000000000e+02
1.640000000000000000e+04 9.620000000000000000e+02
1.650000000000000000e+04 1.002000000000000000e+03
1.660000000000000000e+04 9.380000000000000000e+02
1.670000000000000000e+04 8.990000000000000000e+02
1.680000000000000000e+04 9.590000000000000000e+02
1.690000000000000000e+04 8.810000000000000000e+02
1.700000000000000000e+04 8.500000000000000000e+02
1.710000000000000000e+04 8.460000000000000000e+02
1.720000000000000000e+04 8.930000000000000000e+02
1.730000000000000000e+04 9.230000000000000000e+02
1.740000000000000000e+04 8.980000000000000000e+02
1.750000000000000000e+04 8.410000000000000000e+02
1.760000000000000000e+04 9.160000000000000000e+02
1.770000000000000000e+04 9.340000000000000000e+02
1.780000000000000000e+04 1.017000000000000000e+03
1.790000000000000000e+04 1.047000000000000000e+03
1.800000000000000000e+04 1.048000000000000000e+03
1.810000000000000000e+04 1.093000000000000000e+03
1.820000000000000000e+04 1.199000000000000000e+03
1.830000000000000000e+04 1.223000000000000000e+03
1.840000000000000000e+04 1.339000000000000000e+03
1.850000000000000000e+04 1.415000000000000000e+03
1.860000000000000000e+04 1.403000000000000000e+03
1.870000000000000000e+04 1.661000000000000000e+03
1.880000000000000000e+04 1.621000000000000000e+03
1.890000000000000000e+04 1.737000000000000000e+03
1.900000000000000000e+04 1.793000000000000000e+03
1.910000000000000000e+04 1.887000000000000000e+03
1.920000000000000000e+04 2.001000000000000000e+03
1.930000000000000000e+04 2.015000000000000000e+03
1.940000000000000000e+04 2.035000000000000000e+03
1.950000000000000000e+04 2.145000000000000000e+03
1.960000000000000000e+04 2.275000000000000000e+03
1.970000000000000000e+04 2.304000000000000000e+03
1.980000000000000000e+04 2.328000000000000000e+03
1.990000000000000000e+04 2.340000000000000000e+03
