0.000000000000000000e+00 2.761000000000000000e+03
3.330000000000000000e+02 2.836000000000000000e+03
6.660000000000000000e+02 2.795000000000000000e+03
9.990000000000000000e+02 2.829000000000000000e+03
1.332000000000000000e+03 2.913000000000000000e+03
1.665000000000000000e+03 2.997000000000000000e+03
1.998000000000000000e+03 2.937000000000000000e+03
2.331000000000000000e+03 3.061000000000000000e+03
2.664000000000000000e+03 3.052000000000000000e+03
2.997000000000000000e+03 3.055000000000000000e+03
3.330000000000000000e+03 3.059000000000000000e+03
3.663000000000000000e+03 3.211000000000000000e+03
3.996000000000000000e+03 3.167000000000000000e+03
4.329000000000000000e+03 3.257000000000000000e+03
4.662000000000000000e+03 3.191000000000000000e+03
4.995000000000000000e+03 3.051000000000000000e+03
5.328000000000000000e+03 3.080000000000000000e+03
5.661000000000000000e+03 3.193000000000000000e+03
5.994000000000000000e+03 3.203000000000000000e+03
6.327000000000000000e+03 3.142000000000000000e+03
6.660000000000000000e+03 3.225000000000000000e+03
6.993000000000000000e+03 3.160000000000000000e+03
7.326000000000000000e+03 3.268000000000000000e+03
7.659000000000000000e+03 3.079000000000000000e+03
7.992000000000000000e+03 3.163000000000000000e+03
8.325000000000000000e+03 3.219000000000000000e+03
8.658000000000000000e+03 3.133000000000000000e+03
8.991000000000000000e+03 3.168000000000000000e+03
9.324000000000000000e+03 3.124000000000000000e+03
9.657000000000000000e+03 3.115000000000000000e+03
9.990000000000000000e+03 3.038000000000000000e+03
1.032300000000000000e+04 2.966000000000000000e+03
1.065600000000000000e+04 3.008000000000000000e+03
1.098900000000000000e+04 3.037000000000000000e+03
1.132200000000000000e+04 2.946000000000000000e+03
1.165500000000000000e+04 2.874000000000000000e+03
1.198800000000000000e+04 2.833000000000000000e+03
1.232100000000000000e+04 2.830000000000000000e+03
1.265400000000000000e+04 2.770000000000000000e+03
1.298700000000000000e+04 2.659000000000000000e+03
1.332000000000000000e+04 2.799000000000000000e+03
1.365300000000000000e+04 2.768000000000000000e+03
1.398600000000000000e+04 2.628000000000000000e+03
1.431900000000000000e+04 2.617000000000000000e+03
1.465200000000000000e+04 2.466000000000000000e+03
1.498500000000000000e+04 2.371000000000000000e+03
1.531800000000000000e+04 2.315000000000000000e+03
1.565100000000000000e+04 2.299000000000000000e+03
1.598400000000000000e+04 2.203000000000000000e+03
1.631700000000000000e+04 2.154000000000000000e+03
1.665000000000000000e+04 2.004000000000000000e+03
1.698300000000000000e+04 1.966000000000000000e+03
1.731600000000000000e+04 1.838000000000000000e+03
1.764900000000000000e+04 1.837000000000000000e+03
1.798200000000000000e+04 1.640000000000000000e+03
1.831500000000000000e+04 1.726000000000000000e+03
1.864800000000000000e+04 1.662000000000000000e+03
1.898100000000000000e+04 1.464000000000000000e+03
1.931400000000000000e+04 1.397000000000000000e+03
1.964700000000000000e+04 1.405000000000000000e+03
1.998000000000000000e+04 1.360000000000000000e+03
2.031300000000000000e+04 1.271000000000000000e+03
2.064600000000000000e+04 1.246000000000000000e+03
2.097900000000000000e+04 1.163000000000000000e+03
2.131200000000000000e+04 1.089000000000000000e+03
2.164500000000000000e+04 1.182000000000000000e+03
2.197800000000000000e+04 1.045000000000000000e+03
2.231100000000000000e+04 1.051000000000000000e+03
2.264400000000000000e+04 1.034000000000000000e+03
2.297700000000000000e+04 1.016000000000000000e+03
2.331000000000000000e+04 9.810000000000000000e+02
2.364300000000000000e+04 9.670000000000000000e+02
2.397600000000000000e+04 9.780000000000000000e+02
2.430900000000000000e+04 1.074000000000000000e+03
2.464200000000000000e+04 1.086000000000000000e+03
2.497500000000000000e+04 1.089000000000000000e+03
2.530800000000000000e+04 1.100000000000000000e+03
2.564100000000000000e+04 1.199000000000000000e+03
2.597400000000000000e+04 1.226000000000000000e+03
2.630700000000000000e+04 1.311000000000000000e+03
2.664000000000000000e+04 1.384000000000000000e+03
2.697300000000000000e+04 1.436000000000000000e+03
2.730600000000000000e+04 1.576000000000000000e+03
2.763900000000000000e+04 1.609000000000000000e+03
2.797200000000000000e+04 1.720000000000000000e+03
2.830500000000000000e+04 1.733000000000000000e+03
2.863800000000000000e+04 1.837000000000000000e+03
2.897100000000000000e+04 1.831000000000000000e+03
2.930400000000000000e+04 2.009000000000000000e+03
2.963700000000000000e+04 2.113000000000000000e+03
2.997000000000000000e+04 2.133000000000000000e+03
3.030300000000000000e+04 2.147000000000000000e+03
3.063600000000000000e+04 2.244000000000000000e+03
3.096900000000000000e+04 2.306000000000000000e+03
3.130200000000000000e+04 2.393000000000000000e+03
3.163500000000000000e+04 2.572000000000000000e+03
3.196800000000000000e+04 2.577000000000000000e+03
3.230100000000000000e+04 2.599000000000000000e+03
3.263400000000000000e+04 2.685000000000000000e+03
3.296700000000000000e+04 2.642000000000000000e+03
3.330000000000000000e+04 2.728000000000000000e+03
3.363300000000000000e+04 2.812000000000000000e+03
3.396600000000000000e+04 2.773000000000000000e+03
3.429900000000000000e+04 2.909000000000000000e+03
3.463200000000000000e+04 2.863000000000000000e+03
3.496500000000000000e+04 2.923000000000000000e+03
3.529800000000000000e+04 2.923000000000000000e+03
3.563100000000000000e+04 2.957000000000000000e+03
3.596400000000000000e+04 3.131000000000000000e+03
3.629700000000000000e+04 3.038000000000000000e+03
3.663000000000000000e+04 3.122000000000000000e+03
3.696300000000000000e+04 3.037000000000000000e+03
3.729600000000000000e+04 3.224000000000000000e+03
3.762900000000000000e+04 3.159000000000000000e+03
3.796200000000000000e+04 3.248000000000000000e+03
3.829500000000000000e+04 3.260000000000000000e+03
3.862800000000000000e+04 3.159000000000000000e+03
3.896100000000000000e+04 3.138000000000000000e+03
3.929400000000000000e+04 3.164000000000000000e+03
3.962700000000000000e+04 3.183000000000000000e+03
3.996000000000000000e+04 3.254000000000000000e+03
4.029300000000000000e+04 3.236000000000000000e+03
4.062600000000000000e+04 3.137000000000000000e+03
4.095900000000000000e+04 3.233000000000000000e+03
4.129200000000000000e+04 3.138000000000000000e+03
4.162500000000000000e+04 3.110000000000000000e+03
4.195800000000000000e+04 3.113000000000000000e+03
4.229100000000000000e+04 3.037000000000000000e+03
4.262400000000000000e+04 3.209000000000000000e+03
4.295700000000000000e+04 3.079000000000000000e+03
4.329000000000000000e+04 3.144000000000000000e+03
4.362300000000000000e+04 3.021000000000000000e+03
4.395600000000000000e+04 3.011000000000000000e+03
4.428900000000000000e+04 3.036000000000000000e+03
4.462200000000000000e+04 2.922000000000000000e+03
4.495500000000000000e+04 3.037000000000000000e+03
4.528800000000000000e+04 2.949000000000000000e+03
4.562100000000000000e+04 2.898000000000000000e+03
4.595400000000000000e+04 2.884000000000000000e+03
4.628700000000000000e+04 2.777000000000000000e+03
4.662000000000000000e+04 2.692000000000000000e+03
4.695300000000000000e+04 2.708000000000000000e+03
4.728600000000000000e+04 2.700000000000000000e+03
4.761900000000000000e+04 2.589000000000000000e+03
4.795200000000000000e+04 2.540000000000000000e+03
4.828500000000000000e+04 2.442000000000000000e+03
4.861800000000000000e+04 2.377000000000000000e+03
4.895100000000000000e+04 2.237000000000000000e+03
4.928400000000000000e+04 2.256000000000000000e+03
4.961700000000000000e+04 2.132000000000000000e+03
4.995000000000000000e+04 1.969000000000000000e+03
5.028300000000000000e+04 2.005000000000000000e+03
5.061600000000000000e+04 1.927000000000000000e+03
5.094900000000000000e+04 1.853000000000000000e+03
5.128200000000000000e+04 1.652000000000000000e+03
5.161500000000000000e+04 1.581000000000000000e+03
5.194800000000000000e+04 1.636000000000000000e+03
5.228100000000000000e+04 1.478000000000000000e+03
5.261400000000000000e+04 1.433000000000000000e+03
5.294700000000000000e+04 1.411000000000000000e+03
5.328000000000000000e+04 1.292000000000000000e+03
5.361300000000000000e+04 1.298000000000000000e+03
5.394600000000000000e+04 1.223000000000000000e+03
5.427900000000000000e+04 1.140000000000000000e+03
5.461200000000000000e+04 1.097000000000000000e+03
5.494500000000000000e+04 1.129000000000000000e+03
5.527800000000000000e+04 1.039000000000000000e+03
5.561100000000000000e+04 1.091000000000000000e+03
5.594400000000000000e+04 1.015000000000000000e+03
5.627700000000000000e+04 1.014000000000000000e+03
5.661000000000000000e+04 1.037000000000000000e+03
5.694300000000000000e+04 9.820000000000000000e+02
5.727600000000000000e+04 1.007000000000000000e+03
5.760900000000000000e+04 1.079000000000000000e+03
5.794200000000000000e+04 1.047000000000000000e+03
5.827500000000000000e+04 1.085000000000000000e+03
5.860800000000000000e+04 1.161000000000000000e+03
5.894100000000000000e+04 1.124000000000000000e+03
5.927400000000000000e+04 1.263000000000000000e+03
5.960700000000000000e+04 1.261000000000000000e+03
5.994000000000000000e+04 1.392000000000000000e+03
6.027300000000000000e+04 1.386000000000000000e+03
6.060600000000000000e+04 1.515000000000000000e+03
6.093900000000000000e+04 1.613000000000000000e+03
6.127200000000000000e+04 1.679000000000000000e+03
6.160500000000000000e+04 1.735000000000000000e+03
6.193800000000000000e+04 1.804000000000000000e+03
6.227100000000000000e+04 1.856000000000000000e+03
6.260400000000000000e+04 2.023000000000000000e+03
6.293700000000000000e+04 2.091000000000000000e+03
6.327000000000000000e+04 2.192000000000000000e+03
6.360300000000000000e+04 2.223000000000000000e+03
6.393600000000000000e+04 2.258000000000000000e+03
6.426900000000000000e+04 2.310000000000000000e+03
6.460200000000000000e+04 2.440000000000000000e+03
6.493500000000000000e+04 2.540000000000000000e+03
6.526800000000000000e+04 2.567000000000000000e+03
6.560100000000000000e+04 2.719000000000000000e+03
6.593400000000000000e+04 2.733000000000000000e+03
6.626700000000000000e+04 2.750000000000000000e+03
