0.000000000000000000e+00 1.328500000000000000e+04
1.000000000000000000e+04 1.428400000000000000e+04
2.000000000000000000e+04 1.439300000000000000e+04
3.000000000000000000e+04 1.435500000000000000e+04
4.000000000000000000e+04 1.473900000000000000e+04
5.000000000000000000e+04 1.509100000000000000e+04
6.000000000000000000e+04 1.520400000000000000e+04
7.000000000000000000e+04 1.528200000000000000e+04
8.000000000000000000e+04 1.538000000000000000e+04
9.000000000000000000e+04 1.533200000000000000e+04
1.000000000000000000e+05 1.569100000000000000e+04
1.100000000000000000e+05 1.593200000000000000e+04
1.200000000000000000e+05 1.573600000000000000e+04
1.300000000000000000e+05 1.588600000000000000e+04
1.400000000000000000e+05 1.615300000000000000e+04
1.500000000000000000e+05 1.618600000000000000e+04
1.600000000000000000e+05 1.631300000000000000e+04
1.700000000000000000e+05 1.642100000000000000e+04
1.800000000000000000e+05 1.609300000000000000e+04
1.900000000000000000e+05 1.640100000000000000e+04
2.000000000000000000e+05 1.653900000000000000e+04
2.100000000000000000e+05 1.609600000000000000e+04
2.200000000000000000e+05 1.624000000000000000e+04
2.300000000000000000e+05 1.592900000000000000e+04
2.400000000000000000e+05 1.602200000000000000e+04
2.500000000000000000e+05 1.593500000000000000e+04
2.600000000000000000e+05 1.588300000000000000e+04
2.700000000000000000e+05 1.584200000000000000e+04
2.800000000000000000e+05 1.550000000000000000e+04
2.900000000000000000e+05 1.555600000000000000e+04
3.000000000000000000e+05 1.543100000000000000e+04
3.100000000000000000e+05 1.532700000000000000e+04
3.200000000000000000e+05 1.505100000000000000e+04
3.300000000000000000e+05 1.492300000000000000e+04
3.400000000000000000e+05 1.454100000000000000e+04
3.500000000000000000e+05 1.427700000000000000e+04
3.600000000000000000e+05 1.423500000000000000e+04
3.700000000000000000e+05 1.382000000000000000e+04
3.800000000000000000e+05 1.356200000000000000e+04
3.900000000000000000e+05 1.325700000000000000e+04
4.000000000000000000e+05 1.306500000000000000e+04
4.100000000000000000e+05 1.276600000000000000e+04
4.200000000000000000e+05 1.220800000000000000e+04
4.300000000000000000e+05 1.202400000000000000e+04
4.400000000000000000e+05 1.157400000000000000e+04
4.500000000000000000e+05 1.098100000000000000e+04
4.600000000000000000e+05 1.060100000000000000e+04
4.700000000000000000e+05 9.980000000000000000e+03
4.800000000000000000e+05 9.739000000000000000e+03
4.900000000000000000e+05 9.344000000000000000e+03
5.000000000000000000e+05 8.883000000000000000e+03
5.100000000000000000e+05 8.394000000000000000e+03
5.200000000000000000e+05 7.875000000000000000e+03
5.300000000000000000e+05 7.145000000000000000e+03
5.400000000000000000e+05 6.845000000000000000e+03
5.500000000000000000e+05 6.510000000000000000e+03
5.600000000000000000e+05 6.049000000000000000e+03
5.700000000000000000e+05 5.788000000000000000e+03
5.800000000000000000e+05 5.174000000000000000e+03
5.900000000000000000e+05 4.835000000000000000e+03
6.000000000000000000e+05 4.573000000000000000e+03
6.100000000000000000e+05 4.316000000000000000e+03
6.200000000000000000e+05 4.077000000000000000e+03
6.300000000000000000e+05 3.884000000000000000e+03
6.400000000000000000e+05 3.705000000000000000e+03
6.500000000000000000e+05 3.402000000000000000e+03
6.600000000000000000e+05 3.306000000000000000e+03
6.700000000000000000e+05 3.200000000000000000e+03
6.800000000000000000e+05 3.181000000000000000e+03
6.900000000000000000e+05 3.086000000000000000e+03
7.000000000000000000e+05 3.195000000000000000e+03
7.100000000000000000e+05 3.332000000000000000e+03
7.200000000000000000e+05 3.227000000000000000e+03
7.300000000000000000e+05 3.413000000000000000e+03
7.400000000000000000e+05 3.540000000000000000e+03
7.500000000000000000e+05 3.634000000000000000e+03
7.600000000000000000e+05 3.914000000000000000e+03
7.700000000000000000e+05 4.121000000000000000e+03
7.800000000000000000e+05 4.373000000000000000e+03
7.900000000000000000e+05 4.708000000000000000e+03
8.000000000000000000e+05 5.032000000000000000e+03
8.100000000000000000e+05 5.442000000000000000e+03
8.200000000000000000e+05 5.797000000000000000e+03
8.300000000000000000e+05 6.143000000000000000e+03
8.400000000000000000e+05 6.505000000000000000e+03
8.500000000000000000e+05 7.165000000000000000e+03
8.600000000000000000e+05 7.591000000000000000e+03
8.700000000000000000e+05 8.222000000000000000e+03
8.800000000000000000e+05 8.570000000000000000e+03
8.900000000000000000e+05 9.165000000000000000e+03
9.000000000000000000e+05 9.559000000000000000e+03
9.100000000000000000e+05 9.979000000000000000e+03
9.200000000000000000e+05 1.042300000000000000e+04
9.300000000000000000e+05 1.085600000000000000e+04
9.400000000000000000e+05 1.116300000000000000e+04
9.500000000000000000e+05 1.154700000000000000e+04
9.600000000000000000e+05 1.212100000000000000e+04
9.700000000000000000e+05 1.250800000000000000e+04
9.800000000000000000e+05 1.290000000000000000e+04
9.900000000000000000e+05 1.308800000000000000e+04
1.000000000000000000e+06 1.344600000000000000e+04
1.010000000000000000e+06 1.366900000000000000e+04
1.020000000000000000e+06 1.398800000000000000e+04
1.030000000000000000e+06 1.428200000000000000e+04
1.040000000000000000e+06 1.464900000000000000e+04
1.050000000000000000e+06 1.465400000000000000e+04
1.060000000000000000e+06 1.490400000000000000e+04
1.070000000000000000e+06 1.528100000000000000e+04
1.080000000000000000e+06 1.525600000000000000e+04
1.090000000000000000e+06 1.541700000000000000e+04
1.100000000000000000e+06 1.561700000000000000e+04
1.110000000000000000e+06 1.570600000000000000e+04
1.120000000000000000e+06 1.593100000000000000e+04
1.130000000000000000e+06 1.587500000000000000e+04
1.140000000000000000e+06 1.589500000000000000e+04
1.150000000000000000e+06 1.618400000000000000e+04
1.160000000000000000e+06 1.622800000000000000e+04
1.170000000000000000e+06 1.634900000000000000e+04
1.180000000000000000e+06 1.617900000000000000e+04
1.190000000000000000e+06 1.638100000000000000e+04
1.200000000000000000e+06 1.589000000000000000e+04
1.210000000000000000e+06 1.605800000000000000e+04
1.220000000000000000e+06 1.626100000000000000e+04
1.230000000000000000e+06 1.600600000000000000e+04
1.240000000000000000e+06 1.614800000000000000e+04
1.250000000000000000e+06 1.584300000000000000e+04
1.260000000000000000e+06 1.585900000000000000e+04
1.270000000000000000e+06 1.604100000000000000e+04
1.280000000000000000e+06 1.556200000000000000e+04
1.290000000000000000e+06 1.550000000000000000e+04
1.300000000000000000e+06 1.548500000000000000e+04
1.310000000000000000e+06 1.547300000000000000e+04
1.320000000000000000e+06 1.514100000000000000e+04
1.330000000000000000e+06 1.495100000000000000e+04
1.340000000000000000e+06 1.485200000000000000e+04
1.350000000000000000e+06 1.433800000000000000e+04
1.360000000000000000e+06 1.422900000000000000e+04
1.370000000000000000e+06 1.392500000000000000e+04
1.380000000000000000e+06 1.355200000000000000e+04
1.390000000000000000e+06 1.349700000000000000e+04
1.400000000000000000e+06 1.302900000000000000e+04
1.410000000000000000e+06 1.275900000000000000e+04
1.420000000000000000e+06 1.237700000000000000e+04
1.430000000000000000e+06 1.197800000000000000e+04
1.440000000000000000e+06 1.133900000000000000e+04
1.450000000000000000e+06 1.100000000000000000e+04
1.460000000000000000e+06 1.075300000000000000e+04
1.470000000000000000e+06 9.988000000000000000e+03
1.480000000000000000e+06 9.654000000000000000e+03
1.490000000000000000e+06 9.245000000000000000e+03
1.500000000000000000e+06 8.712000000000000000e+03
1.510000000000000000e+06 8.347000000000000000e+03
1.520000000000000000e+06 7.843000000000000000e+03
1.530000000000000000e+06 7.474000000000000000e+03
1.540000000000000000e+06 6.773000000000000000e+03
1.550000000000000000e+06 6.392000000000000000e+03
1.560000000000000000e+06 5.948000000000000000e+03
1.570000000000000000e+06 5.556000000000000000e+03
1.580000000000000000e+06 5.115000000000000000e+03
1.590000000000000000e+06 4.875000000000000000e+03
1.600000000000000000e+06 4.691000000000000000e+03
1.610000000000000000e+06 4.345000000000000000e+03
1.620000000000000000e+06 3.991000000000000000e+03
1.630000000000000000e+06 3.878000000000000000e+03
1.640000000000000000e+06 3.713000000000000000e+03
1.650000000000000000e+06 3.523000000000000000e+03
1.660000000000000000e+06 3.377000000000000000e+03
1.670000000000000000e+06 3.190000000000000000e+03
1.680000000000000000e+06 3.085000000000000000e+03
1.690000000000000000e+06 3.110000000000000000e+03
1.700000000000000000e+06 3.186000000000000000e+03
1.710000000000000000e+06 3.201000000000000000e+03
1.720000000000000000e+06 3.221000000000000000e+03
1.730000000000000000e+06 3.381000000000000000e+03
1.740000000000000000e+06 3.472000000000000000e+03
1.750000000000000000e+06 3.642000000000000000e+03
1.760000000000000000e+06 3.888000000000000000e+03
1.770000000000000000e+06 4.113000000000000000e+03
1.780000000000000000e+06 4.267000000000000000e+03
1.790000000000000000e+06 4.582000000000000000e+03
1.800000000000000000e+06 5.178000000000000000e+03
1.810000000000000000e+06 5.343000000000000000e+03
1.820000000000000000e+06 5.846000000000000000e+03
1.830000000000000000e+06 6.167000000000000000e+03
1.840000000000000000e+06 6.712000000000000000e+03
1.850000000000000000e+06 7.196000000000000000e+03
1.860000000000000000e+06 7.555000000000000000e+03
1.870000000000000000e+06 8.135000000000000000e+03
1.880000000000000000e+06 8.441000000000000000e+03
1.890000000000000000e+06 8.985000000000000000e+03
1.900000000000000000e+06 9.422000000000000000e+03
1.910000000000000000e+06 9.917000000000000000e+03
1.920000000000000000e+06 1.058800000000000000e+04
1.930000000000000000e+06 1.090500000000000000e+04
1.940000000000000000e+06 1.115800000000000000e+04
1.950000000000000000e+06 1.170100000000000000e+04
1.960000000000000000e+06 1.187300000000000000e+04
1.970000000000000000e+06 1.229900000000000000e+04
1.980000000000000000e+06 1.288300000000000000e+04
1.990000000000000000e+06 1.295200000000000000e+04
