0.000000000000000000e+00 4.116000000000000000e+03
1.000000000000000000e+02 4.143000000000000000e+03
2.000000000000000000e+02 4.132000000000000000e+03
3.000000000000000000e+02 4.214000000000000000e+03
4.000000000000000000e+02 4.357000000000000000e+03
5.000000000000000000e+02 4.416000000000000000e+03
6.000000000000000000e+02 4.569000000000000000e+03
7.000000000000000000e+02 4.556000000000000000e+03
8.000000000000000000e+02 4.655000000000000000e+03
9.000000000000000000e+02 4.608000000000000000e+03
1.000000000000000000e+03 4.756000000000000000e+03
1.100000000000000000e+03 4.724000000000000000e+03
1.200000000000000000e+03 4.791000000000000000e+03
1.300000000000000000e+03 4.810000000000000000e+03
1.400000000000000000e+03 4.811000000000000000e+03
1.500000000000000000e+03 4.791000000000000000e+03
1.600000000000000000e+03 4.939000000000000000e+03
1.700000000000000000e+03 4.996000000000000000e+03
1.800000000000000000e+03 4.925000000000000000e+03
1.900000000000000000e+03 4.904000000000000000e+03
2.000000000000000000e+03 5.054000000000000000e+03
2.100000000000000000e+03 4.869000000000000000e+03
2.200000000000000000e+03 4.934000000000000000e+03
2.300000000000000000e+03 4.924000000000000000e+03
2.400000000000000000e+03 4.877000000000000000e+03
2.500000000000000000e+03 4.998000000000000000e+03
2.600000000000000000e+03 4.882000000000000000e+03
2.700000000000000000e+03 4.833000000000000000e+03
2.800000000000000000e+03 4.836000000000000000e+03
2.900000000000000000e+03 4.893000000000000000e+03
3.000000000000000000e+03 4.725000000000000000e+03
3.100000000000000000e+03 4.746000000000000000e+03
3.200000000000000000e+03 4.483000000000000000e+03
3.300000000000000000e+03 4.598000000000000000e+03
3.400000000000000000e+03 4.406000000000000000e+03
3.500000000000000000e+03 4.439000000000000000e+03
3.600000000000000000e+03 4.344000000000000000e+03
3.700000000000000000e+03 4.309000000000000000e+03
3.800000000000000000e+03 4.210000000000000000e+03
3.900000000000000000e+03 4.193000000000000000e+03
4.000000000000000000e+03 4.046000000000000000e+03
4.100000000000000000e+03 3.723000000000000000e+03
4.200000000000000000e+03 3.750000000000000000e+03
4.300000000000000000e+03 3.612000000000000000e+03
4.400000000000000000e+03 3.525000000000000000e+03
4.500000000000000000e+03 3.426000000000000000e+03
4.600000000000000000e+03 3.268000000000000000e+03
4.700000000000000000e+03 3.159000000000000000e+03
4.800000000000000000e+03 3.013000000000000000e+03
4.900000000000000000e+03 2.892000000000000000e+03
5.000000000000000000e+03 2.721000000000000000e+03
5.100000000000000000e+03 2.557000000000000000e+03
5.200000000000000000e+03 2.463000000000000000e+03
5.300000000000000000e+03 2.304000000000000000e+03
5.400000000000000000e+03 2.186000000000000000e+03
5.500000000000000000e+03 2.021000000000000000e+03
5.600000000000000000e+03 1.886000000000000000e+03
5.700000000000000000e+03 1.891000000000000000e+03
5.800000000000000000e+03 1.721000000000000000e+03
5.900000000000000000e+03 1.523000000000000000e+03
6.000000000000000000e+03 1.494000000000000000e+03
6.100000000000000000e+03 1.398000000000000000e+03
6.200000000000000000e+03 1.340000000000000000e+03
6.300000000000000000e+03 1.281000000000000000e+03
6.400000000000000000e+03 1.141000000000000000e+03
6.500000000000000000e+03 1.165000000000000000e+03
6.600000000000000000e+03 1.033000000000000000e+03
6.700000000000000000e+03 9.830000000000000000e+02
6.800000000000000000e+03 9.900000000000000000e+02
6.900000000000000000e+03 9.250000000000000000e+02
7.000000000000000000e+03 9.250000000000000000e+02
7.100000000000000000e+03 9.230000000000000000e+02
7.200000000000000000e+03 9.830000000000000000e+02
7.300000000000000000e+03 9.380000000000000000e+02
7.400000000000000000e+03 9.170000000000000000e+02
7.500000000000000000e+03 9.300000000000000000e+02
7.600000000000000000e+03 9.760000000000000000e+02
7.700000000000000000e+03 9.970000000000000000e+02
7.800000000000000000e+03 1.067000000000000000e+03
7.900000000000000000e+03 1.158000000000000000e+03
8.000000000000000000e+03 1.137000000000000000e+03
8.100000000000000000e+03 1.275000000000000000e+03
8.200000000000000000e+03 1.393000000000000000e+03
8.300000000000000000e+03 1.565000000000000000e+03
8.400000000000000000e+03 1.653000000000000000e+03
8.500000000000000000e+03 1.712000000000000000e+03
8.600000000000000000e+03 1.964000000000000000e+03
8.700000000000000000e+03 2.048000000000000000e+03
8.800000000000000000e+03 2.192000000000000000e+03
8.900000000000000000e+03 2.385000000000000000e+03
9.000000000000000000e+03 2.469000000000000000e+03
9.100000000000000000e+03 2.632000000000000000e+03
9.200000000000000000e+03 2.747000000000000000e+03
9.300000000000000000e+03 3.034000000000000000e+03
9.400000000000000000e+03 3.130000000000000000e+03
9.500000000000000000e+03 3.255000000000000000e+03
9.600000000000000000e+03 3.588000000000000000e+03
9.700000000000000000e+03 3.586000000000000000e+03
9.800000000000000000e+03 3.616000000000000000e+03
9.900000000000000000e+03 3.862000000000000000e+03
1.000000000000000000e+04 4.001000000000000000e+03
1.010000000000000000e+04 4.144000000000000000e+03
1.020000000000000000e+04 4.138000000000000000e+03
1.030000000000000000e+04 4.305000000000000000e+03
1.040000000000000000e+04 4.246000000000000000e+03
1.050000000000000000e+04 4.482000000000000000e+03
1.060000000000000000e+04 4.432000000000000000e+03
1.070000000000000000e+04 4.462000000000000000e+03
1.080000000000000000e+04 4.548000000000000000e+03
1.090000000000000000e+04 4.620000000000000000e+03
1.100000000000000000e+04 4.787000000000000000e+03
1.110000000000000000e+04 4.574000000000000000e+03
1.120000000000000000e+04 4.776000000000000000e+03
1.130000000000000000e+04 4.772000000000000000e+03
1.140000000000000000e+04 4.870000000000000000e+03
1.150000000000000000e+04 4.850000000000000000e+03
1.160000000000000000e+04 4.775000000000000000e+03
1.170000000000000000e+04 4.966000000000000000e+03
1.180000000000000000e+04 4.985000000000000000e+03
1.190000000000000000e+04 4.994000000000000000e+03
1.200000000000000000e+04 4.891000000000000000e+03
1.210000000000000000e+04 4.974000000000000000e+03
1.220000000000000000e+04 4.955000000000000000e+03
1.230000000000000000e+04 4.982000000000000000e+03
1.240000000000000000e+04 4.782000000000000000e+03
1.250000000000000000e+04 4.858000000000000000e+03
1.260000000000000000e+04 4.756000000000000000e+03
1.270000000000000000e+04 4.730000000000000000e+03
1.280000000000000000e+04 4.794000000000000000e+03
1.290000000000000000e+04 4.722000000000000000e+03
1.300000000000000000e+04 4.806000000000000000e+03
1.310000000000000000e+04 4.634000000000000000e+03
1.320000000000000000e+04 4.625000000000000000e+03
1.330000000000000000e+04 4.491000000000000000e+03
1.340000000000000000e+04 4.542000000000000000e+03
1.350000000000000000e+04 4.492000000000000000e+03
1.360000000000000000e+04 4.513000000000000000e+03
1.370000000000000000e+04 4.209000000000000000e+03
1.380000000000000000e+04 4.303000000000000000e+03
1.390000000000000000e+04 4.177000000000000000e+03
1.400000000000000000e+04 4.106000000000000000e+03
1.410000000000000000e+04 3.840000000000000000e+03
1.420000000000000000e+04 3.692000000000000000e+03
1.430000000000000000e+04 3.609000000000000000e+03
1.440000000000000000e+04 3.580000000000000000e+03
1.450000000000000000e+04 3.453000000000000000e+03
1.460000000000000000e+04 3.243000000000000000e+03
1.470000000000000000e+04 3.188000000000000000e+03
1.480000000000000000e+04 2.978000000000000000e+03
1.490000000000000000e+04 2.761000000000000000e+03
1.500000000000000000e+04 2.729000000000000000e+03
1.510000000000000000e+04 2.616000000000000000e+03
1.520000000000000000e+04 2.495000000000000000e+03
1.530000000000000000e+04 2.307000000000000000e+03
1.540000000000000000e+04 2.240000000000000000e+03
1.550000000000000000e+04 2.023000000000000000e+03
1.560000000000000000e+04 1.894000000000000000e+03
1.570000000000000000e+04 1.758000000000000000e+03
1.580000000000000000e+04 1.720000000000000000e+03
1.590000000000000000e+04 1.554000000000000000e+03
1.600000000000000000e+04 1.508000000000000000e+03
1.610000000000000000e+04 1.413000000000000000e+03
1.620000000000000000e+04 1.389000000000000000e+03
1.630000000000000000e+04 1.244000000000000000e+03
1.640000000000000000e+04 1.217000000000000000e+03
1.650000000000000000e+04 1.077000000000000000e+03
1.660000000000000000e+04 1.037000000000000000e+03
1.670000000000000000e+04 1.039000000000000000e+03
1.680000000000000000e+04 9.720000000000000000e+02
1.690000000000000000e+04 9.410000000000000000e+02
1.700000000000000000e+04 8.930000000000000000e+02
1.710000000000000000e+04 9.880000000000000000e+02
1.720000000000000000e+04 9.250000000000000000e+02
1.730000000000000000e+04 9.250000000000000000e+02
1.740000000000000000e+04 9.220000000000000000e+02
1.750000000000000000e+04 9.330000000000000000e+02
1.760000000000000000e+04 1.001000000000000000e+03
1.770000000000000000e+04 1.027000000000000000e+03
1.780000000000000000e+04 1.061000000000000000e+03
1.790000000000000000e+04 1.134000000000000000e+03
1.800000000000000000e+04 1.236000000000000000e+03
1.810000000000000000e+04 1.240000000000000000e+03
1.820000000000000000e+04 1.372000000000000000e+03
1.830000000000000000e+04 1.475000000000000000e+03
1.840000000000000000e+04 1.624000000000000000e+03
1.850000000000000000e+04 1.816000000000000000e+03
1.860000000000000000e+04 1.927000000000000000e+03
1.870000000000000000e+04 1.973000000000000000e+03
1.880000000000000000e+04 2.184000000000000000e+03
1.890000000000000000e+04 2.360000000000000000e+03
1.900000000000000000e+04 2.559000000000000000e+03
1.910000000000000000e+04 2.729000000000000000e+03
1.920000000000000000e+04 2.915000000000000000e+03
1.930000000000000000e+04 3.093000000000000000e+03
1.940000000000000000e+04 3.214000000000000000e+03
1.950000000000000000e+04 3.321000000000000000e+03
1.960000000000000000e+04 3.581000000000000000e+03
1.970000000000000000e+04 3.618000000000000000e+03
1.980000000000000000e+04 3.773000000000000000e+03
1.990000000000000000e+04 3.894000000000000000e+03
