0.000000000000000000e+00 1.309400000000000000e+04
2.000000000000000000e+01 1.394600000000000000e+04
4.000000000000000000e+01 1.459200000000000000e+04
6.000000000000000000e+01 1.480600000000000000e+04
8.000000000000000000e+01 1.520100000000000000e+04
1.000000000000000000e+02 1.582700000000000000e+04
1.200000000000000000e+02 1.594800000000000000e+04
1.400000000000000000e+02 1.619700000000000000e+04
1.600000000000000000e+02 1.674500000000000000e+04
1.800000000000000000e+02 1.703000000000000000e+04
2.000000000000000000e+02 1.691900000000000000e+04
2.200000000000000000e+02 1.735900000000000000e+04
2.400000000000000000e+02 1.760200000000000000e+04
2.600000000000000000e+02 1.773200000000000000e+04
2.800000000000000000e+02 1.761800000000000000e+04
3.000000000000000000e+02 1.825300000000000000e+04
3.200000000000000000e+02 1.796400000000000000e+04
3.400000000000000000e+02 1.800600000000000000e+04
3.600000000000000000e+02 1.809200000000000000e+04
3.800000000000000000e+02 1.795500000000000000e+04
4.000000000000000000e+02 1.792800000000000000e+04
4.200000000000000000e+02 1.813700000000000000e+04
4.400000000000000000e+02 1.808700000000000000e+04
4.600000000000000000e+02 1.818100000000000000e+04
4.800000000000000000e+02 1.785700000000000000e+04
5.000000000000000000e+02 1.784800000000000000e+04
5.200000000000000000e+02 1.787200000000000000e+04
5.400000000000000000e+02 1.763400000000000000e+04
5.600000000000000000e+02 1.718300000000000000e+04
5.800000000000000000e+02 1.683800000000000000e+04
6.000000000000000000e+02 1.695900000000000000e+04
6.200000000000000000e+02 1.635700000000000000e+04
6.400000000000000000e+02 1.613300000000000000e+04
6.600000000000000000e+02 1.593700000000000000e+04
6.800000000000000000e+02 1.543000000000000000e+04
7.000000000000000000e+02 1.500800000000000000e+04
7.200000000000000000e+02 1.480200000000000000e+04
7.400000000000000000e+02 1.435300000000000000e+04
7.600000000000000000e+02 1.372400000000000000e+04
7.800000000000000000e+02 1.323600000000000000e+04
8.000000000000000000e+02 1.271000000000000000e+04
8.200000000000000000e+02 1.226900000000000000e+04
8.400000000000000000e+02 1.181100000000000000e+04
8.600000000000000000e+02 1.111000000000000000e+04
8.800000000000000000e+02 1.049600000000000000e+04
9.000000000000000000e+02 9.980000000000000000e+03
9.200000000000000000e+02 9.170000000000000000e+03
9.400000000000000000e+02 8.935000000000000000e+03
9.600000000000000000e+02 8.184000000000000000e+03
9.800000000000000000e+02 7.589000000000000000e+03
1.000000000000000000e+03 7.056000000000000000e+03
1.020000000000000000e+03 6.514000000000000000e+03
1.040000000000000000e+03 6.103000000000000000e+03
1.060000000000000000e+03 5.500000000000000000e+03
1.080000000000000000e+03 5.177000000000000000e+03
1.100000000000000000e+03 4.643000000000000000e+03
1.120000000000000000e+03 4.173000000000000000e+03
1.140000000000000000e+03 3.998000000000000000e+03
1.160000000000000000e+03 3.580000000000000000e+03
1.180000000000000000e+03 3.363000000000000000e+03
1.200000000000000000e+03 3.126000000000000000e+03
1.220000000000000000e+03 2.883000000000000000e+03
1.240000000000000000e+03 2.668000000000000000e+03
1.260000000000000000e+03 2.513000000000000000e+03
1.280000000000000000e+03 2.298000000000000000e+03
1.300000000000000000e+03 2.251000000000000000e+03
1.320000000000000000e+03 2.111000000000000000e+03
1.340000000000000000e+03 2.154000000000000000e+03
1.360000000000000000e+03 2.041000000000000000e+03
1.380000000000000000e+03 1.996000000000000000e+03
1.400000000000000000e+03 2.081000000000000000e+03
1.420000000000000000e+03 2.102000000000000000e+03
1.440000000000000000e+03 2.199000000000000000e+03
1.460000000000000000e+03 2.078000000000000000e+03
1.480000000000000000e+03 2.279000000000000000e+03
1.500000000000000000e+03 2.457000000000000000e+03
1.520000000000000000e+03 2.591000000000000000e+03
1.540000000000000000e+03 2.783000000000000000e+03
1.560000000000000000e+03 2.957000000000000000e+03
1.580000000000000000e+03 3.233000000000000000e+03
1.600000000000000000e+03 3.539000000000000000e+03
1.620000000000000000e+03 3.840000000000000000e+03
1.640000000000000000e+03 4.038000000000000000e+03
1.660000000000000000e+03 4.537000000000000000e+03
1.680000000000000000e+03 4.927000000000000000e+03
1.700000000000000000e+03 5.474000000000000000e+03
1.720000000000000000e+03 5.821000000000000000e+03
1.740000000000000000e+03 6.217000000000000000e+03
1.760000000000000000e+03 6.910000000000000000e+03
1.780000000000000000e+03 7.321000000000000000e+03
1.800000000000000000e+03 8.099000000000000000e+03
1.820000000000000000e+03 8.433000000000000000e+03
1.840000000000000000e+03 8.971000000000000000e+03
1.860000000000000000e+03 9.519000000000000000e+03
1.880000000000000000e+03 1.033300000000000000e+04
1.900000000000000000e+03 1.069500000000000000e+04
1.920000000000000000e+03 1.112000000000000000e+04
1.940000000000000000e+03 1.195200000000000000e+04
1.960000000000000000e+03 1.255200000000000000e+04
1.980000000000000000e+03 1.311100000000000000e+04
2.000000000000000000e+03 1.336200000000000000e+04
2.020000000000000000e+03 1.412700000000000000e+04
2.040000000000000000e+03 1.430300000000000000e+04
2.060000000000000000e+03 1.477200000000000000e+04
2.080000000000000000e+03 1.510300000000000000e+04
2.100000000000000000e+03 1.557500000000000000e+04
2.120000000000000000e+03 1.584100000000000000e+04
2.140000000000000000e+03 1.608100000000000000e+04
2.160000000000000000e+03 1.654100000000000000e+04
2.180000000000000000e+03 1.676700000000000000e+04
2.200000000000000000e+03 1.694700000000000000e+04
2.220000000000000000e+03 1.707900000000000000e+04
2.240000000000000000e+03 1.741900000000000000e+04
2.260000000000000000e+03 1.741700000000000000e+04
2.280000000000000000e+03 1.749700000000000000e+04
2.300000000000000000e+03 1.787600000000000000e+04
2.320000000000000000e+03 1.796600000000000000e+04
2.340000000000000000e+03 1.789000000000000000e+04
2.360000000000000000e+03 1.795200000000000000e+04
2.380000000000000000e+03 1.796100000000000000e+04
2.400000000000000000e+03 1.804600000000000000e+04
2.420000000000000000e+03 1.803300000000000000e+04
2.440000000000000000e+03 1.808700000000000000e+04
2.460000000000000000e+03 1.782300000000000000e+04
2.480000000000000000e+03 1.756800000000000000e+04
2.500000000000000000e+03 1.772400000000000000e+04
2.520000000000000000e+03 1.753300000000000000e+04
2.540000000000000000e+03 1.743700000000000000e+04
2.560000000000000000e+03 1.701600000000000000e+04
2.580000000000000000e+03 1.676900000000000000e+04
2.600000000000000000e+03 1.667500000000000000e+04
2.620000000000000000e+03 1.654500000000000000e+04
2.640000000000000000e+03 1.612100000000000000e+04
2.660000000000000000e+03 1.589100000000000000e+04
2.680000000000000000e+03 1.538500000000000000e+04
2.700000000000000000e+03 1.505800000000000000e+04
2.720000000000000000e+03 1.462200000000000000e+04
2.740000000000000000e+03 1.416200000000000000e+04
2.760000000000000000e+03 1.369400000000000000e+04
2.780000000000000000e+03 1.323300000000000000e+04
2.800000000000000000e+03 1.300800000000000000e+04
2.820000000000000000e+03 1.221000000000000000e+04
2.840000000000000000e+03 1.147100000000000000e+04
2.860000000000000000e+03 1.101400000000000000e+04
2.880000000000000000e+03 1.042000000000000000e+04
2.900000000000000000e+03 9.825000000000000000e+03
2.920000000000000000e+03 9.292000000000000000e+03
2.940000000000000000e+03 8.592000000000000000e+03
2.960000000000000000e+03 8.003000000000000000e+03
2.980000000000000000e+03 7.514000000000000000e+03
3.000000000000000000e+03 7.006000000000000000e+03
3.020000000000000000e+03 6.551000000000000000e+03
3.040000000000000000e+03 6.016000000000000000e+03
3.060000000000000000e+03 5.566000000000000000e+03
3.080000000000000000e+03 5.265000000000000000e+03
3.100000000000000000e+03 4.517000000000000000e+03
3.120000000000000000e+03 4.278000000000000000e+03
3.140000000000000000e+03 3.949000000000000000e+03
3.160000000000000000e+03 3.532000000000000000e+03
3.180000000000000000e+03 3.232000000000000000e+03
3.200000000000000000e+03 3.025000000000000000e+03
3.220000000000000000e+03 2.853000000000000000e+03
3.240000000000000000e+03 2.754000000000000000e+03
3.260000000000000000e+03 2.541000000000000000e+03
3.280000000000000000e+03 2.333000000000000000e+03
3.300000000000000000e+03 2.264000000000000000e+03
3.320000000000000000e+03 2.169000000000000000e+03
3.340000000000000000e+03 2.043000000000000000e+03
3.360000000000000000e+03 2.036000000000000000e+03
3.380000000000000000e+03 1.985000000000000000e+03
3.400000000000000000e+03 1.962000000000000000e+03
3.420000000000000000e+03 2.062000000000000000e+03
3.440000000000000000e+03 2.138000000000000000e+03
3.460000000000000000e+03 2.143000000000000000e+03
3.480000000000000000e+03 2.226000000000000000e+03
3.500000000000000000e+03 2.522000000000000000e+03
3.520000000000000000e+03 2.626000000000000000e+03
3.540000000000000000e+03 2.806000000000000000e+03
3.560000000000000000e+03 2.966000000000000000e+03
3.580000000000000000e+03 3.168000000000000000e+03
3.600000000000000000e+03 3.477000000000000000e+03
3.620000000000000000e+03 3.709000000000000000e+03
3.640000000000000000e+03 4.132000000000000000e+03
3.660000000000000000e+03 4.380000000000000000e+03
3.680000000000000000e+03 4.981000000000000000e+03
3.700000000000000000e+03 5.381000000000000000e+03
3.720000000000000000e+03 5.866000000000000000e+03
3.740000000000000000e+03 6.292000000000000000e+03
3.760000000000000000e+03 6.886000000000000000e+03
3.780000000000000000e+03 7.499000000000000000e+03
3.800000000000000000e+03 7.896000000000000000e+03
3.820000000000000000e+03 8.634000000000000000e+03
3.840000000000000000e+03 9.131000000000000000e+03
3.860000000000000000e+03 9.599000000000000000e+03
3.880000000000000000e+03 1.042000000000000000e+04
3.900000000000000000e+03 1.079400000000000000e+04
3.920000000000000000e+03 1.124800000000000000e+04
3.940000000000000000e+03 1.197500000000000000e+04
3.960000000000000000e+03 1.243000000000000000e+04
3.980000000000000000e+03 1.314900000000000000e+04
