0.000000000000000000e+00 4.190800000000000000e+04
1.000000000000000000e+04 4.335600000000000000e+04
2.000000000000000000e+04 4.479400000000000000e+04
3.000000000000000000e+04 4.598200000000000000e+04
4.000000000000000000e+04 4.684400000000000000e+04
5.000000000000000000e+04 4.805500000000000000e+04
6.000000000000000000e+04 4.946500000000000000e+04
7.000000000000000000e+04 5.006200000000000000e+04
8.000000000000000000e+04 5.018800000000000000e+04
9.000000000000000000e+04 5.159600000000000000e+04
1.000000000000000000e+05 5.158900000000000000e+04
1.100000000000000000e+05 5.280300000000000000e+04
1.200000000000000000e+05 5.306000000000000000e+04
1.300000000000000000e+05 5.349900000000000000e+04
1.400000000000000000e+05 5.376900000000000000e+04
1.500000000000000000e+05 5.416000000000000000e+04
1.600000000000000000e+05 5.491800000000000000e+04
1.700000000000000000e+05 5.438400000000000000e+04
1.800000000000000000e+05 5.450200000000000000e+04
1.900000000000000000e+05 5.488000000000000000e+04
2.000000000000000000e+05 5.462100000000000000e+04
2.100000000000000000e+05 5.461500000000000000e+04
2.200000000000000000e+05 5.430800000000000000e+04
2.300000000000000000e+05 5.425500000000000000e+04
2.400000000000000000e+05 5.370700000000000000e+04
2.500000000000000000e+05 5.372700000000000000e+04
2.600000000000000000e+05 5.308000000000000000e+04
2.700000000000000000e+05 5.238200000000000000e+04
2.800000000000000000e+05 5.250700000000000000e+04
2.900000000000000000e+05 5.133700000000000000e+04
3.000000000000000000e+05 5.069300000000000000e+04
3.100000000000000000e+05 4.954200000000000000e+04
3.200000000000000000e+05 4.863300000000000000e+04
3.300000000000000000e+05 4.774600000000000000e+04
3.400000000000000000e+05 4.675500000000000000e+04
3.500000000000000000e+05 4.542400000000000000e+04
3.600000000000000000e+05 4.449300000000000000e+04
3.700000000000000000e+05 4.296300000000000000e+04
3.800000000000000000e+05 4.142300000000000000e+04
3.900000000000000000e+05 4.018500000000000000e+04
4.000000000000000000e+05 3.876800000000000000e+04
4.100000000000000000e+05 3.661600000000000000e+04
4.200000000000000000e+05 3.550800000000000000e+04
4.300000000000000000e+05 3.378800000000000000e+04
4.400000000000000000e+05 3.179200000000000000e+04
4.500000000000000000e+05 2.992800000000000000e+04
4.600000000000000000e+05 2.813100000000000000e+04
4.700000000000000000e+05 2.659900000000000000e+04
4.800000000000000000e+05 2.519900000000000000e+04
4.900000000000000000e+05 2.306900000000000000e+04
5.000000000000000000e+05 2.141200000000000000e+04
5.100000000000000000e+05 2.008700000000000000e+04
5.200000000000000000e+05 1.860500000000000000e+04
5.300000000000000000e+05 1.714200000000000000e+04
5.400000000000000000e+05 1.558500000000000000e+04
5.500000000000000000e+05 1.441900000000000000e+04
5.600000000000000000e+05 1.318800000000000000e+04
5.700000000000000000e+05 1.212900000000000000e+04
5.800000000000000000e+05 1.107700000000000000e+04
5.900000000000000000e+05 1.019600000000000000e+04
6.000000000000000000e+05 9.332000000000000000e+03
6.100000000000000000e+05 8.608000000000000000e+03
6.200000000000000000e+05 7.971000000000000000e+03
6.300000000000000000e+05 7.657000000000000000e+03
6.400000000000000000e+05 7.179000000000000000e+03
6.500000000000000000e+05 6.791000000000000000e+03
6.600000000000000000e+05 6.586000000000000000e+03
6.700000000000000000e+05 6.248000000000000000e+03
6.800000000000000000e+05 6.322000000000000000e+03
6.900000000000000000e+05 6.089000000000000000e+03
7.000000000000000000e+05 6.304000000000000000e+03
7.100000000000000000e+05 6.337000000000000000e+03
7.200000000000000000e+05 6.416000000000000000e+03
7.300000000000000000e+05 6.734000000000000000e+03
7.400000000000000000e+05 7.011000000000000000e+03
7.500000000000000000e+05 7.356000000000000000e+03
7.600000000000000000e+05 7.855000000000000000e+03
7.700000000000000000e+05 8.393000000000000000e+03
7.800000000000000000e+05 9.140000000000000000e+03
7.900000000000000000e+05 9.812000000000000000e+03
8.000000000000000000e+05 1.086400000000000000e+04
8.100000000000000000e+05 1.176500000000000000e+04
8.200000000000000000e+05 1.257200000000000000e+04
8.300000000000000000e+05 1.386900000000000000e+04
8.400000000000000000e+05 1.510700000000000000e+04
8.500000000000000000e+05 1.657200000000000000e+04
8.600000000000000000e+05 1.773600000000000000e+04
8.700000000000000000e+05 1.935500000000000000e+04
8.800000000000000000e+05 2.073900000000000000e+04
8.900000000000000000e+05 2.276200000000000000e+04
9.000000000000000000e+05 2.421900000000000000e+04
9.100000000000000000e+05 2.602400000000000000e+04
9.200000000000000000e+05 2.797600000000000000e+04
9.300000000000000000e+05 2.969000000000000000e+04
9.400000000000000000e+05 3.132200000000000000e+04
9.500000000000000000e+05 3.296700000000000000e+04
9.600000000000000000e+05 3.430900000000000000e+04
9.700000000000000000e+05 3.641700000000000000e+04
9.800000000000000000e+05 3.809500000000000000e+04
9.900000000000000000e+05 3.956900000000000000e+04
1.000000000000000000e+06 4.106200000000000000e+04
1.010000000000000000e+06 4.319800000000000000e+04
1.020000000000000000e+06 4.379400000000000000e+04
1.030000000000000000e+06 4.522800000000000000e+04
1.040000000000000000e+06 4.664700000000000000e+04
1.050000000000000000e+06 4.750300000000000000e+04
1.060000000000000000e+06 4.832500000000000000e+04
1.070000000000000000e+06 4.954500000000000000e+04
1.080000000000000000e+06 5.039400000000000000e+04
1.090000000000000000e+06 5.109400000000000000e+04
1.100000000000000000e+06 5.197000000000000000e+04
1.110000000000000000e+06 5.271100000000000000e+04
1.120000000000000000e+06 5.279500000000000000e+04
1.130000000000000000e+06 5.349200000000000000e+04
1.140000000000000000e+06 5.362800000000000000e+04
1.150000000000000000e+06 5.395800000000000000e+04
1.160000000000000000e+06 5.412400000000000000e+04
1.170000000000000000e+06 5.463300000000000000e+04
1.180000000000000000e+06 5.482700000000000000e+04
1.190000000000000000e+06 5.438800000000000000e+04
1.200000000000000000e+06 5.472300000000000000e+04
1.210000000000000000e+06 5.472100000000000000e+04
1.220000000000000000e+06 5.382000000000000000e+04
1.230000000000000000e+06 5.437400000000000000e+04
1.240000000000000000e+06 5.388000000000000000e+04
1.250000000000000000e+06 5.347800000000000000e+04
1.260000000000000000e+06 5.334500000000000000e+04
1.270000000000000000e+06 5.230300000000000000e+04
1.280000000000000000e+06 5.165300000000000000e+04
1.290000000000000000e+06 5.125700000000000000e+04
1.300000000000000000e+06 5.020500000000000000e+04
1.310000000000000000e+06 4.995200000000000000e+04
1.320000000000000000e+06 4.859600000000000000e+04
1.330000000000000000e+06 4.780400000000000000e+04
1.340000000000000000e+06 4.688000000000000000e+04
1.350000000000000000e+06 4.562900000000000000e+04
1.360000000000000000e+06 4.414600000000000000e+04
1.370000000000000000e+06 4.269600000000000000e+04
1.380000000000000000e+06 4.156000000000000000e+04
1.390000000000000000e+06 4.002400000000000000e+04
1.400000000000000000e+06 3.843100000000000000e+04
1.410000000000000000e+06 3.650700000000000000e+04
1.420000000000000000e+06 3.512100000000000000e+04
1.430000000000000000e+06 3.334400000000000000e+04
1.440000000000000000e+06 3.214100000000000000e+04
1.450000000000000000e+06 2.989900000000000000e+04
1.460000000000000000e+06 2.869900000000000000e+04
1.470000000000000000e+06 2.670000000000000000e+04
1.480000000000000000e+06 2.453700000000000000e+04
1.490000000000000000e+06 2.314500000000000000e+04
1.500000000000000000e+06 2.175900000000000000e+04
1.510000000000000000e+06 1.991700000000000000e+04
1.520000000000000000e+06 1.849900000000000000e+04
1.530000000000000000e+06 1.690800000000000000e+04
1.540000000000000000e+06 1.567800000000000000e+04
1.550000000000000000e+06 1.425900000000000000e+04
1.560000000000000000e+06 1.325300000000000000e+04
1.570000000000000000e+06 1.218900000000000000e+04
1.580000000000000000e+06 1.131200000000000000e+04
1.590000000000000000e+06 9.956000000000000000e+03
1.600000000000000000e+06 9.389000000000000000e+03
1.610000000000000000e+06 8.713000000000000000e+03
1.620000000000000000e+06 8.168000000000000000e+03
1.630000000000000000e+06 7.651000000000000000e+03
1.640000000000000000e+06 7.123000000000000000e+03
1.650000000000000000e+06 6.899000000000000000e+03
1.660000000000000000e+06 6.643000000000000000e+03
1.670000000000000000e+06 6.283000000000000000e+03
1.680000000000000000e+06 6.209000000000000000e+03
1.690000000000000000e+06 6.083000000000000000e+03
1.700000000000000000e+06 6.099000000000000000e+03
1.710000000000000000e+06 6.198000000000000000e+03
1.720000000000000000e+06 6.503000000000000000e+03
1.730000000000000000e+06 6.682000000000000000e+03
1.740000000000000000e+06 7.007000000000000000e+03
1.750000000000000000e+06 7.142000000000000000e+03
1.760000000000000000e+06 7.852000000000000000e+03
1.770000000000000000e+06 8.463000000000000000e+03
1.780000000000000000e+06 9.280000000000000000e+03
1.790000000000000000e+06 9.816000000000000000e+03
1.800000000000000000e+06 1.061200000000000000e+04
1.810000000000000000e+06 1.163400000000000000e+04
1.820000000000000000e+06 1.272500000000000000e+04
1.830000000000000000e+06 1.360900000000000000e+04
1.840000000000000000e+06 1.500600000000000000e+04
1.850000000000000000e+06 1.640800000000000000e+04
1.860000000000000000e+06 1.787000000000000000e+04
1.870000000000000000e+06 1.915600000000000000e+04
1.880000000000000000e+06 2.077400000000000000e+04
1.890000000000000000e+06 2.222800000000000000e+04
1.900000000000000000e+06 2.440700000000000000e+04
1.910000000000000000e+06 2.611900000000000000e+04
1.920000000000000000e+06 2.774600000000000000e+04
1.930000000000000000e+06 2.956200000000000000e+04
1.940000000000000000e+06 3.117000000000000000e+04
1.950000000000000000e+06 3.288900000000000000e+04
1.960000000000000000e+06 3.470800000000000000e+04
1.970000000000000000e+06 3.615200000000000000e+04
1.980000000000000000e+06 3.807800000000000000e+04
1.990000000000000000e+06 3.916200000000000000e+04
