0.000000000000000000e+00 1.367700000000000000e+04
1.000000000000000000e+02 1.422900000000000000e+04
2.000000000000000000e+02 1.459100000000000000e+04
3.000000000000000000e+02 1.519600000000000000e+04
4.000000000000000000e+02 1.553100000000000000e+04
5.000000000000000000e+02 1.579500000000000000e+04
6.000000000000000000e+02 1.669600000000000000e+04
7.000000000000000000e+02 1.675600000000000000e+04
8.000000000000000000e+02 1.690100000000000000e+04
9.000000000000000000e+02 1.743800000000000000e+04
1.000000000000000000e+03 1.727300000000000000e+04
1.100000000000000000e+03 1.736700000000000000e+04
1.200000000000000000e+03 1.764400000000000000e+04
1.300000000000000000e+03 1.777300000000000000e+04
1.400000000000000000e+03 1.768900000000000000e+04
1.500000000000000000e+03 1.811500000000000000e+04
1.600000000000000000e+03 1.773900000000000000e+04
1.700000000000000000e+03 1.821200000000000000e+04
1.800000000000000000e+03 1.805300000000000000e+04
1.900000000000000000e+03 1.813500000000000000e+04
2.000000000000000000e+03 1.833900000000000000e+04
2.100000000000000000e+03 1.809200000000000000e+04
2.200000000000000000e+03 1.791500000000000000e+04
2.300000000000000000e+03 1.831100000000000000e+04
2.400000000000000000e+03 1.812000000000000000e+04
2.500000000000000000e+03 1.809800000000000000e+04
2.600000000000000000e+03 1.790200000000000000e+04
2.700000000000000000e+03 1.758200000000000000e+04
2.800000000000000000e+03 1.736200000000000000e+04
2.900000000000000000e+03 1.706600000000000000e+04
3.000000000000000000e+03 1.693800000000000000e+04
3.100000000000000000e+03 1.674800000000000000e+04
3.200000000000000000e+03 1.639900000000000000e+04
3.300000000000000000e+03 1.614500000000000000e+04
3.400000000000000000e+03 1.568600000000000000e+04
3.500000000000000000e+03 1.524500000000000000e+04
3.600000000000000000e+03 1.491800000000000000e+04
3.700000000000000000e+03 1.420900000000000000e+04
3.800000000000000000e+03 1.392400000000000000e+04
3.900000000000000000e+03 1.332200000000000000e+04
4.000000000000000000e+03 1.276000000000000000e+04
4.100000000000000000e+03 1.231800000000000000e+04
4.200000000000000000e+03 1.174100000000000000e+04
4.300000000000000000e+03 1.114300000000000000e+04
4.400000000000000000e+03 1.052800000000000000e+04
4.500000000000000000e+03 1.001000000000000000e+04
4.600000000000000000e+03 9.377000000000000000e+03
4.700000000000000000e+03 8.932000000000000000e+03
4.800000000000000000e+03 8.500000000000000000e+03
4.900000000000000000e+03 7.840000000000000000e+03
5.000000000000000000e+03 7.298000000000000000e+03
5.100000000000000000e+03 6.785000000000000000e+03
5.200000000000000000e+03 6.378000000000000000e+03
5.300000000000000000e+03 5.646000000000000000e+03
5.400000000000000000e+03 5.291000000000000000e+03
5.500000000000000000e+03 4.778000000000000000e+03
5.600000000000000000e+03 4.384000000000000000e+03
5.700000000000000000e+03 4.070000000000000000e+03
5.800000000000000000e+03 3.667000000000000000e+03
5.900000000000000000e+03 3.518000000000000000e+03
6.000000000000000000e+03 2.977000000000000000e+03
6.100000000000000000e+03 2.951000000000000000e+03
6.200000000000000000e+03 2.614000000000000000e+03
6.300000000000000000e+03 2.610000000000000000e+03
6.400000000000000000e+03 2.406000000000000000e+03
6.500000000000000000e+03 2.288000000000000000e+03
6.600000000000000000e+03 2.227000000000000000e+03
6.700000000000000000e+03 2.103000000000000000e+03
6.800000000000000000e+03 2.094000000000000000e+03
6.900000000000000000e+03 2.113000000000000000e+03
7.000000000000000000e+03 2.049000000000000000e+03
7.100000000000000000e+03 2.132000000000000000e+03
7.200000000000000000e+03 2.200000000000000000e+03
7.300000000000000000e+03 2.231000000000000000e+03
7.400000000000000000e+03 2.346000000000000000e+03
7.500000000000000000e+03 2.397000000000000000e+03
7.600000000000000000e+03 2.652000000000000000e+03
7.700000000000000000e+03 2.881000000000000000e+03
7.800000000000000000e+03 3.109000000000000000e+03
7.900000000000000000e+03 3.334000000000000000e+03
8.000000000000000000e+03 3.629000000000000000e+03
8.100000000000000000e+03 3.939000000000000000e+03
8.200000000000000000e+03 4.412000000000000000e+03
8.300000000000000000e+03 4.622000000000000000e+03
8.400000000000000000e+03 5.071000000000000000e+03
8.500000000000000000e+03 5.456000000000000000e+03
8.600000000000000000e+03 5.897000000000000000e+03
8.700000000000000000e+03 6.605000000000000000e+03
8.800000000000000000e+03 6.982000000000000000e+03
8.900000000000000000e+03 7.585000000000000000e+03
9.000000000000000000e+03 8.173000000000000000e+03
9.100000000000000000e+03 8.814000000000000000e+03
9.200000000000000000e+03 9.356000000000000000e+03
9.300000000000000000e+03 9.905000000000000000e+03
9.400000000000000000e+03 1.058700000000000000e+04
9.500000000000000000e+03 1.114900000000000000e+04
9.600000000000000000e+03 1.166100000000000000e+04
9.700000000000000000e+03 1.207000000000000000e+04
9.800000000000000000e+03 1.277800000000000000e+04
9.900000000000000000e+03 1.323100000000000000e+04
1.000000000000000000e+04 1.377600000000000000e+04
1.010000000000000000e+04 1.428500000000000000e+04
1.020000000000000000e+04 1.468400000000000000e+04
1.030000000000000000e+04 1.480900000000000000e+04
1.040000000000000000e+04 1.547600000000000000e+04
1.050000000000000000e+04 1.592800000000000000e+04
1.060000000000000000e+04 1.619600000000000000e+04
1.070000000000000000e+04 1.660100000000000000e+04
1.080000000000000000e+04 1.696200000000000000e+04
1.090000000000000000e+04 1.716900000000000000e+04
1.100000000000000000e+04 1.747600000000000000e+04
1.110000000000000000e+04 1.733000000000000000e+04
1.120000000000000000e+04 1.763300000000000000e+04
1.130000000000000000e+04 1.768100000000000000e+04
1.140000000000000000e+04 1.808200000000000000e+04
1.150000000000000000e+04 1.820400000000000000e+04
1.160000000000000000e+04 1.787000000000000000e+04
1.170000000000000000e+04 1.826100000000000000e+04
1.180000000000000000e+04 1.827000000000000000e+04
1.190000000000000000e+04 1.824800000000000000e+04
1.200000000000000000e+04 1.818600000000000000e+04
1.210000000000000000e+04 1.836300000000000000e+04
1.220000000000000000e+04 1.841200000000000000e+04
1.230000000000000000e+04 1.799800000000000000e+04
1.240000000000000000e+04 1.799700000000000000e+04
1.250000000000000000e+04 1.819500000000000000e+04
1.260000000000000000e+04 1.775000000000000000e+04
1.270000000000000000e+04 1.817500000000000000e+04
1.280000000000000000e+04 1.744100000000000000e+04
1.290000000000000000e+04 1.709400000000000000e+04
1.300000000000000000e+04 1.704800000000000000e+04
1.310000000000000000e+04 1.652100000000000000e+04
1.320000000000000000e+04 1.634200000000000000e+04
1.330000000000000000e+04 1.593600000000000000e+04
1.340000000000000000e+04 1.571300000000000000e+04
1.350000000000000000e+04 1.530100000000000000e+04
1.360000000000000000e+04 1.497600000000000000e+04
1.370000000000000000e+04 1.443400000000000000e+04
1.380000000000000000e+04 1.368300000000000000e+04
1.390000000000000000e+04 1.333900000000000000e+04
1.400000000000000000e+04 1.311100000000000000e+04
1.410000000000000000e+04 1.236700000000000000e+04
1.420000000000000000e+04 1.184600000000000000e+04
1.430000000000000000e+04 1.125000000000000000e+04
1.440000000000000000e+04 1.076500000000000000e+04
1.450000000000000000e+04 1.011800000000000000e+04
1.460000000000000000e+04 9.515000000000000000e+03
1.470000000000000000e+04 8.925000000000000000e+03
1.480000000000000000e+04 8.316000000000000000e+03
1.490000000000000000e+04 7.816000000000000000e+03
1.500000000000000000e+04 7.146000000000000000e+03
1.510000000000000000e+04 6.590000000000000000e+03
1.520000000000000000e+04 6.195000000000000000e+03
1.530000000000000000e+04 5.530000000000000000e+03
1.540000000000000000e+04 5.132000000000000000e+03
1.550000000000000000e+04 4.798000000000000000e+03
1.560000000000000000e+04 4.429000000000000000e+03
1.570000000000000000e+04 3.933000000000000000e+03
1.580000000000000000e+04 3.702000000000000000e+03
1.590000000000000000e+04 3.368000000000000000e+03
1.600000000000000000e+04 3.149000000000000000e+03
1.610000000000000000e+04 2.873000000000000000e+03
1.620000000000000000e+04 2.743000000000000000e+03
1.630000000000000000e+04 2.509000000000000000e+03
1.640000000000000000e+04 2.528000000000000000e+03
1.650000000000000000e+04 2.339000000000000000e+03
1.660000000000000000e+04 2.144000000000000000e+03
1.670000000000000000e+04 2.114000000000000000e+03
1.680000000000000000e+04 2.103000000000000000e+03
1.690000000000000000e+04 2.136000000000000000e+03
1.700000000000000000e+04 2.017000000000000000e+03
1.710000000000000000e+04 2.167000000000000000e+03
1.720000000000000000e+04 2.119000000000000000e+03
1.730000000000000000e+04 2.222000000000000000e+03
1.740000000000000000e+04 2.393000000000000000e+03
1.750000000000000000e+04 2.442000000000000000e+03
1.760000000000000000e+04 2.562000000000000000e+03
1.770000000000000000e+04 2.884000000000000000e+03
1.780000000000000000e+04 2.980000000000000000e+03
1.790000000000000000e+04 3.349000000000000000e+03
1.800000000000000000e+04 3.574000000000000000e+03
1.810000000000000000e+04 3.804000000000000000e+03
1.820000000000000000e+04 4.287000000000000000e+03
1.830000000000000000e+04 4.677000000000000000e+03
1.840000000000000000e+04 5.073000000000000000e+03
1.850000000000000000e+04 5.435000000000000000e+03
1.860000000000000000e+04 5.971000000000000000e+03
1.870000000000000000e+04 6.523000000000000000e+03
1.880000000000000000e+04 7.221000000000000000e+03
1.890000000000000000e+04 7.576000000000000000e+03
1.900000000000000000e+04 8.144000000000000000e+03
1.910000000000000000e+04 8.483000000000000000e+03
1.920000000000000000e+04 9.248000000000000000e+03
1.930000000000000000e+04 9.941000000000000000e+03
1.940000000000000000e+04 1.054300000000000000e+04
1.950000000000000000e+04 1.096900000000000000e+04
1.960000000000000000e+04 1.170000000000000000e+04
1.970000000000000000e+04 1.234700000000000000e+04
1.980000000000000000e+04 1.255900000000000000e+04
1.990000000000000000e+04 1.321600000000000000e+04
