0.000000000000000000e+00 1.703700000000000000e+04
1.428000000000000000e+03 1.748200000000000000e+04
2.856000000000000000e+03 1.817300000000000000e+04
4.284000000000000000e+03 1.849100000000000000e+04
5.712000000000000000e+03 1.902100000000000000e+04
7.140000000000000000e+03 1.960000000000000000e+04
8.568000000000000000e+03 2.014500000000000000e+04
9.996000000000000000e+03 2.025400000000000000e+04
1.142400000000000000e+04 2.087200000000000000e+04
1.285200000000000000e+04 2.106500000000000000e+04
1.428000000000000000e+04 2.124200000000000000e+04
1.570800000000000000e+04 2.186700000000000000e+04
1.713600000000000000e+04 2.172200000000000000e+04
1.856400000000000000e+04 2.174600000000000000e+04
1.999200000000000000e+04 2.217100000000000000e+04
2.142000000000000000e+04 2.236700000000000000e+04
2.284800000000000000e+04 2.226800000000000000e+04
2.427600000000000000e+04 2.238300000000000000e+04
2.570400000000000000e+04 2.269700000000000000e+04
2.713200000000000000e+04 2.274900000000000000e+04
2.856000000000000000e+04 2.253900000000000000e+04
2.998800000000000000e+04 2.237000000000000000e+04
3.141600000000000000e+04 2.247200000000000000e+04
3.284400000000000000e+04 2.245300000000000000e+04
3.427200000000000000e+04 2.234200000000000000e+04
3.570000000000000000e+04 2.211500000000000000e+04
3.712800000000000000e+04 2.192600000000000000e+04
3.855600000000000000e+04 2.170900000000000000e+04
3.998400000000000000e+04 2.130300000000000000e+04
4.141200000000000000e+04 2.136700000000000000e+04
4.284000000000000000e+04 2.064400000000000000e+04
4.426800000000000000e+04 2.082600000000000000e+04
4.569600000000000000e+04 2.034700000000000000e+04
4.712400000000000000e+04 1.969200000000000000e+04
4.855200000000000000e+04 1.949400000000000000e+04
4.998000000000000000e+04 1.883200000000000000e+04
5.140800000000000000e+04 1.813800000000000000e+04
5.283600000000000000e+04 1.747500000000000000e+04
5.426400000000000000e+04 1.719000000000000000e+04
5.569200000000000000e+04 1.645000000000000000e+04
5.712000000000000000e+04 1.613900000000000000e+04
5.854800000000000000e+04 1.523500000000000000e+04
5.997600000000000000e+04 1.451300000000000000e+04
6.140400000000000000e+04 1.395500000000000000e+04
6.283200000000000000e+04 1.313700000000000000e+04
6.426000000000000000e+04 1.232100000000000000e+04
6.568800000000000000e+04 1.168800000000000000e+04
6.711600000000000000e+04 1.098400000000000000e+04
6.854400000000000000e+04 1.014000000000000000e+04
6.997200000000000000e+04 9.632000000000000000e+03
7.140000000000000000e+04 8.900000000000000000e+03
7.282800000000000000e+04 8.317000000000000000e+03
7.425600000000000000e+04 7.623000000000000000e+03
7.568400000000000000e+04 6.954000000000000000e+03
7.711200000000000000e+04 6.463000000000000000e+03
7.854000000000000000e+04 5.914000000000000000e+03
7.996800000000000000e+04 5.524000000000000000e+03
8.139600000000000000e+04 4.968000000000000000e+03
8.282400000000000000e+04 4.590000000000000000e+03
8.425200000000000000e+04 4.259000000000000000e+03
8.568000000000000000e+04 4.021000000000000000e+03
8.710800000000000000e+04 3.727000000000000000e+03
8.853600000000000000e+04 3.463000000000000000e+03
8.996400000000000000e+04 3.095000000000000000e+03
9.139200000000000000e+04 3.024000000000000000e+03
9.282000000000000000e+04 2.814000000000000000e+03
9.424800000000000000e+04 2.667000000000000000e+03
9.567600000000000000e+04 2.664000000000000000e+03
9.710400000000000000e+04 2.575000000000000000e+03
9.853200000000000000e+04 2.700000000000000000e+03
9.996000000000000000e+04 2.576000000000000000e+03
1.013880000000000000e+05 2.660000000000000000e+03
1.028160000000000000e+05 2.658000000000000000e+03
1.042440000000000000e+05 2.859000000000000000e+03
1.056720000000000000e+05 2.926000000000000000e+03
1.071000000000000000e+05 3.163000000000000000e+03
1.085280000000000000e+05 3.265000000000000000e+03
1.099560000000000000e+05 3.361000000000000000e+03
1.113840000000000000e+05 3.898000000000000000e+03
1.128120000000000000e+05 4.136000000000000000e+03
1.142400000000000000e+05 4.515000000000000000e+03
1.156680000000000000e+05 4.914000000000000000e+03
1.170960000000000000e+05 5.357000000000000000e+03
1.185240000000000000e+05 5.744000000000000000e+03
1.199520000000000000e+05 6.260000000000000000e+03
1.213800000000000000e+05 6.895000000000000000e+03
1.228080000000000000e+05 7.456000000000000000e+03
1.242360000000000000e+05 7.951000000000000000e+03
1.256640000000000000e+05 8.539000000000000000e+03
1.270920000000000000e+05 9.261000000000000000e+03
1.285200000000000000e+05 1.012500000000000000e+04
1.299480000000000000e+05 1.090100000000000000e+04
1.313760000000000000e+05 1.158900000000000000e+04
1.328040000000000000e+05 1.208300000000000000e+04
1.342320000000000000e+05 1.294400000000000000e+04
1.356600000000000000e+05 1.350600000000000000e+04
1.370880000000000000e+05 1.423100000000000000e+04
1.385160000000000000e+05 1.508000000000000000e+04
1.399440000000000000e+05 1.561100000000000000e+04
1.413720000000000000e+05 1.631400000000000000e+04
1.428000000000000000e+05 1.693800000000000000e+04
1.442280000000000000e+05 1.765100000000000000e+04
1.456560000000000000e+05 1.828900000000000000e+04
1.470840000000000000e+05 1.872400000000000000e+04
1.485120000000000000e+05 1.916500000000000000e+04
1.499400000000000000e+05 1.961800000000000000e+04
1.513680000000000000e+05 1.995400000000000000e+04
1.527960000000000000e+05 2.072400000000000000e+04
1.542240000000000000e+05 2.084100000000000000e+04
1.556520000000000000e+05 2.094800000000000000e+04
1.570800000000000000e+05 2.148800000000000000e+04
1.585080000000000000e+05 2.158700000000000000e+04
1.599360000000000000e+05 2.180100000000000000e+04
1.613640000000000000e+05 2.184600000000000000e+04
1.627920000000000000e+05 2.229300000000000000e+04
1.642200000000000000e+05 2.226500000000000000e+04
1.656480000000000000e+05 2.267100000000000000e+04
1.670760000000000000e+05 2.278500000000000000e+04
1.685040000000000000e+05 2.280100000000000000e+04
1.699320000000000000e+05 2.243900000000000000e+04
1.713600000000000000e+05 2.253200000000000000e+04
1.727880000000000000e+05 2.241800000000000000e+04
1.742160000000000000e+05 2.244200000000000000e+04
1.756440000000000000e+05 2.246100000000000000e+04
1.770720000000000000e+05 2.219200000000000000e+04
1.785000000000000000e+05 2.196700000000000000e+04
1.799280000000000000e+05 2.211500000000000000e+04
1.813560000000000000e+05 2.187100000000000000e+04
1.827840000000000000e+05 2.155100000000000000e+04
1.842120000000000000e+05 2.128400000000000000e+04
1.856400000000000000e+05 2.074900000000000000e+04
1.870680000000000000e+05 2.053400000000000000e+04
1.884960000000000000e+05 2.023200000000000000e+04
1.899240000000000000e+05 1.993600000000000000e+04
1.913520000000000000e+05 1.934200000000000000e+04
1.927800000000000000e+05 1.902000000000000000e+04
1.942080000000000000e+05 1.850200000000000000e+04
1.956360000000000000e+05 1.798000000000000000e+04
1.970640000000000000e+05 1.713600000000000000e+04
1.984920000000000000e+05 1.660500000000000000e+04
1.999200000000000000e+05 1.597800000000000000e+04
2.013480000000000000e+05 1.537500000000000000e+04
2.027760000000000000e+05 1.461600000000000000e+04
2.042040000000000000e+05 1.406700000000000000e+04
2.056320000000000000e+05 1.328900000000000000e+04
2.070600000000000000e+05 1.239300000000000000e+04
2.084880000000000000e+05 1.189100000000000000e+04
2.099160000000000000e+05 1.112000000000000000e+04
2.113440000000000000e+05 1.054000000000000000e+04
2.127720000000000000e+05 9.735000000000000000e+03
2.142000000000000000e+05 8.971000000000000000e+03
2.156280000000000000e+05 8.212000000000000000e+03
2.170560000000000000e+05 7.627000000000000000e+03
2.184840000000000000e+05 7.066000000000000000e+03
2.199120000000000000e+05 6.452000000000000000e+03
2.213400000000000000e+05 5.940000000000000000e+03
2.227680000000000000e+05 5.531000000000000000e+03
2.241960000000000000e+05 5.104000000000000000e+03
2.256240000000000000e+05 4.626000000000000000e+03
2.270520000000000000e+05 4.203000000000000000e+03
2.284800000000000000e+05 3.834000000000000000e+03
2.299080000000000000e+05 3.622000000000000000e+03
2.313360000000000000e+05 3.358000000000000000e+03
2.327640000000000000e+05 3.161000000000000000e+03
2.341920000000000000e+05 3.058000000000000000e+03
2.356200000000000000e+05 2.864000000000000000e+03
2.370480000000000000e+05 2.706000000000000000e+03
2.384760000000000000e+05 2.716000000000000000e+03
2.399040000000000000e+05 2.654000000000000000e+03
2.413320000000000000e+05 2.625000000000000000e+03
2.427600000000000000e+05 2.577000000000000000e+03
2.441880000000000000e+05 2.481000000000000000e+03
2.456160000000000000e+05 2.764000000000000000e+03
2.470440000000000000e+05 2.738000000000000000e+03
2.484720000000000000e+05 2.940000000000000000e+03
2.499000000000000000e+05 2.993000000000000000e+03
2.513280000000000000e+05 3.194000000000000000e+03
2.527560000000000000e+05 3.495000000000000000e+03
2.541840000000000000e+05 3.730000000000000000e+03
2.556120000000000000e+05 4.053000000000000000e+03
2.570400000000000000e+05 4.436000000000000000e+03
2.584680000000000000e+05 4.853000000000000000e+03
2.598960000000000000e+05 5.306000000000000000e+03
2.613240000000000000e+05 5.737000000000000000e+03
2.627520000000000000e+05 6.380000000000000000e+03
2.641800000000000000e+05 6.712000000000000000e+03
2.656080000000000000e+05 7.362000000000000000e+03
2.670360000000000000e+05 7.962000000000000000e+03
2.684640000000000000e+05 8.637000000000000000e+03
2.698920000000000000e+05 9.298000000000000000e+03
2.713200000000000000e+05 1.011300000000000000e+04
2.727480000000000000e+05 1.068000000000000000e+04
2.741760000000000000e+05 1.132200000000000000e+04
2.756040000000000000e+05 1.223000000000000000e+04
2.770320000000000000e+05 1.287400000000000000e+04
2.784600000000000000e+05 1.355700000000000000e+04
2.798880000000000000e+05 1.427400000000000000e+04
2.813160000000000000e+05 1.512100000000000000e+04
2.827440000000000000e+05 1.566400000000000000e+04
2.841720000000000000e+05 1.637700000000000000e+04
