0.000000000000000000e+00 1.725300000000000000e+04
2.000000000000000000e+02 1.817300000000000000e+04
4.000000000000000000e+02 1.874300000000000000e+04
6.000000000000000000e+02 1.939500000000000000e+04
8.000000000000000000e+02 1.983800000000000000e+04
1.000000000000000000e+03 2.037100000000000000e+04
1.200000000000000000e+03 2.067100000000000000e+04
1.400000000000000000e+03 2.135700000000000000e+04
1.600000000000000000e+03 2.124400000000000000e+04
1.800000000000000000e+03 2.153900000000000000e+04
2.000000000000000000e+03 2.196300000000000000e+04
2.200000000000000000e+03 2.229500000000000000e+04
2.400000000000000000e+03 2.238200000000000000e+04
2.600000000000000000e+03 2.291800000000000000e+04
2.800000000000000000e+03 2.310100000000000000e+04
3.000000000000000000e+03 2.304700000000000000e+04
3.200000000000000000e+03 2.320700000000000000e+04
3.400000000000000000e+03 2.333700000000000000e+04
3.600000000000000000e+03 2.348200000000000000e+04
3.800000000000000000e+03 2.366500000000000000e+04
4.000000000000000000e+03 2.349400000000000000e+04
4.200000000000000000e+03 2.332800000000000000e+04
4.400000000000000000e+03 2.328900000000000000e+04
4.600000000000000000e+03 2.336000000000000000e+04
4.800000000000000000e+03 2.292200000000000000e+04
5.000000000000000000e+03 2.269000000000000000e+04
5.200000000000000000e+03 2.239400000000000000e+04
5.400000000000000000e+03 2.250100000000000000e+04
5.600000000000000000e+03 2.224200000000000000e+04
5.800000000000000000e+03 2.200300000000000000e+04
6.000000000000000000e+03 2.182300000000000000e+04
6.200000000000000000e+03 2.150000000000000000e+04
6.400000000000000000e+03 2.079600000000000000e+04
6.600000000000000000e+03 2.040400000000000000e+04
6.800000000000000000e+03 1.984800000000000000e+04
7.000000000000000000e+03 1.927900000000000000e+04
7.200000000000000000e+03 1.886300000000000000e+04
7.400000000000000000e+03 1.860200000000000000e+04
7.600000000000000000e+03 1.770900000000000000e+04
7.800000000000000000e+03 1.711400000000000000e+04
8.000000000000000000e+03 1.634700000000000000e+04
8.200000000000000000e+03 1.574400000000000000e+04
8.400000000000000000e+03 1.501500000000000000e+04
8.600000000000000000e+03 1.437500000000000000e+04
8.800000000000000000e+03 1.369200000000000000e+04
9.000000000000000000e+03 1.291800000000000000e+04
9.200000000000000000e+03 1.209000000000000000e+04
9.400000000000000000e+03 1.141600000000000000e+04
9.600000000000000000e+03 1.056600000000000000e+04
9.800000000000000000e+03 1.015600000000000000e+04
1.000000000000000000e+04 9.300000000000000000e+03
1.020000000000000000e+04 8.635000000000000000e+03
1.040000000000000000e+04 7.814000000000000000e+03
1.060000000000000000e+04 7.168000000000000000e+03
1.080000000000000000e+04 6.677000000000000000e+03
1.100000000000000000e+04 6.041000000000000000e+03
1.120000000000000000e+04 5.571000000000000000e+03
1.140000000000000000e+04 4.993000000000000000e+03
1.160000000000000000e+04 4.800000000000000000e+03
1.180000000000000000e+04 4.396000000000000000e+03
1.200000000000000000e+04 3.991000000000000000e+03
1.220000000000000000e+04 3.696000000000000000e+03
1.240000000000000000e+04 3.411000000000000000e+03
1.260000000000000000e+04 3.396000000000000000e+03
1.280000000000000000e+04 3.193000000000000000e+03
1.300000000000000000e+04 2.882000000000000000e+03
1.320000000000000000e+04 2.907000000000000000e+03
1.340000000000000000e+04 2.787000000000000000e+03
1.360000000000000000e+04 2.565000000000000000e+03
1.380000000000000000e+04 2.726000000000000000e+03
1.400000000000000000e+04 2.640000000000000000e+03
1.420000000000000000e+04 2.737000000000000000e+03
1.440000000000000000e+04 2.676000000000000000e+03
1.460000000000000000e+04 2.801000000000000000e+03
1.480000000000000000e+04 3.021000000000000000e+03
1.500000000000000000e+04 3.121000000000000000e+03
1.520000000000000000e+04 3.414000000000000000e+03
1.540000000000000000e+04 3.633000000000000000e+03
1.560000000000000000e+04 3.966000000000000000e+03
1.580000000000000000e+04 4.239000000000000000e+03
1.600000000000000000e+04 4.667000000000000000e+03
1.620000000000000000e+04 4.965000000000000000e+03
1.640000000000000000e+04 5.491000000000000000e+03
1.660000000000000000e+04 5.869000000000000000e+03
1.680000000000000000e+04 6.424000000000000000e+03
1.700000000000000000e+04 7.233000000000000000e+03
1.720000000000000000e+04 7.791000000000000000e+03
1.740000000000000000e+04 8.216000000000000000e+03
1.760000000000000000e+04 9.004000000000000000e+03
1.780000000000000000e+04 9.594000000000000000e+03
1.800000000000000000e+04 1.065200000000000000e+04
1.820000000000000000e+04 1.123800000000000000e+04
1.840000000000000000e+04 1.188400000000000000e+04
1.860000000000000000e+04 1.273400000000000000e+04
1.880000000000000000e+04 1.344200000000000000e+04
1.900000000000000000e+04 1.403400000000000000e+04
1.920000000000000000e+04 1.489300000000000000e+04
1.940000000000000000e+04 1.529400000000000000e+04
1.960000000000000000e+04 1.618300000000000000e+04
1.980000000000000000e+04 1.668400000000000000e+04
2.000000000000000000e+04 1.775400000000000000e+04
2.020000000000000000e+04 1.815700000000000000e+04
2.040000000000000000e+04 1.870400000000000000e+04
2.060000000000000000e+04 1.965400000000000000e+04
2.080000000000000000e+04 1.956100000000000000e+04
2.100000000000000000e+04 2.027400000000000000e+04
2.120000000000000000e+04 2.077800000000000000e+04
2.140000000000000000e+04 2.114300000000000000e+04
2.160000000000000000e+04 2.178100000000000000e+04
2.180000000000000000e+04 2.195700000000000000e+04
2.200000000000000000e+04 2.248400000000000000e+04
2.220000000000000000e+04 2.224200000000000000e+04
2.240000000000000000e+04 2.263700000000000000e+04
2.260000000000000000e+04 2.285100000000000000e+04
2.280000000000000000e+04 2.277100000000000000e+04
2.300000000000000000e+04 2.320800000000000000e+04
2.320000000000000000e+04 2.322400000000000000e+04
2.340000000000000000e+04 2.320900000000000000e+04
2.360000000000000000e+04 2.345200000000000000e+04
2.380000000000000000e+04 2.341700000000000000e+04
2.400000000000000000e+04 2.352100000000000000e+04
2.420000000000000000e+04 2.338400000000000000e+04
2.440000000000000000e+04 2.348000000000000000e+04
2.460000000000000000e+04 2.328700000000000000e+04
2.480000000000000000e+04 2.279600000000000000e+04
2.500000000000000000e+04 2.294100000000000000e+04
2.520000000000000000e+04 2.281100000000000000e+04
2.540000000000000000e+04 2.234500000000000000e+04
2.560000000000000000e+04 2.230200000000000000e+04
2.580000000000000000e+04 2.202300000000000000e+04
2.600000000000000000e+04 2.164700000000000000e+04
2.620000000000000000e+04 2.132700000000000000e+04
2.640000000000000000e+04 2.096500000000000000e+04
2.660000000000000000e+04 2.045800000000000000e+04
2.680000000000000000e+04 2.010600000000000000e+04
2.700000000000000000e+04 1.940500000000000000e+04
2.720000000000000000e+04 1.880500000000000000e+04
2.740000000000000000e+04 1.803400000000000000e+04
2.760000000000000000e+04 1.770800000000000000e+04
2.780000000000000000e+04 1.709400000000000000e+04
2.800000000000000000e+04 1.620600000000000000e+04
2.820000000000000000e+04 1.570700000000000000e+04
2.840000000000000000e+04 1.511200000000000000e+04
2.860000000000000000e+04 1.433500000000000000e+04
2.880000000000000000e+04 1.365200000000000000e+04
2.900000000000000000e+04 1.275700000000000000e+04
2.920000000000000000e+04 1.197800000000000000e+04
2.940000000000000000e+04 1.138700000000000000e+04
2.960000000000000000e+04 1.060000000000000000e+04
2.980000000000000000e+04 9.931000000000000000e+03
3.000000000000000000e+04 9.186000000000000000e+03
3.020000000000000000e+04 8.459000000000000000e+03
3.040000000000000000e+04 7.708000000000000000e+03
3.060000000000000000e+04 7.188000000000000000e+03
3.080000000000000000e+04 6.632000000000000000e+03
3.100000000000000000e+04 6.078000000000000000e+03
3.120000000000000000e+04 5.724000000000000000e+03
3.140000000000000000e+04 5.100000000000000000e+03
3.160000000000000000e+04 4.699000000000000000e+03
3.180000000000000000e+04 4.367000000000000000e+03
3.200000000000000000e+04 4.002000000000000000e+03
3.220000000000000000e+04 3.669000000000000000e+03
3.240000000000000000e+04 3.458000000000000000e+03
3.260000000000000000e+04 3.264000000000000000e+03
3.280000000000000000e+04 3.099000000000000000e+03
3.300000000000000000e+04 2.908000000000000000e+03
3.320000000000000000e+04 2.797000000000000000e+03
3.340000000000000000e+04 2.768000000000000000e+03
3.360000000000000000e+04 2.669000000000000000e+03
3.380000000000000000e+04 2.646000000000000000e+03
3.400000000000000000e+04 2.552000000000000000e+03
3.420000000000000000e+04 2.670000000000000000e+03
3.440000000000000000e+04 2.768000000000000000e+03
3.460000000000000000e+04 2.897000000000000000e+03
3.480000000000000000e+04 3.049000000000000000e+03
3.500000000000000000e+04 3.167000000000000000e+03
3.520000000000000000e+04 3.321000000000000000e+03
3.540000000000000000e+04 3.654000000000000000e+03
3.560000000000000000e+04 3.873000000000000000e+03
3.580000000000000000e+04 4.164000000000000000e+03
3.600000000000000000e+04 4.712000000000000000e+03
3.620000000000000000e+04 5.095000000000000000e+03
3.640000000000000000e+04 5.551000000000000000e+03
3.660000000000000000e+04 5.925000000000000000e+03
3.680000000000000000e+04 6.459000000000000000e+03
3.700000000000000000e+04 7.079000000000000000e+03
3.720000000000000000e+04 7.671000000000000000e+03
3.740000000000000000e+04 8.283000000000000000e+03
3.760000000000000000e+04 9.081000000000000000e+03
3.780000000000000000e+04 9.689000000000000000e+03
3.800000000000000000e+04 1.043800000000000000e+04
3.820000000000000000e+04 1.118200000000000000e+04
3.840000000000000000e+04 1.165100000000000000e+04
3.860000000000000000e+04 1.278000000000000000e+04
3.880000000000000000e+04 1.370200000000000000e+04
3.900000000000000000e+04 1.426700000000000000e+04
3.920000000000000000e+04 1.473400000000000000e+04
3.940000000000000000e+04 1.543200000000000000e+04
3.960000000000000000e+04 1.600400000000000000e+04
3.980000000000000000e+04 1.692700000000000000e+04
