0.000000000000000000e+00 1.387900000000000000e+04
5.000000000000000000e+01 1.446700000000000000e+04
1.000000000000000000e+02 1.493000000000000000e+04
1.500000000000000000e+02 1.527400000000000000e+04
2.000000000000000000e+02 1.590400000000000000e+04
2.500000000000000000e+02 1.608600000000000000e+04
3.000000000000000000e+02 1.663100000000000000e+04
3.500000000000000000e+02 1.677000000000000000e+04
4.000000000000000000e+02 1.706900000000000000e+04
4.500000000000000000e+02 1.751900000000000000e+04
5.000000000000000000e+02 1.770600000000000000e+04
5.500000000000000000e+02 1.772200000000000000e+04
6.000000000000000000e+02 1.781300000000000000e+04
6.500000000000000000e+02 1.807700000000000000e+04
7.000000000000000000e+02 1.818600000000000000e+04
7.500000000000000000e+02 1.843800000000000000e+04
8.000000000000000000e+02 1.855200000000000000e+04
8.500000000000000000e+02 1.853600000000000000e+04
9.000000000000000000e+02 1.887800000000000000e+04
9.500000000000000000e+02 1.883000000000000000e+04
1.000000000000000000e+03 1.870000000000000000e+04
1.050000000000000000e+03 1.851600000000000000e+04
1.100000000000000000e+03 1.870300000000000000e+04
1.150000000000000000e+03 1.856200000000000000e+04
1.200000000000000000e+03 1.833500000000000000e+04
1.250000000000000000e+03 1.801300000000000000e+04
1.300000000000000000e+03 1.867300000000000000e+04
1.350000000000000000e+03 1.785600000000000000e+04
1.400000000000000000e+03 1.778300000000000000e+04
1.450000000000000000e+03 1.747900000000000000e+04
1.500000000000000000e+03 1.717700000000000000e+04
1.550000000000000000e+03 1.661500000000000000e+04
1.600000000000000000e+03 1.654100000000000000e+04
1.650000000000000000e+03 1.639800000000000000e+04
1.700000000000000000e+03 1.569700000000000000e+04
1.750000000000000000e+03 1.524300000000000000e+04
1.800000000000000000e+03 1.499000000000000000e+04
1.850000000000000000e+03 1.433900000000000000e+04
1.900000000000000000e+03 1.423200000000000000e+04
1.950000000000000000e+03 1.346600000000000000e+04
2.000000000000000000e+03 1.320100000000000000e+04
2.050000000000000000e+03 1.246600000000000000e+04
2.100000000000000000e+03 1.189600000000000000e+04
2.150000000000000000e+03 1.140100000000000000e+04
2.200000000000000000e+03 1.080400000000000000e+04
2.250000000000000000e+03 1.033300000000000000e+04
2.300000000000000000e+03 9.633000000000000000e+03
2.350000000000000000e+03 9.186000000000000000e+03
2.400000000000000000e+03 8.466000000000000000e+03
2.450000000000000000e+03 7.796000000000000000e+03
2.500000000000000000e+03 7.379000000000000000e+03
2.550000000000000000e+03 6.884000000000000000e+03
2.600000000000000000e+03 6.308000000000000000e+03
2.650000000000000000e+03 5.648000000000000000e+03
2.700000000000000000e+03 5.325000000000000000e+03
2.750000000000000000e+03 4.996000000000000000e+03
2.800000000000000000e+03 4.511000000000000000e+03
2.850000000000000000e+03 4.081000000000000000e+03
2.900000000000000000e+03 3.675000000000000000e+03
2.950000000000000000e+03 3.417000000000000000e+03
3.000000000000000000e+03 3.291000000000000000e+03
3.050000000000000000e+03 3.075000000000000000e+03
3.100000000000000000e+03 2.794000000000000000e+03
3.150000000000000000e+03 2.550000000000000000e+03
3.200000000000000000e+03 2.471000000000000000e+03
3.250000000000000000e+03 2.245000000000000000e+03
3.300000000000000000e+03 2.246000000000000000e+03
3.350000000000000000e+03 2.298000000000000000e+03
3.400000000000000000e+03 2.098000000000000000e+03
3.450000000000000000e+03 2.050000000000000000e+03
3.500000000000000000e+03 2.200000000000000000e+03
3.550000000000000000e+03 2.198000000000000000e+03
3.600000000000000000e+03 2.223000000000000000e+03
3.650000000000000000e+03 2.304000000000000000e+03
3.700000000000000000e+03 2.368000000000000000e+03
3.750000000000000000e+03 2.611000000000000000e+03
3.800000000000000000e+03 2.696000000000000000e+03
3.850000000000000000e+03 2.858000000000000000e+03
3.900000000000000000e+03 3.050000000000000000e+03
3.950000000000000000e+03 3.221000000000000000e+03
4.000000000000000000e+03 3.636000000000000000e+03
4.050000000000000000e+03 4.070000000000000000e+03
4.100000000000000000e+03 4.339000000000000000e+03
4.150000000000000000e+03 4.749000000000000000e+03
4.200000000000000000e+03 5.181000000000000000e+03
4.250000000000000000e+03 5.613000000000000000e+03
4.300000000000000000e+03 6.224000000000000000e+03
4.350000000000000000e+03 6.665000000000000000e+03
4.400000000000000000e+03 7.257000000000000000e+03
4.450000000000000000e+03 7.616000000000000000e+03
4.500000000000000000e+03 8.418000000000000000e+03
4.550000000000000000e+03 8.964000000000000000e+03
4.600000000000000000e+03 9.531000000000000000e+03
4.650000000000000000e+03 1.006300000000000000e+04
4.700000000000000000e+03 1.102700000000000000e+04
4.750000000000000000e+03 1.114300000000000000e+04
4.800000000000000000e+03 1.172900000000000000e+04
4.850000000000000000e+03 1.233400000000000000e+04
4.900000000000000000e+03 1.305200000000000000e+04
4.950000000000000000e+03 1.334600000000000000e+04
5.000000000000000000e+03 1.389000000000000000e+04
5.050000000000000000e+03 1.442700000000000000e+04
5.100000000000000000e+03 1.493700000000000000e+04
5.150000000000000000e+03 1.542500000000000000e+04
5.200000000000000000e+03 1.582200000000000000e+04
5.250000000000000000e+03 1.626500000000000000e+04
5.300000000000000000e+03 1.638800000000000000e+04
5.350000000000000000e+03 1.687900000000000000e+04
5.400000000000000000e+03 1.729700000000000000e+04
5.450000000000000000e+03 1.732600000000000000e+04
5.500000000000000000e+03 1.760500000000000000e+04
5.550000000000000000e+03 1.790300000000000000e+04
5.600000000000000000e+03 1.812600000000000000e+04
5.650000000000000000e+03 1.814900000000000000e+04
5.700000000000000000e+03 1.829400000000000000e+04
5.750000000000000000e+03 1.848800000000000000e+04
5.800000000000000000e+03 1.870700000000000000e+04
5.850000000000000000e+03 1.839400000000000000e+04
5.900000000000000000e+03 1.884800000000000000e+04
5.950000000000000000e+03 1.854200000000000000e+04
6.000000000000000000e+03 1.886700000000000000e+04
6.050000000000000000e+03 1.854700000000000000e+04
6.100000000000000000e+03 1.860900000000000000e+04
6.150000000000000000e+03 1.878200000000000000e+04
6.200000000000000000e+03 1.825600000000000000e+04
6.250000000000000000e+03 1.807300000000000000e+04
6.300000000000000000e+03 1.824900000000000000e+04
6.350000000000000000e+03 1.793200000000000000e+04
6.400000000000000000e+03 1.789100000000000000e+04
6.450000000000000000e+03 1.725100000000000000e+04
6.500000000000000000e+03 1.741200000000000000e+04
6.550000000000000000e+03 1.688000000000000000e+04
6.600000000000000000e+03 1.667400000000000000e+04
6.650000000000000000e+03 1.633200000000000000e+04
6.700000000000000000e+03 1.586900000000000000e+04
6.750000000000000000e+03 1.543400000000000000e+04
6.800000000000000000e+03 1.484200000000000000e+04
6.850000000000000000e+03 1.438200000000000000e+04
6.900000000000000000e+03 1.393200000000000000e+04
6.950000000000000000e+03 1.360700000000000000e+04
7.000000000000000000e+03 1.310300000000000000e+04
7.050000000000000000e+03 1.282400000000000000e+04
7.100000000000000000e+03 1.180100000000000000e+04
7.150000000000000000e+03 1.126300000000000000e+04
7.200000000000000000e+03 1.073600000000000000e+04
7.250000000000000000e+03 1.015800000000000000e+04
7.300000000000000000e+03 9.693000000000000000e+03
7.350000000000000000e+03 9.068000000000000000e+03
7.400000000000000000e+03 8.421000000000000000e+03
7.450000000000000000e+03 7.922000000000000000e+03
7.500000000000000000e+03 7.259000000000000000e+03
7.550000000000000000e+03 6.847000000000000000e+03
7.600000000000000000e+03 6.298000000000000000e+03
7.650000000000000000e+03 5.716000000000000000e+03
7.700000000000000000e+03 5.350000000000000000e+03
7.750000000000000000e+03 5.027000000000000000e+03
7.800000000000000000e+03 4.496000000000000000e+03
7.850000000000000000e+03 3.939000000000000000e+03
7.900000000000000000e+03 3.795000000000000000e+03
7.950000000000000000e+03 3.567000000000000000e+03
8.000000000000000000e+03 3.186000000000000000e+03
8.050000000000000000e+03 3.015000000000000000e+03
8.100000000000000000e+03 2.673000000000000000e+03
8.150000000000000000e+03 2.554000000000000000e+03
8.200000000000000000e+03 2.375000000000000000e+03
8.250000000000000000e+03 2.382000000000000000e+03
8.300000000000000000e+03 2.287000000000000000e+03
8.350000000000000000e+03 2.220000000000000000e+03
8.400000000000000000e+03 2.149000000000000000e+03
8.450000000000000000e+03 2.100000000000000000e+03
8.500000000000000000e+03 2.164000000000000000e+03
8.550000000000000000e+03 2.087000000000000000e+03
8.600000000000000000e+03 2.196000000000000000e+03
8.650000000000000000e+03 2.312000000000000000e+03
8.700000000000000000e+03 2.454000000000000000e+03
8.750000000000000000e+03 2.506000000000000000e+03
8.800000000000000000e+03 2.745000000000000000e+03
8.850000000000000000e+03 2.894000000000000000e+03
8.900000000000000000e+03 3.177000000000000000e+03
8.950000000000000000e+03 3.410000000000000000e+03
9.000000000000000000e+03 3.666000000000000000e+03
9.050000000000000000e+03 3.877000000000000000e+03
9.100000000000000000e+03 4.368000000000000000e+03
9.150000000000000000e+03 4.869000000000000000e+03
9.200000000000000000e+03 5.100000000000000000e+03
9.250000000000000000e+03 5.717000000000000000e+03
9.300000000000000000e+03 6.341000000000000000e+03
9.350000000000000000e+03 6.579000000000000000e+03
9.400000000000000000e+03 7.211000000000000000e+03
9.450000000000000000e+03 7.794000000000000000e+03
9.500000000000000000e+03 8.265000000000000000e+03
9.550000000000000000e+03 8.887000000000000000e+03
9.600000000000000000e+03 9.465000000000000000e+03
9.650000000000000000e+03 9.986000000000000000e+03
9.700000000000000000e+03 1.075100000000000000e+04
9.750000000000000000e+03 1.112500000000000000e+04
9.800000000000000000e+03 1.165800000000000000e+04
9.850000000000000000e+03 1.245100000000000000e+04
9.900000000000000000e+03 1.280400000000000000e+04
9.950000000000000000e+03 1.353300000000000000e+04
