0.000000000000000000e+00 1.337500000000000000e+04
3.300000000000000000e+01 1.389200000000000000e+04
6.600000000000000000e+01 1.448000000000000000e+04
9.900000000000000000e+01 1.462200000000000000e+04
1.320000000000000000e+02 1.512400000000000000e+04
1.650000000000000000e+02 1.560100000000000000e+04
1.980000000000000000e+02 1.577600000000000000e+04
2.310000000000000000e+02 1.612600000000000000e+04
2.640000000000000000e+02 1.667700000000000000e+04
2.970000000000000000e+02 1.647400000000000000e+04
3.300000000000000000e+02 1.701100000000000000e+04
3.630000000000000000e+02 1.705000000000000000e+04
3.960000000000000000e+02 1.715600000000000000e+04
4.290000000000000000e+02 1.737100000000000000e+04
4.620000000000000000e+02 1.740400000000000000e+04
4.950000000000000000e+02 1.767400000000000000e+04
5.280000000000000000e+02 1.771600000000000000e+04
5.610000000000000000e+02 1.756300000000000000e+04
5.940000000000000000e+02 1.774300000000000000e+04
6.270000000000000000e+02 1.771000000000000000e+04
6.600000000000000000e+02 1.783000000000000000e+04
6.930000000000000000e+02 1.767800000000000000e+04
7.260000000000000000e+02 1.773700000000000000e+04
7.590000000000000000e+02 1.769200000000000000e+04
7.920000000000000000e+02 1.777900000000000000e+04
8.250000000000000000e+02 1.741400000000000000e+04
8.580000000000000000e+02 1.738700000000000000e+04
8.910000000000000000e+02 1.727700000000000000e+04
9.240000000000000000e+02 1.679700000000000000e+04
9.570000000000000000e+02 1.657800000000000000e+04
9.900000000000000000e+02 1.661200000000000000e+04
1.023000000000000000e+03 1.620700000000000000e+04
1.056000000000000000e+03 1.610200000000000000e+04
1.089000000000000000e+03 1.553700000000000000e+04
1.122000000000000000e+03 1.527800000000000000e+04
1.155000000000000000e+03 1.517400000000000000e+04
1.188000000000000000e+03 1.461500000000000000e+04
1.221000000000000000e+03 1.421800000000000000e+04
1.254000000000000000e+03 1.389100000000000000e+04
1.287000000000000000e+03 1.308900000000000000e+04
1.320000000000000000e+03 1.286200000000000000e+04
1.353000000000000000e+03 1.224700000000000000e+04
1.386000000000000000e+03 1.163800000000000000e+04
1.419000000000000000e+03 1.107700000000000000e+04
1.452000000000000000e+03 1.060400000000000000e+04
1.485000000000000000e+03 1.031200000000000000e+04
1.518000000000000000e+03 9.561000000000000000e+03
1.551000000000000000e+03 8.908000000000000000e+03
1.584000000000000000e+03 8.326000000000000000e+03
1.617000000000000000e+03 7.728000000000000000e+03
1.650000000000000000e+03 7.095000000000000000e+03
1.683000000000000000e+03 6.579000000000000000e+03
1.716000000000000000e+03 6.162000000000000000e+03
1.749000000000000000e+03 5.676000000000000000e+03
1.782000000000000000e+03 5.327000000000000000e+03
1.815000000000000000e+03 4.932000000000000000e+03
1.848000000000000000e+03 4.454000000000000000e+03
1.881000000000000000e+03 4.073000000000000000e+03
1.914000000000000000e+03 3.761000000000000000e+03
1.947000000000000000e+03 3.560000000000000000e+03
1.980000000000000000e+03 3.162000000000000000e+03
2.013000000000000000e+03 2.848000000000000000e+03
2.046000000000000000e+03 2.770000000000000000e+03
2.079000000000000000e+03 2.536000000000000000e+03
2.112000000000000000e+03 2.373000000000000000e+03
2.145000000000000000e+03 2.314000000000000000e+03
2.178000000000000000e+03 2.177000000000000000e+03
2.211000000000000000e+03 2.183000000000000000e+03
2.244000000000000000e+03 2.142000000000000000e+03
2.277000000000000000e+03 2.052000000000000000e+03
2.310000000000000000e+03 2.024000000000000000e+03
2.343000000000000000e+03 1.977000000000000000e+03
2.376000000000000000e+03 2.068000000000000000e+03
2.409000000000000000e+03 2.091000000000000000e+03
2.442000000000000000e+03 2.285000000000000000e+03
2.475000000000000000e+03 2.422000000000000000e+03
2.508000000000000000e+03 2.445000000000000000e+03
2.541000000000000000e+03 2.581000000000000000e+03
2.574000000000000000e+03 2.749000000000000000e+03
2.607000000000000000e+03 2.965000000000000000e+03
2.640000000000000000e+03 3.220000000000000000e+03
2.673000000000000000e+03 3.610000000000000000e+03
2.706000000000000000e+03 3.849000000000000000e+03
2.739000000000000000e+03 4.172000000000000000e+03
2.772000000000000000e+03 4.643000000000000000e+03
2.805000000000000000e+03 5.045000000000000000e+03
2.838000000000000000e+03 5.400000000000000000e+03
2.871000000000000000e+03 5.879000000000000000e+03
2.904000000000000000e+03 6.291000000000000000e+03
2.937000000000000000e+03 6.882000000000000000e+03
2.970000000000000000e+03 7.405000000000000000e+03
3.003000000000000000e+03 7.801000000000000000e+03
3.036000000000000000e+03 8.541000000000000000e+03
3.069000000000000000e+03 8.877000000000000000e+03
3.102000000000000000e+03 9.756000000000000000e+03
3.135000000000000000e+03 1.006600000000000000e+04
3.168000000000000000e+03 1.089600000000000000e+04
3.201000000000000000e+03 1.114800000000000000e+04
3.234000000000000000e+03 1.184100000000000000e+04
3.267000000000000000e+03 1.245200000000000000e+04
3.300000000000000000e+03 1.266000000000000000e+04
3.333000000000000000e+03 1.347100000000000000e+04
3.366000000000000000e+03 1.385800000000000000e+04
3.399000000000000000e+03 1.427600000000000000e+04
3.432000000000000000e+03 1.459500000000000000e+04
3.465000000000000000e+03 1.529100000000000000e+04
3.498000000000000000e+03 1.539200000000000000e+04
3.531000000000000000e+03 1.578800000000000000e+04
3.564000000000000000e+03 1.617300000000000000e+04
3.597000000000000000e+03 1.614400000000000000e+04
3.630000000000000000e+03 1.673400000000000000e+04
3.663000000000000000e+03 1.703100000000000000e+04
3.696000000000000000e+03 1.712700000000000000e+04
3.729000000000000000e+03 1.732100000000000000e+04
3.762000000000000000e+03 1.751700000000000000e+04
3.795000000000000000e+03 1.754100000000000000e+04
3.828000000000000000e+03 1.759000000000000000e+04
3.861000000000000000e+03 1.766900000000000000e+04
3.894000000000000000e+03 1.815600000000000000e+04
3.927000000000000000e+03 1.811500000000000000e+04
3.960000000000000000e+03 1.782800000000000000e+04
3.993000000000000000e+03 1.783700000000000000e+04
4.026000000000000000e+03 1.783600000000000000e+04
4.059000000000000000e+03 1.787100000000000000e+04
4.092000000000000000e+03 1.786200000000000000e+04
4.125000000000000000e+03 1.787100000000000000e+04
4.158000000000000000e+03 1.768800000000000000e+04
4.191000000000000000e+03 1.746500000000000000e+04
4.224000000000000000e+03 1.731700000000000000e+04
4.257000000000000000e+03 1.698900000000000000e+04
4.290000000000000000e+03 1.660100000000000000e+04
4.323000000000000000e+03 1.671100000000000000e+04
4.356000000000000000e+03 1.642600000000000000e+04
4.389000000000000000e+03 1.602000000000000000e+04
4.422000000000000000e+03 1.574900000000000000e+04
4.455000000000000000e+03 1.556500000000000000e+04
4.488000000000000000e+03 1.486700000000000000e+04
4.521000000000000000e+03 1.438400000000000000e+04
4.554000000000000000e+03 1.402900000000000000e+04
4.587000000000000000e+03 1.375900000000000000e+04
4.620000000000000000e+03 1.316500000000000000e+04
4.653000000000000000e+03 1.282100000000000000e+04
4.686000000000000000e+03 1.219100000000000000e+04
4.719000000000000000e+03 1.161200000000000000e+04
4.752000000000000000e+03 1.126100000000000000e+04
4.785000000000000000e+03 1.061100000000000000e+04
4.818000000000000000e+03 1.007800000000000000e+04
4.851000000000000000e+03 9.372000000000000000e+03
4.884000000000000000e+03 8.862000000000000000e+03
4.917000000000000000e+03 8.263000000000000000e+03
4.950000000000000000e+03 7.840000000000000000e+03
4.983000000000000000e+03 7.207000000000000000e+03
5.016000000000000000e+03 6.798000000000000000e+03
5.049000000000000000e+03 6.183000000000000000e+03
5.082000000000000000e+03 5.739000000000000000e+03
5.115000000000000000e+03 5.238000000000000000e+03
5.148000000000000000e+03 4.824000000000000000e+03
5.181000000000000000e+03 4.425000000000000000e+03
5.214000000000000000e+03 4.217000000000000000e+03
5.247000000000000000e+03 3.715000000000000000e+03
5.280000000000000000e+03 3.625000000000000000e+03
5.313000000000000000e+03 3.149000000000000000e+03
5.346000000000000000e+03 2.818000000000000000e+03
5.379000000000000000e+03 2.763000000000000000e+03
5.412000000000000000e+03 2.538000000000000000e+03
5.445000000000000000e+03 2.351000000000000000e+03
5.478000000000000000e+03 2.266000000000000000e+03
5.511000000000000000e+03 2.219000000000000000e+03
5.544000000000000000e+03 2.091000000000000000e+03
5.577000000000000000e+03 2.137000000000000000e+03
5.610000000000000000e+03 2.003000000000000000e+03
5.643000000000000000e+03 1.980000000000000000e+03
5.676000000000000000e+03 2.043000000000000000e+03
5.709000000000000000e+03 2.061000000000000000e+03
5.742000000000000000e+03 2.105000000000000000e+03
5.775000000000000000e+03 2.187000000000000000e+03
5.808000000000000000e+03 2.389000000000000000e+03
5.841000000000000000e+03 2.477000000000000000e+03
5.874000000000000000e+03 2.626000000000000000e+03
5.907000000000000000e+03 2.859000000000000000e+03
5.940000000000000000e+03 2.994000000000000000e+03
5.973000000000000000e+03 3.218000000000000000e+03
6.006000000000000000e+03 3.471000000000000000e+03
6.039000000000000000e+03 3.860000000000000000e+03
6.072000000000000000e+03 4.180000000000000000e+03
6.105000000000000000e+03 4.498000000000000000e+03
6.138000000000000000e+03 4.997000000000000000e+03
6.171000000000000000e+03 5.312000000000000000e+03
6.204000000000000000e+03 5.900000000000000000e+03
6.237000000000000000e+03 6.420000000000000000e+03
6.270000000000000000e+03 6.965000000000000000e+03
6.303000000000000000e+03 7.429000000000000000e+03
6.336000000000000000e+03 8.062000000000000000e+03
6.369000000000000000e+03 8.469000000000000000e+03
6.402000000000000000e+03 8.953000000000000000e+03
6.435000000000000000e+03 9.686000000000000000e+03
6.468000000000000000e+03 1.023700000000000000e+04
6.501000000000000000e+03 1.071500000000000000e+04
6.534000000000000000e+03 1.126200000000000000e+04
6.567000000000000000e+03 1.186300000000000000e+04
6.600000000000000000e+03 1.253100000000000000e+04
6.633000000000000000e+03 1.294900000000000000e+04
