0.000000000000000000e+00 3.067400000000000000e+04
3.333000000000000000e+03 3.141500000000000000e+04
6.666000000000000000e+03 3.270300000000000000e+04
9.999000000000000000e+03 3.408300000000000000e+04
1.333200000000000000e+04 3.425200000000000000e+04
1.666500000000000000e+04 3.550700000000000000e+04
1.999800000000000000e+04 3.613400000000000000e+04
2.333100000000000000e+04 3.658200000000000000e+04
2.666400000000000000e+04 3.731000000000000000e+04
2.999700000000000000e+04 3.804600000000000000e+04
3.333000000000000000e+04 3.889900000000000000e+04
3.666300000000000000e+04 3.882400000000000000e+04
3.999600000000000000e+04 3.957000000000000000e+04
4.332900000000000000e+04 3.971800000000000000e+04
4.666200000000000000e+04 4.015400000000000000e+04
4.999500000000000000e+04 4.048500000000000000e+04
5.332800000000000000e+04 4.006100000000000000e+04
5.666100000000000000e+04 4.066000000000000000e+04
5.999400000000000000e+04 4.051900000000000000e+04
6.332700000000000000e+04 4.065800000000000000e+04
6.666000000000000000e+04 4.048600000000000000e+04
6.999300000000000000e+04 4.039500000000000000e+04
7.332600000000000000e+04 4.026400000000000000e+04
7.665900000000000000e+04 4.025200000000000000e+04
7.999200000000000000e+04 4.020700000000000000e+04
8.332500000000000000e+04 3.997900000000000000e+04
8.665800000000000000e+04 3.943700000000000000e+04
8.999100000000000000e+04 3.963000000000000000e+04
9.332400000000000000e+04 3.843100000000000000e+04
9.665700000000000000e+04 3.817500000000000000e+04
9.999000000000000000e+04 3.767700000000000000e+04
1.033230000000000000e+05 3.687300000000000000e+04
1.066560000000000000e+05 3.612500000000000000e+04
1.099890000000000000e+05 3.556200000000000000e+04
1.133220000000000000e+05 3.463400000000000000e+04
1.166550000000000000e+05 3.384600000000000000e+04
1.199880000000000000e+05 3.261800000000000000e+04
1.233210000000000000e+05 3.166700000000000000e+04
1.266540000000000000e+05 3.090500000000000000e+04
1.299870000000000000e+05 2.952800000000000000e+04
1.333200000000000000e+05 2.852200000000000000e+04
1.366530000000000000e+05 2.725100000000000000e+04
1.399860000000000000e+05 2.622300000000000000e+04
1.433190000000000000e+05 2.478600000000000000e+04
1.466520000000000000e+05 2.373900000000000000e+04
1.499850000000000000e+05 2.257300000000000000e+04
1.533180000000000000e+05 2.098600000000000000e+04
1.566510000000000000e+05 1.973800000000000000e+04
1.599840000000000000e+05 1.869800000000000000e+04
1.633170000000000000e+05 1.734100000000000000e+04
1.666500000000000000e+05 1.616000000000000000e+04
1.699830000000000000e+05 1.497000000000000000e+04
1.733160000000000000e+05 1.365100000000000000e+04
1.766490000000000000e+05 1.273500000000000000e+04
1.799820000000000000e+05 1.170500000000000000e+04
1.833150000000000000e+05 1.093700000000000000e+04
1.866480000000000000e+05 9.891000000000000000e+03
1.899810000000000000e+05 9.029000000000000000e+03
1.933140000000000000e+05 8.366000000000000000e+03
1.966470000000000000e+05 7.679000000000000000e+03
1.999800000000000000e+05 7.068000000000000000e+03
2.033130000000000000e+05 6.568000000000000000e+03
2.066460000000000000e+05 6.126000000000000000e+03
2.099790000000000000e+05 5.824000000000000000e+03
2.133120000000000000e+05 5.235000000000000000e+03
2.166450000000000000e+05 5.163000000000000000e+03
2.199780000000000000e+05 4.849000000000000000e+03
2.233110000000000000e+05 4.856000000000000000e+03
2.266440000000000000e+05 4.728000000000000000e+03
2.299770000000000000e+05 4.787000000000000000e+03
2.333100000000000000e+05 4.707000000000000000e+03
2.366430000000000000e+05 4.689000000000000000e+03
2.399760000000000000e+05 4.872000000000000000e+03
2.433090000000000000e+05 5.065000000000000000e+03
2.466420000000000000e+05 5.459000000000000000e+03
2.499750000000000000e+05 5.662000000000000000e+03
2.533080000000000000e+05 6.025000000000000000e+03
2.566410000000000000e+05 6.278000000000000000e+03
2.599740000000000000e+05 6.893000000000000000e+03
2.633070000000000000e+05 7.549000000000000000e+03
2.666400000000000000e+05 8.277000000000000000e+03
2.699730000000000000e+05 8.786000000000000000e+03
2.733060000000000000e+05 9.664000000000000000e+03
2.766390000000000000e+05 1.033800000000000000e+04
2.799720000000000000e+05 1.131700000000000000e+04
2.833050000000000000e+05 1.261500000000000000e+04
2.866380000000000000e+05 1.362200000000000000e+04
2.899710000000000000e+05 1.460700000000000000e+04
2.933040000000000000e+05 1.572500000000000000e+04
2.966370000000000000e+05 1.735500000000000000e+04
2.999700000000000000e+05 1.829800000000000000e+04
3.033030000000000000e+05 1.959700000000000000e+04
3.066360000000000000e+05 2.052600000000000000e+04
3.099690000000000000e+05 2.230700000000000000e+04
3.133020000000000000e+05 2.304500000000000000e+04
3.166350000000000000e+05 2.499700000000000000e+04
3.199680000000000000e+05 2.574500000000000000e+04
3.233010000000000000e+05 2.689600000000000000e+04
3.266340000000000000e+05 2.836500000000000000e+04
3.299670000000000000e+05 2.969900000000000000e+04
3.333000000000000000e+05 3.082700000000000000e+04
3.366330000000000000e+05 3.158400000000000000e+04
3.399660000000000000e+05 3.274800000000000000e+04
3.432990000000000000e+05 3.396300000000000000e+04
3.466320000000000000e+05 3.460400000000000000e+04
3.499650000000000000e+05 3.548900000000000000e+04
3.532980000000000000e+05 3.625800000000000000e+04
3.566310000000000000e+05 3.663700000000000000e+04
3.599640000000000000e+05 3.725700000000000000e+04
3.632970000000000000e+05 3.797000000000000000e+04
3.666300000000000000e+05 3.850700000000000000e+04
3.699630000000000000e+05 3.913200000000000000e+04
3.732960000000000000e+05 3.925900000000000000e+04
3.766290000000000000e+05 3.985800000000000000e+04
3.799620000000000000e+05 4.013000000000000000e+04
3.832950000000000000e+05 4.022000000000000000e+04
3.866280000000000000e+05 4.034400000000000000e+04
3.899610000000000000e+05 4.046400000000000000e+04
3.932940000000000000e+05 4.078900000000000000e+04
3.966270000000000000e+05 4.059200000000000000e+04
3.999600000000000000e+05 4.077600000000000000e+04
4.032930000000000000e+05 4.029600000000000000e+04
4.066260000000000000e+05 4.014100000000000000e+04
4.099590000000000000e+05 4.034700000000000000e+04
4.132920000000000000e+05 4.004900000000000000e+04
4.166250000000000000e+05 3.993500000000000000e+04
4.199580000000000000e+05 3.923600000000000000e+04
4.232910000000000000e+05 3.909700000000000000e+04
4.266240000000000000e+05 3.834400000000000000e+04
4.299570000000000000e+05 3.832800000000000000e+04
4.332900000000000000e+05 3.770900000000000000e+04
4.366230000000000000e+05 3.682600000000000000e+04
4.399560000000000000e+05 3.640800000000000000e+04
4.432890000000000000e+05 3.551600000000000000e+04
4.466220000000000000e+05 3.520200000000000000e+04
4.499550000000000000e+05 3.399400000000000000e+04
4.532880000000000000e+05 3.276100000000000000e+04
4.566210000000000000e+05 3.179800000000000000e+04
4.599540000000000000e+05 3.094200000000000000e+04
4.632870000000000000e+05 2.994000000000000000e+04
4.666200000000000000e+05 2.905600000000000000e+04
4.699530000000000000e+05 2.760500000000000000e+04
4.732860000000000000e+05 2.608400000000000000e+04
4.766190000000000000e+05 2.503200000000000000e+04
4.799520000000000000e+05 2.399900000000000000e+04
4.832850000000000000e+05 2.257800000000000000e+04
4.866180000000000000e+05 2.120300000000000000e+04
4.899510000000000000e+05 1.993100000000000000e+04
4.932840000000000000e+05 1.827800000000000000e+04
4.966170000000000000e+05 1.741200000000000000e+04
4.999500000000000000e+05 1.618700000000000000e+04
5.032830000000000000e+05 1.531900000000000000e+04
5.066160000000000000e+05 1.384800000000000000e+04
5.099490000000000000e+05 1.270200000000000000e+04
5.132820000000000000e+05 1.162200000000000000e+04
5.166150000000000000e+05 1.089700000000000000e+04
5.199480000000000000e+05 9.795000000000000000e+03
5.232810000000000000e+05 9.159000000000000000e+03
5.266140000000000000e+05 8.379000000000000000e+03
5.299470000000000000e+05 7.821000000000000000e+03
5.332800000000000000e+05 7.054000000000000000e+03
5.366130000000000000e+05 6.458000000000000000e+03
5.399460000000000000e+05 6.025000000000000000e+03
5.432790000000000000e+05 5.696000000000000000e+03
5.466120000000000000e+05 5.498000000000000000e+03
5.499450000000000000e+05 5.179000000000000000e+03
5.532780000000000000e+05 4.876000000000000000e+03
5.566110000000000000e+05 4.846000000000000000e+03
5.599440000000000000e+05 4.590000000000000000e+03
5.632770000000000000e+05 4.752000000000000000e+03
5.666100000000000000e+05 4.673000000000000000e+03
5.699430000000000000e+05 4.702000000000000000e+03
5.732760000000000000e+05 4.852000000000000000e+03
5.766090000000000000e+05 5.070000000000000000e+03
5.799420000000000000e+05 5.220000000000000000e+03
5.832750000000000000e+05 5.496000000000000000e+03
5.866080000000000000e+05 6.034000000000000000e+03
5.899410000000000000e+05 6.428000000000000000e+03
5.932740000000000000e+05 7.087000000000000000e+03
5.966070000000000000e+05 7.604000000000000000e+03
5.999400000000000000e+05 8.137000000000000000e+03
6.032730000000000000e+05 8.629000000000000000e+03
6.066060000000000000e+05 9.641000000000000000e+03
6.099390000000000000e+05 1.051900000000000000e+04
6.132720000000000000e+05 1.132100000000000000e+04
6.166050000000000000e+05 1.250700000000000000e+04
6.199380000000000000e+05 1.350200000000000000e+04
6.232710000000000000e+05 1.460100000000000000e+04
6.266040000000000000e+05 1.566500000000000000e+04
6.299370000000000000e+05 1.690000000000000000e+04
6.332700000000000000e+05 1.816900000000000000e+04
6.366030000000000000e+05 1.929500000000000000e+04
6.399360000000000000e+05 2.066700000000000000e+04
6.432690000000000000e+05 2.204000000000000000e+04
6.466020000000000000e+05 2.340100000000000000e+04
6.499350000000000000e+05 2.463700000000000000e+04
6.532680000000000000e+05 2.597100000000000000e+04
6.566010000000000000e+05 2.722300000000000000e+04
6.599340000000000000e+05 2.791600000000000000e+04
6.632670000000000000e+05 2.943500000000000000e+04
