0.000000000000000000e+00 1.744400000000000000e+04
5.000000000000000000e+02 1.797100000000000000e+04
1.000000000000000000e+03 1.839700000000000000e+04
1.500000000000000000e+03 1.875900000000000000e+04
2.000000000000000000e+03 1.927600000000000000e+04
2.500000000000000000e+03 1.972200000000000000e+04
3.000000000000000000e+03 1.994800000000000000e+04
3.500000000000000000e+03 2.055000000000000000e+04
4.000000000000000000e+03 2.104100000000000000e+04
4.500000000000000000e+03 2.140800000000000000e+04
5.000000000000000000e+03 2.139100000000000000e+04
5.500000000000000000e+03 2.196600000000000000e+04
6.000000000000000000e+03 2.215400000000000000e+04
6.500000000000000000e+03 2.232300000000000000e+04
7.000000000000000000e+03 2.227100000000000000e+04
7.500000000000000000e+03 2.252600000000000000e+04
8.000000000000000000e+03 2.274000000000000000e+04
8.500000000000000000e+03 2.290200000000000000e+04
9.000000000000000000e+03 2.293700000000000000e+04
9.500000000000000000e+03 2.315900000000000000e+04
1.000000000000000000e+04 2.263200000000000000e+04
1.050000000000000000e+04 2.267400000000000000e+04
1.100000000000000000e+04 2.276500000000000000e+04
1.150000000000000000e+04 2.270000000000000000e+04
1.200000000000000000e+04 2.248200000000000000e+04
1.250000000000000000e+04 2.222300000000000000e+04
1.300000000000000000e+04 2.212700000000000000e+04
1.350000000000000000e+04 2.212600000000000000e+04
1.400000000000000000e+04 2.184500000000000000e+04
1.450000000000000000e+04 2.129700000000000000e+04
1.500000000000000000e+04 2.075900000000000000e+04
1.550000000000000000e+04 2.073100000000000000e+04
1.600000000000000000e+04 2.030000000000000000e+04
1.650000000000000000e+04 1.966300000000000000e+04
1.700000000000000000e+04 1.929700000000000000e+04
1.750000000000000000e+04 1.902400000000000000e+04
1.800000000000000000e+04 1.844700000000000000e+04
1.850000000000000000e+04 1.772200000000000000e+04
1.900000000000000000e+04 1.729500000000000000e+04
1.950000000000000000e+04 1.660700000000000000e+04
2.000000000000000000e+04 1.595300000000000000e+04
2.050000000000000000e+04 1.528400000000000000e+04
2.100000000000000000e+04 1.474700000000000000e+04
2.150000000000000000e+04 1.398900000000000000e+04
2.200000000000000000e+04 1.335400000000000000e+04
2.250000000000000000e+04 1.257000000000000000e+04
2.300000000000000000e+04 1.172800000000000000e+04
2.350000000000000000e+04 1.096700000000000000e+04
2.400000000000000000e+04 1.045000000000000000e+04
2.450000000000000000e+04 9.589000000000000000e+03
2.500000000000000000e+04 8.980000000000000000e+03
2.550000000000000000e+04 8.312000000000000000e+03
2.600000000000000000e+04 7.509000000000000000e+03
2.650000000000000000e+04 7.179000000000000000e+03
2.700000000000000000e+04 6.564000000000000000e+03
2.750000000000000000e+04 5.973000000000000000e+03
2.800000000000000000e+04 5.578000000000000000e+03
2.850000000000000000e+04 5.079000000000000000e+03
2.900000000000000000e+04 4.539000000000000000e+03
2.950000000000000000e+04 4.236000000000000000e+03
3.000000000000000000e+04 3.892000000000000000e+03
3.050000000000000000e+04 3.665000000000000000e+03
3.100000000000000000e+04 3.491000000000000000e+03
3.150000000000000000e+04 3.197000000000000000e+03
3.200000000000000000e+04 3.103000000000000000e+03
3.250000000000000000e+04 2.927000000000000000e+03
3.300000000000000000e+04 2.805000000000000000e+03
3.350000000000000000e+04 2.737000000000000000e+03
3.400000000000000000e+04 2.636000000000000000e+03
3.450000000000000000e+04 2.551000000000000000e+03
3.500000000000000000e+04 2.580000000000000000e+03
3.550000000000000000e+04 2.613000000000000000e+03
3.600000000000000000e+04 2.749000000000000000e+03
3.650000000000000000e+04 2.805000000000000000e+03
3.700000000000000000e+04 3.020000000000000000e+03
3.750000000000000000e+04 3.106000000000000000e+03
3.800000000000000000e+04 3.366000000000000000e+03
3.850000000000000000e+04 3.569000000000000000e+03
3.900000000000000000e+04 3.859000000000000000e+03
3.950000000000000000e+04 4.103000000000000000e+03
4.000000000000000000e+04 4.410000000000000000e+03
4.050000000000000000e+04 4.861000000000000000e+03
4.100000000000000000e+04 5.398000000000000000e+03
4.150000000000000000e+04 5.940000000000000000e+03
4.200000000000000000e+04 6.322000000000000000e+03
4.250000000000000000e+04 6.910000000000000000e+03
4.300000000000000000e+04 7.531000000000000000e+03
4.350000000000000000e+04 8.055000000000000000e+03
4.400000000000000000e+04 8.744000000000000000e+03
4.450000000000000000e+04 9.460000000000000000e+03
4.500000000000000000e+04 1.020300000000000000e+04
4.550000000000000000e+04 1.095000000000000000e+04
4.600000000000000000e+04 1.180400000000000000e+04
4.650000000000000000e+04 1.218600000000000000e+04
4.700000000000000000e+04 1.306000000000000000e+04
4.750000000000000000e+04 1.394300000000000000e+04
4.800000000000000000e+04 1.461900000000000000e+04
4.850000000000000000e+04 1.548700000000000000e+04
4.900000000000000000e+04 1.581400000000000000e+04
4.950000000000000000e+04 1.641400000000000000e+04
5.000000000000000000e+04 1.713700000000000000e+04
5.050000000000000000e+04 1.773400000000000000e+04
5.100000000000000000e+04 1.823300000000000000e+04
5.150000000000000000e+04 1.869700000000000000e+04
5.200000000000000000e+04 1.920700000000000000e+04
5.250000000000000000e+04 2.002700000000000000e+04
5.300000000000000000e+04 2.017000000000000000e+04
5.350000000000000000e+04 2.071900000000000000e+04
5.400000000000000000e+04 2.090500000000000000e+04
5.450000000000000000e+04 2.123300000000000000e+04
5.500000000000000000e+04 2.155300000000000000e+04
5.550000000000000000e+04 2.177900000000000000e+04
5.600000000000000000e+04 2.223600000000000000e+04
5.650000000000000000e+04 2.219500000000000000e+04
5.700000000000000000e+04 2.216800000000000000e+04
5.750000000000000000e+04 2.253700000000000000e+04
5.800000000000000000e+04 2.264200000000000000e+04
5.850000000000000000e+04 2.276600000000000000e+04
5.900000000000000000e+04 2.275700000000000000e+04
5.950000000000000000e+04 2.268300000000000000e+04
6.000000000000000000e+04 2.261700000000000000e+04
6.050000000000000000e+04 2.262500000000000000e+04
6.100000000000000000e+04 2.261400000000000000e+04
6.150000000000000000e+04 2.246900000000000000e+04
6.200000000000000000e+04 2.247900000000000000e+04
6.250000000000000000e+04 2.232600000000000000e+04
6.300000000000000000e+04 2.219300000000000000e+04
6.350000000000000000e+04 2.205100000000000000e+04
6.400000000000000000e+04 2.158300000000000000e+04
6.450000000000000000e+04 2.147600000000000000e+04
6.500000000000000000e+04 2.105100000000000000e+04
6.550000000000000000e+04 2.070400000000000000e+04
6.600000000000000000e+04 2.033800000000000000e+04
6.650000000000000000e+04 2.021900000000000000e+04
6.700000000000000000e+04 1.961100000000000000e+04
6.750000000000000000e+04 1.883900000000000000e+04
6.800000000000000000e+04 1.849200000000000000e+04
6.850000000000000000e+04 1.784800000000000000e+04
6.900000000000000000e+04 1.735600000000000000e+04
6.950000000000000000e+04 1.653400000000000000e+04
7.000000000000000000e+04 1.627200000000000000e+04
7.050000000000000000e+04 1.530200000000000000e+04
7.100000000000000000e+04 1.460800000000000000e+04
7.150000000000000000e+04 1.385100000000000000e+04
7.200000000000000000e+04 1.307000000000000000e+04
7.250000000000000000e+04 1.243500000000000000e+04
7.300000000000000000e+04 1.172800000000000000e+04
7.350000000000000000e+04 1.103100000000000000e+04
7.400000000000000000e+04 1.022100000000000000e+04
7.450000000000000000e+04 9.546000000000000000e+03
7.500000000000000000e+04 8.904000000000000000e+03
7.550000000000000000e+04 8.295000000000000000e+03
7.600000000000000000e+04 7.632000000000000000e+03
7.650000000000000000e+04 7.152000000000000000e+03
7.700000000000000000e+04 6.610000000000000000e+03
7.750000000000000000e+04 6.018000000000000000e+03
7.800000000000000000e+04 5.427000000000000000e+03
7.850000000000000000e+04 5.119000000000000000e+03
7.900000000000000000e+04 4.608000000000000000e+03
7.950000000000000000e+04 4.215000000000000000e+03
8.000000000000000000e+04 3.848000000000000000e+03
8.050000000000000000e+04 3.735000000000000000e+03
8.100000000000000000e+04 3.467000000000000000e+03
8.150000000000000000e+04 3.148000000000000000e+03
8.200000000000000000e+04 3.014000000000000000e+03
8.250000000000000000e+04 2.916000000000000000e+03
8.300000000000000000e+04 2.704000000000000000e+03
8.350000000000000000e+04 2.717000000000000000e+03
8.400000000000000000e+04 2.624000000000000000e+03
8.450000000000000000e+04 2.622000000000000000e+03
8.500000000000000000e+04 2.536000000000000000e+03
8.550000000000000000e+04 2.719000000000000000e+03
8.600000000000000000e+04 2.743000000000000000e+03
8.650000000000000000e+04 2.832000000000000000e+03
8.700000000000000000e+04 2.984000000000000000e+03
8.750000000000000000e+04 3.149000000000000000e+03
8.800000000000000000e+04 3.363000000000000000e+03
8.850000000000000000e+04 3.631000000000000000e+03
8.900000000000000000e+04 3.859000000000000000e+03
8.950000000000000000e+04 4.245000000000000000e+03
9.000000000000000000e+04 4.336000000000000000e+03
9.050000000000000000e+04 4.804000000000000000e+03
9.100000000000000000e+04 5.242000000000000000e+03
9.150000000000000000e+04 5.837000000000000000e+03
9.200000000000000000e+04 6.137000000000000000e+03
9.250000000000000000e+04 6.757000000000000000e+03
9.300000000000000000e+04 7.525000000000000000e+03
9.350000000000000000e+04 7.998000000000000000e+03
9.400000000000000000e+04 8.603000000000000000e+03
9.450000000000000000e+04 9.398000000000000000e+03
9.500000000000000000e+04 1.024400000000000000e+04
9.550000000000000000e+04 1.079200000000000000e+04
9.600000000000000000e+04 1.171400000000000000e+04
9.650000000000000000e+04 1.214100000000000000e+04
9.700000000000000000e+04 1.311200000000000000e+04
9.750000000000000000e+04 1.396000000000000000e+04
9.800000000000000000e+04 1.463500000000000000e+04
9.850000000000000000e+04 1.497800000000000000e+04
9.900000000000000000e+04 1.599500000000000000e+04
9.950000000000000000e+04 1.656500000000000000e+04
