0.000000000000000000e+00 2.599000000000000000e+03
2.500000000000000000e+03 2.652000000000000000e+03
5.000000000000000000e+03 2.608000000000000000e+03
7.500000000000000000e+03 2.494000000000000000e+03
1.000000000000000000e+04 2.709000000000000000e+03
1.250000000000000000e+04 2.754000000000000000e+03
1.500000000000000000e+04 2.809000000000000000e+03
1.750000000000000000e+04 2.811000000000000000e+03
2.000000000000000000e+04 2.846000000000000000e+03
2.250000000000000000e+04 2.844000000000000000e+03
2.500000000000000000e+04 2.961000000000000000e+03
2.750000000000000000e+04 2.811000000000000000e+03
3.000000000000000000e+04 2.910000000000000000e+03
3.250000000000000000e+04 2.925000000000000000e+03
3.500000000000000000e+04 2.947000000000000000e+03
3.750000000000000000e+04 3.003000000000000000e+03
4.000000000000000000e+04 2.873000000000000000e+03
4.250000000000000000e+04 2.945000000000000000e+03
4.500000000000000000e+04 2.950000000000000000e+03
4.750000000000000000e+04 2.934000000000000000e+03
5.000000000000000000e+04 3.036000000000000000e+03
5.250000000000000000e+04 3.010000000000000000e+03
5.500000000000000000e+04 2.989000000000000000e+03
5.750000000000000000e+04 3.003000000000000000e+03
6.000000000000000000e+04 2.915000000000000000e+03
6.250000000000000000e+04 2.901000000000000000e+03
6.500000000000000000e+04 2.924000000000000000e+03
6.750000000000000000e+04 2.939000000000000000e+03
7.000000000000000000e+04 3.012000000000000000e+03
7.250000000000000000e+04 2.930000000000000000e+03
7.500000000000000000e+04 2.910000000000000000e+03
7.750000000000000000e+04 2.835000000000000000e+03
8.000000000000000000e+04 2.790000000000000000e+03
8.250000000000000000e+04 2.749000000000000000e+03
8.500000000000000000e+04 2.668000000000000000e+03
8.750000000000000000e+04 2.649000000000000000e+03
9.000000000000000000e+04 2.520000000000000000e+03
9.250000000000000000e+04 2.669000000000000000e+03
9.500000000000000000e+04 2.455000000000000000e+03
9.750000000000000000e+04 2.499000000000000000e+03
1.000000000000000000e+05 2.319000000000000000e+03
1.025000000000000000e+05 2.300000000000000000e+03
1.050000000000000000e+05 2.344000000000000000e+03
1.075000000000000000e+05 2.157000000000000000e+03
1.100000000000000000e+05 2.096000000000000000e+03
1.125000000000000000e+05 2.038000000000000000e+03
1.150000000000000000e+05 2.058000000000000000e+03
1.175000000000000000e+05 1.882000000000000000e+03
1.200000000000000000e+05 1.750000000000000000e+03
1.225000000000000000e+05 1.680000000000000000e+03
1.250000000000000000e+05 1.706000000000000000e+03
1.275000000000000000e+05 1.531000000000000000e+03
1.300000000000000000e+05 1.489000000000000000e+03
1.325000000000000000e+05 1.369000000000000000e+03
1.350000000000000000e+05 1.340000000000000000e+03
1.375000000000000000e+05 1.278000000000000000e+03
1.400000000000000000e+05 1.160000000000000000e+03
1.425000000000000000e+05 1.066000000000000000e+03
1.450000000000000000e+05 1.095000000000000000e+03
1.475000000000000000e+05 1.030000000000000000e+03
1.500000000000000000e+05 9.020000000000000000e+02
1.525000000000000000e+05 8.450000000000000000e+02
1.550000000000000000e+05 7.900000000000000000e+02
1.575000000000000000e+05 8.090000000000000000e+02
1.600000000000000000e+05 7.540000000000000000e+02
1.625000000000000000e+05 6.690000000000000000e+02
1.650000000000000000e+05 6.470000000000000000e+02
1.675000000000000000e+05 6.720000000000000000e+02
1.700000000000000000e+05 6.230000000000000000e+02
1.725000000000000000e+05 6.380000000000000000e+02
1.750000000000000000e+05 6.370000000000000000e+02
1.775000000000000000e+05 6.870000000000000000e+02
1.800000000000000000e+05 6.750000000000000000e+02
1.825000000000000000e+05 6.660000000000000000e+02
1.850000000000000000e+05 6.980000000000000000e+02
1.875000000000000000e+05 7.350000000000000000e+02
1.900000000000000000e+05 7.370000000000000000e+02
1.925000000000000000e+05 8.610000000000000000e+02
1.950000000000000000e+05 8.950000000000000000e+02
1.975000000000000000e+05 9.170000000000000000e+02
2.000000000000000000e+05 1.019000000000000000e+03
2.025000000000000000e+05 1.053000000000000000e+03
2.050000000000000000e+05 1.152000000000000000e+03
2.075000000000000000e+05 1.172000000000000000e+03
2.100000000000000000e+05 1.304000000000000000e+03
2.125000000000000000e+05 1.352000000000000000e+03
2.150000000000000000e+05 1.478000000000000000e+03
2.175000000000000000e+05 1.588000000000000000e+03
2.200000000000000000e+05 1.629000000000000000e+03
2.225000000000000000e+05 1.676000000000000000e+03
2.250000000000000000e+05 1.743000000000000000e+03
2.275000000000000000e+05 1.866000000000000000e+03
2.300000000000000000e+05 1.855000000000000000e+03
2.325000000000000000e+05 2.038000000000000000e+03
2.350000000000000000e+05 2.110000000000000000e+03
2.375000000000000000e+05 2.112000000000000000e+03
2.400000000000000000e+05 2.269000000000000000e+03
2.425000000000000000e+05 2.285000000000000000e+03
2.450000000000000000e+05 2.359000000000000000e+03
2.475000000000000000e+05 2.452000000000000000e+03
2.500000000000000000e+05 2.376000000000000000e+03
2.525000000000000000e+05 2.559000000000000000e+03
2.550000000000000000e+05 2.594000000000000000e+03
2.575000000000000000e+05 2.684000000000000000e+03
2.600000000000000000e+05 2.624000000000000000e+03
2.625000000000000000e+05 2.751000000000000000e+03
2.650000000000000000e+05 2.635000000000000000e+03
2.675000000000000000e+05 2.812000000000000000e+03
2.700000000000000000e+05 2.836000000000000000e+03
2.725000000000000000e+05 2.811000000000000000e+03
2.750000000000000000e+05 2.911000000000000000e+03
2.775000000000000000e+05 2.869000000000000000e+03
2.800000000000000000e+05 2.982000000000000000e+03
2.825000000000000000e+05 2.924000000000000000e+03
2.850000000000000000e+05 2.913000000000000000e+03
2.875000000000000000e+05 2.892000000000000000e+03
2.900000000000000000e+05 2.789000000000000000e+03
2.925000000000000000e+05 2.894000000000000000e+03
2.950000000000000000e+05 2.866000000000000000e+03
2.975000000000000000e+05 2.947000000000000000e+03
3.000000000000000000e+05 2.951000000000000000e+03
3.025000000000000000e+05 2.857000000000000000e+03
3.050000000000000000e+05 2.877000000000000000e+03
3.075000000000000000e+05 2.911000000000000000e+03
3.100000000000000000e+05 2.978000000000000000e+03
3.125000000000000000e+05 2.921000000000000000e+03
3.150000000000000000e+05 2.862000000000000000e+03
3.175000000000000000e+05 2.776000000000000000e+03
3.200000000000000000e+05 2.864000000000000000e+03
3.225000000000000000e+05 2.810000000000000000e+03
3.250000000000000000e+05 2.862000000000000000e+03
3.275000000000000000e+05 2.844000000000000000e+03
3.300000000000000000e+05 2.775000000000000000e+03
3.325000000000000000e+05 2.691000000000000000e+03
3.350000000000000000e+05 2.678000000000000000e+03
3.375000000000000000e+05 2.564000000000000000e+03
3.400000000000000000e+05 2.500000000000000000e+03
3.425000000000000000e+05 2.560000000000000000e+03
3.450000000000000000e+05 2.542000000000000000e+03
3.475000000000000000e+05 2.455000000000000000e+03
3.500000000000000000e+05 2.483000000000000000e+03
3.525000000000000000e+05 2.349000000000000000e+03
3.550000000000000000e+05 2.318000000000000000e+03
3.575000000000000000e+05 2.210000000000000000e+03
3.600000000000000000e+05 2.191000000000000000e+03
3.625000000000000000e+05 2.057000000000000000e+03
3.650000000000000000e+05 1.989000000000000000e+03
3.675000000000000000e+05 1.843000000000000000e+03
3.700000000000000000e+05 1.806000000000000000e+03
3.725000000000000000e+05 1.718000000000000000e+03
3.750000000000000000e+05 1.613000000000000000e+03
3.775000000000000000e+05 1.640000000000000000e+03
3.800000000000000000e+05 1.473000000000000000e+03
3.825000000000000000e+05 1.382000000000000000e+03
3.850000000000000000e+05 1.355000000000000000e+03
3.875000000000000000e+05 1.226000000000000000e+03
3.900000000000000000e+05 1.111000000000000000e+03
3.925000000000000000e+05 1.117000000000000000e+03
3.950000000000000000e+05 1.062000000000000000e+03
3.975000000000000000e+05 9.300000000000000000e+02
4.000000000000000000e+05 8.980000000000000000e+02
4.025000000000000000e+05 8.230000000000000000e+02
4.050000000000000000e+05 7.710000000000000000e+02
4.075000000000000000e+05 7.540000000000000000e+02
4.100000000000000000e+05 7.350000000000000000e+02
4.125000000000000000e+05 6.880000000000000000e+02
4.150000000000000000e+05 7.130000000000000000e+02
4.175000000000000000e+05 6.490000000000000000e+02
4.200000000000000000e+05 6.180000000000000000e+02
4.225000000000000000e+05 6.420000000000000000e+02
4.250000000000000000e+05 6.670000000000000000e+02
4.275000000000000000e+05 6.690000000000000000e+02
4.300000000000000000e+05 6.960000000000000000e+02
4.325000000000000000e+05 6.540000000000000000e+02
4.350000000000000000e+05 6.670000000000000000e+02
4.375000000000000000e+05 7.350000000000000000e+02
4.400000000000000000e+05 7.210000000000000000e+02
4.425000000000000000e+05 8.100000000000000000e+02
4.450000000000000000e+05 7.900000000000000000e+02
4.475000000000000000e+05 9.240000000000000000e+02
4.500000000000000000e+05 9.640000000000000000e+02
4.525000000000000000e+05 1.066000000000000000e+03
4.550000000000000000e+05 1.117000000000000000e+03
4.575000000000000000e+05 1.146000000000000000e+03
4.600000000000000000e+05 1.222000000000000000e+03
4.625000000000000000e+05 1.372000000000000000e+03
4.650000000000000000e+05 1.467000000000000000e+03
4.675000000000000000e+05 1.524000000000000000e+03
4.700000000000000000e+05 1.566000000000000000e+03
4.725000000000000000e+05 1.746000000000000000e+03
4.750000000000000000e+05 1.742000000000000000e+03
4.775000000000000000e+05 1.915000000000000000e+03
4.800000000000000000e+05 1.893000000000000000e+03
4.825000000000000000e+05 2.044000000000000000e+03
4.850000000000000000e+05 2.007000000000000000e+03
4.875000000000000000e+05 2.218000000000000000e+03
4.900000000000000000e+05 2.216000000000000000e+03
4.925000000000000000e+05 2.388000000000000000e+03
4.950000000000000000e+05 2.383000000000000000e+03
4.975000000000000000e+05 2.516000000000000000e+03
