0.000000000000000000e+00 1.994000000000000000e+03
1.670000000000000000e+02 1.902000000000000000e+03
3.340000000000000000e+02 1.979000000000000000e+03
5.010000000000000000e+02 1.966000000000000000e+03
6.680000000000000000e+02 2.107000000000000000e+03
8.350000000000000000e+02 2.057000000000000000e+03
1.002000000000000000e+03 2.015000000000000000e+03
1.169000000000000000e+03 2.162000000000000000e+03
1.336000000000000000e+03 2.142000000000000000e+03
1.503000000000000000e+03 2.203000000000000000e+03
1.670000000000000000e+03 2.195000000000000000e+03
1.837000000000000000e+03 2.254000000000000000e+03
2.004000000000000000e+03 2.288000000000000000e+03
2.171000000000000000e+03 2.212000000000000000e+03
2.338000000000000000e+03 2.305000000000000000e+03
2.505000000000000000e+03 2.337000000000000000e+03
2.672000000000000000e+03 2.265000000000000000e+03
2.839000000000000000e+03 2.337000000000000000e+03
3.006000000000000000e+03 2.235000000000000000e+03
3.173000000000000000e+03 2.390000000000000000e+03
3.340000000000000000e+03 2.340000000000000000e+03
3.507000000000000000e+03 2.303000000000000000e+03
3.674000000000000000e+03 2.281000000000000000e+03
3.841000000000000000e+03 2.364000000000000000e+03
4.008000000000000000e+03 2.223000000000000000e+03
4.175000000000000000e+03 2.214000000000000000e+03
4.342000000000000000e+03 2.214000000000000000e+03
4.509000000000000000e+03 2.184000000000000000e+03
4.676000000000000000e+03 2.163000000000000000e+03
4.843000000000000000e+03 2.204000000000000000e+03
5.010000000000000000e+03 2.236000000000000000e+03
5.177000000000000000e+03 2.195000000000000000e+03
5.344000000000000000e+03 2.142000000000000000e+03
5.511000000000000000e+03 2.129000000000000000e+03
5.678000000000000000e+03 2.093000000000000000e+03
5.845000000000000000e+03 2.039000000000000000e+03
6.012000000000000000e+03 2.073000000000000000e+03
6.179000000000000000e+03 2.137000000000000000e+03
6.346000000000000000e+03 1.953000000000000000e+03
6.513000000000000000e+03 2.005000000000000000e+03
6.680000000000000000e+03 1.840000000000000000e+03
6.847000000000000000e+03 1.834000000000000000e+03
7.014000000000000000e+03 1.842000000000000000e+03
7.181000000000000000e+03 1.789000000000000000e+03
7.348000000000000000e+03 1.648000000000000000e+03
7.515000000000000000e+03 1.658000000000000000e+03
7.682000000000000000e+03 1.565000000000000000e+03
7.849000000000000000e+03 1.521000000000000000e+03
8.016000000000000000e+03 1.475000000000000000e+03
8.183000000000000000e+03 1.436000000000000000e+03
8.350000000000000000e+03 1.352000000000000000e+03
8.517000000000000000e+03 1.282000000000000000e+03
8.684000000000000000e+03 1.267000000000000000e+03
8.851000000000000000e+03 1.259000000000000000e+03
9.018000000000000000e+03 1.118000000000000000e+03
9.185000000000000000e+03 1.111000000000000000e+03
9.352000000000000000e+03 1.009000000000000000e+03
9.519000000000000000e+03 9.800000000000000000e+02
9.686000000000000000e+03 8.990000000000000000e+02
9.853000000000000000e+03 8.720000000000000000e+02
1.002000000000000000e+04 8.720000000000000000e+02
1.018700000000000000e+04 7.850000000000000000e+02
1.035400000000000000e+04 6.800000000000000000e+02
1.052100000000000000e+04 7.100000000000000000e+02
1.068800000000000000e+04 7.010000000000000000e+02
1.085500000000000000e+04 6.630000000000000000e+02
1.102200000000000000e+04 6.450000000000000000e+02
1.118900000000000000e+04 5.810000000000000000e+02
1.135600000000000000e+04 5.420000000000000000e+02
1.152300000000000000e+04 5.660000000000000000e+02
1.169000000000000000e+04 5.300000000000000000e+02
1.185700000000000000e+04 5.480000000000000000e+02
1.202400000000000000e+04 5.470000000000000000e+02
1.219100000000000000e+04 5.560000000000000000e+02
1.235800000000000000e+04 5.760000000000000000e+02
1.252500000000000000e+04 5.510000000000000000e+02
1.269200000000000000e+04 5.760000000000000000e+02
1.285900000000000000e+04 6.630000000000000000e+02
1.302600000000000000e+04 6.280000000000000000e+02
1.319300000000000000e+04 6.670000000000000000e+02
1.336000000000000000e+04 6.670000000000000000e+02
1.352700000000000000e+04 6.960000000000000000e+02
1.369400000000000000e+04 7.450000000000000000e+02
1.386100000000000000e+04 8.490000000000000000e+02
1.402800000000000000e+04 8.880000000000000000e+02
1.419500000000000000e+04 9.520000000000000000e+02
1.436200000000000000e+04 1.027000000000000000e+03
1.452900000000000000e+04 1.117000000000000000e+03
1.469600000000000000e+04 1.170000000000000000e+03
1.486300000000000000e+04 1.156000000000000000e+03
1.503000000000000000e+04 1.391000000000000000e+03
1.519700000000000000e+04 1.372000000000000000e+03
1.536400000000000000e+04 1.485000000000000000e+03
1.553100000000000000e+04 1.474000000000000000e+03
1.569800000000000000e+04 1.491000000000000000e+03
1.586500000000000000e+04 1.646000000000000000e+03
1.603200000000000000e+04 1.736000000000000000e+03
1.619900000000000000e+04 1.845000000000000000e+03
1.636600000000000000e+04 1.759000000000000000e+03
1.653300000000000000e+04 1.797000000000000000e+03
1.670000000000000000e+04 1.938000000000000000e+03
1.686700000000000000e+04 1.932000000000000000e+03
1.703400000000000000e+04 1.977000000000000000e+03
1.720100000000000000e+04 2.101000000000000000e+03
1.736800000000000000e+04 2.035000000000000000e+03
1.753500000000000000e+04 2.106000000000000000e+03
1.770200000000000000e+04 2.107000000000000000e+03
1.786900000000000000e+04 2.166000000000000000e+03
1.803600000000000000e+04 2.168000000000000000e+03
1.820300000000000000e+04 2.189000000000000000e+03
1.837000000000000000e+04 2.310000000000000000e+03
1.853700000000000000e+04 2.202000000000000000e+03
1.870400000000000000e+04 2.244000000000000000e+03
1.887100000000000000e+04 2.305000000000000000e+03
1.903800000000000000e+04 2.354000000000000000e+03
1.920500000000000000e+04 2.305000000000000000e+03
1.937200000000000000e+04 2.291000000000000000e+03
1.953900000000000000e+04 2.239000000000000000e+03
1.970600000000000000e+04 2.261000000000000000e+03
1.987300000000000000e+04 2.212000000000000000e+03
2.004000000000000000e+04 2.318000000000000000e+03
2.020700000000000000e+04 2.360000000000000000e+03
2.037400000000000000e+04 2.325000000000000000e+03
2.054100000000000000e+04 2.281000000000000000e+03
2.070800000000000000e+04 2.225000000000000000e+03
2.087500000000000000e+04 2.238000000000000000e+03
2.104200000000000000e+04 2.308000000000000000e+03
2.120900000000000000e+04 2.242000000000000000e+03
2.137600000000000000e+04 2.249000000000000000e+03
2.154300000000000000e+04 2.306000000000000000e+03
2.171000000000000000e+04 2.148000000000000000e+03
2.187700000000000000e+04 2.177000000000000000e+03
2.204400000000000000e+04 2.064000000000000000e+03
2.221100000000000000e+04 2.143000000000000000e+03
2.237800000000000000e+04 2.120000000000000000e+03
2.254500000000000000e+04 2.090000000000000000e+03
2.271200000000000000e+04 1.974000000000000000e+03
2.287900000000000000e+04 1.963000000000000000e+03
2.304600000000000000e+04 1.999000000000000000e+03
2.321300000000000000e+04 1.949000000000000000e+03
2.338000000000000000e+04 1.984000000000000000e+03
2.354700000000000000e+04 1.857000000000000000e+03
2.371400000000000000e+04 1.835000000000000000e+03
2.388100000000000000e+04 1.678000000000000000e+03
2.404800000000000000e+04 1.735000000000000000e+03
2.421500000000000000e+04 1.674000000000000000e+03
2.438200000000000000e+04 1.611000000000000000e+03
2.454900000000000000e+04 1.587000000000000000e+03
2.471600000000000000e+04 1.452000000000000000e+03
2.488300000000000000e+04 1.424000000000000000e+03
2.505000000000000000e+04 1.349000000000000000e+03
2.521700000000000000e+04 1.272000000000000000e+03
2.538400000000000000e+04 1.231000000000000000e+03
2.555100000000000000e+04 1.126000000000000000e+03
2.571800000000000000e+04 1.200000000000000000e+03
2.588500000000000000e+04 1.123000000000000000e+03
2.605200000000000000e+04 1.044000000000000000e+03
2.621900000000000000e+04 9.780000000000000000e+02
2.638600000000000000e+04 8.730000000000000000e+02
2.655300000000000000e+04 8.480000000000000000e+02
2.672000000000000000e+04 7.860000000000000000e+02
2.688700000000000000e+04 7.690000000000000000e+02
2.705400000000000000e+04 7.130000000000000000e+02
2.722100000000000000e+04 6.950000000000000000e+02
2.738800000000000000e+04 6.290000000000000000e+02
2.755500000000000000e+04 6.500000000000000000e+02
2.772200000000000000e+04 6.220000000000000000e+02
2.788900000000000000e+04 5.880000000000000000e+02
2.805600000000000000e+04 5.680000000000000000e+02
2.822300000000000000e+04 5.630000000000000000e+02
2.839000000000000000e+04 5.390000000000000000e+02
2.855700000000000000e+04 5.250000000000000000e+02
2.872400000000000000e+04 5.560000000000000000e+02
2.889100000000000000e+04 5.620000000000000000e+02
2.905800000000000000e+04 5.940000000000000000e+02
2.922500000000000000e+04 5.440000000000000000e+02
2.939200000000000000e+04 6.110000000000000000e+02
2.955900000000000000e+04 5.690000000000000000e+02
2.972600000000000000e+04 6.200000000000000000e+02
2.989300000000000000e+04 7.240000000000000000e+02
3.006000000000000000e+04 7.010000000000000000e+02
3.022700000000000000e+04 7.220000000000000000e+02
3.039400000000000000e+04 7.690000000000000000e+02
3.056100000000000000e+04 8.450000000000000000e+02
3.072800000000000000e+04 9.300000000000000000e+02
3.089500000000000000e+04 9.090000000000000000e+02
3.106200000000000000e+04 1.018000000000000000e+03
3.122900000000000000e+04 1.160000000000000000e+03
3.139600000000000000e+04 1.256000000000000000e+03
3.156300000000000000e+04 1.245000000000000000e+03
3.173000000000000000e+04 1.326000000000000000e+03
3.189700000000000000e+04 1.457000000000000000e+03
3.206400000000000000e+04 1.432000000000000000e+03
3.223100000000000000e+04 1.523000000000000000e+03
3.239800000000000000e+04 1.636000000000000000e+03
3.256500000000000000e+04 1.595000000000000000e+03
3.273200000000000000e+04 1.764000000000000000e+03
3.289900000000000000e+04 1.729000000000000000e+03
3.306600000000000000e+04 1.779000000000000000e+03
