0.000000000000000000e+00 1.864000000000000000e+03
3.330000000000000000e+02 1.910000000000000000e+03
6.660000000000000000e+02 1.956000000000000000e+03
9.990000000000000000e+02 1.971000000000000000e+03
1.332000000000000000e+03 2.074000000000000000e+03
1.665000000000000000e+03 2.055000000000000000e+03
1.998000000000000000e+03 2.115000000000000000e+03
2.331000000000000000e+03 2.179000000000000000e+03
2.664000000000000000e+03 2.115000000000000000e+03
2.997000000000000000e+03 2.217000000000000000e+03
3.330000000000000000e+03 2.058000000000000000e+03
3.663000000000000000e+03 2.218000000000000000e+03
3.996000000000000000e+03 2.211000000000000000e+03
4.329000000000000000e+03 2.151000000000000000e+03
4.662000000000000000e+03 2.239000000000000000e+03
4.995000000000000000e+03 2.201000000000000000e+03
5.328000000000000000e+03 2.192000000000000000e+03
5.661000000000000000e+03 2.253000000000000000e+03
5.994000000000000000e+03 2.221000000000000000e+03
6.327000000000000000e+03 2.294000000000000000e+03
6.660000000000000000e+03 2.224000000000000000e+03
6.993000000000000000e+03 2.227000000000000000e+03
7.326000000000000000e+03 2.254000000000000000e+03
7.659000000000000000e+03 2.248000000000000000e+03
7.992000000000000000e+03 2.191000000000000000e+03
8.325000000000000000e+03 2.256000000000000000e+03
8.658000000000000000e+03 2.264000000000000000e+03
8.991000000000000000e+03 2.194000000000000000e+03
9.324000000000000000e+03 2.178000000000000000e+03
9.657000000000000000e+03 2.155000000000000000e+03
9.990000000000000000e+03 2.141000000000000000e+03
1.032300000000000000e+04 2.139000000000000000e+03
1.065600000000000000e+04 2.086000000000000000e+03
1.098900000000000000e+04 2.038000000000000000e+03
1.132200000000000000e+04 2.025000000000000000e+03
1.165500000000000000e+04 2.063000000000000000e+03
1.198800000000000000e+04 2.003000000000000000e+03
1.232100000000000000e+04 1.990000000000000000e+03
1.265400000000000000e+04 1.902000000000000000e+03
1.298700000000000000e+04 1.947000000000000000e+03
1.332000000000000000e+04 1.879000000000000000e+03
1.365300000000000000e+04 1.775000000000000000e+03
1.398600000000000000e+04 1.705000000000000000e+03
1.431900000000000000e+04 1.632000000000000000e+03
1.465200000000000000e+04 1.634000000000000000e+03
1.498500000000000000e+04 1.634000000000000000e+03
1.531800000000000000e+04 1.529000000000000000e+03
1.565100000000000000e+04 1.490000000000000000e+03
1.598400000000000000e+04 1.487000000000000000e+03
1.631700000000000000e+04 1.332000000000000000e+03
1.665000000000000000e+04 1.358000000000000000e+03
1.698300000000000000e+04 1.244000000000000000e+03
1.731600000000000000e+04 1.177000000000000000e+03
1.764900000000000000e+04 1.094000000000000000e+03
1.798200000000000000e+04 1.009000000000000000e+03
1.831500000000000000e+04 1.030000000000000000e+03
1.864800000000000000e+04 9.890000000000000000e+02
1.898100000000000000e+04 8.830000000000000000e+02
1.931400000000000000e+04 8.530000000000000000e+02
1.964700000000000000e+04 7.440000000000000000e+02
1.998000000000000000e+04 8.080000000000000000e+02
2.031300000000000000e+04 7.260000000000000000e+02
2.064600000000000000e+04 6.710000000000000000e+02
2.097900000000000000e+04 6.560000000000000000e+02
2.131200000000000000e+04 6.240000000000000000e+02
2.164500000000000000e+04 5.860000000000000000e+02
2.197800000000000000e+04 5.640000000000000000e+02
2.231100000000000000e+04 5.540000000000000000e+02
2.264400000000000000e+04 5.130000000000000000e+02
2.297700000000000000e+04 5.370000000000000000e+02
2.331000000000000000e+04 5.110000000000000000e+02
2.364300000000000000e+04 4.420000000000000000e+02
2.397600000000000000e+04 5.000000000000000000e+02
2.430900000000000000e+04 5.400000000000000000e+02
2.464200000000000000e+04 5.120000000000000000e+02
2.497500000000000000e+04 5.700000000000000000e+02
2.530800000000000000e+04 5.870000000000000000e+02
2.564100000000000000e+04 5.780000000000000000e+02
2.597400000000000000e+04 6.060000000000000000e+02
2.630700000000000000e+04 6.370000000000000000e+02
2.664000000000000000e+04 6.980000000000000000e+02
2.697300000000000000e+04 7.270000000000000000e+02
2.730600000000000000e+04 7.970000000000000000e+02
2.763900000000000000e+04 8.560000000000000000e+02
2.797200000000000000e+04 8.950000000000000000e+02
2.830500000000000000e+04 9.710000000000000000e+02
2.863800000000000000e+04 1.034000000000000000e+03
2.897100000000000000e+04 1.106000000000000000e+03
2.930400000000000000e+04 1.147000000000000000e+03
2.963700000000000000e+04 1.238000000000000000e+03
2.997000000000000000e+04 1.270000000000000000e+03
3.030300000000000000e+04 1.397000000000000000e+03
3.063600000000000000e+04 1.394000000000000000e+03
3.096900000000000000e+04 1.469000000000000000e+03
3.130200000000000000e+04 1.591000000000000000e+03
3.163500000000000000e+04 1.596000000000000000e+03
3.196800000000000000e+04 1.662000000000000000e+03
3.230100000000000000e+04 1.678000000000000000e+03
3.263400000000000000e+04 1.756000000000000000e+03
3.296700000000000000e+04 1.896000000000000000e+03
3.330000000000000000e+04 1.928000000000000000e+03
3.363300000000000000e+04 1.895000000000000000e+03
3.396600000000000000e+04 1.987000000000000000e+03
3.429900000000000000e+04 1.912000000000000000e+03
3.463200000000000000e+04 2.107000000000000000e+03
3.496500000000000000e+04 2.038000000000000000e+03
3.529800000000000000e+04 2.116000000000000000e+03
3.563100000000000000e+04 2.111000000000000000e+03
3.596400000000000000e+04 2.085000000000000000e+03
3.629700000000000000e+04 2.181000000000000000e+03
3.663000000000000000e+04 2.244000000000000000e+03
3.696300000000000000e+04 2.164000000000000000e+03
3.729600000000000000e+04 2.128000000000000000e+03
3.762900000000000000e+04 2.221000000000000000e+03
3.796200000000000000e+04 2.289000000000000000e+03
3.829500000000000000e+04 2.238000000000000000e+03
3.862800000000000000e+04 2.277000000000000000e+03
3.896100000000000000e+04 2.216000000000000000e+03
3.929400000000000000e+04 2.249000000000000000e+03
3.962700000000000000e+04 2.260000000000000000e+03
3.996000000000000000e+04 2.246000000000000000e+03
4.029300000000000000e+04 2.232000000000000000e+03
4.062600000000000000e+04 2.259000000000000000e+03
4.095900000000000000e+04 2.268000000000000000e+03
4.129200000000000000e+04 2.240000000000000000e+03
4.162500000000000000e+04 2.235000000000000000e+03
4.195800000000000000e+04 2.292000000000000000e+03
4.229100000000000000e+04 2.241000000000000000e+03
4.262400000000000000e+04 2.213000000000000000e+03
4.295700000000000000e+04 2.248000000000000000e+03
4.329000000000000000e+04 2.123000000000000000e+03
4.362300000000000000e+04 2.163000000000000000e+03
4.395600000000000000e+04 2.133000000000000000e+03
4.428900000000000000e+04 2.117000000000000000e+03
4.462200000000000000e+04 2.122000000000000000e+03
4.495500000000000000e+04 2.020000000000000000e+03
4.528800000000000000e+04 1.950000000000000000e+03
4.562100000000000000e+04 1.955000000000000000e+03
4.595400000000000000e+04 1.971000000000000000e+03
4.628700000000000000e+04 1.897000000000000000e+03
4.662000000000000000e+04 1.823000000000000000e+03
4.695300000000000000e+04 1.823000000000000000e+03
4.728600000000000000e+04 1.745000000000000000e+03
4.761900000000000000e+04 1.666000000000000000e+03
4.795200000000000000e+04 1.661000000000000000e+03
4.828500000000000000e+04 1.592000000000000000e+03
4.861800000000000000e+04 1.537000000000000000e+03
4.895100000000000000e+04 1.491000000000000000e+03
4.928400000000000000e+04 1.438000000000000000e+03
4.961700000000000000e+04 1.392000000000000000e+03
4.995000000000000000e+04 1.333000000000000000e+03
5.028300000000000000e+04 1.268000000000000000e+03
5.061600000000000000e+04 1.214000000000000000e+03
5.094900000000000000e+04 1.128000000000000000e+03
5.128200000000000000e+04 1.083000000000000000e+03
5.161500000000000000e+04 1.037000000000000000e+03
5.194800000000000000e+04 9.830000000000000000e+02
5.228100000000000000e+04 8.920000000000000000e+02
5.261400000000000000e+04 9.040000000000000000e+02
5.294700000000000000e+04 8.450000000000000000e+02
5.328000000000000000e+04 8.010000000000000000e+02
5.361300000000000000e+04 7.260000000000000000e+02
5.394600000000000000e+04 6.160000000000000000e+02
5.427900000000000000e+04 6.210000000000000000e+02
5.461200000000000000e+04 6.190000000000000000e+02
5.494500000000000000e+04 6.240000000000000000e+02
5.527800000000000000e+04 5.610000000000000000e+02
5.561100000000000000e+04 5.300000000000000000e+02
5.594400000000000000e+04 5.450000000000000000e+02
5.627700000000000000e+04 5.300000000000000000e+02
5.661000000000000000e+04 4.930000000000000000e+02
5.694300000000000000e+04 5.210000000000000000e+02
5.727600000000000000e+04 4.510000000000000000e+02
5.760900000000000000e+04 4.920000000000000000e+02
5.794200000000000000e+04 5.250000000000000000e+02
5.827500000000000000e+04 5.520000000000000000e+02
5.860800000000000000e+04 5.910000000000000000e+02
5.894100000000000000e+04 5.630000000000000000e+02
5.927400000000000000e+04 6.420000000000000000e+02
5.960700000000000000e+04 6.750000000000000000e+02
5.994000000000000000e+04 6.880000000000000000e+02
6.027300000000000000e+04 7.370000000000000000e+02
6.060600000000000000e+04 7.990000000000000000e+02
6.093900000000000000e+04 8.150000000000000000e+02
6.127200000000000000e+04 8.800000000000000000e+02
6.160500000000000000e+04 9.870000000000000000e+02
6.193800000000000000e+04 1.064000000000000000e+03
6.227100000000000000e+04 1.111000000000000000e+03
6.260400000000000000e+04 1.218000000000000000e+03
6.293700000000000000e+04 1.166000000000000000e+03
6.327000000000000000e+04 1.257000000000000000e+03
6.360300000000000000e+04 1.307000000000000000e+03
6.393600000000000000e+04 1.409000000000000000e+03
6.426900000000000000e+04 1.519000000000000000e+03
6.460200000000000000e+04 1.497000000000000000e+03
6.493500000000000000e+04 1.611000000000000000e+03
6.526800000000000000e+04 1.669000000000000000e+03
6.560100000000000000e+04 1.720000000000000000e+03
6.593400000000000000e+04 1.742000000000000000e+03
6.626700000000000000e+04 1.813000000000000000e+03
