0.000000000000000000e+00 1.805000000000000000e+03
1.000000000000000000e+03 1.919000000000000000e+03
2.000000000000000000e+03 1.929000000000000000e+03
3.000000000000000000e+03 2.017000000000000000e+03
4.000000000000000000e+03 2.004000000000000000e+03
5.000000000000000000e+03 1.939000000000000000e+03
6.000000000000000000e+03 2.142000000000000000e+03
7.000000000000000000e+03 2.142000000000000000e+03
8.000000000000000000e+03 2.061000000000000000e+03
9.000000000000000000e+03 2.160000000000000000e+03
1.000000000000000000e+04 2.134000000000000000e+03
1.100000000000000000e+04 2.075000000000000000e+03
1.200000000000000000e+04 2.123000000000000000e+03
1.300000000000000000e+04 2.137000000000000000e+03
1.400000000000000000e+04 2.151000000000000000e+03
1.500000000000000000e+04 2.141000000000000000e+03
1.600000000000000000e+04 2.082000000000000000e+03
1.700000000000000000e+04 2.217000000000000000e+03
1.800000000000000000e+04 2.180000000000000000e+03
1.900000000000000000e+04 2.137000000000000000e+03
2.000000000000000000e+04 2.198000000000000000e+03
2.100000000000000000e+04 2.112000000000000000e+03
2.200000000000000000e+04 2.193000000000000000e+03
2.300000000000000000e+04 2.224000000000000000e+03
2.400000000000000000e+04 2.164000000000000000e+03
2.500000000000000000e+04 2.204000000000000000e+03
2.600000000000000000e+04 2.162000000000000000e+03
2.700000000000000000e+04 2.240000000000000000e+03
2.800000000000000000e+04 2.075000000000000000e+03
2.900000000000000000e+04 2.086000000000000000e+03
3.000000000000000000e+04 2.103000000000000000e+03
3.100000000000000000e+04 2.038000000000000000e+03
3.200000000000000000e+04 2.101000000000000000e+03
3.300000000000000000e+04 2.104000000000000000e+03
3.400000000000000000e+04 2.059000000000000000e+03
3.500000000000000000e+04 1.988000000000000000e+03
3.600000000000000000e+04 1.857000000000000000e+03
3.700000000000000000e+04 1.910000000000000000e+03
3.800000000000000000e+04 1.869000000000000000e+03
3.900000000000000000e+04 1.805000000000000000e+03
4.000000000000000000e+04 1.833000000000000000e+03
4.100000000000000000e+04 1.634000000000000000e+03
4.200000000000000000e+04 1.651000000000000000e+03
4.300000000000000000e+04 1.550000000000000000e+03
4.400000000000000000e+04 1.542000000000000000e+03
4.500000000000000000e+04 1.507000000000000000e+03
4.600000000000000000e+04 1.423000000000000000e+03
4.700000000000000000e+04 1.392000000000000000e+03
4.800000000000000000e+04 1.383000000000000000e+03
4.900000000000000000e+04 1.206000000000000000e+03
5.000000000000000000e+04 1.181000000000000000e+03
5.100000000000000000e+04 1.097000000000000000e+03
5.200000000000000000e+04 1.096000000000000000e+03
5.300000000000000000e+04 9.440000000000000000e+02
5.400000000000000000e+04 1.012000000000000000e+03
5.500000000000000000e+04 9.200000000000000000e+02
5.600000000000000000e+04 8.250000000000000000e+02
5.700000000000000000e+04 7.540000000000000000e+02
5.800000000000000000e+04 7.330000000000000000e+02
5.900000000000000000e+04 6.930000000000000000e+02
6.000000000000000000e+04 6.440000000000000000e+02
6.100000000000000000e+04 6.330000000000000000e+02
6.200000000000000000e+04 6.110000000000000000e+02
6.300000000000000000e+04 5.830000000000000000e+02
6.400000000000000000e+04 4.850000000000000000e+02
6.500000000000000000e+04 5.420000000000000000e+02
6.600000000000000000e+04 4.920000000000000000e+02
6.700000000000000000e+04 4.730000000000000000e+02
6.800000000000000000e+04 4.200000000000000000e+02
6.900000000000000000e+04 4.530000000000000000e+02
7.000000000000000000e+04 4.520000000000000000e+02
7.100000000000000000e+04 4.570000000000000000e+02
7.200000000000000000e+04 4.380000000000000000e+02
7.300000000000000000e+04 4.700000000000000000e+02
7.400000000000000000e+04 4.980000000000000000e+02
7.500000000000000000e+04 4.470000000000000000e+02
7.600000000000000000e+04 5.230000000000000000e+02
7.700000000000000000e+04 5.500000000000000000e+02
7.800000000000000000e+04 6.320000000000000000e+02
7.900000000000000000e+04 6.770000000000000000e+02
8.000000000000000000e+04 7.080000000000000000e+02
8.100000000000000000e+04 7.040000000000000000e+02
8.200000000000000000e+04 7.950000000000000000e+02
8.300000000000000000e+04 8.050000000000000000e+02
8.400000000000000000e+04 8.690000000000000000e+02
8.500000000000000000e+04 9.860000000000000000e+02
8.600000000000000000e+04 9.780000000000000000e+02
8.700000000000000000e+04 1.081000000000000000e+03
8.800000000000000000e+04 1.170000000000000000e+03
8.900000000000000000e+04 1.153000000000000000e+03
9.000000000000000000e+04 1.360000000000000000e+03
9.100000000000000000e+04 1.316000000000000000e+03
9.200000000000000000e+04 1.485000000000000000e+03
9.300000000000000000e+04 1.539000000000000000e+03
9.400000000000000000e+04 1.562000000000000000e+03
9.500000000000000000e+04 1.543000000000000000e+03
9.600000000000000000e+04 1.643000000000000000e+03
9.700000000000000000e+04 1.718000000000000000e+03
9.800000000000000000e+04 1.675000000000000000e+03
9.900000000000000000e+04 1.854000000000000000e+03
1.000000000000000000e+05 1.824000000000000000e+03
1.010000000000000000e+05 1.920000000000000000e+03
1.020000000000000000e+05 1.908000000000000000e+03
1.030000000000000000e+05 1.952000000000000000e+03
1.040000000000000000e+05 1.995000000000000000e+03
1.050000000000000000e+05 2.001000000000000000e+03
1.060000000000000000e+05 2.006000000000000000e+03
1.070000000000000000e+05 2.129000000000000000e+03
1.080000000000000000e+05 2.053000000000000000e+03
1.090000000000000000e+05 2.105000000000000000e+03
1.100000000000000000e+05 2.091000000000000000e+03
1.110000000000000000e+05 2.145000000000000000e+03
1.120000000000000000e+05 2.215000000000000000e+03
1.130000000000000000e+05 2.128000000000000000e+03
1.140000000000000000e+05 2.144000000000000000e+03
1.150000000000000000e+05 2.185000000000000000e+03
1.160000000000000000e+05 2.158000000000000000e+03
1.170000000000000000e+05 2.121000000000000000e+03
1.180000000000000000e+05 2.163000000000000000e+03
1.190000000000000000e+05 2.227000000000000000e+03
1.200000000000000000e+05 2.229000000000000000e+03
1.210000000000000000e+05 2.240000000000000000e+03
1.220000000000000000e+05 2.229000000000000000e+03
1.230000000000000000e+05 2.170000000000000000e+03
1.240000000000000000e+05 2.057000000000000000e+03
1.250000000000000000e+05 2.188000000000000000e+03
1.260000000000000000e+05 2.185000000000000000e+03
1.270000000000000000e+05 2.128000000000000000e+03
1.280000000000000000e+05 2.145000000000000000e+03
1.290000000000000000e+05 2.101000000000000000e+03
1.300000000000000000e+05 2.187000000000000000e+03
1.310000000000000000e+05 2.111000000000000000e+03
1.320000000000000000e+05 1.964000000000000000e+03
1.330000000000000000e+05 2.071000000000000000e+03
1.340000000000000000e+05 1.954000000000000000e+03
1.350000000000000000e+05 1.926000000000000000e+03
1.360000000000000000e+05 1.891000000000000000e+03
1.370000000000000000e+05 1.777000000000000000e+03
1.380000000000000000e+05 1.890000000000000000e+03
1.390000000000000000e+05 1.843000000000000000e+03
1.400000000000000000e+05 1.701000000000000000e+03
1.410000000000000000e+05 1.771000000000000000e+03
1.420000000000000000e+05 1.632000000000000000e+03
1.430000000000000000e+05 1.650000000000000000e+03
1.440000000000000000e+05 1.609000000000000000e+03
1.450000000000000000e+05 1.581000000000000000e+03
1.460000000000000000e+05 1.426000000000000000e+03
1.470000000000000000e+05 1.372000000000000000e+03
1.480000000000000000e+05 1.355000000000000000e+03
1.490000000000000000e+05 1.242000000000000000e+03
1.500000000000000000e+05 1.221000000000000000e+03
1.510000000000000000e+05 1.158000000000000000e+03
1.520000000000000000e+05 1.100000000000000000e+03
1.530000000000000000e+05 1.010000000000000000e+03
1.540000000000000000e+05 9.390000000000000000e+02
1.550000000000000000e+05 8.970000000000000000e+02
1.560000000000000000e+05 9.290000000000000000e+02
1.570000000000000000e+05 7.760000000000000000e+02
1.580000000000000000e+05 7.800000000000000000e+02
1.590000000000000000e+05 7.410000000000000000e+02
1.600000000000000000e+05 6.740000000000000000e+02
1.610000000000000000e+05 6.620000000000000000e+02
1.620000000000000000e+05 5.610000000000000000e+02
1.630000000000000000e+05 5.990000000000000000e+02
1.640000000000000000e+05 5.330000000000000000e+02
1.650000000000000000e+05 5.200000000000000000e+02
1.660000000000000000e+05 4.730000000000000000e+02
1.670000000000000000e+05 4.660000000000000000e+02
1.680000000000000000e+05 4.570000000000000000e+02
1.690000000000000000e+05 4.630000000000000000e+02
1.700000000000000000e+05 4.050000000000000000e+02
1.710000000000000000e+05 4.460000000000000000e+02
1.720000000000000000e+05 4.450000000000000000e+02
1.730000000000000000e+05 4.760000000000000000e+02
1.740000000000000000e+05 5.210000000000000000e+02
1.750000000000000000e+05 5.390000000000000000e+02
1.760000000000000000e+05 5.150000000000000000e+02
1.770000000000000000e+05 6.120000000000000000e+02
1.780000000000000000e+05 6.060000000000000000e+02
1.790000000000000000e+05 6.600000000000000000e+02
1.800000000000000000e+05 6.950000000000000000e+02
1.810000000000000000e+05 6.940000000000000000e+02
1.820000000000000000e+05 7.930000000000000000e+02
1.830000000000000000e+05 8.570000000000000000e+02
1.840000000000000000e+05 8.740000000000000000e+02
1.850000000000000000e+05 9.430000000000000000e+02
1.860000000000000000e+05 1.020000000000000000e+03
1.870000000000000000e+05 1.088000000000000000e+03
1.880000000000000000e+05 1.192000000000000000e+03
1.890000000000000000e+05 1.185000000000000000e+03
1.900000000000000000e+05 1.253000000000000000e+03
1.910000000000000000e+05 1.390000000000000000e+03
1.920000000000000000e+05 1.427000000000000000e+03
1.930000000000000000e+05 1.398000000000000000e+03
1.940000000000000000e+05 1.550000000000000000e+03
1.950000000000000000e+05 1.567000000000000000e+03
1.960000000000000000e+05 1.687000000000000000e+03
1.970000000000000000e+05 1.732000000000000000e+03
1.980000000000000000e+05 1.704000000000000000e+03
1.990000000000000000e+05 1.777000000000000000e+03
