0.000000000000000000e+00 1.619000000000000000e+03
1.000000000000000000e+02 1.697000000000000000e+03
2.000000000000000000e+02 1.789000000000000000e+03
3.000000000000000000e+02 1.774000000000000000e+03
4.000000000000000000e+02 1.834000000000000000e+03
5.000000000000000000e+02 1.961000000000000000e+03
6.000000000000000000e+02 2.023000000000000000e+03
7.000000000000000000e+02 2.021000000000000000e+03
8.000000000000000000e+02 2.004000000000000000e+03
9.000000000000000000e+02 2.055000000000000000e+03
1.000000000000000000e+03 2.017000000000000000e+03
1.100000000000000000e+03 2.042000000000000000e+03
1.200000000000000000e+03 2.068000000000000000e+03
1.300000000000000000e+03 2.032000000000000000e+03
1.400000000000000000e+03 2.138000000000000000e+03
1.500000000000000000e+03 2.153000000000000000e+03
1.600000000000000000e+03 2.105000000000000000e+03
1.700000000000000000e+03 2.087000000000000000e+03
1.800000000000000000e+03 2.152000000000000000e+03
1.900000000000000000e+03 2.093000000000000000e+03
2.000000000000000000e+03 2.134000000000000000e+03
2.100000000000000000e+03 2.162000000000000000e+03
2.200000000000000000e+03 2.204000000000000000e+03
2.300000000000000000e+03 2.144000000000000000e+03
2.400000000000000000e+03 2.112000000000000000e+03
2.500000000000000000e+03 2.151000000000000000e+03
2.600000000000000000e+03 2.134000000000000000e+03
2.700000000000000000e+03 2.110000000000000000e+03
2.800000000000000000e+03 2.067000000000000000e+03
2.900000000000000000e+03 2.055000000000000000e+03
3.000000000000000000e+03 2.149000000000000000e+03
3.100000000000000000e+03 2.076000000000000000e+03
3.200000000000000000e+03 1.962000000000000000e+03
3.300000000000000000e+03 2.034000000000000000e+03
3.400000000000000000e+03 1.987000000000000000e+03
3.500000000000000000e+03 1.959000000000000000e+03
3.600000000000000000e+03 1.955000000000000000e+03
3.700000000000000000e+03 1.980000000000000000e+03
3.800000000000000000e+03 1.791000000000000000e+03
3.900000000000000000e+03 1.794000000000000000e+03
4.000000000000000000e+03 1.849000000000000000e+03
4.100000000000000000e+03 1.851000000000000000e+03
4.200000000000000000e+03 1.752000000000000000e+03
4.300000000000000000e+03 1.637000000000000000e+03
4.400000000000000000e+03 1.593000000000000000e+03
4.500000000000000000e+03 1.632000000000000000e+03
4.600000000000000000e+03 1.572000000000000000e+03
4.700000000000000000e+03 1.479000000000000000e+03
4.800000000000000000e+03 1.406000000000000000e+03
4.900000000000000000e+03 1.283000000000000000e+03
5.000000000000000000e+03 1.341000000000000000e+03
5.100000000000000000e+03 1.275000000000000000e+03
5.200000000000000000e+03 1.214000000000000000e+03
5.300000000000000000e+03 1.189000000000000000e+03
5.400000000000000000e+03 1.091000000000000000e+03
5.500000000000000000e+03 1.049000000000000000e+03
5.600000000000000000e+03 1.047000000000000000e+03
5.700000000000000000e+03 9.930000000000000000e+02
5.800000000000000000e+03 9.500000000000000000e+02
5.900000000000000000e+03 8.510000000000000000e+02
6.000000000000000000e+03 8.260000000000000000e+02
6.100000000000000000e+03 7.970000000000000000e+02
6.200000000000000000e+03 7.500000000000000000e+02
6.300000000000000000e+03 7.520000000000000000e+02
6.400000000000000000e+03 6.570000000000000000e+02
6.500000000000000000e+03 6.880000000000000000e+02
6.600000000000000000e+03 6.400000000000000000e+02
6.700000000000000000e+03 6.100000000000000000e+02
6.800000000000000000e+03 5.690000000000000000e+02
6.900000000000000000e+03 5.880000000000000000e+02
7.000000000000000000e+03 5.570000000000000000e+02
7.100000000000000000e+03 5.310000000000000000e+02
7.200000000000000000e+03 5.470000000000000000e+02
7.300000000000000000e+03 5.400000000000000000e+02
7.400000000000000000e+03 5.000000000000000000e+02
7.500000000000000000e+03 5.590000000000000000e+02
7.600000000000000000e+03 5.410000000000000000e+02
7.700000000000000000e+03 5.410000000000000000e+02
7.800000000000000000e+03 6.130000000000000000e+02
7.900000000000000000e+03 6.150000000000000000e+02
8.000000000000000000e+03 5.740000000000000000e+02
8.100000000000000000e+03 6.360000000000000000e+02
8.200000000000000000e+03 6.990000000000000000e+02
8.300000000000000000e+03 7.070000000000000000e+02
8.400000000000000000e+03 7.820000000000000000e+02
8.500000000000000000e+03 8.330000000000000000e+02
8.600000000000000000e+03 8.380000000000000000e+02
8.700000000000000000e+03 9.170000000000000000e+02
8.800000000000000000e+03 1.071000000000000000e+03
8.900000000000000000e+03 1.072000000000000000e+03
9.000000000000000000e+03 1.191000000000000000e+03
9.100000000000000000e+03 1.174000000000000000e+03
9.200000000000000000e+03 1.258000000000000000e+03
9.300000000000000000e+03 1.253000000000000000e+03
9.400000000000000000e+03 1.383000000000000000e+03
9.500000000000000000e+03 1.423000000000000000e+03
9.600000000000000000e+03 1.430000000000000000e+03
9.700000000000000000e+03 1.580000000000000000e+03
9.800000000000000000e+03 1.732000000000000000e+03
9.900000000000000000e+03 1.652000000000000000e+03
1.000000000000000000e+04 1.688000000000000000e+03
1.010000000000000000e+04 1.782000000000000000e+03
1.020000000000000000e+04 1.785000000000000000e+03
1.030000000000000000e+04 1.911000000000000000e+03
1.040000000000000000e+04 1.834000000000000000e+03
1.050000000000000000e+04 1.920000000000000000e+03
1.060000000000000000e+04 1.965000000000000000e+03
1.070000000000000000e+04 1.953000000000000000e+03
1.080000000000000000e+04 2.003000000000000000e+03
1.090000000000000000e+04 2.046000000000000000e+03
1.100000000000000000e+04 2.022000000000000000e+03
1.110000000000000000e+04 2.161000000000000000e+03
1.120000000000000000e+04 2.103000000000000000e+03
1.130000000000000000e+04 2.029000000000000000e+03
1.140000000000000000e+04 2.126000000000000000e+03
1.150000000000000000e+04 1.996000000000000000e+03
1.160000000000000000e+04 2.135000000000000000e+03
1.170000000000000000e+04 2.063000000000000000e+03
1.180000000000000000e+04 2.161000000000000000e+03
1.190000000000000000e+04 2.081000000000000000e+03
1.200000000000000000e+04 2.030000000000000000e+03
1.210000000000000000e+04 2.100000000000000000e+03
1.220000000000000000e+04 2.122000000000000000e+03
1.230000000000000000e+04 2.108000000000000000e+03
1.240000000000000000e+04 2.220000000000000000e+03
1.250000000000000000e+04 2.127000000000000000e+03
1.260000000000000000e+04 2.121000000000000000e+03
1.270000000000000000e+04 2.125000000000000000e+03
1.280000000000000000e+04 2.093000000000000000e+03
1.290000000000000000e+04 2.073000000000000000e+03
1.300000000000000000e+04 1.992000000000000000e+03
1.310000000000000000e+04 2.052000000000000000e+03
1.320000000000000000e+04 1.998000000000000000e+03
1.330000000000000000e+04 1.985000000000000000e+03
1.340000000000000000e+04 2.013000000000000000e+03
1.350000000000000000e+04 1.972000000000000000e+03
1.360000000000000000e+04 1.922000000000000000e+03
1.370000000000000000e+04 1.922000000000000000e+03
1.380000000000000000e+04 1.810000000000000000e+03
1.390000000000000000e+04 1.853000000000000000e+03
1.400000000000000000e+04 1.799000000000000000e+03
1.410000000000000000e+04 1.782000000000000000e+03
1.420000000000000000e+04 1.740000000000000000e+03
1.430000000000000000e+04 1.656000000000000000e+03
1.440000000000000000e+04 1.649000000000000000e+03
1.450000000000000000e+04 1.739000000000000000e+03
1.460000000000000000e+04 1.609000000000000000e+03
1.470000000000000000e+04 1.496000000000000000e+03
1.480000000000000000e+04 1.451000000000000000e+03
1.490000000000000000e+04 1.376000000000000000e+03
1.500000000000000000e+04 1.403000000000000000e+03
1.510000000000000000e+04 1.337000000000000000e+03
1.520000000000000000e+04 1.291000000000000000e+03
1.530000000000000000e+04 1.187000000000000000e+03
1.540000000000000000e+04 1.095000000000000000e+03
1.550000000000000000e+04 1.080000000000000000e+03
1.560000000000000000e+04 9.700000000000000000e+02
1.570000000000000000e+04 9.730000000000000000e+02
1.580000000000000000e+04 9.570000000000000000e+02
1.590000000000000000e+04 8.890000000000000000e+02
1.600000000000000000e+04 8.940000000000000000e+02
1.610000000000000000e+04 7.930000000000000000e+02
1.620000000000000000e+04 8.080000000000000000e+02
1.630000000000000000e+04 7.630000000000000000e+02
1.640000000000000000e+04 6.680000000000000000e+02
1.650000000000000000e+04 6.260000000000000000e+02
1.660000000000000000e+04 6.450000000000000000e+02
1.670000000000000000e+04 6.050000000000000000e+02
1.680000000000000000e+04 5.670000000000000000e+02
1.690000000000000000e+04 5.800000000000000000e+02
1.700000000000000000e+04 5.540000000000000000e+02
1.710000000000000000e+04 5.630000000000000000e+02
1.720000000000000000e+04 5.400000000000000000e+02
1.730000000000000000e+04 4.680000000000000000e+02
1.740000000000000000e+04 5.750000000000000000e+02
1.750000000000000000e+04 5.590000000000000000e+02
1.760000000000000000e+04 5.070000000000000000e+02
1.770000000000000000e+04 5.110000000000000000e+02
1.780000000000000000e+04 5.040000000000000000e+02
1.790000000000000000e+04 6.250000000000000000e+02
1.800000000000000000e+04 6.460000000000000000e+02
1.810000000000000000e+04 6.780000000000000000e+02
1.820000000000000000e+04 6.760000000000000000e+02
1.830000000000000000e+04 7.580000000000000000e+02
1.840000000000000000e+04 7.670000000000000000e+02
1.850000000000000000e+04 8.080000000000000000e+02
1.860000000000000000e+04 8.230000000000000000e+02
1.870000000000000000e+04 9.170000000000000000e+02
1.880000000000000000e+04 9.410000000000000000e+02
1.890000000000000000e+04 1.078000000000000000e+03
1.900000000000000000e+04 1.109000000000000000e+03
1.910000000000000000e+04 1.121000000000000000e+03
1.920000000000000000e+04 1.222000000000000000e+03
1.930000000000000000e+04 1.338000000000000000e+03
1.940000000000000000e+04 1.305000000000000000e+03
1.950000000000000000e+04 1.392000000000000000e+03
1.960000000000000000e+04 1.517000000000000000e+03
1.970000000000000000e+04 1.561000000000000000e+03
1.980000000000000000e+04 1.582000000000000000e+03
1.990000000000000000e+04 1.685000000000000000e+03
