0.000000000000000000e+00 6.984000000000000000e+03
1.000000000000000000e+04 7.688000000000000000e+03
2.000000000000000000e+04 7.847000000000000000e+03
3.000000000000000000e+04 7.879000000000000000e+03
4.000000000000000000e+04 8.253000000000000000e+03
5.000000000000000000e+04 8.357000000000000000e+03
6.000000000000000000e+04 8.438000000000000000e+03
7.000000000000000000e+04 8.374000000000000000e+03
8.000000000000000000e+04 8.764000000000000000e+03
9.000000000000000000e+04 8.660000000000000000e+03
1.000000000000000000e+05 8.782000000000000000e+03
1.100000000000000000e+05 8.801000000000000000e+03
1.200000000000000000e+05 8.976000000000000000e+03
1.300000000000000000e+05 9.045000000000000000e+03
1.400000000000000000e+05 9.021000000000000000e+03
1.500000000000000000e+05 9.225000000000000000e+03
1.600000000000000000e+05 9.174000000000000000e+03
1.700000000000000000e+05 9.227000000000000000e+03
1.800000000000000000e+05 9.241000000000000000e+03
1.900000000000000000e+05 9.160000000000000000e+03
2.000000000000000000e+05 9.166000000000000000e+03
2.100000000000000000e+05 9.185000000000000000e+03
2.200000000000000000e+05 9.193000000000000000e+03
2.300000000000000000e+05 9.164000000000000000e+03
2.400000000000000000e+05 9.342000000000000000e+03
2.500000000000000000e+05 9.215000000000000000e+03
2.600000000000000000e+05 8.873000000000000000e+03
2.700000000000000000e+05 9.078000000000000000e+03
2.800000000000000000e+05 9.024000000000000000e+03
2.900000000000000000e+05 8.953000000000000000e+03
3.000000000000000000e+05 8.588000000000000000e+03
3.100000000000000000e+05 8.590000000000000000e+03
3.200000000000000000e+05 8.425000000000000000e+03
3.300000000000000000e+05 8.058000000000000000e+03
3.400000000000000000e+05 8.335000000000000000e+03
3.500000000000000000e+05 8.134000000000000000e+03
3.600000000000000000e+05 7.720000000000000000e+03
3.700000000000000000e+05 7.619000000000000000e+03
3.800000000000000000e+05 7.447000000000000000e+03
3.900000000000000000e+05 7.228000000000000000e+03
4.000000000000000000e+05 6.904000000000000000e+03
4.100000000000000000e+05 6.727000000000000000e+03
4.200000000000000000e+05 6.449000000000000000e+03
4.300000000000000000e+05 6.194000000000000000e+03
4.400000000000000000e+05 5.999000000000000000e+03
4.500000000000000000e+05 5.589000000000000000e+03
4.600000000000000000e+05 5.412000000000000000e+03
4.700000000000000000e+05 5.107000000000000000e+03
4.800000000000000000e+05 4.907000000000000000e+03
4.900000000000000000e+05 4.440000000000000000e+03
5.000000000000000000e+05 4.386000000000000000e+03
5.100000000000000000e+05 3.997000000000000000e+03
5.200000000000000000e+05 3.739000000000000000e+03
5.300000000000000000e+05 3.420000000000000000e+03
5.400000000000000000e+05 3.184000000000000000e+03
5.500000000000000000e+05 2.959000000000000000e+03
5.600000000000000000e+05 2.740000000000000000e+03
5.700000000000000000e+05 2.606000000000000000e+03
5.800000000000000000e+05 2.321000000000000000e+03
5.900000000000000000e+05 2.318000000000000000e+03
6.000000000000000000e+05 2.006000000000000000e+03
6.100000000000000000e+05 1.851000000000000000e+03
6.200000000000000000e+05 1.695000000000000000e+03
6.300000000000000000e+05 1.736000000000000000e+03
6.400000000000000000e+05 1.613000000000000000e+03
6.500000000000000000e+05 1.587000000000000000e+03
6.600000000000000000e+05 1.432000000000000000e+03
6.700000000000000000e+05 1.483000000000000000e+03
6.800000000000000000e+05 1.370000000000000000e+03
6.900000000000000000e+05 1.461000000000000000e+03
7.000000000000000000e+05 1.383000000000000000e+03
7.100000000000000000e+05 1.453000000000000000e+03
7.200000000000000000e+05 1.515000000000000000e+03
7.300000000000000000e+05 1.493000000000000000e+03
7.400000000000000000e+05 1.509000000000000000e+03
7.500000000000000000e+05 1.742000000000000000e+03
7.600000000000000000e+05 1.697000000000000000e+03
7.700000000000000000e+05 1.785000000000000000e+03
7.800000000000000000e+05 1.901000000000000000e+03
7.900000000000000000e+05 2.146000000000000000e+03
8.000000000000000000e+05 2.310000000000000000e+03
8.100000000000000000e+05 2.436000000000000000e+03
8.200000000000000000e+05 2.744000000000000000e+03
8.300000000000000000e+05 2.754000000000000000e+03
8.400000000000000000e+05 3.030000000000000000e+03
8.500000000000000000e+05 3.309000000000000000e+03
8.600000000000000000e+05 3.624000000000000000e+03
8.700000000000000000e+05 3.787000000000000000e+03
8.800000000000000000e+05 3.994000000000000000e+03
8.900000000000000000e+05 4.437000000000000000e+03
9.000000000000000000e+05 4.639000000000000000e+03
9.100000000000000000e+05 4.781000000000000000e+03
9.200000000000000000e+05 5.180000000000000000e+03
9.300000000000000000e+05 5.503000000000000000e+03
9.400000000000000000e+05 5.807000000000000000e+03
9.500000000000000000e+05 6.015000000000000000e+03
9.600000000000000000e+05 6.198000000000000000e+03
9.700000000000000000e+05 6.614000000000000000e+03
9.800000000000000000e+05 6.902000000000000000e+03
9.900000000000000000e+05 7.052000000000000000e+03
1.000000000000000000e+06 7.308000000000000000e+03
1.010000000000000000e+06 7.619000000000000000e+03
1.020000000000000000e+06 7.837000000000000000e+03
1.030000000000000000e+06 7.904000000000000000e+03
1.040000000000000000e+06 8.197000000000000000e+03
1.050000000000000000e+06 8.214000000000000000e+03
1.060000000000000000e+06 8.469000000000000000e+03
1.070000000000000000e+06 8.518000000000000000e+03
1.080000000000000000e+06 8.591000000000000000e+03
1.090000000000000000e+06 8.933000000000000000e+03
1.100000000000000000e+06 8.860000000000000000e+03
1.110000000000000000e+06 8.939000000000000000e+03
1.120000000000000000e+06 9.118000000000000000e+03
1.130000000000000000e+06 8.860000000000000000e+03
1.140000000000000000e+06 9.159000000000000000e+03
1.150000000000000000e+06 9.328000000000000000e+03
1.160000000000000000e+06 9.111000000000000000e+03
1.170000000000000000e+06 9.139000000000000000e+03
1.180000000000000000e+06 9.333000000000000000e+03
1.190000000000000000e+06 9.154000000000000000e+03
1.200000000000000000e+06 9.315000000000000000e+03
1.210000000000000000e+06 9.302000000000000000e+03
1.220000000000000000e+06 9.293000000000000000e+03
1.230000000000000000e+06 9.304000000000000000e+03
1.240000000000000000e+06 9.045000000000000000e+03
1.250000000000000000e+06 8.951000000000000000e+03
1.260000000000000000e+06 8.855000000000000000e+03
1.270000000000000000e+06 9.056000000000000000e+03
1.280000000000000000e+06 8.993000000000000000e+03
1.290000000000000000e+06 8.993000000000000000e+03
1.300000000000000000e+06 8.643000000000000000e+03
1.310000000000000000e+06 8.540000000000000000e+03
1.320000000000000000e+06 8.443000000000000000e+03
1.330000000000000000e+06 8.182000000000000000e+03
1.340000000000000000e+06 8.125000000000000000e+03
1.350000000000000000e+06 7.747000000000000000e+03
1.360000000000000000e+06 7.595000000000000000e+03
1.370000000000000000e+06 7.507000000000000000e+03
1.380000000000000000e+06 7.500000000000000000e+03
1.390000000000000000e+06 7.071000000000000000e+03
1.400000000000000000e+06 7.001000000000000000e+03
1.410000000000000000e+06 6.775000000000000000e+03
1.420000000000000000e+06 6.518000000000000000e+03
1.430000000000000000e+06 6.220000000000000000e+03
1.440000000000000000e+06 5.955000000000000000e+03
1.450000000000000000e+06 5.680000000000000000e+03
1.460000000000000000e+06 5.428000000000000000e+03
1.470000000000000000e+06 5.177000000000000000e+03
1.480000000000000000e+06 4.873000000000000000e+03
1.490000000000000000e+06 4.764000000000000000e+03
1.500000000000000000e+06 4.235000000000000000e+03
1.510000000000000000e+06 4.003000000000000000e+03
1.520000000000000000e+06 3.678000000000000000e+03
1.530000000000000000e+06 3.340000000000000000e+03
1.540000000000000000e+06 3.134000000000000000e+03
1.550000000000000000e+06 2.786000000000000000e+03
1.560000000000000000e+06 2.722000000000000000e+03
1.570000000000000000e+06 2.465000000000000000e+03
1.580000000000000000e+06 2.378000000000000000e+03
1.590000000000000000e+06 2.188000000000000000e+03
1.600000000000000000e+06 1.993000000000000000e+03
1.610000000000000000e+06 1.939000000000000000e+03
1.620000000000000000e+06 1.713000000000000000e+03
1.630000000000000000e+06 1.649000000000000000e+03
1.640000000000000000e+06 1.574000000000000000e+03
1.650000000000000000e+06 1.577000000000000000e+03
1.660000000000000000e+06 1.465000000000000000e+03
1.670000000000000000e+06 1.481000000000000000e+03
1.680000000000000000e+06 1.349000000000000000e+03
1.690000000000000000e+06 1.436000000000000000e+03
1.700000000000000000e+06 1.346000000000000000e+03
1.710000000000000000e+06 1.421000000000000000e+03
1.720000000000000000e+06 1.393000000000000000e+03
1.730000000000000000e+06 1.446000000000000000e+03
1.740000000000000000e+06 1.524000000000000000e+03
1.750000000000000000e+06 1.656000000000000000e+03
1.760000000000000000e+06 1.732000000000000000e+03
1.770000000000000000e+06 1.813000000000000000e+03
1.780000000000000000e+06 1.986000000000000000e+03
1.790000000000000000e+06 2.196000000000000000e+03
1.800000000000000000e+06 2.358000000000000000e+03
1.810000000000000000e+06 2.358000000000000000e+03
1.820000000000000000e+06 2.624000000000000000e+03
1.830000000000000000e+06 2.811000000000000000e+03
1.840000000000000000e+06 3.057000000000000000e+03
1.850000000000000000e+06 3.275000000000000000e+03
1.860000000000000000e+06 3.556000000000000000e+03
1.870000000000000000e+06 3.710000000000000000e+03
1.880000000000000000e+06 4.014000000000000000e+03
1.890000000000000000e+06 4.369000000000000000e+03
1.900000000000000000e+06 4.627000000000000000e+03
1.910000000000000000e+06 4.918000000000000000e+03
1.920000000000000000e+06 5.188000000000000000e+03
1.930000000000000000e+06 5.477000000000000000e+03
1.940000000000000000e+06 5.892000000000000000e+03
1.950000000000000000e+06 6.238000000000000000e+03
1.960000000000000000e+06 6.399000000000000000e+03
1.970000000000000000e+06 6.617000000000000000e+03
1.980000000000000000e+06 6.855000000000000000e+03
1.990000000000000000e+06 7.095000000000000000e+03
