0.000000000000000000e+00 1.028700000000000000e+04
2.500000000000000000e+02 1.077100000000000000e+04
5.000000000000000000e+02 1.121400000000000000e+04
7.500000000000000000e+02 1.183100000000000000e+04
1.000000000000000000e+03 1.184300000000000000e+04
1.250000000000000000e+03 1.219800000000000000e+04
1.500000000000000000e+03 1.275800000000000000e+04
1.750000000000000000e+03 1.287600000000000000e+04
2.000000000000000000e+03 1.302600000000000000e+04
2.250000000000000000e+03 1.342400000000000000e+04
2.500000000000000000e+03 1.343200000000000000e+04
2.750000000000000000e+03 1.369500000000000000e+04
3.000000000000000000e+03 1.344100000000000000e+04
3.250000000000000000e+03 1.402100000000000000e+04
3.500000000000000000e+03 1.424800000000000000e+04
3.750000000000000000e+03 1.461000000000000000e+04
4.000000000000000000e+03 1.443600000000000000e+04
4.250000000000000000e+03 1.430300000000000000e+04
4.500000000000000000e+03 1.444600000000000000e+04
4.750000000000000000e+03 1.461400000000000000e+04
5.000000000000000000e+03 1.442100000000000000e+04
5.250000000000000000e+03 1.421600000000000000e+04
5.500000000000000000e+03 1.439900000000000000e+04
5.750000000000000000e+03 1.416400000000000000e+04
6.000000000000000000e+03 1.409600000000000000e+04
6.250000000000000000e+03 1.397500000000000000e+04
6.500000000000000000e+03 1.405500000000000000e+04
6.750000000000000000e+03 1.384700000000000000e+04
7.000000000000000000e+03 1.328700000000000000e+04
7.250000000000000000e+03 1.347200000000000000e+04
7.500000000000000000e+03 1.320900000000000000e+04
7.750000000000000000e+03 1.301000000000000000e+04
8.000000000000000000e+03 1.264000000000000000e+04
8.250000000000000000e+03 1.245100000000000000e+04
8.500000000000000000e+03 1.212900000000000000e+04
8.750000000000000000e+03 1.181600000000000000e+04
9.000000000000000000e+03 1.157100000000000000e+04
9.250000000000000000e+03 1.098200000000000000e+04
9.500000000000000000e+03 1.069400000000000000e+04
9.750000000000000000e+03 1.015900000000000000e+04
1.000000000000000000e+04 9.909000000000000000e+03
1.025000000000000000e+04 9.248000000000000000e+03
1.050000000000000000e+04 8.993000000000000000e+03
1.075000000000000000e+04 8.665000000000000000e+03
1.100000000000000000e+04 8.183000000000000000e+03
1.125000000000000000e+04 7.862000000000000000e+03
1.150000000000000000e+04 7.197000000000000000e+03
1.175000000000000000e+04 6.954000000000000000e+03
1.200000000000000000e+04 6.527000000000000000e+03
1.225000000000000000e+04 6.027000000000000000e+03
1.250000000000000000e+04 5.576000000000000000e+03
1.275000000000000000e+04 5.303000000000000000e+03
1.300000000000000000e+04 4.720000000000000000e+03
1.325000000000000000e+04 4.509000000000000000e+03
1.350000000000000000e+04 4.180000000000000000e+03
1.375000000000000000e+04 3.853000000000000000e+03
1.400000000000000000e+04 3.461000000000000000e+03
1.425000000000000000e+04 3.232000000000000000e+03
1.450000000000000000e+04 3.057000000000000000e+03
1.475000000000000000e+04 2.818000000000000000e+03
1.500000000000000000e+04 2.626000000000000000e+03
1.525000000000000000e+04 2.397000000000000000e+03
1.550000000000000000e+04 2.310000000000000000e+03
1.575000000000000000e+04 2.127000000000000000e+03
1.600000000000000000e+04 2.013000000000000000e+03
1.625000000000000000e+04 1.965000000000000000e+03
1.650000000000000000e+04 1.914000000000000000e+03
1.675000000000000000e+04 1.677000000000000000e+03
1.700000000000000000e+04 1.789000000000000000e+03
1.725000000000000000e+04 1.805000000000000000e+03
1.750000000000000000e+04 1.815000000000000000e+03
1.775000000000000000e+04 1.898000000000000000e+03
1.800000000000000000e+04 1.884000000000000000e+03
1.825000000000000000e+04 1.914000000000000000e+03
1.850000000000000000e+04 1.891000000000000000e+03
1.875000000000000000e+04 2.068000000000000000e+03
1.900000000000000000e+04 2.191000000000000000e+03
1.925000000000000000e+04 2.367000000000000000e+03
1.950000000000000000e+04 2.566000000000000000e+03
1.975000000000000000e+04 2.771000000000000000e+03
2.000000000000000000e+04 2.977000000000000000e+03
2.025000000000000000e+04 3.123000000000000000e+03
2.050000000000000000e+04 3.445000000000000000e+03
2.075000000000000000e+04 3.747000000000000000e+03
2.100000000000000000e+04 4.005000000000000000e+03
2.125000000000000000e+04 4.446000000000000000e+03
2.150000000000000000e+04 4.674000000000000000e+03
2.175000000000000000e+04 5.081000000000000000e+03
2.200000000000000000e+04 5.520000000000000000e+03
2.225000000000000000e+04 5.800000000000000000e+03
2.250000000000000000e+04 6.370000000000000000e+03
2.275000000000000000e+04 6.681000000000000000e+03
2.300000000000000000e+04 7.191000000000000000e+03
2.325000000000000000e+04 7.561000000000000000e+03
2.350000000000000000e+04 8.025000000000000000e+03
2.375000000000000000e+04 8.632000000000000000e+03
2.400000000000000000e+04 8.986000000000000000e+03
2.425000000000000000e+04 9.487000000000000000e+03
2.450000000000000000e+04 9.808000000000000000e+03
2.475000000000000000e+04 1.001200000000000000e+04
2.500000000000000000e+04 1.046900000000000000e+04
2.525000000000000000e+04 1.094200000000000000e+04
2.550000000000000000e+04 1.129800000000000000e+04
2.575000000000000000e+04 1.146800000000000000e+04
2.600000000000000000e+04 1.207000000000000000e+04
2.625000000000000000e+04 1.226200000000000000e+04
2.650000000000000000e+04 1.244200000000000000e+04
2.675000000000000000e+04 1.290300000000000000e+04
2.700000000000000000e+04 1.305200000000000000e+04
2.725000000000000000e+04 1.327600000000000000e+04
2.750000000000000000e+04 1.371800000000000000e+04
2.775000000000000000e+04 1.349300000000000000e+04
2.800000000000000000e+04 1.390700000000000000e+04
2.825000000000000000e+04 1.390600000000000000e+04
2.850000000000000000e+04 1.401200000000000000e+04
2.875000000000000000e+04 1.395800000000000000e+04
2.900000000000000000e+04 1.442800000000000000e+04
2.925000000000000000e+04 1.456100000000000000e+04
2.950000000000000000e+04 1.439000000000000000e+04
2.975000000000000000e+04 1.426100000000000000e+04
3.000000000000000000e+04 1.414800000000000000e+04
3.025000000000000000e+04 1.406200000000000000e+04
3.050000000000000000e+04 1.437000000000000000e+04
3.075000000000000000e+04 1.428100000000000000e+04
3.100000000000000000e+04 1.392900000000000000e+04
3.125000000000000000e+04 1.407300000000000000e+04
3.150000000000000000e+04 1.403500000000000000e+04
3.175000000000000000e+04 1.386700000000000000e+04
3.200000000000000000e+04 1.349500000000000000e+04
3.225000000000000000e+04 1.323600000000000000e+04
3.250000000000000000e+04 1.320700000000000000e+04
3.275000000000000000e+04 1.297700000000000000e+04
3.300000000000000000e+04 1.287400000000000000e+04
3.325000000000000000e+04 1.227100000000000000e+04
3.350000000000000000e+04 1.219500000000000000e+04
3.375000000000000000e+04 1.172400000000000000e+04
3.400000000000000000e+04 1.160700000000000000e+04
3.425000000000000000e+04 1.101100000000000000e+04
3.450000000000000000e+04 1.062600000000000000e+04
3.475000000000000000e+04 1.038300000000000000e+04
3.500000000000000000e+04 9.866000000000000000e+03
3.525000000000000000e+04 9.485000000000000000e+03
3.550000000000000000e+04 9.033000000000000000e+03
3.575000000000000000e+04 8.475000000000000000e+03
3.600000000000000000e+04 8.157000000000000000e+03
3.625000000000000000e+04 7.841000000000000000e+03
3.650000000000000000e+04 7.213000000000000000e+03
3.675000000000000000e+04 6.772000000000000000e+03
3.700000000000000000e+04 6.463000000000000000e+03
3.725000000000000000e+04 6.058000000000000000e+03
3.750000000000000000e+04 5.601000000000000000e+03
3.775000000000000000e+04 5.332000000000000000e+03
3.800000000000000000e+04 4.881000000000000000e+03
3.825000000000000000e+04 4.390000000000000000e+03
3.850000000000000000e+04 4.143000000000000000e+03
3.875000000000000000e+04 3.797000000000000000e+03
3.900000000000000000e+04 3.436000000000000000e+03
3.925000000000000000e+04 3.262000000000000000e+03
3.950000000000000000e+04 3.120000000000000000e+03
3.975000000000000000e+04 2.752000000000000000e+03
4.000000000000000000e+04 2.661000000000000000e+03
4.025000000000000000e+04 2.427000000000000000e+03
4.050000000000000000e+04 2.315000000000000000e+03
4.075000000000000000e+04 2.136000000000000000e+03
4.100000000000000000e+04 2.070000000000000000e+03
4.125000000000000000e+04 1.912000000000000000e+03
4.150000000000000000e+04 1.860000000000000000e+03
4.175000000000000000e+04 1.839000000000000000e+03
4.200000000000000000e+04 1.757000000000000000e+03
4.225000000000000000e+04 1.792000000000000000e+03
4.250000000000000000e+04 1.732000000000000000e+03
4.275000000000000000e+04 1.846000000000000000e+03
4.300000000000000000e+04 1.837000000000000000e+03
4.325000000000000000e+04 1.976000000000000000e+03
4.350000000000000000e+04 1.894000000000000000e+03
4.375000000000000000e+04 2.129000000000000000e+03
4.400000000000000000e+04 2.238000000000000000e+03
4.425000000000000000e+04 2.385000000000000000e+03
4.450000000000000000e+04 2.441000000000000000e+03
4.475000000000000000e+04 2.668000000000000000e+03
4.500000000000000000e+04 2.888000000000000000e+03
4.525000000000000000e+04 3.255000000000000000e+03
4.550000000000000000e+04 3.431000000000000000e+03
4.575000000000000000e+04 3.670000000000000000e+03
4.600000000000000000e+04 3.837000000000000000e+03
4.625000000000000000e+04 4.367000000000000000e+03
4.650000000000000000e+04 4.685000000000000000e+03
4.675000000000000000e+04 5.229000000000000000e+03
4.700000000000000000e+04 5.427000000000000000e+03
4.725000000000000000e+04 5.884000000000000000e+03
4.750000000000000000e+04 6.341000000000000000e+03
4.775000000000000000e+04 6.724000000000000000e+03
4.800000000000000000e+04 7.248000000000000000e+03
4.825000000000000000e+04 7.558000000000000000e+03
4.850000000000000000e+04 7.904000000000000000e+03
4.875000000000000000e+04 8.488000000000000000e+03
4.900000000000000000e+04 9.051000000000000000e+03
4.925000000000000000e+04 9.391000000000000000e+03
4.950000000000000000e+04 9.698000000000000000e+03
4.975000000000000000e+04 1.033300000000000000e+04
