0.000000000000000000e+00 1.973300000000000000e+04
3.333000000000000000e+03 2.027100000000000000e+04
6.666000000000000000e+03 2.111000000000000000e+04
9.999000000000000000e+03 2.160400000000000000e+04
1.333200000000000000e+04 2.189300000000000000e+04
1.666500000000000000e+04 2.263000000000000000e+04
1.999800000000000000e+04 2.296000000000000000e+04
2.333100000000000000e+04 2.386500000000000000e+04
2.666400000000000000e+04 2.424200000000000000e+04
2.999700000000000000e+04 2.460200000000000000e+04
3.333000000000000000e+04 2.481900000000000000e+04
3.666300000000000000e+04 2.544000000000000000e+04
3.999600000000000000e+04 2.540500000000000000e+04
4.332900000000000000e+04 2.550400000000000000e+04
4.666200000000000000e+04 2.573900000000000000e+04
4.999500000000000000e+04 2.648700000000000000e+04
5.332800000000000000e+04 2.645300000000000000e+04
5.666100000000000000e+04 2.633400000000000000e+04
5.999400000000000000e+04 2.634000000000000000e+04
6.332700000000000000e+04 2.626200000000000000e+04
6.666000000000000000e+04 2.638500000000000000e+04
6.999300000000000000e+04 2.583500000000000000e+04
7.332600000000000000e+04 2.597100000000000000e+04
7.665900000000000000e+04 2.609200000000000000e+04
7.999200000000000000e+04 2.602600000000000000e+04
8.332500000000000000e+04 2.555900000000000000e+04
8.665800000000000000e+04 2.559100000000000000e+04
8.999100000000000000e+04 2.533700000000000000e+04
9.332400000000000000e+04 2.482000000000000000e+04
9.665700000000000000e+04 2.482700000000000000e+04
9.999000000000000000e+04 2.415500000000000000e+04
1.033230000000000000e+05 2.439800000000000000e+04
1.066560000000000000e+05 2.388500000000000000e+04
1.099890000000000000e+05 2.281200000000000000e+04
1.133220000000000000e+05 2.242900000000000000e+04
1.166550000000000000e+05 2.162300000000000000e+04
1.199880000000000000e+05 2.134300000000000000e+04
1.233210000000000000e+05 2.057100000000000000e+04
1.266540000000000000e+05 1.991800000000000000e+04
1.299870000000000000e+05 1.904900000000000000e+04
1.333200000000000000e+05 1.836600000000000000e+04
1.366530000000000000e+05 1.755800000000000000e+04
1.399860000000000000e+05 1.698300000000000000e+04
1.433190000000000000e+05 1.600700000000000000e+04
1.466520000000000000e+05 1.531100000000000000e+04
1.499850000000000000e+05 1.441500000000000000e+04
1.533180000000000000e+05 1.360000000000000000e+04
1.566510000000000000e+05 1.286000000000000000e+04
1.599840000000000000e+05 1.203800000000000000e+04
1.633170000000000000e+05 1.139400000000000000e+04
1.666500000000000000e+05 1.057500000000000000e+04
1.699830000000000000e+05 9.890000000000000000e+03
1.733160000000000000e+05 8.996000000000000000e+03
1.766490000000000000e+05 8.333000000000000000e+03
1.799820000000000000e+05 7.909000000000000000e+03
1.833150000000000000e+05 7.247000000000000000e+03
1.866480000000000000e+05 6.738000000000000000e+03
1.899810000000000000e+05 6.203000000000000000e+03
1.933140000000000000e+05 5.617000000000000000e+03
1.966470000000000000e+05 5.339000000000000000e+03
1.999800000000000000e+05 4.804000000000000000e+03
2.033130000000000000e+05 4.496000000000000000e+03
2.066460000000000000e+05 4.473000000000000000e+03
2.099790000000000000e+05 4.088000000000000000e+03
2.133120000000000000e+05 3.895000000000000000e+03
2.166450000000000000e+05 3.684000000000000000e+03
2.199780000000000000e+05 3.550000000000000000e+03
2.233110000000000000e+05 3.407000000000000000e+03
2.266440000000000000e+05 3.417000000000000000e+03
2.299770000000000000e+05 3.386000000000000000e+03
2.333100000000000000e+05 3.395000000000000000e+03
2.366430000000000000e+05 3.475000000000000000e+03
2.399760000000000000e+05 3.447000000000000000e+03
2.433090000000000000e+05 3.708000000000000000e+03
2.466420000000000000e+05 3.689000000000000000e+03
2.499750000000000000e+05 3.950000000000000000e+03
2.533080000000000000e+05 4.173000000000000000e+03
2.566410000000000000e+05 4.399000000000000000e+03
2.599740000000000000e+05 4.830000000000000000e+03
2.633070000000000000e+05 5.143000000000000000e+03
2.666400000000000000e+05 5.438000000000000000e+03
2.699730000000000000e+05 5.786000000000000000e+03
2.733060000000000000e+05 6.438000000000000000e+03
2.766390000000000000e+05 6.823000000000000000e+03
2.799720000000000000e+05 7.520000000000000000e+03
2.833050000000000000e+05 8.202000000000000000e+03
2.866380000000000000e+05 8.718000000000000000e+03
2.899710000000000000e+05 9.414000000000000000e+03
2.933040000000000000e+05 1.009600000000000000e+04
2.966370000000000000e+05 1.083800000000000000e+04
2.999700000000000000e+05 1.176100000000000000e+04
3.033030000000000000e+05 1.242300000000000000e+04
3.066360000000000000e+05 1.318600000000000000e+04
3.099690000000000000e+05 1.418500000000000000e+04
3.133020000000000000e+05 1.484400000000000000e+04
3.166350000000000000e+05 1.554300000000000000e+04
3.199680000000000000e+05 1.636600000000000000e+04
3.233010000000000000e+05 1.750100000000000000e+04
3.266340000000000000e+05 1.813900000000000000e+04
3.299670000000000000e+05 1.868200000000000000e+04
3.333000000000000000e+05 1.948100000000000000e+04
3.366330000000000000e+05 2.002500000000000000e+04
3.399660000000000000e+05 2.085400000000000000e+04
3.432990000000000000e+05 2.176100000000000000e+04
3.466320000000000000e+05 2.223700000000000000e+04
3.499650000000000000e+05 2.270200000000000000e+04
3.532980000000000000e+05 2.294300000000000000e+04
3.566310000000000000e+05 2.363600000000000000e+04
3.599640000000000000e+05 2.379800000000000000e+04
3.632970000000000000e+05 2.452300000000000000e+04
3.666300000000000000e+05 2.467000000000000000e+04
3.699630000000000000e+05 2.530400000000000000e+04
3.732960000000000000e+05 2.533400000000000000e+04
3.766290000000000000e+05 2.569800000000000000e+04
3.799620000000000000e+05 2.582900000000000000e+04
3.832950000000000000e+05 2.603500000000000000e+04
3.866280000000000000e+05 2.609700000000000000e+04
3.899610000000000000e+05 2.609400000000000000e+04
3.932940000000000000e+05 2.638300000000000000e+04
3.966270000000000000e+05 2.667800000000000000e+04
3.999600000000000000e+05 2.654300000000000000e+04
4.032930000000000000e+05 2.644200000000000000e+04
4.066260000000000000e+05 2.654000000000000000e+04
4.099590000000000000e+05 2.631900000000000000e+04
4.132920000000000000e+05 2.590300000000000000e+04
4.166250000000000000e+05 2.593300000000000000e+04
4.199580000000000000e+05 2.544500000000000000e+04
4.232910000000000000e+05 2.572800000000000000e+04
4.266240000000000000e+05 2.533800000000000000e+04
4.299570000000000000e+05 2.474200000000000000e+04
4.332900000000000000e+05 2.443200000000000000e+04
4.366230000000000000e+05 2.409800000000000000e+04
4.399560000000000000e+05 2.344300000000000000e+04
4.432890000000000000e+05 2.268300000000000000e+04
4.466220000000000000e+05 2.247500000000000000e+04
4.499550000000000000e+05 2.182400000000000000e+04
4.532880000000000000e+05 2.129300000000000000e+04
4.566210000000000000e+05 2.074900000000000000e+04
4.599540000000000000e+05 1.997900000000000000e+04
4.632870000000000000e+05 1.931900000000000000e+04
4.666200000000000000e+05 1.841000000000000000e+04
4.699530000000000000e+05 1.778300000000000000e+04
4.732860000000000000e+05 1.683300000000000000e+04
4.766190000000000000e+05 1.610600000000000000e+04
4.799520000000000000e+05 1.535500000000000000e+04
4.832850000000000000e+05 1.444900000000000000e+04
4.866180000000000000e+05 1.349300000000000000e+04
4.899510000000000000e+05 1.276900000000000000e+04
4.932840000000000000e+05 1.187900000000000000e+04
4.966170000000000000e+05 1.142400000000000000e+04
4.999500000000000000e+05 1.063800000000000000e+04
5.032830000000000000e+05 9.778000000000000000e+03
5.066160000000000000e+05 9.024000000000000000e+03
5.099490000000000000e+05 8.396000000000000000e+03
5.132820000000000000e+05 7.920000000000000000e+03
5.166150000000000000e+05 7.062000000000000000e+03
5.199480000000000000e+05 6.515000000000000000e+03
5.232810000000000000e+05 6.188000000000000000e+03
5.266140000000000000e+05 5.704000000000000000e+03
5.299470000000000000e+05 5.153000000000000000e+03
5.332800000000000000e+05 5.047000000000000000e+03
5.366130000000000000e+05 4.696000000000000000e+03
5.399460000000000000e+05 4.246000000000000000e+03
5.432790000000000000e+05 3.998000000000000000e+03
5.466120000000000000e+05 3.843000000000000000e+03
5.499450000000000000e+05 3.715000000000000000e+03
5.532780000000000000e+05 3.484000000000000000e+03
5.566110000000000000e+05 3.470000000000000000e+03
5.599440000000000000e+05 3.391000000000000000e+03
5.632770000000000000e+05 3.348000000000000000e+03
5.666100000000000000e+05 3.361000000000000000e+03
5.699430000000000000e+05 3.397000000000000000e+03
5.732760000000000000e+05 3.430000000000000000e+03
5.766090000000000000e+05 3.678000000000000000e+03
5.799420000000000000e+05 3.780000000000000000e+03
5.832750000000000000e+05 3.991000000000000000e+03
5.866080000000000000e+05 4.276000000000000000e+03
5.899410000000000000e+05 4.551000000000000000e+03
5.932740000000000000e+05 4.769000000000000000e+03
5.966070000000000000e+05 5.124000000000000000e+03
5.999400000000000000e+05 5.526000000000000000e+03
6.032730000000000000e+05 5.973000000000000000e+03
6.066060000000000000e+05 6.379000000000000000e+03
6.099390000000000000e+05 6.802000000000000000e+03
6.132720000000000000e+05 7.669000000000000000e+03
6.166050000000000000e+05 8.216000000000000000e+03
6.199380000000000000e+05 8.898000000000000000e+03
6.232710000000000000e+05 9.385000000000000000e+03
6.266040000000000000e+05 1.017400000000000000e+04
6.299370000000000000e+05 1.087700000000000000e+04
6.332700000000000000e+05 1.159500000000000000e+04
6.366030000000000000e+05 1.232900000000000000e+04
6.399360000000000000e+05 1.322500000000000000e+04
6.432690000000000000e+05 1.421100000000000000e+04
6.466020000000000000e+05 1.484200000000000000e+04
6.499350000000000000e+05 1.571300000000000000e+04
6.532680000000000000e+05 1.639700000000000000e+04
6.566010000000000000e+05 1.727600000000000000e+04
6.599340000000000000e+05 1.797900000000000000e+04
6.632670000000000000e+05 1.892100000000000000e+04
