0.000000000000000000e+00 1.124400000000000000e+04
1.000000000000000000e+03 1.176600000000000000e+04
2.000000000000000000e+03 1.213600000000000000e+04
3.000000000000000000e+03 1.248100000000000000e+04
4.000000000000000000e+03 1.273800000000000000e+04
5.000000000000000000e+03 1.294400000000000000e+04
6.000000000000000000e+03 1.348400000000000000e+04
7.000000000000000000e+03 1.342600000000000000e+04
8.000000000000000000e+03 1.398500000000000000e+04
9.000000000000000000e+03 1.431400000000000000e+04
1.000000000000000000e+04 1.446400000000000000e+04
1.100000000000000000e+04 1.434600000000000000e+04
1.200000000000000000e+04 1.468300000000000000e+04
1.300000000000000000e+04 1.458500000000000000e+04
1.400000000000000000e+04 1.490900000000000000e+04
1.500000000000000000e+04 1.496800000000000000e+04
1.600000000000000000e+04 1.501900000000000000e+04
1.700000000000000000e+04 1.533100000000000000e+04
1.800000000000000000e+04 1.528300000000000000e+04
1.900000000000000000e+04 1.519700000000000000e+04
2.000000000000000000e+04 1.521900000000000000e+04
2.100000000000000000e+04 1.513700000000000000e+04
2.200000000000000000e+04 1.513700000000000000e+04
2.300000000000000000e+04 1.518700000000000000e+04
2.400000000000000000e+04 1.504700000000000000e+04
2.500000000000000000e+04 1.484500000000000000e+04
2.600000000000000000e+04 1.478400000000000000e+04
2.700000000000000000e+04 1.435000000000000000e+04
2.800000000000000000e+04 1.463700000000000000e+04
2.900000000000000000e+04 1.413700000000000000e+04
3.000000000000000000e+04 1.404600000000000000e+04
3.100000000000000000e+04 1.383000000000000000e+04
3.200000000000000000e+04 1.354300000000000000e+04
3.300000000000000000e+04 1.337700000000000000e+04
3.400000000000000000e+04 1.288100000000000000e+04
3.500000000000000000e+04 1.224700000000000000e+04
3.600000000000000000e+04 1.208800000000000000e+04
3.700000000000000000e+04 1.192400000000000000e+04
3.800000000000000000e+04 1.146900000000000000e+04
3.900000000000000000e+04 1.109600000000000000e+04
4.000000000000000000e+04 1.058100000000000000e+04
4.100000000000000000e+04 1.012800000000000000e+04
4.200000000000000000e+04 9.747000000000000000e+03
4.300000000000000000e+04 9.300000000000000000e+03
4.400000000000000000e+04 8.723000000000000000e+03
4.500000000000000000e+04 8.308000000000000000e+03
4.600000000000000000e+04 7.883000000000000000e+03
4.700000000000000000e+04 7.328000000000000000e+03
4.800000000000000000e+04 6.958000000000000000e+03
4.900000000000000000e+04 6.348000000000000000e+03
5.000000000000000000e+04 5.921000000000000000e+03
5.100000000000000000e+04 5.636000000000000000e+03
5.200000000000000000e+04 5.117000000000000000e+03
5.300000000000000000e+04 4.757000000000000000e+03
5.400000000000000000e+04 4.488000000000000000e+03
5.500000000000000000e+04 4.083000000000000000e+03
5.600000000000000000e+04 3.777000000000000000e+03
5.700000000000000000e+04 3.567000000000000000e+03
5.800000000000000000e+04 3.471000000000000000e+03
5.900000000000000000e+04 2.894000000000000000e+03
6.000000000000000000e+04 2.797000000000000000e+03
6.100000000000000000e+04 2.616000000000000000e+03
6.200000000000000000e+04 2.326000000000000000e+03
6.300000000000000000e+04 2.318000000000000000e+03
6.400000000000000000e+04 2.181000000000000000e+03
6.500000000000000000e+04 2.064000000000000000e+03
6.600000000000000000e+04 1.952000000000000000e+03
6.700000000000000000e+04 2.012000000000000000e+03
6.800000000000000000e+04 1.874000000000000000e+03
6.900000000000000000e+04 1.897000000000000000e+03
7.000000000000000000e+04 1.893000000000000000e+03
7.100000000000000000e+04 2.017000000000000000e+03
7.200000000000000000e+04 1.966000000000000000e+03
7.300000000000000000e+04 2.079000000000000000e+03
7.400000000000000000e+04 2.152000000000000000e+03
7.500000000000000000e+04 2.237000000000000000e+03
7.600000000000000000e+04 2.438000000000000000e+03
7.700000000000000000e+04 2.535000000000000000e+03
7.800000000000000000e+04 2.741000000000000000e+03
7.900000000000000000e+04 2.913000000000000000e+03
8.000000000000000000e+04 3.109000000000000000e+03
8.100000000000000000e+04 3.390000000000000000e+03
8.200000000000000000e+04 3.730000000000000000e+03
8.300000000000000000e+04 3.938000000000000000e+03
8.400000000000000000e+04 4.200000000000000000e+03
8.500000000000000000e+04 4.666000000000000000e+03
8.600000000000000000e+04 5.113000000000000000e+03
8.700000000000000000e+04 5.337000000000000000e+03
8.800000000000000000e+04 5.867000000000000000e+03
8.900000000000000000e+04 6.207000000000000000e+03
9.000000000000000000e+04 6.738000000000000000e+03
9.100000000000000000e+04 7.132000000000000000e+03
9.200000000000000000e+04 7.633000000000000000e+03
9.300000000000000000e+04 8.336000000000000000e+03
9.400000000000000000e+04 8.758000000000000000e+03
9.500000000000000000e+04 9.078000000000000000e+03
9.600000000000000000e+04 9.510000000000000000e+03
9.700000000000000000e+04 1.015200000000000000e+04
9.800000000000000000e+04 1.066300000000000000e+04
9.900000000000000000e+04 1.090700000000000000e+04
1.000000000000000000e+05 1.097800000000000000e+04
1.010000000000000000e+05 1.165200000000000000e+04
1.020000000000000000e+05 1.225600000000000000e+04
1.030000000000000000e+05 1.244100000000000000e+04
1.040000000000000000e+05 1.285200000000000000e+04
1.050000000000000000e+05 1.304200000000000000e+04
1.060000000000000000e+05 1.364300000000000000e+04
1.070000000000000000e+05 1.383200000000000000e+04
1.080000000000000000e+05 1.394400000000000000e+04
1.090000000000000000e+05 1.420800000000000000e+04
1.100000000000000000e+05 1.445600000000000000e+04
1.110000000000000000e+05 1.452100000000000000e+04
1.120000000000000000e+05 1.473100000000000000e+04
1.130000000000000000e+05 1.481100000000000000e+04
1.140000000000000000e+05 1.487400000000000000e+04
1.150000000000000000e+05 1.517400000000000000e+04
1.160000000000000000e+05 1.499900000000000000e+04
1.170000000000000000e+05 1.520500000000000000e+04
1.180000000000000000e+05 1.525400000000000000e+04
1.190000000000000000e+05 1.510900000000000000e+04
1.200000000000000000e+05 1.520200000000000000e+04
1.210000000000000000e+05 1.526100000000000000e+04
1.220000000000000000e+05 1.516700000000000000e+04
1.230000000000000000e+05 1.506800000000000000e+04
1.240000000000000000e+05 1.498500000000000000e+04
1.250000000000000000e+05 1.472800000000000000e+04
1.260000000000000000e+05 1.480500000000000000e+04
1.270000000000000000e+05 1.469500000000000000e+04
1.280000000000000000e+05 1.427900000000000000e+04
1.290000000000000000e+05 1.428800000000000000e+04
1.300000000000000000e+05 1.400200000000000000e+04
1.310000000000000000e+05 1.382900000000000000e+04
1.320000000000000000e+05 1.367400000000000000e+04
1.330000000000000000e+05 1.343300000000000000e+04
1.340000000000000000e+05 1.299900000000000000e+04
1.350000000000000000e+05 1.232400000000000000e+04
1.360000000000000000e+05 1.215900000000000000e+04
1.370000000000000000e+05 1.200200000000000000e+04
1.380000000000000000e+05 1.133600000000000000e+04
1.390000000000000000e+05 1.096000000000000000e+04
1.400000000000000000e+05 1.061300000000000000e+04
1.410000000000000000e+05 1.016700000000000000e+04
1.420000000000000000e+05 9.655000000000000000e+03
1.430000000000000000e+05 9.273000000000000000e+03
1.440000000000000000e+05 8.888000000000000000e+03
1.450000000000000000e+05 8.516000000000000000e+03
1.460000000000000000e+05 7.650000000000000000e+03
1.470000000000000000e+05 7.412000000000000000e+03
1.480000000000000000e+05 6.945000000000000000e+03
1.490000000000000000e+05 6.512000000000000000e+03
1.500000000000000000e+05 6.117000000000000000e+03
1.510000000000000000e+05 5.546000000000000000e+03
1.520000000000000000e+05 5.081000000000000000e+03
1.530000000000000000e+05 4.838000000000000000e+03
1.540000000000000000e+05 4.449000000000000000e+03
1.550000000000000000e+05 4.065000000000000000e+03
1.560000000000000000e+05 3.731000000000000000e+03
1.570000000000000000e+05 3.495000000000000000e+03
1.580000000000000000e+05 3.162000000000000000e+03
1.590000000000000000e+05 3.001000000000000000e+03
1.600000000000000000e+05 2.702000000000000000e+03
1.610000000000000000e+05 2.670000000000000000e+03
1.620000000000000000e+05 2.320000000000000000e+03
1.630000000000000000e+05 2.271000000000000000e+03
1.640000000000000000e+05 2.161000000000000000e+03
1.650000000000000000e+05 2.101000000000000000e+03
1.660000000000000000e+05 2.055000000000000000e+03
1.670000000000000000e+05 2.021000000000000000e+03
1.680000000000000000e+05 1.888000000000000000e+03
1.690000000000000000e+05 1.906000000000000000e+03
1.700000000000000000e+05 1.962000000000000000e+03
1.710000000000000000e+05 1.909000000000000000e+03
1.720000000000000000e+05 1.956000000000000000e+03
1.730000000000000000e+05 2.063000000000000000e+03
1.740000000000000000e+05 2.159000000000000000e+03
1.750000000000000000e+05 2.311000000000000000e+03
1.760000000000000000e+05 2.362000000000000000e+03
1.770000000000000000e+05 2.597000000000000000e+03
1.780000000000000000e+05 2.711000000000000000e+03
1.790000000000000000e+05 2.819000000000000000e+03
1.800000000000000000e+05 3.109000000000000000e+03
1.810000000000000000e+05 3.369000000000000000e+03
1.820000000000000000e+05 3.676000000000000000e+03
1.830000000000000000e+05 3.999000000000000000e+03
1.840000000000000000e+05 4.331000000000000000e+03
1.850000000000000000e+05 4.557000000000000000e+03
1.860000000000000000e+05 5.118000000000000000e+03
1.870000000000000000e+05 5.445000000000000000e+03
1.880000000000000000e+05 5.913000000000000000e+03
1.890000000000000000e+05 6.212000000000000000e+03
1.900000000000000000e+05 6.639000000000000000e+03
1.910000000000000000e+05 7.344000000000000000e+03
1.920000000000000000e+05 7.723000000000000000e+03
1.930000000000000000e+05 8.115000000000000000e+03
1.940000000000000000e+05 8.699000000000000000e+03
1.950000000000000000e+05 9.157000000000000000e+03
1.960000000000000000e+05 9.416000000000000000e+03
1.970000000000000000e+05 9.800000000000000000e+03
1.980000000000000000e+05 1.050800000000000000e+04
1.990000000000000000e+05 1.100600000000000000e+04
