0.000000000000000000e+00 2.488500000000000000e+04
1.000000000000000000e+04 2.668600000000000000e+04
2.000000000000000000e+04 2.700700000000000000e+04
3.000000000000000000e+04 2.797900000000000000e+04
4.000000000000000000e+04 2.824100000000000000e+04
5.000000000000000000e+04 2.898900000000000000e+04
6.000000000000000000e+04 2.960600000000000000e+04
7.000000000000000000e+04 3.024700000000000000e+04
8.000000000000000000e+04 3.098600000000000000e+04
9.000000000000000000e+04 3.106000000000000000e+04
1.000000000000000000e+05 3.188200000000000000e+04
1.100000000000000000e+05 3.254900000000000000e+04
1.200000000000000000e+05 3.225000000000000000e+04
1.300000000000000000e+05 3.273000000000000000e+04
1.400000000000000000e+05 3.309800000000000000e+04
1.500000000000000000e+05 3.299700000000000000e+04
1.600000000000000000e+05 3.317200000000000000e+04
1.700000000000000000e+05 3.331800000000000000e+04
1.800000000000000000e+05 3.376300000000000000e+04
1.900000000000000000e+05 3.351500000000000000e+04
2.000000000000000000e+05 3.330500000000000000e+04
2.100000000000000000e+05 3.313200000000000000e+04
2.200000000000000000e+05 3.322300000000000000e+04
2.300000000000000000e+05 3.374600000000000000e+04
2.400000000000000000e+05 3.312000000000000000e+04
2.500000000000000000e+05 3.280300000000000000e+04
2.600000000000000000e+05 3.252900000000000000e+04
2.700000000000000000e+05 3.195400000000000000e+04
2.800000000000000000e+05 3.200200000000000000e+04
2.900000000000000000e+05 3.147800000000000000e+04
3.000000000000000000e+05 3.072100000000000000e+04
3.100000000000000000e+05 2.986900000000000000e+04
3.200000000000000000e+05 2.961700000000000000e+04
3.300000000000000000e+05 2.889700000000000000e+04
3.400000000000000000e+05 2.853700000000000000e+04
3.500000000000000000e+05 2.765400000000000000e+04
3.600000000000000000e+05 2.680800000000000000e+04
3.700000000000000000e+05 2.618000000000000000e+04
3.800000000000000000e+05 2.510300000000000000e+04
3.900000000000000000e+05 2.424100000000000000e+04
4.000000000000000000e+05 2.323500000000000000e+04
4.100000000000000000e+05 2.221300000000000000e+04
4.200000000000000000e+05 2.142100000000000000e+04
4.300000000000000000e+05 2.019800000000000000e+04
4.400000000000000000e+05 1.924500000000000000e+04
4.500000000000000000e+05 1.812600000000000000e+04
4.600000000000000000e+05 1.705400000000000000e+04
4.700000000000000000e+05 1.598300000000000000e+04
4.800000000000000000e+05 1.526800000000000000e+04
4.900000000000000000e+05 1.406500000000000000e+04
5.000000000000000000e+05 1.324300000000000000e+04
5.100000000000000000e+05 1.213600000000000000e+04
5.200000000000000000e+05 1.140500000000000000e+04
5.300000000000000000e+05 1.050200000000000000e+04
5.400000000000000000e+05 9.566000000000000000e+03
5.500000000000000000e+05 8.736000000000000000e+03
5.600000000000000000e+05 8.182000000000000000e+03
5.700000000000000000e+05 7.705000000000000000e+03
5.800000000000000000e+05 6.958000000000000000e+03
5.900000000000000000e+05 6.400000000000000000e+03
6.000000000000000000e+05 5.961000000000000000e+03
6.100000000000000000e+05 5.600000000000000000e+03
6.200000000000000000e+05 5.243000000000000000e+03
6.300000000000000000e+05 4.873000000000000000e+03
6.400000000000000000e+05 4.696000000000000000e+03
6.500000000000000000e+05 4.469000000000000000e+03
6.600000000000000000e+05 4.305000000000000000e+03
6.700000000000000000e+05 4.354000000000000000e+03
6.800000000000000000e+05 4.146000000000000000e+03
6.900000000000000000e+05 4.135000000000000000e+03
7.000000000000000000e+05 4.036000000000000000e+03
7.100000000000000000e+05 4.150000000000000000e+03
7.200000000000000000e+05 4.281000000000000000e+03
7.300000000000000000e+05 4.392000000000000000e+03
7.400000000000000000e+05 4.727000000000000000e+03
7.500000000000000000e+05 4.900000000000000000e+03
7.600000000000000000e+05 5.055000000000000000e+03
7.700000000000000000e+05 5.374000000000000000e+03
7.800000000000000000e+05 5.851000000000000000e+03
7.900000000000000000e+05 6.241000000000000000e+03
8.000000000000000000e+05 6.746000000000000000e+03
8.100000000000000000e+05 7.231000000000000000e+03
8.200000000000000000e+05 7.826000000000000000e+03
8.300000000000000000e+05 8.588000000000000000e+03
8.400000000000000000e+05 9.271000000000000000e+03
8.500000000000000000e+05 1.014700000000000000e+04
8.600000000000000000e+05 1.083600000000000000e+04
8.700000000000000000e+05 1.177200000000000000e+04
8.800000000000000000e+05 1.280900000000000000e+04
8.900000000000000000e+05 1.374600000000000000e+04
9.000000000000000000e+05 1.453300000000000000e+04
9.100000000000000000e+05 1.562300000000000000e+04
9.200000000000000000e+05 1.668300000000000000e+04
9.300000000000000000e+05 1.777800000000000000e+04
9.400000000000000000e+05 1.864000000000000000e+04
9.500000000000000000e+05 1.971000000000000000e+04
9.600000000000000000e+05 2.056000000000000000e+04
9.700000000000000000e+05 2.163900000000000000e+04
9.800000000000000000e+05 2.286000000000000000e+04
9.900000000000000000e+05 2.352800000000000000e+04
1.000000000000000000e+06 2.468000000000000000e+04
1.010000000000000000e+06 2.551900000000000000e+04
1.020000000000000000e+06 2.641200000000000000e+04
1.030000000000000000e+06 2.736500000000000000e+04
1.040000000000000000e+06 2.795300000000000000e+04
1.050000000000000000e+06 2.867600000000000000e+04
1.060000000000000000e+06 2.911400000000000000e+04
1.070000000000000000e+06 2.990300000000000000e+04
1.080000000000000000e+06 3.024600000000000000e+04
1.090000000000000000e+06 3.068200000000000000e+04
1.100000000000000000e+06 3.154700000000000000e+04
1.110000000000000000e+06 3.183900000000000000e+04
1.120000000000000000e+06 3.222500000000000000e+04
1.130000000000000000e+06 3.237100000000000000e+04
1.140000000000000000e+06 3.248500000000000000e+04
1.150000000000000000e+06 3.260600000000000000e+04
1.160000000000000000e+06 3.316700000000000000e+04
1.170000000000000000e+06 3.356100000000000000e+04
1.180000000000000000e+06 3.366900000000000000e+04
1.190000000000000000e+06 3.367100000000000000e+04
1.200000000000000000e+06 3.345600000000000000e+04
1.210000000000000000e+06 3.378100000000000000e+04
1.220000000000000000e+06 3.348900000000000000e+04
1.230000000000000000e+06 3.300300000000000000e+04
1.240000000000000000e+06 3.277900000000000000e+04
1.250000000000000000e+06 3.304300000000000000e+04
1.260000000000000000e+06 3.242700000000000000e+04
1.270000000000000000e+06 3.203700000000000000e+04
1.280000000000000000e+06 3.149600000000000000e+04
1.290000000000000000e+06 3.113500000000000000e+04
1.300000000000000000e+06 3.078800000000000000e+04
1.310000000000000000e+06 3.002500000000000000e+04
1.320000000000000000e+06 2.975700000000000000e+04
1.330000000000000000e+06 2.902500000000000000e+04
1.340000000000000000e+06 2.822400000000000000e+04
1.350000000000000000e+06 2.769300000000000000e+04
1.360000000000000000e+06 2.702600000000000000e+04
1.370000000000000000e+06 2.617300000000000000e+04
1.380000000000000000e+06 2.509000000000000000e+04
1.390000000000000000e+06 2.412700000000000000e+04
1.400000000000000000e+06 2.312200000000000000e+04
1.410000000000000000e+06 2.231200000000000000e+04
1.420000000000000000e+06 2.111800000000000000e+04
1.430000000000000000e+06 2.039600000000000000e+04
1.440000000000000000e+06 1.937200000000000000e+04
1.450000000000000000e+06 1.792700000000000000e+04
1.460000000000000000e+06 1.717400000000000000e+04
1.470000000000000000e+06 1.614400000000000000e+04
1.480000000000000000e+06 1.506400000000000000e+04
1.490000000000000000e+06 1.423800000000000000e+04
1.500000000000000000e+06 1.319300000000000000e+04
1.510000000000000000e+06 1.225200000000000000e+04
1.520000000000000000e+06 1.125200000000000000e+04
1.530000000000000000e+06 1.037200000000000000e+04
1.540000000000000000e+06 9.562000000000000000e+03
1.550000000000000000e+06 8.922000000000000000e+03
1.560000000000000000e+06 8.128000000000000000e+03
1.570000000000000000e+06 7.568000000000000000e+03
1.580000000000000000e+06 6.999000000000000000e+03
1.590000000000000000e+06 6.726000000000000000e+03
1.600000000000000000e+06 5.981000000000000000e+03
1.610000000000000000e+06 5.692000000000000000e+03
1.620000000000000000e+06 5.356000000000000000e+03
1.630000000000000000e+06 5.033000000000000000e+03
1.640000000000000000e+06 4.595000000000000000e+03
1.650000000000000000e+06 4.390000000000000000e+03
1.660000000000000000e+06 4.324000000000000000e+03
1.670000000000000000e+06 4.222000000000000000e+03
1.680000000000000000e+06 4.199000000000000000e+03
1.690000000000000000e+06 4.014000000000000000e+03
1.700000000000000000e+06 4.054000000000000000e+03
1.710000000000000000e+06 4.122000000000000000e+03
1.720000000000000000e+06 4.153000000000000000e+03
1.730000000000000000e+06 4.374000000000000000e+03
1.740000000000000000e+06 4.592000000000000000e+03
1.750000000000000000e+06 4.849000000000000000e+03
1.760000000000000000e+06 5.119000000000000000e+03
1.770000000000000000e+06 5.466000000000000000e+03
1.780000000000000000e+06 5.769000000000000000e+03
1.790000000000000000e+06 6.318000000000000000e+03
1.800000000000000000e+06 6.671000000000000000e+03
1.810000000000000000e+06 7.017000000000000000e+03
1.820000000000000000e+06 7.963000000000000000e+03
1.830000000000000000e+06 8.417000000000000000e+03
1.840000000000000000e+06 9.262000000000000000e+03
1.850000000000000000e+06 1.004800000000000000e+04
1.860000000000000000e+06 1.074400000000000000e+04
1.870000000000000000e+06 1.150600000000000000e+04
1.880000000000000000e+06 1.256600000000000000e+04
1.890000000000000000e+06 1.368400000000000000e+04
1.900000000000000000e+06 1.438900000000000000e+04
1.910000000000000000e+06 1.528600000000000000e+04
1.920000000000000000e+06 1.629900000000000000e+04
1.930000000000000000e+06 1.732100000000000000e+04
1.940000000000000000e+06 1.844900000000000000e+04
1.950000000000000000e+06 1.979000000000000000e+04
1.960000000000000000e+06 2.065200000000000000e+04
1.970000000000000000e+06 2.143600000000000000e+04
1.980000000000000000e+06 2.268800000000000000e+04
1.990000000000000000e+06 2.358100000000000000e+04
