0.000000000000000000e+00 9.798000000000000000e+03
3.330000000000000000e+02 1.011300000000000000e+04
6.660000000000000000e+02 1.052300000000000000e+04
9.990000000000000000e+02 1.097300000000000000e+04
1.332000000000000000e+03 1.126300000000000000e+04
1.665000000000000000e+03 1.132200000000000000e+04
1.998000000000000000e+03 1.161700000000000000e+04
2.331000000000000000e+03 1.165400000000000000e+04
2.664000000000000000e+03 1.203300000000000000e+04
2.997000000000000000e+03 1.247900000000000000e+04
3.330000000000000000e+03 1.251000000000000000e+04
3.663000000000000000e+03 1.292100000000000000e+04
3.996000000000000000e+03 1.263700000000000000e+04
4.329000000000000000e+03 1.311000000000000000e+04
4.662000000000000000e+03 1.305100000000000000e+04
4.995000000000000000e+03 1.301700000000000000e+04
5.328000000000000000e+03 1.305800000000000000e+04
5.661000000000000000e+03 1.320700000000000000e+04
5.994000000000000000e+03 1.307000000000000000e+04
6.327000000000000000e+03 1.348400000000000000e+04
6.660000000000000000e+03 1.329600000000000000e+04
6.993000000000000000e+03 1.325300000000000000e+04
7.326000000000000000e+03 1.327200000000000000e+04
7.659000000000000000e+03 1.310900000000000000e+04
7.992000000000000000e+03 1.319100000000000000e+04
8.325000000000000000e+03 1.285600000000000000e+04
8.658000000000000000e+03 1.296900000000000000e+04
8.991000000000000000e+03 1.266400000000000000e+04
9.324000000000000000e+03 1.249900000000000000e+04
9.657000000000000000e+03 1.230400000000000000e+04
9.990000000000000000e+03 1.226300000000000000e+04
1.032300000000000000e+04 1.210100000000000000e+04
1.065600000000000000e+04 1.167600000000000000e+04
1.098900000000000000e+04 1.147000000000000000e+04
1.132200000000000000e+04 1.126200000000000000e+04
1.165500000000000000e+04 1.106600000000000000e+04
1.198800000000000000e+04 1.052100000000000000e+04
1.232100000000000000e+04 1.037200000000000000e+04
1.265400000000000000e+04 9.877000000000000000e+03
1.298700000000000000e+04 9.317000000000000000e+03
1.332000000000000000e+04 9.002000000000000000e+03
1.365300000000000000e+04 8.754000000000000000e+03
1.398600000000000000e+04 8.658000000000000000e+03
1.431900000000000000e+04 7.969000000000000000e+03
1.465200000000000000e+04 7.464000000000000000e+03
1.498500000000000000e+04 7.174000000000000000e+03
1.531800000000000000e+04 6.751000000000000000e+03
1.565100000000000000e+04 6.526000000000000000e+03
1.598400000000000000e+04 5.847000000000000000e+03
1.631700000000000000e+04 5.659000000000000000e+03
1.665000000000000000e+04 5.225000000000000000e+03
1.698300000000000000e+04 4.898000000000000000e+03
1.731600000000000000e+04 4.411000000000000000e+03
1.764900000000000000e+04 4.228000000000000000e+03
1.798200000000000000e+04 3.729000000000000000e+03
1.831500000000000000e+04 3.505000000000000000e+03
1.864800000000000000e+04 3.303000000000000000e+03
1.898100000000000000e+04 3.058000000000000000e+03
1.931400000000000000e+04 2.759000000000000000e+03
1.964700000000000000e+04 2.502000000000000000e+03
1.998000000000000000e+04 2.407000000000000000e+03
2.031300000000000000e+04 2.213000000000000000e+03
2.064600000000000000e+04 2.104000000000000000e+03
2.097900000000000000e+04 2.010000000000000000e+03
2.131200000000000000e+04 1.926000000000000000e+03
2.164500000000000000e+04 1.805000000000000000e+03
2.197800000000000000e+04 1.793000000000000000e+03
2.231100000000000000e+04 1.699000000000000000e+03
2.264400000000000000e+04 1.661000000000000000e+03
2.297700000000000000e+04 1.601000000000000000e+03
2.331000000000000000e+04 1.643000000000000000e+03
2.364300000000000000e+04 1.741000000000000000e+03
2.397600000000000000e+04 1.709000000000000000e+03
2.430900000000000000e+04 1.783000000000000000e+03
2.464200000000000000e+04 1.820000000000000000e+03
2.497500000000000000e+04 1.923000000000000000e+03
2.530800000000000000e+04 2.090000000000000000e+03
2.564100000000000000e+04 2.191000000000000000e+03
2.597400000000000000e+04 2.316000000000000000e+03
2.630700000000000000e+04 2.482000000000000000e+03
2.664000000000000000e+04 2.629000000000000000e+03
2.697300000000000000e+04 2.870000000000000000e+03
2.730600000000000000e+04 3.199000000000000000e+03
2.763900000000000000e+04 3.495000000000000000e+03
2.797200000000000000e+04 3.671000000000000000e+03
2.830500000000000000e+04 4.061000000000000000e+03
2.863800000000000000e+04 4.370000000000000000e+03
2.897100000000000000e+04 4.829000000000000000e+03
2.930400000000000000e+04 4.909000000000000000e+03
2.963700000000000000e+04 5.415000000000000000e+03
2.997000000000000000e+04 5.831000000000000000e+03
3.030300000000000000e+04 6.201000000000000000e+03
3.063600000000000000e+04 6.571000000000000000e+03
3.096900000000000000e+04 7.145000000000000000e+03
3.130200000000000000e+04 7.651000000000000000e+03
3.163500000000000000e+04 7.999000000000000000e+03
3.196800000000000000e+04 8.361000000000000000e+03
3.230100000000000000e+04 8.681000000000000000e+03
3.263400000000000000e+04 9.086000000000000000e+03
3.296700000000000000e+04 9.535000000000000000e+03
3.330000000000000000e+04 9.692000000000000000e+03
3.363300000000000000e+04 1.007600000000000000e+04
3.396600000000000000e+04 1.062200000000000000e+04
3.429900000000000000e+04 1.076100000000000000e+04
3.463200000000000000e+04 1.098900000000000000e+04
3.496500000000000000e+04 1.148300000000000000e+04
3.529800000000000000e+04 1.159300000000000000e+04
3.563100000000000000e+04 1.214900000000000000e+04
3.596400000000000000e+04 1.211400000000000000e+04
3.629700000000000000e+04 1.231200000000000000e+04
3.663000000000000000e+04 1.232100000000000000e+04
3.696300000000000000e+04 1.255600000000000000e+04
3.729600000000000000e+04 1.284500000000000000e+04
3.762900000000000000e+04 1.306100000000000000e+04
3.796200000000000000e+04 1.304700000000000000e+04
3.829500000000000000e+04 1.323500000000000000e+04
3.862800000000000000e+04 1.333800000000000000e+04
3.896100000000000000e+04 1.322700000000000000e+04
3.929400000000000000e+04 1.333000000000000000e+04
3.962700000000000000e+04 1.330200000000000000e+04
3.996000000000000000e+04 1.314000000000000000e+04
4.029300000000000000e+04 1.328500000000000000e+04
4.062600000000000000e+04 1.330300000000000000e+04
4.095900000000000000e+04 1.319200000000000000e+04
4.129200000000000000e+04 1.311000000000000000e+04
4.162500000000000000e+04 1.303000000000000000e+04
4.195800000000000000e+04 1.306200000000000000e+04
4.229100000000000000e+04 1.282200000000000000e+04
4.262400000000000000e+04 1.259000000000000000e+04
4.295700000000000000e+04 1.234200000000000000e+04
4.329000000000000000e+04 1.219300000000000000e+04
4.362300000000000000e+04 1.197700000000000000e+04
4.395600000000000000e+04 1.182600000000000000e+04
4.428900000000000000e+04 1.147000000000000000e+04
4.462200000000000000e+04 1.114100000000000000e+04
4.495500000000000000e+04 1.096700000000000000e+04
4.528800000000000000e+04 1.065300000000000000e+04
4.562100000000000000e+04 1.035600000000000000e+04
4.595400000000000000e+04 1.022900000000000000e+04
4.628700000000000000e+04 9.903000000000000000e+03
4.662000000000000000e+04 9.162000000000000000e+03
4.695300000000000000e+04 8.817000000000000000e+03
4.728600000000000000e+04 8.402000000000000000e+03
4.761900000000000000e+04 8.075000000000000000e+03
4.795200000000000000e+04 7.681000000000000000e+03
4.828500000000000000e+04 7.160000000000000000e+03
4.861800000000000000e+04 6.771000000000000000e+03
4.895100000000000000e+04 6.472000000000000000e+03
4.928400000000000000e+04 6.142000000000000000e+03
4.961700000000000000e+04 5.633000000000000000e+03
4.995000000000000000e+04 5.223000000000000000e+03
5.028300000000000000e+04 4.895000000000000000e+03
5.061600000000000000e+04 4.624000000000000000e+03
5.094900000000000000e+04 4.254000000000000000e+03
5.128200000000000000e+04 3.845000000000000000e+03
5.161500000000000000e+04 3.531000000000000000e+03
5.194800000000000000e+04 3.268000000000000000e+03
5.228100000000000000e+04 2.927000000000000000e+03
5.261400000000000000e+04 2.905000000000000000e+03
5.294700000000000000e+04 2.625000000000000000e+03
5.328000000000000000e+04 2.476000000000000000e+03
5.361300000000000000e+04 2.345000000000000000e+03
5.394600000000000000e+04 2.234000000000000000e+03
5.427900000000000000e+04 1.962000000000000000e+03
5.461200000000000000e+04 1.867000000000000000e+03
5.494500000000000000e+04 1.884000000000000000e+03
5.527800000000000000e+04 1.797000000000000000e+03
5.561100000000000000e+04 1.693000000000000000e+03
5.594400000000000000e+04 1.691000000000000000e+03
5.627700000000000000e+04 1.649000000000000000e+03
5.661000000000000000e+04 1.740000000000000000e+03
5.694300000000000000e+04 1.605000000000000000e+03
5.727600000000000000e+04 1.646000000000000000e+03
5.760900000000000000e+04 1.742000000000000000e+03
5.794200000000000000e+04 1.925000000000000000e+03
5.827500000000000000e+04 1.903000000000000000e+03
5.860800000000000000e+04 2.012000000000000000e+03
5.894100000000000000e+04 2.123000000000000000e+03
5.927400000000000000e+04 2.339000000000000000e+03
5.960700000000000000e+04 2.494000000000000000e+03
5.994000000000000000e+04 2.695000000000000000e+03
6.027300000000000000e+04 2.838000000000000000e+03
6.060600000000000000e+04 3.116000000000000000e+03
6.093900000000000000e+04 3.343000000000000000e+03
6.127200000000000000e+04 3.771000000000000000e+03
6.160500000000000000e+04 4.016000000000000000e+03
6.193800000000000000e+04 4.273000000000000000e+03
6.227100000000000000e+04 4.756000000000000000e+03
6.260400000000000000e+04 5.034000000000000000e+03
6.293700000000000000e+04 5.448000000000000000e+03
6.327000000000000000e+04 5.831000000000000000e+03
6.360300000000000000e+04 6.153000000000000000e+03
6.393600000000000000e+04 6.557000000000000000e+03
6.426900000000000000e+04 7.051000000000000000e+03
6.460200000000000000e+04 7.480000000000000000e+03
6.493500000000000000e+04 7.878000000000000000e+03
6.526800000000000000e+04 8.159000000000000000e+03
6.560100000000000000e+04 8.648000000000000000e+03
6.593400000000000000e+04 9.119000000000000000e+03
6.626700000000000000e+04 9.317000000000000000e+03
