0.000000000000000000e+00 1.139300000000000000e+04
5.000000000000000000e+01 1.188300000000000000e+04
1.000000000000000000e+02 1.214100000000000000e+04
1.500000000000000000e+02 1.268200000000000000e+04
2.000000000000000000e+02 1.291700000000000000e+04
2.500000000000000000e+02 1.346400000000000000e+04
3.000000000000000000e+02 1.347400000000000000e+04
3.500000000000000000e+02 1.366200000000000000e+04
4.000000000000000000e+02 1.409100000000000000e+04
4.500000000000000000e+02 1.453100000000000000e+04
5.000000000000000000e+02 1.444200000000000000e+04
5.500000000000000000e+02 1.489800000000000000e+04
6.000000000000000000e+02 1.476900000000000000e+04
6.500000000000000000e+02 1.496200000000000000e+04
7.000000000000000000e+02 1.521700000000000000e+04
7.500000000000000000e+02 1.531800000000000000e+04
8.000000000000000000e+02 1.537700000000000000e+04
8.500000000000000000e+02 1.539500000000000000e+04
9.000000000000000000e+02 1.556300000000000000e+04
9.500000000000000000e+02 1.524400000000000000e+04
1.000000000000000000e+03 1.535500000000000000e+04
1.050000000000000000e+03 1.529000000000000000e+04
1.100000000000000000e+03 1.507300000000000000e+04
1.150000000000000000e+03 1.536700000000000000e+04
1.200000000000000000e+03 1.499400000000000000e+04
1.250000000000000000e+03 1.503800000000000000e+04
1.300000000000000000e+03 1.478500000000000000e+04
1.350000000000000000e+03 1.489400000000000000e+04
1.400000000000000000e+03 1.435500000000000000e+04
1.450000000000000000e+03 1.438200000000000000e+04
1.500000000000000000e+03 1.420500000000000000e+04
1.550000000000000000e+03 1.394200000000000000e+04
1.600000000000000000e+03 1.358000000000000000e+04
1.650000000000000000e+03 1.334100000000000000e+04
1.700000000000000000e+03 1.302300000000000000e+04
1.750000000000000000e+03 1.258700000000000000e+04
1.800000000000000000e+03 1.232400000000000000e+04
1.850000000000000000e+03 1.180800000000000000e+04
1.900000000000000000e+03 1.139100000000000000e+04
1.950000000000000000e+03 1.124700000000000000e+04
2.000000000000000000e+03 1.069800000000000000e+04
2.050000000000000000e+03 1.033000000000000000e+04
2.100000000000000000e+03 9.971000000000000000e+03
2.150000000000000000e+03 9.307000000000000000e+03
2.200000000000000000e+03 8.739000000000000000e+03
2.250000000000000000e+03 8.292000000000000000e+03
2.300000000000000000e+03 7.750000000000000000e+03
2.350000000000000000e+03 7.289000000000000000e+03
2.400000000000000000e+03 6.952000000000000000e+03
2.450000000000000000e+03 6.414000000000000000e+03
2.500000000000000000e+03 6.099000000000000000e+03
2.550000000000000000e+03 5.548000000000000000e+03
2.600000000000000000e+03 5.253000000000000000e+03
2.650000000000000000e+03 4.832000000000000000e+03
2.700000000000000000e+03 4.511000000000000000e+03
2.750000000000000000e+03 4.156000000000000000e+03
2.800000000000000000e+03 3.837000000000000000e+03
2.850000000000000000e+03 3.583000000000000000e+03
2.900000000000000000e+03 3.381000000000000000e+03
2.950000000000000000e+03 2.986000000000000000e+03
3.000000000000000000e+03 2.780000000000000000e+03
3.050000000000000000e+03 2.529000000000000000e+03
3.100000000000000000e+03 2.501000000000000000e+03
3.150000000000000000e+03 2.295000000000000000e+03
3.200000000000000000e+03 2.183000000000000000e+03
3.250000000000000000e+03 2.072000000000000000e+03
3.300000000000000000e+03 2.105000000000000000e+03
3.350000000000000000e+03 1.981000000000000000e+03
3.400000000000000000e+03 1.999000000000000000e+03
3.450000000000000000e+03 1.873000000000000000e+03
3.500000000000000000e+03 1.878000000000000000e+03
3.550000000000000000e+03 1.981000000000000000e+03
3.600000000000000000e+03 2.023000000000000000e+03
3.650000000000000000e+03 2.052000000000000000e+03
3.700000000000000000e+03 2.164000000000000000e+03
3.750000000000000000e+03 2.291000000000000000e+03
3.800000000000000000e+03 2.375000000000000000e+03
3.850000000000000000e+03 2.521000000000000000e+03
3.900000000000000000e+03 2.800000000000000000e+03
3.950000000000000000e+03 2.939000000000000000e+03
4.000000000000000000e+03 3.164000000000000000e+03
4.050000000000000000e+03 3.360000000000000000e+03
4.100000000000000000e+03 3.693000000000000000e+03
4.150000000000000000e+03 3.989000000000000000e+03
4.200000000000000000e+03 4.395000000000000000e+03
4.250000000000000000e+03 4.718000000000000000e+03
4.300000000000000000e+03 5.169000000000000000e+03
4.350000000000000000e+03 5.513000000000000000e+03
4.400000000000000000e+03 6.016000000000000000e+03
4.450000000000000000e+03 6.433000000000000000e+03
4.500000000000000000e+03 6.827000000000000000e+03
4.550000000000000000e+03 7.457000000000000000e+03
4.600000000000000000e+03 7.863000000000000000e+03
4.650000000000000000e+03 8.225000000000000000e+03
4.700000000000000000e+03 8.758000000000000000e+03
4.750000000000000000e+03 9.218000000000000000e+03
4.800000000000000000e+03 9.589000000000000000e+03
4.850000000000000000e+03 9.947000000000000000e+03
4.900000000000000000e+03 1.052800000000000000e+04
4.950000000000000000e+03 1.101600000000000000e+04
5.000000000000000000e+03 1.144700000000000000e+04
5.050000000000000000e+03 1.198400000000000000e+04
5.100000000000000000e+03 1.206600000000000000e+04
5.150000000000000000e+03 1.227400000000000000e+04
5.200000000000000000e+03 1.311700000000000000e+04
5.250000000000000000e+03 1.320100000000000000e+04
5.300000000000000000e+03 1.343100000000000000e+04
5.350000000000000000e+03 1.377800000000000000e+04
5.400000000000000000e+03 1.432700000000000000e+04
5.450000000000000000e+03 1.421900000000000000e+04
5.500000000000000000e+03 1.430800000000000000e+04
5.550000000000000000e+03 1.469400000000000000e+04
5.600000000000000000e+03 1.491600000000000000e+04
5.650000000000000000e+03 1.489900000000000000e+04
5.700000000000000000e+03 1.513300000000000000e+04
5.750000000000000000e+03 1.534500000000000000e+04
5.800000000000000000e+03 1.539900000000000000e+04
5.850000000000000000e+03 1.524000000000000000e+04
5.900000000000000000e+03 1.521600000000000000e+04
5.950000000000000000e+03 1.518700000000000000e+04
6.000000000000000000e+03 1.537500000000000000e+04
6.050000000000000000e+03 1.550100000000000000e+04
6.100000000000000000e+03 1.536900000000000000e+04
6.150000000000000000e+03 1.534800000000000000e+04
6.200000000000000000e+03 1.533900000000000000e+04
6.250000000000000000e+03 1.502300000000000000e+04
6.300000000000000000e+03 1.480600000000000000e+04
6.350000000000000000e+03 1.500100000000000000e+04
6.400000000000000000e+03 1.433700000000000000e+04
6.450000000000000000e+03 1.432900000000000000e+04
6.500000000000000000e+03 1.417800000000000000e+04
6.550000000000000000e+03 1.378800000000000000e+04
6.600000000000000000e+03 1.358700000000000000e+04
6.650000000000000000e+03 1.334700000000000000e+04
6.700000000000000000e+03 1.291500000000000000e+04
6.750000000000000000e+03 1.278400000000000000e+04
6.800000000000000000e+03 1.212000000000000000e+04
6.850000000000000000e+03 1.195800000000000000e+04
6.900000000000000000e+03 1.146000000000000000e+04
6.950000000000000000e+03 1.125900000000000000e+04
7.000000000000000000e+03 1.063100000000000000e+04
7.050000000000000000e+03 1.039800000000000000e+04
7.100000000000000000e+03 9.705000000000000000e+03
7.150000000000000000e+03 9.480000000000000000e+03
7.200000000000000000e+03 8.860000000000000000e+03
7.250000000000000000e+03 8.242000000000000000e+03
7.300000000000000000e+03 7.805000000000000000e+03
7.350000000000000000e+03 7.315000000000000000e+03
7.400000000000000000e+03 6.635000000000000000e+03
7.450000000000000000e+03 6.371000000000000000e+03
7.500000000000000000e+03 5.981000000000000000e+03
7.550000000000000000e+03 5.565000000000000000e+03
7.600000000000000000e+03 5.229000000000000000e+03
7.650000000000000000e+03 4.811000000000000000e+03
7.700000000000000000e+03 4.505000000000000000e+03
7.750000000000000000e+03 4.070000000000000000e+03
7.800000000000000000e+03 3.831000000000000000e+03
7.850000000000000000e+03 3.608000000000000000e+03
7.900000000000000000e+03 3.299000000000000000e+03
7.950000000000000000e+03 3.007000000000000000e+03
8.000000000000000000e+03 2.871000000000000000e+03
8.050000000000000000e+03 2.601000000000000000e+03
8.100000000000000000e+03 2.471000000000000000e+03
8.150000000000000000e+03 2.257000000000000000e+03
8.200000000000000000e+03 2.217000000000000000e+03
8.250000000000000000e+03 2.051000000000000000e+03
8.300000000000000000e+03 2.058000000000000000e+03
8.350000000000000000e+03 2.004000000000000000e+03
8.400000000000000000e+03 1.978000000000000000e+03
8.450000000000000000e+03 1.897000000000000000e+03
8.500000000000000000e+03 1.932000000000000000e+03
8.550000000000000000e+03 1.975000000000000000e+03
8.600000000000000000e+03 1.997000000000000000e+03
8.650000000000000000e+03 2.013000000000000000e+03
8.700000000000000000e+03 2.211000000000000000e+03
8.750000000000000000e+03 2.284000000000000000e+03
8.800000000000000000e+03 2.466000000000000000e+03
8.850000000000000000e+03 2.542000000000000000e+03
8.900000000000000000e+03 2.780000000000000000e+03
8.950000000000000000e+03 2.853000000000000000e+03
9.000000000000000000e+03 3.227000000000000000e+03
9.050000000000000000e+03 3.391000000000000000e+03
9.100000000000000000e+03 3.676000000000000000e+03
9.150000000000000000e+03 4.097000000000000000e+03
9.200000000000000000e+03 4.268000000000000000e+03
9.250000000000000000e+03 4.757000000000000000e+03
9.300000000000000000e+03 5.165000000000000000e+03
9.350000000000000000e+03 5.519000000000000000e+03
9.400000000000000000e+03 5.960000000000000000e+03
9.450000000000000000e+03 6.519000000000000000e+03
9.500000000000000000e+03 6.805000000000000000e+03
9.550000000000000000e+03 7.279000000000000000e+03
9.600000000000000000e+03 7.945000000000000000e+03
9.650000000000000000e+03 8.386000000000000000e+03
9.700000000000000000e+03 8.866000000000000000e+03
9.750000000000000000e+03 9.215000000000000000e+03
9.800000000000000000e+03 9.550000000000000000e+03
9.850000000000000000e+03 9.977000000000000000e+03
9.900000000000000000e+03 1.044200000000000000e+04
9.950000000000000000e+03 1.112800000000000000e+04
