0.000000000000000000e+00 1.064300000000000000e+04
1.670000000000000000e+02 1.081900000000000000e+04
3.340000000000000000e+02 1.137500000000000000e+04
5.010000000000000000e+02 1.170500000000000000e+04
6.680000000000000000e+02 1.202500000000000000e+04
8.350000000000000000e+02 1.203800000000000000e+04
1.002000000000000000e+03 1.263300000000000000e+04
1.169000000000000000e+03 1.295400000000000000e+04
1.336000000000000000e+03 1.306500000000000000e+04
1.503000000000000000e+03 1.315900000000000000e+04
1.670000000000000000e+03 1.335500000000000000e+04
1.837000000000000000e+03 1.369900000000000000e+04
2.004000000000000000e+03 1.375000000000000000e+04
2.171000000000000000e+03 1.377000000000000000e+04
2.338000000000000000e+03 1.407100000000000000e+04
2.505000000000000000e+03 1.411500000000000000e+04
2.672000000000000000e+03 1.413800000000000000e+04
2.839000000000000000e+03 1.418500000000000000e+04
3.006000000000000000e+03 1.440700000000000000e+04
3.173000000000000000e+03 1.435000000000000000e+04
3.340000000000000000e+03 1.416100000000000000e+04
3.507000000000000000e+03 1.429100000000000000e+04
3.674000000000000000e+03 1.422200000000000000e+04
3.841000000000000000e+03 1.423600000000000000e+04
4.008000000000000000e+03 1.417900000000000000e+04
4.175000000000000000e+03 1.418200000000000000e+04
4.342000000000000000e+03 1.410400000000000000e+04
4.509000000000000000e+03 1.389600000000000000e+04
4.676000000000000000e+03 1.343000000000000000e+04
4.843000000000000000e+03 1.331100000000000000e+04
5.010000000000000000e+03 1.310000000000000000e+04
5.177000000000000000e+03 1.305600000000000000e+04
5.344000000000000000e+03 1.259000000000000000e+04
5.511000000000000000e+03 1.239100000000000000e+04
5.678000000000000000e+03 1.197200000000000000e+04
5.845000000000000000e+03 1.181100000000000000e+04
6.012000000000000000e+03 1.145100000000000000e+04
6.179000000000000000e+03 1.105600000000000000e+04
6.346000000000000000e+03 1.072900000000000000e+04
6.513000000000000000e+03 1.028700000000000000e+04
6.680000000000000000e+03 9.838000000000000000e+03
6.847000000000000000e+03 9.463000000000000000e+03
7.014000000000000000e+03 9.024000000000000000e+03
7.181000000000000000e+03 8.701000000000000000e+03
7.348000000000000000e+03 8.093000000000000000e+03
7.515000000000000000e+03 7.521000000000000000e+03
7.682000000000000000e+03 7.193000000000000000e+03
7.849000000000000000e+03 6.859000000000000000e+03
8.016000000000000000e+03 6.335000000000000000e+03
8.183000000000000000e+03 5.977000000000000000e+03
8.350000000000000000e+03 5.606000000000000000e+03
8.517000000000000000e+03 5.087000000000000000e+03
8.684000000000000000e+03 4.763000000000000000e+03
8.851000000000000000e+03 4.416000000000000000e+03
9.018000000000000000e+03 4.097000000000000000e+03
9.185000000000000000e+03 3.729000000000000000e+03
9.352000000000000000e+03 3.413000000000000000e+03
9.519000000000000000e+03 3.250000000000000000e+03
9.686000000000000000e+03 2.967000000000000000e+03
9.853000000000000000e+03 2.635000000000000000e+03
1.002000000000000000e+04 2.595000000000000000e+03
1.018700000000000000e+04 2.338000000000000000e+03
1.035400000000000000e+04 2.268000000000000000e+03
1.052100000000000000e+04 2.154000000000000000e+03
1.068800000000000000e+04 2.035000000000000000e+03
1.085500000000000000e+04 1.955000000000000000e+03
1.102200000000000000e+04 1.877000000000000000e+03
1.118900000000000000e+04 1.801000000000000000e+03
1.135600000000000000e+04 1.785000000000000000e+03
1.152300000000000000e+04 1.804000000000000000e+03
1.169000000000000000e+04 1.762000000000000000e+03
1.185700000000000000e+04 1.753000000000000000e+03
1.202400000000000000e+04 1.856000000000000000e+03
1.219100000000000000e+04 1.946000000000000000e+03
1.235800000000000000e+04 1.995000000000000000e+03
1.252500000000000000e+04 2.095000000000000000e+03
1.269200000000000000e+04 2.229000000000000000e+03
1.285900000000000000e+04 2.371000000000000000e+03
1.302600000000000000e+04 2.596000000000000000e+03
1.319300000000000000e+04 2.696000000000000000e+03
1.336000000000000000e+04 3.020000000000000000e+03
1.352700000000000000e+04 3.186000000000000000e+03
1.369400000000000000e+04 3.510000000000000000e+03
1.386100000000000000e+04 3.713000000000000000e+03
1.402800000000000000e+04 4.192000000000000000e+03
1.419500000000000000e+04 4.452000000000000000e+03
1.436200000000000000e+04 4.733000000000000000e+03
1.452900000000000000e+04 5.163000000000000000e+03
1.469600000000000000e+04 5.402000000000000000e+03
1.486300000000000000e+04 5.944000000000000000e+03
1.503000000000000000e+04 6.336000000000000000e+03
1.519700000000000000e+04 6.725000000000000000e+03
1.536400000000000000e+04 7.310000000000000000e+03
1.553100000000000000e+04 7.635000000000000000e+03
1.569800000000000000e+04 8.088000000000000000e+03
1.586500000000000000e+04 8.582000000000000000e+03
1.603200000000000000e+04 8.986000000000000000e+03
1.619900000000000000e+04 9.209000000000000000e+03
1.636600000000000000e+04 9.832000000000000000e+03
1.653300000000000000e+04 1.041100000000000000e+04
1.670000000000000000e+04 1.072000000000000000e+04
1.686700000000000000e+04 1.101700000000000000e+04
1.703400000000000000e+04 1.134900000000000000e+04
1.720100000000000000e+04 1.171400000000000000e+04
1.736800000000000000e+04 1.209200000000000000e+04
1.753500000000000000e+04 1.233900000000000000e+04
1.770200000000000000e+04 1.255700000000000000e+04
1.786900000000000000e+04 1.283500000000000000e+04
1.803600000000000000e+04 1.300200000000000000e+04
1.820300000000000000e+04 1.325000000000000000e+04
1.837000000000000000e+04 1.374500000000000000e+04
1.853700000000000000e+04 1.366100000000000000e+04
1.870400000000000000e+04 1.385200000000000000e+04
1.887100000000000000e+04 1.396400000000000000e+04
1.903800000000000000e+04 1.391300000000000000e+04
1.920500000000000000e+04 1.402300000000000000e+04
1.937200000000000000e+04 1.443300000000000000e+04
1.953900000000000000e+04 1.425300000000000000e+04
1.970600000000000000e+04 1.436700000000000000e+04
1.987300000000000000e+04 1.416700000000000000e+04
2.004000000000000000e+04 1.427000000000000000e+04
2.020700000000000000e+04 1.453200000000000000e+04
2.037400000000000000e+04 1.434200000000000000e+04
2.054100000000000000e+04 1.418100000000000000e+04
2.070800000000000000e+04 1.406900000000000000e+04
2.087500000000000000e+04 1.382500000000000000e+04
2.104200000000000000e+04 1.390700000000000000e+04
2.120900000000000000e+04 1.356800000000000000e+04
2.137600000000000000e+04 1.359600000000000000e+04
2.154300000000000000e+04 1.327500000000000000e+04
2.171000000000000000e+04 1.318100000000000000e+04
2.187700000000000000e+04 1.274800000000000000e+04
2.204400000000000000e+04 1.254400000000000000e+04
2.221100000000000000e+04 1.235000000000000000e+04
2.237800000000000000e+04 1.173200000000000000e+04
2.254500000000000000e+04 1.168000000000000000e+04
2.271200000000000000e+04 1.142800000000000000e+04
2.287900000000000000e+04 1.077500000000000000e+04
2.304600000000000000e+04 1.061400000000000000e+04
2.321300000000000000e+04 1.008900000000000000e+04
2.338000000000000000e+04 9.904000000000000000e+03
2.354700000000000000e+04 9.355000000000000000e+03
2.371400000000000000e+04 8.968000000000000000e+03
2.388100000000000000e+04 8.369000000000000000e+03
2.404800000000000000e+04 8.104000000000000000e+03
2.421500000000000000e+04 7.535000000000000000e+03
2.438200000000000000e+04 7.094000000000000000e+03
2.454900000000000000e+04 6.723000000000000000e+03
2.471600000000000000e+04 6.389000000000000000e+03
2.488300000000000000e+04 5.947000000000000000e+03
2.505000000000000000e+04 5.686000000000000000e+03
2.521700000000000000e+04 5.144000000000000000e+03
2.538400000000000000e+04 4.716000000000000000e+03
2.555100000000000000e+04 4.315000000000000000e+03
2.571800000000000000e+04 3.921000000000000000e+03
2.588500000000000000e+04 3.634000000000000000e+03
2.605200000000000000e+04 3.407000000000000000e+03
2.621900000000000000e+04 3.139000000000000000e+03
2.638600000000000000e+04 2.947000000000000000e+03
2.655300000000000000e+04 2.651000000000000000e+03
2.672000000000000000e+04 2.517000000000000000e+03
2.688700000000000000e+04 2.289000000000000000e+03
2.705400000000000000e+04 2.246000000000000000e+03
2.722100000000000000e+04 2.077000000000000000e+03
2.738800000000000000e+04 1.950000000000000000e+03
2.755500000000000000e+04 1.923000000000000000e+03
2.772200000000000000e+04 2.000000000000000000e+03
2.788900000000000000e+04 1.821000000000000000e+03
2.805600000000000000e+04 1.793000000000000000e+03
2.822300000000000000e+04 1.770000000000000000e+03
2.839000000000000000e+04 1.800000000000000000e+03
2.855700000000000000e+04 1.794000000000000000e+03
2.872400000000000000e+04 1.931000000000000000e+03
2.889100000000000000e+04 1.972000000000000000e+03
2.905800000000000000e+04 2.051000000000000000e+03
2.922500000000000000e+04 2.061000000000000000e+03
2.939200000000000000e+04 2.316000000000000000e+03
2.955900000000000000e+04 2.466000000000000000e+03
2.972600000000000000e+04 2.589000000000000000e+03
2.989300000000000000e+04 2.794000000000000000e+03
3.006000000000000000e+04 3.042000000000000000e+03
3.022700000000000000e+04 3.245000000000000000e+03
3.039400000000000000e+04 3.563000000000000000e+03
3.056100000000000000e+04 3.892000000000000000e+03
3.072800000000000000e+04 4.056000000000000000e+03
3.089500000000000000e+04 4.449000000000000000e+03
3.106200000000000000e+04 4.880000000000000000e+03
3.122900000000000000e+04 5.191000000000000000e+03
3.139600000000000000e+04 5.641000000000000000e+03
3.156300000000000000e+04 5.986000000000000000e+03
3.173000000000000000e+04 6.526000000000000000e+03
3.189700000000000000e+04 6.888000000000000000e+03
3.206400000000000000e+04 7.266000000000000000e+03
3.223100000000000000e+04 7.808000000000000000e+03
3.239800000000000000e+04 8.244000000000000000e+03
3.256500000000000000e+04 8.855000000000000000e+03
3.273200000000000000e+04 9.130000000000000000e+03
3.289900000000000000e+04 9.438000000000000000e+03
3.306600000000000000e+04 9.932000000000000000e+03
