0.000000000000000000e+00 1.119500000000000000e+04
1.667000000000000000e+03 1.143100000000000000e+04
3.334000000000000000e+03 1.161800000000000000e+04
5.001000000000000000e+03 1.190200000000000000e+04
6.668000000000000000e+03 1.203200000000000000e+04
8.335000000000000000e+03 1.228700000000000000e+04
1.000200000000000000e+04 1.215200000000000000e+04
1.166900000000000000e+04 1.226400000000000000e+04
1.333600000000000000e+04 1.229900000000000000e+04
1.500300000000000000e+04 1.245800000000000000e+04
1.667000000000000000e+04 1.272200000000000000e+04
1.833700000000000000e+04 1.286500000000000000e+04
2.000400000000000000e+04 1.270100000000000000e+04
2.167100000000000000e+04 1.286400000000000000e+04
2.333800000000000000e+04 1.278000000000000000e+04
2.500500000000000000e+04 1.296600000000000000e+04
2.667200000000000000e+04 1.281500000000000000e+04
2.833900000000000000e+04 1.273600000000000000e+04
3.000600000000000000e+04 1.282400000000000000e+04
3.167300000000000000e+04 1.297800000000000000e+04
3.334000000000000000e+04 1.307900000000000000e+04
3.500700000000000000e+04 1.302900000000000000e+04
3.667400000000000000e+04 1.289000000000000000e+04
3.834100000000000000e+04 1.287100000000000000e+04
4.000800000000000000e+04 1.294100000000000000e+04
4.167500000000000000e+04 1.265900000000000000e+04
4.334200000000000000e+04 1.276000000000000000e+04
4.500900000000000000e+04 1.261100000000000000e+04
4.667600000000000000e+04 1.242900000000000000e+04
4.834300000000000000e+04 1.257400000000000000e+04
5.001000000000000000e+04 1.263700000000000000e+04
5.167700000000000000e+04 1.244300000000000000e+04
5.334400000000000000e+04 1.218000000000000000e+04
5.501100000000000000e+04 1.209100000000000000e+04
5.667800000000000000e+04 1.193700000000000000e+04
5.834500000000000000e+04 1.181600000000000000e+04
6.001200000000000000e+04 1.162800000000000000e+04
6.167900000000000000e+04 1.150600000000000000e+04
6.334600000000000000e+04 1.129000000000000000e+04
6.501300000000000000e+04 1.105600000000000000e+04
6.668000000000000000e+04 1.102100000000000000e+04
6.834700000000000000e+04 1.095300000000000000e+04
7.001400000000000000e+04 1.050000000000000000e+04
7.168100000000000000e+04 1.030700000000000000e+04
7.334800000000000000e+04 9.946000000000000000e+03
7.501500000000000000e+04 9.789000000000000000e+03
7.668200000000000000e+04 9.658000000000000000e+03
7.834900000000000000e+04 9.138000000000000000e+03
8.001600000000000000e+04 8.916000000000000000e+03
8.168300000000000000e+04 8.395000000000000000e+03
8.335000000000000000e+04 8.282000000000000000e+03
8.501700000000000000e+04 7.984000000000000000e+03
8.668400000000000000e+04 7.610000000000000000e+03
8.835100000000000000e+04 7.384000000000000000e+03
9.001800000000000000e+04 7.151000000000000000e+03
9.168500000000000000e+04 6.565000000000000000e+03
9.335200000000000000e+04 6.411000000000000000e+03
9.501900000000000000e+04 6.184000000000000000e+03
9.668600000000000000e+04 5.834000000000000000e+03
9.835300000000000000e+04 5.529000000000000000e+03
1.000200000000000000e+05 5.348000000000000000e+03
1.016870000000000000e+05 4.919000000000000000e+03
1.033540000000000000e+05 4.676000000000000000e+03
1.050210000000000000e+05 4.490000000000000000e+03
1.066880000000000000e+05 4.421000000000000000e+03
1.083550000000000000e+05 4.408000000000000000e+03
1.100220000000000000e+05 4.128000000000000000e+03
1.116890000000000000e+05 4.154000000000000000e+03
1.133560000000000000e+05 4.006000000000000000e+03
1.150230000000000000e+05 4.066000000000000000e+03
1.166900000000000000e+05 3.975000000000000000e+03
1.183570000000000000e+05 4.089000000000000000e+03
1.200240000000000000e+05 4.141000000000000000e+03
1.216910000000000000e+05 4.153000000000000000e+03
1.233580000000000000e+05 4.320000000000000000e+03
1.250250000000000000e+05 4.574000000000000000e+03
1.266920000000000000e+05 4.691000000000000000e+03
1.283590000000000000e+05 4.873000000000000000e+03
1.300260000000000000e+05 5.073000000000000000e+03
1.316930000000000000e+05 5.526000000000000000e+03
1.333600000000000000e+05 5.667000000000000000e+03
1.350270000000000000e+05 6.035000000000000000e+03
1.366940000000000000e+05 6.176000000000000000e+03
1.383610000000000000e+05 6.672000000000000000e+03
1.400280000000000000e+05 6.921000000000000000e+03
1.416950000000000000e+05 7.327000000000000000e+03
1.433620000000000000e+05 7.737000000000000000e+03
1.450290000000000000e+05 7.956000000000000000e+03
1.466960000000000000e+05 8.193000000000000000e+03
1.483630000000000000e+05 8.523000000000000000e+03
1.500300000000000000e+05 8.660000000000000000e+03
1.516970000000000000e+05 9.196000000000000000e+03
1.533640000000000000e+05 9.443000000000000000e+03
1.550310000000000000e+05 9.591000000000000000e+03
1.566980000000000000e+05 9.873000000000000000e+03
1.583650000000000000e+05 1.011500000000000000e+04
1.600320000000000000e+05 1.049100000000000000e+04
1.616990000000000000e+05 1.080000000000000000e+04
1.633660000000000000e+05 1.084300000000000000e+04
1.650330000000000000e+05 1.129000000000000000e+04
1.667000000000000000e+05 1.128400000000000000e+04
1.683670000000000000e+05 1.126400000000000000e+04
1.700340000000000000e+05 1.162200000000000000e+04
1.717010000000000000e+05 1.180500000000000000e+04
1.733680000000000000e+05 1.203200000000000000e+04
1.750350000000000000e+05 1.206600000000000000e+04
1.767020000000000000e+05 1.218200000000000000e+04
1.783690000000000000e+05 1.207200000000000000e+04
1.800360000000000000e+05 1.240100000000000000e+04
1.817030000000000000e+05 1.253000000000000000e+04
1.833700000000000000e+05 1.269500000000000000e+04
1.850370000000000000e+05 1.264500000000000000e+04
1.867040000000000000e+05 1.279500000000000000e+04
1.883710000000000000e+05 1.257300000000000000e+04
1.900380000000000000e+05 1.276700000000000000e+04
1.917050000000000000e+05 1.272100000000000000e+04
1.933720000000000000e+05 1.279400000000000000e+04
1.950390000000000000e+05 1.295800000000000000e+04
1.967060000000000000e+05 1.262900000000000000e+04
1.983730000000000000e+05 1.308100000000000000e+04
2.000400000000000000e+05 1.269400000000000000e+04
2.017070000000000000e+05 1.267700000000000000e+04
2.033740000000000000e+05 1.293100000000000000e+04
2.050410000000000000e+05 1.296300000000000000e+04
2.067080000000000000e+05 1.310300000000000000e+04
2.083750000000000000e+05 1.271600000000000000e+04
2.100420000000000000e+05 1.251800000000000000e+04
2.117090000000000000e+05 1.266800000000000000e+04
2.133760000000000000e+05 1.251100000000000000e+04
2.150430000000000000e+05 1.238900000000000000e+04
2.167100000000000000e+05 1.237000000000000000e+04
2.183770000000000000e+05 1.236100000000000000e+04
2.200440000000000000e+05 1.226700000000000000e+04
2.217110000000000000e+05 1.197900000000000000e+04
2.233780000000000000e+05 1.176900000000000000e+04
2.250450000000000000e+05 1.186800000000000000e+04
2.267120000000000000e+05 1.177900000000000000e+04
2.283790000000000000e+05 1.149300000000000000e+04
2.300460000000000000e+05 1.138200000000000000e+04
2.317130000000000000e+05 1.094900000000000000e+04
2.333800000000000000e+05 1.097800000000000000e+04
2.350470000000000000e+05 1.058700000000000000e+04
2.367140000000000000e+05 1.046700000000000000e+04
2.383810000000000000e+05 1.022800000000000000e+04
2.400480000000000000e+05 1.026500000000000000e+04
2.417150000000000000e+05 9.739000000000000000e+03
2.433820000000000000e+05 9.330000000000000000e+03
2.450490000000000000e+05 9.228000000000000000e+03
2.467160000000000000e+05 8.902000000000000000e+03
2.483830000000000000e+05 8.614000000000000000e+03
2.500500000000000000e+05 8.330000000000000000e+03
2.517170000000000000e+05 8.059000000000000000e+03
2.533840000000000000e+05 7.745000000000000000e+03
2.550510000000000000e+05 7.209000000000000000e+03
2.567180000000000000e+05 7.083000000000000000e+03
2.583850000000000000e+05 6.716000000000000000e+03
2.600520000000000000e+05 6.287000000000000000e+03
2.617190000000000000e+05 5.964000000000000000e+03
2.633860000000000000e+05 5.818000000000000000e+03
2.650530000000000000e+05 5.494000000000000000e+03
2.667200000000000000e+05 5.342000000000000000e+03
2.683870000000000000e+05 5.054000000000000000e+03
2.700540000000000000e+05 4.741000000000000000e+03
2.717210000000000000e+05 4.537000000000000000e+03
2.733880000000000000e+05 4.367000000000000000e+03
2.750550000000000000e+05 4.257000000000000000e+03
2.767220000000000000e+05 4.079000000000000000e+03
2.783890000000000000e+05 4.051000000000000000e+03
2.800560000000000000e+05 3.901000000000000000e+03
2.817230000000000000e+05 3.961000000000000000e+03
2.833900000000000000e+05 3.959000000000000000e+03
2.850570000000000000e+05 3.998000000000000000e+03
2.867240000000000000e+05 4.081000000000000000e+03
2.883910000000000000e+05 4.136000000000000000e+03
2.900580000000000000e+05 4.337000000000000000e+03
2.917250000000000000e+05 4.701000000000000000e+03
2.933920000000000000e+05 4.657000000000000000e+03
2.950590000000000000e+05 4.843000000000000000e+03
2.967260000000000000e+05 5.128000000000000000e+03
2.983930000000000000e+05 5.296000000000000000e+03
3.000600000000000000e+05 5.611000000000000000e+03
3.017270000000000000e+05 5.943000000000000000e+03
3.033940000000000000e+05 6.404000000000000000e+03
3.050610000000000000e+05 6.544000000000000000e+03
3.067280000000000000e+05 6.907000000000000000e+03
3.083950000000000000e+05 7.075000000000000000e+03
3.100620000000000000e+05 7.593000000000000000e+03
3.117290000000000000e+05 7.760000000000000000e+03
3.133960000000000000e+05 8.219000000000000000e+03
3.150630000000000000e+05 8.604000000000000000e+03
3.167300000000000000e+05 8.888000000000000000e+03
3.183970000000000000e+05 9.233000000000000000e+03
3.200640000000000000e+05 9.453000000000000000e+03
3.217310000000000000e+05 9.646000000000000000e+03
3.233980000000000000e+05 9.793000000000000000e+03
3.250650000000000000e+05 1.016900000000000000e+04
3.267320000000000000e+05 1.040000000000000000e+04
3.283990000000000000e+05 1.066500000000000000e+04
3.300660000000000000e+05 1.094000000000000000e+04
3.317330000000000000e+05 1.100100000000000000e+04
