0.000000000000000000e+00 5.575000000000000000e+03
1.700000000000000000e+01 6.261000000000000000e+03
3.400000000000000000e+01 6.178000000000000000e+03
5.100000000000000000e+01 6.457000000000000000e+03
6.800000000000000000e+01 6.580000000000000000e+03
8.500000000000000000e+01 6.599000000000000000e+03
1.020000000000000000e+02 6.836000000000000000e+03
1.190000000000000000e+02 7.010000000000000000e+03
1.360000000000000000e+02 6.996000000000000000e+03
1.530000000000000000e+02 7.049000000000000000e+03
1.700000000000000000e+02 7.028000000000000000e+03
1.870000000000000000e+02 7.195000000000000000e+03
2.040000000000000000e+02 7.422000000000000000e+03
2.210000000000000000e+02 7.426000000000000000e+03
2.380000000000000000e+02 7.366000000000000000e+03
2.550000000000000000e+02 7.393000000000000000e+03
2.720000000000000000e+02 7.504000000000000000e+03
2.890000000000000000e+02 7.466000000000000000e+03
3.060000000000000000e+02 7.492000000000000000e+03
3.230000000000000000e+02 7.355000000000000000e+03
3.400000000000000000e+02 7.515000000000000000e+03
3.570000000000000000e+02 7.706000000000000000e+03
3.740000000000000000e+02 7.630000000000000000e+03
3.910000000000000000e+02 7.494000000000000000e+03
4.080000000000000000e+02 7.406000000000000000e+03
4.250000000000000000e+02 7.463000000000000000e+03
4.420000000000000000e+02 7.366000000000000000e+03
4.590000000000000000e+02 7.461000000000000000e+03
4.760000000000000000e+02 7.474000000000000000e+03
4.930000000000000000e+02 7.465000000000000000e+03
5.100000000000000000e+02 7.503000000000000000e+03
5.270000000000000000e+02 7.320000000000000000e+03
5.440000000000000000e+02 7.067000000000000000e+03
5.610000000000000000e+02 7.209000000000000000e+03
5.780000000000000000e+02 7.186000000000000000e+03
5.950000000000000000e+02 7.044000000000000000e+03
6.120000000000000000e+02 7.033000000000000000e+03
6.290000000000000000e+02 6.918000000000000000e+03
6.460000000000000000e+02 6.652000000000000000e+03
6.630000000000000000e+02 6.827000000000000000e+03
6.800000000000000000e+02 6.566000000000000000e+03
6.970000000000000000e+02 6.534000000000000000e+03
7.140000000000000000e+02 6.375000000000000000e+03
7.310000000000000000e+02 6.119000000000000000e+03
7.480000000000000000e+02 6.080000000000000000e+03
7.650000000000000000e+02 6.008000000000000000e+03
7.820000000000000000e+02 5.882000000000000000e+03
7.990000000000000000e+02 5.783000000000000000e+03
8.160000000000000000e+02 5.383000000000000000e+03
8.330000000000000000e+02 5.273000000000000000e+03
8.500000000000000000e+02 5.099000000000000000e+03
8.670000000000000000e+02 4.977000000000000000e+03
8.840000000000000000e+02 4.878000000000000000e+03
9.010000000000000000e+02 4.554000000000000000e+03
9.180000000000000000e+02 4.488000000000000000e+03
9.350000000000000000e+02 4.392000000000000000e+03
9.520000000000000000e+02 4.230000000000000000e+03
9.690000000000000000e+02 4.010000000000000000e+03
9.860000000000000000e+02 3.691000000000000000e+03
1.003000000000000000e+03 3.775000000000000000e+03
1.020000000000000000e+03 3.625000000000000000e+03
1.037000000000000000e+03 3.455000000000000000e+03
1.054000000000000000e+03 3.333000000000000000e+03
1.071000000000000000e+03 3.245000000000000000e+03
1.088000000000000000e+03 3.020000000000000000e+03
1.105000000000000000e+03 2.962000000000000000e+03
1.122000000000000000e+03 2.896000000000000000e+03
1.139000000000000000e+03 2.782000000000000000e+03
1.156000000000000000e+03 2.656000000000000000e+03
1.173000000000000000e+03 2.557000000000000000e+03
1.190000000000000000e+03 2.558000000000000000e+03
1.207000000000000000e+03 2.467000000000000000e+03
1.224000000000000000e+03 2.461000000000000000e+03
1.241000000000000000e+03 2.353000000000000000e+03
1.258000000000000000e+03 2.404000000000000000e+03
1.275000000000000000e+03 2.391000000000000000e+03
1.292000000000000000e+03 2.391000000000000000e+03
1.309000000000000000e+03 2.537000000000000000e+03
1.326000000000000000e+03 2.533000000000000000e+03
1.343000000000000000e+03 2.491000000000000000e+03
1.360000000000000000e+03 2.678000000000000000e+03
1.377000000000000000e+03 2.793000000000000000e+03
1.394000000000000000e+03 2.920000000000000000e+03
1.411000000000000000e+03 2.915000000000000000e+03
1.428000000000000000e+03 3.218000000000000000e+03
1.445000000000000000e+03 3.307000000000000000e+03
1.462000000000000000e+03 3.541000000000000000e+03
1.479000000000000000e+03 3.652000000000000000e+03
1.496000000000000000e+03 3.974000000000000000e+03
1.513000000000000000e+03 4.085000000000000000e+03
1.530000000000000000e+03 4.358000000000000000e+03
1.547000000000000000e+03 4.358000000000000000e+03
1.564000000000000000e+03 4.653000000000000000e+03
1.581000000000000000e+03 4.824000000000000000e+03
1.598000000000000000e+03 5.131000000000000000e+03
1.615000000000000000e+03 5.160000000000000000e+03
1.632000000000000000e+03 5.517000000000000000e+03
1.649000000000000000e+03 5.647000000000000000e+03
1.666000000000000000e+03 5.888000000000000000e+03
1.683000000000000000e+03 5.954000000000000000e+03
1.700000000000000000e+03 6.051000000000000000e+03
1.717000000000000000e+03 6.366000000000000000e+03
1.734000000000000000e+03 6.529000000000000000e+03
1.751000000000000000e+03 6.668000000000000000e+03
1.768000000000000000e+03 6.807000000000000000e+03
1.785000000000000000e+03 6.880000000000000000e+03
1.802000000000000000e+03 6.857000000000000000e+03
1.819000000000000000e+03 6.994000000000000000e+03
1.836000000000000000e+03 7.072000000000000000e+03
1.853000000000000000e+03 7.203000000000000000e+03
1.870000000000000000e+03 7.285000000000000000e+03
1.887000000000000000e+03 7.429000000000000000e+03
1.904000000000000000e+03 7.526000000000000000e+03
1.921000000000000000e+03 7.379000000000000000e+03
1.938000000000000000e+03 7.464000000000000000e+03
1.955000000000000000e+03 7.720000000000000000e+03
1.972000000000000000e+03 7.505000000000000000e+03
1.989000000000000000e+03 7.445000000000000000e+03
2.006000000000000000e+03 7.707000000000000000e+03
2.023000000000000000e+03 7.534000000000000000e+03
2.040000000000000000e+03 7.772000000000000000e+03
2.057000000000000000e+03 7.683000000000000000e+03
2.074000000000000000e+03 7.586000000000000000e+03
2.091000000000000000e+03 7.439000000000000000e+03
2.108000000000000000e+03 7.677000000000000000e+03
2.125000000000000000e+03 7.531000000000000000e+03
2.142000000000000000e+03 7.489000000000000000e+03
2.159000000000000000e+03 7.466000000000000000e+03
2.176000000000000000e+03 7.397000000000000000e+03
2.193000000000000000e+03 7.359000000000000000e+03
2.210000000000000000e+03 7.283000000000000000e+03
2.227000000000000000e+03 7.276000000000000000e+03
2.244000000000000000e+03 7.155000000000000000e+03
2.261000000000000000e+03 7.146000000000000000e+03
2.278000000000000000e+03 6.957000000000000000e+03
2.295000000000000000e+03 6.939000000000000000e+03
2.312000000000000000e+03 6.735000000000000000e+03
2.329000000000000000e+03 6.812000000000000000e+03
2.346000000000000000e+03 6.669000000000000000e+03
2.363000000000000000e+03 6.638000000000000000e+03
2.380000000000000000e+03 6.382000000000000000e+03
2.397000000000000000e+03 6.311000000000000000e+03
2.414000000000000000e+03 6.225000000000000000e+03
2.431000000000000000e+03 6.068000000000000000e+03
2.448000000000000000e+03 5.896000000000000000e+03
2.465000000000000000e+03 5.752000000000000000e+03
2.482000000000000000e+03 5.543000000000000000e+03
2.499000000000000000e+03 5.311000000000000000e+03
2.516000000000000000e+03 5.301000000000000000e+03
2.533000000000000000e+03 5.154000000000000000e+03
2.550000000000000000e+03 4.834000000000000000e+03
2.567000000000000000e+03 4.717000000000000000e+03
2.584000000000000000e+03 4.568000000000000000e+03
2.601000000000000000e+03 4.420000000000000000e+03
2.618000000000000000e+03 4.353000000000000000e+03
2.635000000000000000e+03 3.965000000000000000e+03
2.652000000000000000e+03 3.856000000000000000e+03
2.669000000000000000e+03 3.762000000000000000e+03
2.686000000000000000e+03 3.498000000000000000e+03
2.703000000000000000e+03 3.464000000000000000e+03
2.720000000000000000e+03 3.341000000000000000e+03
2.737000000000000000e+03 3.188000000000000000e+03
2.754000000000000000e+03 3.081000000000000000e+03
2.771000000000000000e+03 2.959000000000000000e+03
2.788000000000000000e+03 2.916000000000000000e+03
2.805000000000000000e+03 2.769000000000000000e+03
2.822000000000000000e+03 2.692000000000000000e+03
2.839000000000000000e+03 2.582000000000000000e+03
2.856000000000000000e+03 2.450000000000000000e+03
2.873000000000000000e+03 2.544000000000000000e+03
2.890000000000000000e+03 2.512000000000000000e+03
2.907000000000000000e+03 2.457000000000000000e+03
2.924000000000000000e+03 2.404000000000000000e+03
2.941000000000000000e+03 2.417000000000000000e+03
2.958000000000000000e+03 2.455000000000000000e+03
2.975000000000000000e+03 2.509000000000000000e+03
2.992000000000000000e+03 2.534000000000000000e+03
3.009000000000000000e+03 2.563000000000000000e+03
3.026000000000000000e+03 2.653000000000000000e+03
3.043000000000000000e+03 2.825000000000000000e+03
3.060000000000000000e+03 2.996000000000000000e+03
3.077000000000000000e+03 2.943000000000000000e+03
3.094000000000000000e+03 3.198000000000000000e+03
3.111000000000000000e+03 3.323000000000000000e+03
3.128000000000000000e+03 3.483000000000000000e+03
3.145000000000000000e+03 3.704000000000000000e+03
3.162000000000000000e+03 3.897000000000000000e+03
3.179000000000000000e+03 4.076000000000000000e+03
3.196000000000000000e+03 4.359000000000000000e+03
3.213000000000000000e+03 4.501000000000000000e+03
3.230000000000000000e+03 4.742000000000000000e+03
3.247000000000000000e+03 5.051000000000000000e+03
3.264000000000000000e+03 4.978000000000000000e+03
3.281000000000000000e+03 5.332000000000000000e+03
3.298000000000000000e+03 5.521000000000000000e+03
3.315000000000000000e+03 5.654000000000000000e+03
