0.000000000000000000e+00 7.195000000000000000e+03
2.500000000000000000e+01 7.444000000000000000e+03
5.000000000000000000e+01 7.464000000000000000e+03
7.500000000000000000e+01 7.632000000000000000e+03
1.000000000000000000e+02 7.750000000000000000e+03
1.250000000000000000e+02 7.822000000000000000e+03
1.500000000000000000e+02 7.693000000000000000e+03
1.750000000000000000e+02 8.158000000000000000e+03
2.000000000000000000e+02 8.005000000000000000e+03
2.250000000000000000e+02 8.157000000000000000e+03
2.500000000000000000e+02 8.035000000000000000e+03
2.750000000000000000e+02 7.994000000000000000e+03
3.000000000000000000e+02 8.160000000000000000e+03
3.250000000000000000e+02 8.172000000000000000e+03
3.500000000000000000e+02 8.250000000000000000e+03
3.750000000000000000e+02 8.145000000000000000e+03
4.000000000000000000e+02 8.007000000000000000e+03
4.250000000000000000e+02 8.209000000000000000e+03
4.500000000000000000e+02 8.117000000000000000e+03
4.750000000000000000e+02 8.170000000000000000e+03
5.000000000000000000e+02 7.928000000000000000e+03
5.250000000000000000e+02 8.014000000000000000e+03
5.500000000000000000e+02 8.228000000000000000e+03
5.750000000000000000e+02 8.102000000000000000e+03
6.000000000000000000e+02 8.055000000000000000e+03
6.250000000000000000e+02 7.819000000000000000e+03
6.500000000000000000e+02 8.086000000000000000e+03
6.750000000000000000e+02 7.941000000000000000e+03
7.000000000000000000e+02 8.103000000000000000e+03
7.250000000000000000e+02 7.831000000000000000e+03
7.500000000000000000e+02 8.023000000000000000e+03
7.750000000000000000e+02 7.867000000000000000e+03
8.000000000000000000e+02 7.789000000000000000e+03
8.250000000000000000e+02 7.775000000000000000e+03
8.500000000000000000e+02 7.768000000000000000e+03
8.750000000000000000e+02 7.730000000000000000e+03
9.000000000000000000e+02 7.668000000000000000e+03
9.250000000000000000e+02 7.472000000000000000e+03
9.500000000000000000e+02 7.291000000000000000e+03
9.750000000000000000e+02 7.210000000000000000e+03
1.000000000000000000e+03 7.205000000000000000e+03
1.025000000000000000e+03 7.163000000000000000e+03
1.050000000000000000e+03 6.877000000000000000e+03
1.075000000000000000e+03 6.934000000000000000e+03
1.100000000000000000e+03 6.710000000000000000e+03
1.125000000000000000e+03 6.527000000000000000e+03
1.150000000000000000e+03 6.469000000000000000e+03
1.175000000000000000e+03 6.236000000000000000e+03
1.200000000000000000e+03 5.926000000000000000e+03
1.225000000000000000e+03 6.008000000000000000e+03
1.250000000000000000e+03 5.831000000000000000e+03
1.275000000000000000e+03 5.517000000000000000e+03
1.300000000000000000e+03 5.281000000000000000e+03
1.325000000000000000e+03 5.239000000000000000e+03
1.350000000000000000e+03 5.046000000000000000e+03
1.375000000000000000e+03 4.893000000000000000e+03
1.400000000000000000e+03 4.667000000000000000e+03
1.425000000000000000e+03 4.500000000000000000e+03
1.450000000000000000e+03 4.215000000000000000e+03
1.475000000000000000e+03 4.207000000000000000e+03
1.500000000000000000e+03 4.037000000000000000e+03
1.525000000000000000e+03 3.728000000000000000e+03
1.550000000000000000e+03 3.777000000000000000e+03
1.575000000000000000e+03 3.607000000000000000e+03
1.600000000000000000e+03 3.447000000000000000e+03
1.625000000000000000e+03 3.328000000000000000e+03
1.650000000000000000e+03 3.204000000000000000e+03
1.675000000000000000e+03 3.130000000000000000e+03
1.700000000000000000e+03 3.166000000000000000e+03
1.725000000000000000e+03 2.951000000000000000e+03
1.750000000000000000e+03 2.792000000000000000e+03
1.775000000000000000e+03 2.820000000000000000e+03
1.800000000000000000e+03 2.788000000000000000e+03
1.825000000000000000e+03 2.895000000000000000e+03
1.850000000000000000e+03 2.735000000000000000e+03
1.875000000000000000e+03 2.829000000000000000e+03
1.900000000000000000e+03 2.825000000000000000e+03
1.925000000000000000e+03 2.963000000000000000e+03
1.950000000000000000e+03 3.069000000000000000e+03
1.975000000000000000e+03 3.166000000000000000e+03
2.000000000000000000e+03 3.309000000000000000e+03
2.025000000000000000e+03 3.251000000000000000e+03
2.050000000000000000e+03 3.546000000000000000e+03
2.075000000000000000e+03 3.753000000000000000e+03
2.100000000000000000e+03 3.939000000000000000e+03
2.125000000000000000e+03 4.192000000000000000e+03
2.150000000000000000e+03 4.403000000000000000e+03
2.175000000000000000e+03 4.500000000000000000e+03
2.200000000000000000e+03 4.799000000000000000e+03
2.225000000000000000e+03 5.149000000000000000e+03
2.250000000000000000e+03 5.392000000000000000e+03
2.275000000000000000e+03 5.440000000000000000e+03
2.300000000000000000e+03 5.701000000000000000e+03
2.325000000000000000e+03 5.955000000000000000e+03
2.350000000000000000e+03 6.179000000000000000e+03
2.375000000000000000e+03 6.292000000000000000e+03
2.400000000000000000e+03 6.596000000000000000e+03
2.425000000000000000e+03 6.757000000000000000e+03
2.450000000000000000e+03 6.959000000000000000e+03
2.475000000000000000e+03 7.072000000000000000e+03
2.500000000000000000e+03 7.159000000000000000e+03
2.525000000000000000e+03 7.277000000000000000e+03
2.550000000000000000e+03 7.496000000000000000e+03
2.575000000000000000e+03 7.665000000000000000e+03
2.600000000000000000e+03 7.770000000000000000e+03
2.625000000000000000e+03 7.634000000000000000e+03
2.650000000000000000e+03 7.843000000000000000e+03
2.675000000000000000e+03 7.959000000000000000e+03
2.700000000000000000e+03 8.024000000000000000e+03
2.725000000000000000e+03 8.178000000000000000e+03
2.750000000000000000e+03 8.022000000000000000e+03
2.775000000000000000e+03 7.989000000000000000e+03
2.800000000000000000e+03 8.171000000000000000e+03
2.825000000000000000e+03 8.196000000000000000e+03
2.850000000000000000e+03 8.108000000000000000e+03
2.875000000000000000e+03 8.064000000000000000e+03
2.900000000000000000e+03 8.275000000000000000e+03
2.925000000000000000e+03 8.312000000000000000e+03
2.950000000000000000e+03 8.176000000000000000e+03
2.975000000000000000e+03 8.449000000000000000e+03
3.000000000000000000e+03 8.195000000000000000e+03
3.025000000000000000e+03 8.084000000000000000e+03
3.050000000000000000e+03 8.140000000000000000e+03
3.075000000000000000e+03 7.985000000000000000e+03
3.100000000000000000e+03 8.262000000000000000e+03
3.125000000000000000e+03 8.041000000000000000e+03
3.150000000000000000e+03 8.090000000000000000e+03
3.175000000000000000e+03 8.104000000000000000e+03
3.200000000000000000e+03 8.127000000000000000e+03
3.225000000000000000e+03 7.940000000000000000e+03
3.250000000000000000e+03 7.876000000000000000e+03
3.275000000000000000e+03 7.917000000000000000e+03
3.300000000000000000e+03 7.678000000000000000e+03
3.325000000000000000e+03 7.808000000000000000e+03
3.350000000000000000e+03 7.716000000000000000e+03
3.375000000000000000e+03 7.616000000000000000e+03
3.400000000000000000e+03 7.591000000000000000e+03
3.425000000000000000e+03 7.487000000000000000e+03
3.450000000000000000e+03 7.368000000000000000e+03
3.475000000000000000e+03 7.257000000000000000e+03
3.500000000000000000e+03 7.092000000000000000e+03
3.525000000000000000e+03 6.939000000000000000e+03
3.550000000000000000e+03 6.990000000000000000e+03
3.575000000000000000e+03 6.621000000000000000e+03
3.600000000000000000e+03 6.641000000000000000e+03
3.625000000000000000e+03 6.489000000000000000e+03
3.650000000000000000e+03 6.275000000000000000e+03
3.675000000000000000e+03 6.118000000000000000e+03
3.700000000000000000e+03 6.053000000000000000e+03
3.725000000000000000e+03 5.828000000000000000e+03
3.750000000000000000e+03 5.683000000000000000e+03
3.775000000000000000e+03 5.463000000000000000e+03
3.800000000000000000e+03 5.447000000000000000e+03
3.825000000000000000e+03 5.319000000000000000e+03
3.850000000000000000e+03 5.163000000000000000e+03
3.875000000000000000e+03 4.866000000000000000e+03
3.900000000000000000e+03 4.665000000000000000e+03
3.925000000000000000e+03 4.565000000000000000e+03
3.950000000000000000e+03 4.330000000000000000e+03
3.975000000000000000e+03 4.201000000000000000e+03
4.000000000000000000e+03 4.149000000000000000e+03
4.025000000000000000e+03 3.923000000000000000e+03
4.050000000000000000e+03 3.771000000000000000e+03
4.075000000000000000e+03 3.584000000000000000e+03
4.100000000000000000e+03 3.605000000000000000e+03
4.125000000000000000e+03 3.278000000000000000e+03
4.150000000000000000e+03 3.255000000000000000e+03
4.175000000000000000e+03 3.177000000000000000e+03
4.200000000000000000e+03 3.063000000000000000e+03
4.225000000000000000e+03 2.995000000000000000e+03
4.250000000000000000e+03 3.034000000000000000e+03
4.275000000000000000e+03 2.886000000000000000e+03
4.300000000000000000e+03 2.735000000000000000e+03
4.325000000000000000e+03 2.919000000000000000e+03
4.350000000000000000e+03 2.851000000000000000e+03
4.375000000000000000e+03 2.838000000000000000e+03
4.400000000000000000e+03 2.887000000000000000e+03
4.425000000000000000e+03 2.905000000000000000e+03
4.450000000000000000e+03 2.997000000000000000e+03
4.475000000000000000e+03 3.113000000000000000e+03
4.500000000000000000e+03 3.244000000000000000e+03
4.525000000000000000e+03 3.398000000000000000e+03
4.550000000000000000e+03 3.467000000000000000e+03
4.575000000000000000e+03 3.786000000000000000e+03
4.600000000000000000e+03 3.923000000000000000e+03
4.625000000000000000e+03 4.111000000000000000e+03
4.650000000000000000e+03 4.402000000000000000e+03
4.675000000000000000e+03 4.537000000000000000e+03
4.700000000000000000e+03 4.893000000000000000e+03
4.725000000000000000e+03 5.026000000000000000e+03
4.750000000000000000e+03 5.302000000000000000e+03
4.775000000000000000e+03 5.455000000000000000e+03
4.800000000000000000e+03 5.821000000000000000e+03
4.825000000000000000e+03 6.025000000000000000e+03
4.850000000000000000e+03 6.250000000000000000e+03
4.875000000000000000e+03 6.347000000000000000e+03
4.900000000000000000e+03 6.552000000000000000e+03
4.925000000000000000e+03 6.789000000000000000e+03
4.950000000000000000e+03 6.719000000000000000e+03
4.975000000000000000e+03 7.105000000000000000e+03
