0.000000000000000000e+00 7.521000000000000000e+03
1.000000000000000000e+02 7.725000000000000000e+03
2.000000000000000000e+02 7.780000000000000000e+03
3.000000000000000000e+02 8.002000000000000000e+03
4.000000000000000000e+02 8.092000000000000000e+03
5.000000000000000000e+02 8.210000000000000000e+03
6.000000000000000000e+02 8.383000000000000000e+03
7.000000000000000000e+02 8.329000000000000000e+03
8.000000000000000000e+02 8.340000000000000000e+03
9.000000000000000000e+02 8.560000000000000000e+03
1.000000000000000000e+03 8.513000000000000000e+03
1.100000000000000000e+03 8.516000000000000000e+03
1.200000000000000000e+03 8.687000000000000000e+03
1.300000000000000000e+03 8.525000000000000000e+03
1.400000000000000000e+03 8.710000000000000000e+03
1.500000000000000000e+03 8.672000000000000000e+03
1.600000000000000000e+03 8.615000000000000000e+03
1.700000000000000000e+03 8.691000000000000000e+03
1.800000000000000000e+03 8.723000000000000000e+03
1.900000000000000000e+03 8.804000000000000000e+03
2.000000000000000000e+03 8.771000000000000000e+03
2.100000000000000000e+03 8.806000000000000000e+03
2.200000000000000000e+03 8.698000000000000000e+03
2.300000000000000000e+03 8.626000000000000000e+03
2.400000000000000000e+03 8.556000000000000000e+03
2.500000000000000000e+03 8.558000000000000000e+03
2.600000000000000000e+03 8.781000000000000000e+03
2.700000000000000000e+03 8.537000000000000000e+03
2.800000000000000000e+03 8.588000000000000000e+03
2.900000000000000000e+03 8.396000000000000000e+03
3.000000000000000000e+03 8.245000000000000000e+03
3.100000000000000000e+03 8.094000000000000000e+03
3.200000000000000000e+03 8.055000000000000000e+03
3.300000000000000000e+03 8.287000000000000000e+03
3.400000000000000000e+03 7.959000000000000000e+03
3.500000000000000000e+03 7.984000000000000000e+03
3.600000000000000000e+03 7.665000000000000000e+03
3.700000000000000000e+03 7.664000000000000000e+03
3.800000000000000000e+03 7.771000000000000000e+03
3.900000000000000000e+03 7.411000000000000000e+03
4.000000000000000000e+03 7.549000000000000000e+03
4.100000000000000000e+03 7.377000000000000000e+03
4.200000000000000000e+03 7.163000000000000000e+03
4.300000000000000000e+03 7.058000000000000000e+03
4.400000000000000000e+03 6.851000000000000000e+03
4.500000000000000000e+03 6.910000000000000000e+03
4.600000000000000000e+03 6.336000000000000000e+03
4.700000000000000000e+03 6.306000000000000000e+03
4.800000000000000000e+03 6.260000000000000000e+03
4.900000000000000000e+03 5.862000000000000000e+03
5.000000000000000000e+03 5.708000000000000000e+03
5.100000000000000000e+03 5.510000000000000000e+03
5.200000000000000000e+03 5.158000000000000000e+03
5.300000000000000000e+03 4.945000000000000000e+03
5.400000000000000000e+03 4.722000000000000000e+03
5.500000000000000000e+03 4.464000000000000000e+03
5.600000000000000000e+03 4.260000000000000000e+03
5.700000000000000000e+03 4.131000000000000000e+03
5.800000000000000000e+03 3.912000000000000000e+03
5.900000000000000000e+03 3.590000000000000000e+03
6.000000000000000000e+03 3.516000000000000000e+03
6.100000000000000000e+03 3.335000000000000000e+03
6.200000000000000000e+03 3.148000000000000000e+03
6.300000000000000000e+03 3.067000000000000000e+03
6.400000000000000000e+03 2.991000000000000000e+03
6.500000000000000000e+03 2.815000000000000000e+03
6.600000000000000000e+03 2.719000000000000000e+03
6.700000000000000000e+03 2.637000000000000000e+03
6.800000000000000000e+03 2.532000000000000000e+03
6.900000000000000000e+03 2.710000000000000000e+03
7.000000000000000000e+03 2.509000000000000000e+03
7.100000000000000000e+03 2.549000000000000000e+03
7.200000000000000000e+03 2.614000000000000000e+03
7.300000000000000000e+03 2.497000000000000000e+03
7.400000000000000000e+03 2.681000000000000000e+03
7.500000000000000000e+03 2.778000000000000000e+03
7.600000000000000000e+03 2.860000000000000000e+03
7.700000000000000000e+03 3.009000000000000000e+03
7.800000000000000000e+03 3.229000000000000000e+03
7.900000000000000000e+03 3.277000000000000000e+03
8.000000000000000000e+03 3.509000000000000000e+03
8.100000000000000000e+03 3.631000000000000000e+03
8.200000000000000000e+03 3.890000000000000000e+03
8.300000000000000000e+03 4.169000000000000000e+03
8.400000000000000000e+03 4.173000000000000000e+03
8.500000000000000000e+03 4.608000000000000000e+03
8.600000000000000000e+03 4.862000000000000000e+03
8.700000000000000000e+03 5.123000000000000000e+03
8.800000000000000000e+03 5.263000000000000000e+03
8.900000000000000000e+03 5.661000000000000000e+03
9.000000000000000000e+03 5.552000000000000000e+03
9.100000000000000000e+03 5.877000000000000000e+03
9.200000000000000000e+03 6.335000000000000000e+03
9.300000000000000000e+03 6.346000000000000000e+03
9.400000000000000000e+03 6.537000000000000000e+03
9.500000000000000000e+03 6.775000000000000000e+03
9.600000000000000000e+03 6.853000000000000000e+03
9.700000000000000000e+03 6.955000000000000000e+03
9.800000000000000000e+03 7.215000000000000000e+03
9.900000000000000000e+03 7.404000000000000000e+03
1.000000000000000000e+04 7.547000000000000000e+03
1.010000000000000000e+04 7.823000000000000000e+03
1.020000000000000000e+04 7.913000000000000000e+03
1.030000000000000000e+04 7.965000000000000000e+03
1.040000000000000000e+04 8.006000000000000000e+03
1.050000000000000000e+04 8.076000000000000000e+03
1.060000000000000000e+04 8.219000000000000000e+03
1.070000000000000000e+04 8.407000000000000000e+03
1.080000000000000000e+04 8.452000000000000000e+03
1.090000000000000000e+04 8.348000000000000000e+03
1.100000000000000000e+04 8.463000000000000000e+03
1.110000000000000000e+04 8.558000000000000000e+03
1.120000000000000000e+04 8.673000000000000000e+03
1.130000000000000000e+04 8.743000000000000000e+03
1.140000000000000000e+04 8.649000000000000000e+03
1.150000000000000000e+04 8.721000000000000000e+03
1.160000000000000000e+04 8.619000000000000000e+03
1.170000000000000000e+04 8.902000000000000000e+03
1.180000000000000000e+04 8.765000000000000000e+03
1.190000000000000000e+04 8.869000000000000000e+03
1.200000000000000000e+04 8.618000000000000000e+03
1.210000000000000000e+04 8.770000000000000000e+03
1.220000000000000000e+04 8.716000000000000000e+03
1.230000000000000000e+04 8.672000000000000000e+03
1.240000000000000000e+04 8.790000000000000000e+03
1.250000000000000000e+04 8.787000000000000000e+03
1.260000000000000000e+04 8.501000000000000000e+03
1.270000000000000000e+04 8.490000000000000000e+03
1.280000000000000000e+04 8.399000000000000000e+03
1.290000000000000000e+04 8.393000000000000000e+03
1.300000000000000000e+04 8.486000000000000000e+03
1.310000000000000000e+04 8.122000000000000000e+03
1.320000000000000000e+04 8.310000000000000000e+03
1.330000000000000000e+04 8.120000000000000000e+03
1.340000000000000000e+04 7.935000000000000000e+03
1.350000000000000000e+04 7.919000000000000000e+03
1.360000000000000000e+04 7.690000000000000000e+03
1.370000000000000000e+04 7.804000000000000000e+03
1.380000000000000000e+04 7.705000000000000000e+03
1.390000000000000000e+04 7.545000000000000000e+03
1.400000000000000000e+04 7.576000000000000000e+03
1.410000000000000000e+04 7.392000000000000000e+03
1.420000000000000000e+04 7.236000000000000000e+03
1.430000000000000000e+04 6.949000000000000000e+03
1.440000000000000000e+04 6.962000000000000000e+03
1.450000000000000000e+04 6.731000000000000000e+03
1.460000000000000000e+04 6.672000000000000000e+03
1.470000000000000000e+04 6.176000000000000000e+03
1.480000000000000000e+04 6.092000000000000000e+03
1.490000000000000000e+04 5.845000000000000000e+03
1.500000000000000000e+04 5.786000000000000000e+03
1.510000000000000000e+04 5.530000000000000000e+03
1.520000000000000000e+04 5.197000000000000000e+03
1.530000000000000000e+04 4.986000000000000000e+03
1.540000000000000000e+04 4.668000000000000000e+03
1.550000000000000000e+04 4.429000000000000000e+03
1.560000000000000000e+04 4.195000000000000000e+03
1.570000000000000000e+04 4.097000000000000000e+03
1.580000000000000000e+04 3.840000000000000000e+03
1.590000000000000000e+04 3.760000000000000000e+03
1.600000000000000000e+04 3.608000000000000000e+03
1.610000000000000000e+04 3.353000000000000000e+03
1.620000000000000000e+04 3.109000000000000000e+03
1.630000000000000000e+04 3.035000000000000000e+03
1.640000000000000000e+04 2.950000000000000000e+03
1.650000000000000000e+04 2.795000000000000000e+03
1.660000000000000000e+04 2.772000000000000000e+03
1.670000000000000000e+04 2.685000000000000000e+03
1.680000000000000000e+04 2.748000000000000000e+03
1.690000000000000000e+04 2.613000000000000000e+03
1.700000000000000000e+04 2.611000000000000000e+03
1.710000000000000000e+04 2.517000000000000000e+03
1.720000000000000000e+04 2.532000000000000000e+03
1.730000000000000000e+04 2.667000000000000000e+03
1.740000000000000000e+04 2.715000000000000000e+03
1.750000000000000000e+04 2.745000000000000000e+03
1.760000000000000000e+04 2.869000000000000000e+03
1.770000000000000000e+04 3.076000000000000000e+03
1.780000000000000000e+04 3.152000000000000000e+03
1.790000000000000000e+04 3.391000000000000000e+03
1.800000000000000000e+04 3.520000000000000000e+03
1.810000000000000000e+04 3.721000000000000000e+03
1.820000000000000000e+04 3.852000000000000000e+03
1.830000000000000000e+04 4.180000000000000000e+03
1.840000000000000000e+04 4.387000000000000000e+03
1.850000000000000000e+04 4.447000000000000000e+03
1.860000000000000000e+04 4.808000000000000000e+03
1.870000000000000000e+04 5.165000000000000000e+03
1.880000000000000000e+04 5.383000000000000000e+03
1.890000000000000000e+04 5.568000000000000000e+03
1.900000000000000000e+04 5.695000000000000000e+03
1.910000000000000000e+04 6.026000000000000000e+03
1.920000000000000000e+04 6.163000000000000000e+03
1.930000000000000000e+04 6.441000000000000000e+03
1.940000000000000000e+04 6.592000000000000000e+03
1.950000000000000000e+04 6.645000000000000000e+03
1.960000000000000000e+04 6.737000000000000000e+03
1.970000000000000000e+04 6.887000000000000000e+03
1.980000000000000000e+04 7.299000000000000000e+03
1.990000000000000000e+04 7.254000000000000000e+03
