0.000000000000000000e+00 7.637000000000000000e+03
5.000000000000000000e+01 8.010000000000000000e+03
1.000000000000000000e+02 8.139000000000000000e+03
1.500000000000000000e+02 8.206000000000000000e+03
2.000000000000000000e+02 8.239000000000000000e+03
2.500000000000000000e+02 8.503000000000000000e+03
3.000000000000000000e+02 8.607000000000000000e+03
3.500000000000000000e+02 8.689000000000000000e+03
4.000000000000000000e+02 8.550000000000000000e+03
4.500000000000000000e+02 8.829000000000000000e+03
5.000000000000000000e+02 8.552000000000000000e+03
5.500000000000000000e+02 8.522000000000000000e+03
6.000000000000000000e+02 8.672000000000000000e+03
6.500000000000000000e+02 8.898000000000000000e+03
7.000000000000000000e+02 8.891000000000000000e+03
7.500000000000000000e+02 8.988000000000000000e+03
8.000000000000000000e+02 8.957000000000000000e+03
8.500000000000000000e+02 9.085000000000000000e+03
9.000000000000000000e+02 8.934000000000000000e+03
9.500000000000000000e+02 8.873000000000000000e+03
1.000000000000000000e+03 8.999000000000000000e+03
1.050000000000000000e+03 8.898000000000000000e+03
1.100000000000000000e+03 9.076000000000000000e+03
1.150000000000000000e+03 8.935000000000000000e+03
1.200000000000000000e+03 8.914000000000000000e+03
1.250000000000000000e+03 9.039000000000000000e+03
1.300000000000000000e+03 8.984000000000000000e+03
1.350000000000000000e+03 8.814000000000000000e+03
1.400000000000000000e+03 8.808000000000000000e+03
1.450000000000000000e+03 8.616000000000000000e+03
1.500000000000000000e+03 8.592000000000000000e+03
1.550000000000000000e+03 8.595000000000000000e+03
1.600000000000000000e+03 8.479000000000000000e+03
1.650000000000000000e+03 8.358000000000000000e+03
1.700000000000000000e+03 8.459000000000000000e+03
1.750000000000000000e+03 8.127000000000000000e+03
1.800000000000000000e+03 8.225000000000000000e+03
1.850000000000000000e+03 8.162000000000000000e+03
1.900000000000000000e+03 7.945000000000000000e+03
1.950000000000000000e+03 7.672000000000000000e+03
2.000000000000000000e+03 7.692000000000000000e+03
2.050000000000000000e+03 7.614000000000000000e+03
2.100000000000000000e+03 7.549000000000000000e+03
2.150000000000000000e+03 7.090000000000000000e+03
2.200000000000000000e+03 7.218000000000000000e+03
2.250000000000000000e+03 7.142000000000000000e+03
2.300000000000000000e+03 6.764000000000000000e+03
2.350000000000000000e+03 6.750000000000000000e+03
2.400000000000000000e+03 6.309000000000000000e+03
2.450000000000000000e+03 6.278000000000000000e+03
2.500000000000000000e+03 6.094000000000000000e+03
2.550000000000000000e+03 5.838000000000000000e+03
2.600000000000000000e+03 5.534000000000000000e+03
2.650000000000000000e+03 5.380000000000000000e+03
2.700000000000000000e+03 5.276000000000000000e+03
2.750000000000000000e+03 4.686000000000000000e+03
2.800000000000000000e+03 4.619000000000000000e+03
2.850000000000000000e+03 4.649000000000000000e+03
2.900000000000000000e+03 4.230000000000000000e+03
2.950000000000000000e+03 4.019000000000000000e+03
3.000000000000000000e+03 3.979000000000000000e+03
3.050000000000000000e+03 3.804000000000000000e+03
3.100000000000000000e+03 3.586000000000000000e+03
3.150000000000000000e+03 3.475000000000000000e+03
3.200000000000000000e+03 3.285000000000000000e+03
3.250000000000000000e+03 3.134000000000000000e+03
3.300000000000000000e+03 3.049000000000000000e+03
3.350000000000000000e+03 3.012000000000000000e+03
3.400000000000000000e+03 2.881000000000000000e+03
3.450000000000000000e+03 2.742000000000000000e+03
3.500000000000000000e+03 2.710000000000000000e+03
3.550000000000000000e+03 2.776000000000000000e+03
3.600000000000000000e+03 2.831000000000000000e+03
3.650000000000000000e+03 2.781000000000000000e+03
3.700000000000000000e+03 2.821000000000000000e+03
3.750000000000000000e+03 2.877000000000000000e+03
3.800000000000000000e+03 2.905000000000000000e+03
3.850000000000000000e+03 3.169000000000000000e+03
3.900000000000000000e+03 3.238000000000000000e+03
3.950000000000000000e+03 3.419000000000000000e+03
4.000000000000000000e+03 3.571000000000000000e+03
4.050000000000000000e+03 3.740000000000000000e+03
4.100000000000000000e+03 4.095000000000000000e+03
4.150000000000000000e+03 4.109000000000000000e+03
4.200000000000000000e+03 4.400000000000000000e+03
4.250000000000000000e+03 4.742000000000000000e+03
4.300000000000000000e+03 4.838000000000000000e+03
4.350000000000000000e+03 5.107000000000000000e+03
4.400000000000000000e+03 5.374000000000000000e+03
4.450000000000000000e+03 5.638000000000000000e+03
4.500000000000000000e+03 5.938000000000000000e+03
4.550000000000000000e+03 6.174000000000000000e+03
4.600000000000000000e+03 6.538000000000000000e+03
4.650000000000000000e+03 6.347000000000000000e+03
4.700000000000000000e+03 6.746000000000000000e+03
4.750000000000000000e+03 6.939000000000000000e+03
4.800000000000000000e+03 7.221000000000000000e+03
4.850000000000000000e+03 7.178000000000000000e+03
4.900000000000000000e+03 7.464000000000000000e+03
4.950000000000000000e+03 7.480000000000000000e+03
5.000000000000000000e+03 7.545000000000000000e+03
5.050000000000000000e+03 7.904000000000000000e+03
5.100000000000000000e+03 7.982000000000000000e+03
5.150000000000000000e+03 8.205000000000000000e+03
5.200000000000000000e+03 8.315000000000000000e+03
5.250000000000000000e+03 8.669000000000000000e+03
5.300000000000000000e+03 8.515000000000000000e+03
5.350000000000000000e+03 8.534000000000000000e+03
5.400000000000000000e+03 8.502000000000000000e+03
5.450000000000000000e+03 8.750000000000000000e+03
5.500000000000000000e+03 8.830000000000000000e+03
5.550000000000000000e+03 8.766000000000000000e+03
5.600000000000000000e+03 8.695000000000000000e+03
5.650000000000000000e+03 8.831000000000000000e+03
5.700000000000000000e+03 8.846000000000000000e+03
5.750000000000000000e+03 8.949000000000000000e+03
5.800000000000000000e+03 8.874000000000000000e+03
5.850000000000000000e+03 9.044000000000000000e+03
5.900000000000000000e+03 9.095000000000000000e+03
5.950000000000000000e+03 9.068000000000000000e+03
6.000000000000000000e+03 9.131000000000000000e+03
6.050000000000000000e+03 8.918000000000000000e+03
6.100000000000000000e+03 8.915000000000000000e+03
6.150000000000000000e+03 8.994000000000000000e+03
6.200000000000000000e+03 9.051000000000000000e+03
6.250000000000000000e+03 9.073000000000000000e+03
6.300000000000000000e+03 8.977000000000000000e+03
6.350000000000000000e+03 8.799000000000000000e+03
6.400000000000000000e+03 8.769000000000000000e+03
6.450000000000000000e+03 8.770000000000000000e+03
6.500000000000000000e+03 8.666000000000000000e+03
6.550000000000000000e+03 8.805000000000000000e+03
6.600000000000000000e+03 8.399000000000000000e+03
6.650000000000000000e+03 8.567000000000000000e+03
6.700000000000000000e+03 8.402000000000000000e+03
6.750000000000000000e+03 8.196000000000000000e+03
6.800000000000000000e+03 8.163000000000000000e+03
6.850000000000000000e+03 8.183000000000000000e+03
6.900000000000000000e+03 7.870000000000000000e+03
6.950000000000000000e+03 7.739000000000000000e+03
7.000000000000000000e+03 7.814000000000000000e+03
7.050000000000000000e+03 7.623000000000000000e+03
7.100000000000000000e+03 7.492000000000000000e+03
7.150000000000000000e+03 7.351000000000000000e+03
7.200000000000000000e+03 7.125000000000000000e+03
7.250000000000000000e+03 6.824000000000000000e+03
7.300000000000000000e+03 6.747000000000000000e+03
7.350000000000000000e+03 6.678000000000000000e+03
7.400000000000000000e+03 6.435000000000000000e+03
7.450000000000000000e+03 6.243000000000000000e+03
7.500000000000000000e+03 5.944000000000000000e+03
7.550000000000000000e+03 5.730000000000000000e+03
7.600000000000000000e+03 5.597000000000000000e+03
7.650000000000000000e+03 5.317000000000000000e+03
7.700000000000000000e+03 5.151000000000000000e+03
7.750000000000000000e+03 4.917000000000000000e+03
7.800000000000000000e+03 4.780000000000000000e+03
7.850000000000000000e+03 4.620000000000000000e+03
7.900000000000000000e+03 4.217000000000000000e+03
7.950000000000000000e+03 4.054000000000000000e+03
8.000000000000000000e+03 3.948000000000000000e+03
8.050000000000000000e+03 3.714000000000000000e+03
8.100000000000000000e+03 3.545000000000000000e+03
8.150000000000000000e+03 3.422000000000000000e+03
8.200000000000000000e+03 3.239000000000000000e+03
8.250000000000000000e+03 3.150000000000000000e+03
8.300000000000000000e+03 3.105000000000000000e+03
8.350000000000000000e+03 2.979000000000000000e+03
8.400000000000000000e+03 2.983000000000000000e+03
8.450000000000000000e+03 2.900000000000000000e+03
8.500000000000000000e+03 2.821000000000000000e+03
8.550000000000000000e+03 2.752000000000000000e+03
8.600000000000000000e+03 2.686000000000000000e+03
8.650000000000000000e+03 2.863000000000000000e+03
8.700000000000000000e+03 2.856000000000000000e+03
8.750000000000000000e+03 2.975000000000000000e+03
8.800000000000000000e+03 3.057000000000000000e+03
8.850000000000000000e+03 2.978000000000000000e+03
8.900000000000000000e+03 3.294000000000000000e+03
8.950000000000000000e+03 3.452000000000000000e+03
9.000000000000000000e+03 3.488000000000000000e+03
9.050000000000000000e+03 3.714000000000000000e+03
9.100000000000000000e+03 3.936000000000000000e+03
9.150000000000000000e+03 4.183000000000000000e+03
9.200000000000000000e+03 4.409000000000000000e+03
9.250000000000000000e+03 4.670000000000000000e+03
9.300000000000000000e+03 4.907000000000000000e+03
9.350000000000000000e+03 5.166000000000000000e+03
9.400000000000000000e+03 5.432000000000000000e+03
9.450000000000000000e+03 5.532000000000000000e+03
9.500000000000000000e+03 5.898000000000000000e+03
9.550000000000000000e+03 5.994000000000000000e+03
9.600000000000000000e+03 6.315000000000000000e+03
9.650000000000000000e+03 6.408000000000000000e+03
9.700000000000000000e+03 6.603000000000000000e+03
9.750000000000000000e+03 6.991000000000000000e+03
9.800000000000000000e+03 7.000000000000000000e+03
9.850000000000000000e+03 7.267000000000000000e+03
9.900000000000000000e+03 7.570000000000000000e+03
9.950000000000000000e+03 7.605000000000000000e+03
