0.000000000000000000e+00 3.815500000000000000e+04
5.000000000000000000e+02 3.895000000000000000e+04
1.000000000000000000e+03 4.046900000000000000e+04
1.500000000000000000e+03 4.176400000000000000e+04
2.000000000000000000e+03 4.293200000000000000e+04
2.500000000000000000e+03 4.416400000000000000e+04
3.000000000000000000e+03 4.496900000000000000e+04
3.500000000000000000e+03 4.618400000000000000e+04
4.000000000000000000e+03 4.673200000000000000e+04
4.500000000000000000e+03 4.738300000000000000e+04
5.000000000000000000e+03 4.855000000000000000e+04
5.500000000000000000e+03 4.905200000000000000e+04
6.000000000000000000e+03 4.944700000000000000e+04
6.500000000000000000e+03 4.955700000000000000e+04
7.000000000000000000e+03 5.028800000000000000e+04
7.500000000000000000e+03 5.068400000000000000e+04
8.000000000000000000e+03 5.079000000000000000e+04
8.500000000000000000e+03 5.075100000000000000e+04
9.000000000000000000e+03 5.109300000000000000e+04
9.500000000000000000e+03 5.090000000000000000e+04
1.000000000000000000e+04 5.107500000000000000e+04
1.050000000000000000e+04 5.095900000000000000e+04
1.100000000000000000e+04 5.080800000000000000e+04
1.150000000000000000e+04 5.034900000000000000e+04
1.200000000000000000e+04 4.999400000000000000e+04
1.250000000000000000e+04 4.977900000000000000e+04
1.300000000000000000e+04 4.952400000000000000e+04
1.350000000000000000e+04 4.868900000000000000e+04
1.400000000000000000e+04 4.807700000000000000e+04
1.450000000000000000e+04 4.798600000000000000e+04
1.500000000000000000e+04 4.677600000000000000e+04
1.550000000000000000e+04 4.575700000000000000e+04
1.600000000000000000e+04 4.529100000000000000e+04
1.650000000000000000e+04 4.442700000000000000e+04
1.700000000000000000e+04 4.306000000000000000e+04
1.750000000000000000e+04 4.208100000000000000e+04
1.800000000000000000e+04 4.102900000000000000e+04
1.850000000000000000e+04 3.949800000000000000e+04
1.900000000000000000e+04 3.784500000000000000e+04
1.950000000000000000e+04 3.675100000000000000e+04
2.000000000000000000e+04 3.546900000000000000e+04
2.050000000000000000e+04 3.389600000000000000e+04
2.100000000000000000e+04 3.212100000000000000e+04
2.150000000000000000e+04 3.058500000000000000e+04
2.200000000000000000e+04 2.883100000000000000e+04
2.250000000000000000e+04 2.732900000000000000e+04
2.300000000000000000e+04 2.565200000000000000e+04
2.350000000000000000e+04 2.415700000000000000e+04
2.400000000000000000e+04 2.232700000000000000e+04
2.450000000000000000e+04 2.066800000000000000e+04
2.500000000000000000e+04 1.926900000000000000e+04
2.550000000000000000e+04 1.800600000000000000e+04
2.600000000000000000e+04 1.634300000000000000e+04
2.650000000000000000e+04 1.519900000000000000e+04
2.700000000000000000e+04 1.393200000000000000e+04
2.750000000000000000e+04 1.278300000000000000e+04
2.800000000000000000e+04 1.170400000000000000e+04
2.850000000000000000e+04 1.072400000000000000e+04
2.900000000000000000e+04 9.801000000000000000e+03
2.950000000000000000e+04 8.956000000000000000e+03
3.000000000000000000e+04 8.261000000000000000e+03
3.050000000000000000e+04 7.636000000000000000e+03
3.100000000000000000e+04 7.154000000000000000e+03
3.150000000000000000e+04 6.675000000000000000e+03
3.200000000000000000e+04 6.270000000000000000e+03
3.250000000000000000e+04 5.878000000000000000e+03
3.300000000000000000e+04 5.750000000000000000e+03
3.350000000000000000e+04 5.570000000000000000e+03
3.400000000000000000e+04 5.373000000000000000e+03
3.450000000000000000e+04 5.392000000000000000e+03
3.500000000000000000e+04 5.329000000000000000e+03
3.550000000000000000e+04 5.400000000000000000e+03
3.600000000000000000e+04 5.658000000000000000e+03
3.650000000000000000e+04 5.781000000000000000e+03
3.700000000000000000e+04 6.128000000000000000e+03
3.750000000000000000e+04 6.514000000000000000e+03
3.800000000000000000e+04 6.946000000000000000e+03
3.850000000000000000e+04 7.424000000000000000e+03
3.900000000000000000e+04 7.948000000000000000e+03
3.950000000000000000e+04 8.743000000000000000e+03
4.000000000000000000e+04 9.499000000000000000e+03
4.050000000000000000e+04 1.056800000000000000e+04
4.100000000000000000e+04 1.132000000000000000e+04
4.150000000000000000e+04 1.231500000000000000e+04
4.200000000000000000e+04 1.337800000000000000e+04
4.250000000000000000e+04 1.469600000000000000e+04
4.300000000000000000e+04 1.612400000000000000e+04
4.350000000000000000e+04 1.755000000000000000e+04
4.400000000000000000e+04 1.892700000000000000e+04
4.450000000000000000e+04 2.044400000000000000e+04
4.500000000000000000e+04 2.213000000000000000e+04
4.550000000000000000e+04 2.334000000000000000e+04
4.600000000000000000e+04 2.511700000000000000e+04
4.650000000000000000e+04 2.695200000000000000e+04
4.700000000000000000e+04 2.866200000000000000e+04
4.750000000000000000e+04 2.980900000000000000e+04
4.800000000000000000e+04 3.177600000000000000e+04
4.850000000000000000e+04 3.347500000000000000e+04
4.900000000000000000e+04 3.507300000000000000e+04
4.950000000000000000e+04 3.662000000000000000e+04
5.000000000000000000e+04 3.811600000000000000e+04
5.050000000000000000e+04 3.916500000000000000e+04
5.100000000000000000e+04 4.071200000000000000e+04
5.150000000000000000e+04 4.167400000000000000e+04
5.200000000000000000e+04 4.347800000000000000e+04
5.250000000000000000e+04 4.374200000000000000e+04
5.300000000000000000e+04 4.533400000000000000e+04
5.350000000000000000e+04 4.603400000000000000e+04
5.400000000000000000e+04 4.687000000000000000e+04
5.450000000000000000e+04 4.742200000000000000e+04
5.500000000000000000e+04 4.840400000000000000e+04
5.550000000000000000e+04 4.877000000000000000e+04
5.600000000000000000e+04 4.932700000000000000e+04
5.650000000000000000e+04 4.963700000000000000e+04
5.700000000000000000e+04 4.990600000000000000e+04
5.750000000000000000e+04 5.057900000000000000e+04
5.800000000000000000e+04 5.091600000000000000e+04
5.850000000000000000e+04 5.076100000000000000e+04
5.900000000000000000e+04 5.125800000000000000e+04
5.950000000000000000e+04 5.118400000000000000e+04
6.000000000000000000e+04 5.061600000000000000e+04
6.050000000000000000e+04 5.109400000000000000e+04
6.100000000000000000e+04 5.055300000000000000e+04
6.150000000000000000e+04 5.097300000000000000e+04
6.200000000000000000e+04 5.006200000000000000e+04
6.250000000000000000e+04 4.982300000000000000e+04
6.300000000000000000e+04 4.945600000000000000e+04
6.350000000000000000e+04 4.907100000000000000e+04
6.400000000000000000e+04 4.837500000000000000e+04
6.450000000000000000e+04 4.760400000000000000e+04
6.500000000000000000e+04 4.691100000000000000e+04
6.550000000000000000e+04 4.557800000000000000e+04
6.600000000000000000e+04 4.522400000000000000e+04
6.650000000000000000e+04 4.435000000000000000e+04
6.700000000000000000e+04 4.306700000000000000e+04
6.750000000000000000e+04 4.253600000000000000e+04
6.800000000000000000e+04 4.092800000000000000e+04
6.850000000000000000e+04 3.969200000000000000e+04
6.900000000000000000e+04 3.804000000000000000e+04
6.950000000000000000e+04 3.702800000000000000e+04
7.000000000000000000e+04 3.544000000000000000e+04
7.050000000000000000e+04 3.410000000000000000e+04
7.100000000000000000e+04 3.205400000000000000e+04
7.150000000000000000e+04 3.093800000000000000e+04
7.200000000000000000e+04 2.879700000000000000e+04
7.250000000000000000e+04 2.719500000000000000e+04
7.300000000000000000e+04 2.602600000000000000e+04
7.350000000000000000e+04 2.398400000000000000e+04
7.400000000000000000e+04 2.212700000000000000e+04
7.450000000000000000e+04 2.087100000000000000e+04
7.500000000000000000e+04 1.948800000000000000e+04
7.550000000000000000e+04 1.782700000000000000e+04
7.600000000000000000e+04 1.647700000000000000e+04
7.650000000000000000e+04 1.494300000000000000e+04
7.700000000000000000e+04 1.401000000000000000e+04
7.750000000000000000e+04 1.287600000000000000e+04
7.800000000000000000e+04 1.170500000000000000e+04
7.850000000000000000e+04 1.055400000000000000e+04
7.900000000000000000e+04 9.732000000000000000e+03
7.950000000000000000e+04 9.050000000000000000e+03
8.000000000000000000e+04 8.366000000000000000e+03
8.050000000000000000e+04 7.483000000000000000e+03
8.100000000000000000e+04 6.887000000000000000e+03
8.150000000000000000e+04 6.700000000000000000e+03
8.200000000000000000e+04 6.179000000000000000e+03
8.250000000000000000e+04 5.967000000000000000e+03
8.300000000000000000e+04 5.713000000000000000e+03
8.350000000000000000e+04 5.539000000000000000e+03
8.400000000000000000e+04 5.461000000000000000e+03
8.450000000000000000e+04 5.327000000000000000e+03
8.500000000000000000e+04 5.312000000000000000e+03
8.550000000000000000e+04 5.613000000000000000e+03
8.600000000000000000e+04 5.723000000000000000e+03
8.650000000000000000e+04 5.838000000000000000e+03
8.700000000000000000e+04 6.104000000000000000e+03
8.750000000000000000e+04 6.445000000000000000e+03
8.800000000000000000e+04 6.926000000000000000e+03
8.850000000000000000e+04 7.396000000000000000e+03
8.900000000000000000e+04 7.929000000000000000e+03
8.950000000000000000e+04 8.663000000000000000e+03
9.000000000000000000e+04 9.313000000000000000e+03
9.050000000000000000e+04 1.031000000000000000e+04
9.100000000000000000e+04 1.143100000000000000e+04
9.150000000000000000e+04 1.263000000000000000e+04
9.200000000000000000e+04 1.371700000000000000e+04
9.250000000000000000e+04 1.476200000000000000e+04
9.300000000000000000e+04 1.630000000000000000e+04
9.350000000000000000e+04 1.744400000000000000e+04
9.400000000000000000e+04 1.913900000000000000e+04
9.450000000000000000e+04 2.057700000000000000e+04
9.500000000000000000e+04 2.208000000000000000e+04
9.550000000000000000e+04 2.345700000000000000e+04
9.600000000000000000e+04 2.511200000000000000e+04
9.650000000000000000e+04 2.688000000000000000e+04
9.700000000000000000e+04 2.863400000000000000e+04
9.750000000000000000e+04 2.989700000000000000e+04
9.800000000000000000e+04 3.180700000000000000e+04
9.850000000000000000e+04 3.390200000000000000e+04
9.900000000000000000e+04 3.509900000000000000e+04
9.950000000000000000e+04 3.674400000000000000e+04
