0.000000000000000000e+00 3.614100000000000000e+04
3.330000000000000000e+02 3.758800000000000000e+04
6.660000000000000000e+02 3.890000000000000000e+04
9.990000000000000000e+02 3.977500000000000000e+04
1.332000000000000000e+03 4.096000000000000000e+04
1.665000000000000000e+03 4.183300000000000000e+04
1.998000000000000000e+03 4.337600000000000000e+04
2.331000000000000000e+03 4.362100000000000000e+04
2.664000000000000000e+03 4.457500000000000000e+04
2.997000000000000000e+03 4.540500000000000000e+04
3.330000000000000000e+03 4.619900000000000000e+04
3.663000000000000000e+03 4.673700000000000000e+04
3.996000000000000000e+03 4.730300000000000000e+04
4.329000000000000000e+03 4.780800000000000000e+04
4.662000000000000000e+03 4.783300000000000000e+04
4.995000000000000000e+03 4.824400000000000000e+04
5.328000000000000000e+03 4.827500000000000000e+04
5.661000000000000000e+03 4.880400000000000000e+04
5.994000000000000000e+03 4.883700000000000000e+04
6.327000000000000000e+03 4.910300000000000000e+04
6.660000000000000000e+03 4.912800000000000000e+04
6.993000000000000000e+03 4.880900000000000000e+04
7.326000000000000000e+03 4.871800000000000000e+04
7.659000000000000000e+03 4.856500000000000000e+04
7.992000000000000000e+03 4.822600000000000000e+04
8.325000000000000000e+03 4.804700000000000000e+04
8.658000000000000000e+03 4.705200000000000000e+04
8.991000000000000000e+03 4.690800000000000000e+04
9.324000000000000000e+03 4.658600000000000000e+04
9.657000000000000000e+03 4.560800000000000000e+04
9.990000000000000000e+03 4.468900000000000000e+04
1.032300000000000000e+04 4.405400000000000000e+04
1.065600000000000000e+04 4.356600000000000000e+04
1.098900000000000000e+04 4.222000000000000000e+04
1.132200000000000000e+04 4.135400000000000000e+04
1.165500000000000000e+04 4.053700000000000000e+04
1.198800000000000000e+04 3.917600000000000000e+04
1.232100000000000000e+04 3.811700000000000000e+04
1.265400000000000000e+04 3.698600000000000000e+04
1.298700000000000000e+04 3.536200000000000000e+04
1.332000000000000000e+04 3.370000000000000000e+04
1.365300000000000000e+04 3.217500000000000000e+04
1.398600000000000000e+04 3.087500000000000000e+04
1.431900000000000000e+04 2.939000000000000000e+04
1.465200000000000000e+04 2.763600000000000000e+04
1.498500000000000000e+04 2.592900000000000000e+04
1.531800000000000000e+04 2.442800000000000000e+04
1.565100000000000000e+04 2.321400000000000000e+04
1.598400000000000000e+04 2.138700000000000000e+04
1.631700000000000000e+04 1.997700000000000000e+04
1.665000000000000000e+04 1.875800000000000000e+04
1.698300000000000000e+04 1.719100000000000000e+04
1.731600000000000000e+04 1.581900000000000000e+04
1.764900000000000000e+04 1.450400000000000000e+04
1.798200000000000000e+04 1.314100000000000000e+04
1.831500000000000000e+04 1.210600000000000000e+04
1.864800000000000000e+04 1.123300000000000000e+04
1.898100000000000000e+04 1.030400000000000000e+04
1.931400000000000000e+04 9.237000000000000000e+03
1.964700000000000000e+04 8.497000000000000000e+03
1.998000000000000000e+04 7.870000000000000000e+03
2.031300000000000000e+04 7.331000000000000000e+03
2.064600000000000000e+04 6.656000000000000000e+03
2.097900000000000000e+04 6.242000000000000000e+03
2.131200000000000000e+04 6.034000000000000000e+03
2.164500000000000000e+04 5.748000000000000000e+03
2.197800000000000000e+04 5.383000000000000000e+03
2.231100000000000000e+04 5.182000000000000000e+03
2.264400000000000000e+04 5.129000000000000000e+03
2.297700000000000000e+04 5.020000000000000000e+03
2.331000000000000000e+04 5.023000000000000000e+03
2.364300000000000000e+04 5.081000000000000000e+03
2.397600000000000000e+04 5.365000000000000000e+03
2.430900000000000000e+04 5.554000000000000000e+03
2.464200000000000000e+04 5.830000000000000000e+03
2.497500000000000000e+04 6.118000000000000000e+03
2.530800000000000000e+04 6.550000000000000000e+03
2.564100000000000000e+04 7.108000000000000000e+03
2.597400000000000000e+04 7.460000000000000000e+03
2.630700000000000000e+04 8.334000000000000000e+03
2.664000000000000000e+04 9.008000000000000000e+03
2.697300000000000000e+04 9.868000000000000000e+03
2.730600000000000000e+04 1.069500000000000000e+04
2.763900000000000000e+04 1.182200000000000000e+04
2.797200000000000000e+04 1.257300000000000000e+04
2.830500000000000000e+04 1.397900000000000000e+04
2.863800000000000000e+04 1.522700000000000000e+04
2.897100000000000000e+04 1.671100000000000000e+04
2.930400000000000000e+04 1.799100000000000000e+04
2.963700000000000000e+04 1.935100000000000000e+04
2.997000000000000000e+04 2.119700000000000000e+04
3.030300000000000000e+04 2.249200000000000000e+04
3.063600000000000000e+04 2.388000000000000000e+04
3.096900000000000000e+04 2.536000000000000000e+04
3.130200000000000000e+04 2.724900000000000000e+04
3.163500000000000000e+04 2.874600000000000000e+04
3.196800000000000000e+04 3.045900000000000000e+04
3.230100000000000000e+04 3.192800000000000000e+04
3.263400000000000000e+04 3.315500000000000000e+04
3.296700000000000000e+04 3.464300000000000000e+04
3.330000000000000000e+04 3.609500000000000000e+04
3.363300000000000000e+04 3.727200000000000000e+04
3.396600000000000000e+04 3.854900000000000000e+04
3.429900000000000000e+04 3.957400000000000000e+04
3.463200000000000000e+04 4.095300000000000000e+04
3.496500000000000000e+04 4.187700000000000000e+04
3.529800000000000000e+04 4.284000000000000000e+04
3.563100000000000000e+04 4.402600000000000000e+04
3.596400000000000000e+04 4.478100000000000000e+04
3.629700000000000000e+04 4.562300000000000000e+04
3.663000000000000000e+04 4.618400000000000000e+04
3.696300000000000000e+04 4.678400000000000000e+04
3.729600000000000000e+04 4.755800000000000000e+04
3.762900000000000000e+04 4.753900000000000000e+04
3.796200000000000000e+04 4.815300000000000000e+04
3.829500000000000000e+04 4.808900000000000000e+04
3.862800000000000000e+04 4.829100000000000000e+04
3.896100000000000000e+04 4.813100000000000000e+04
3.929400000000000000e+04 4.844400000000000000e+04
3.962700000000000000e+04 4.868100000000000000e+04
3.996000000000000000e+04 4.876900000000000000e+04
4.029300000000000000e+04 4.855800000000000000e+04
4.062600000000000000e+04 4.876500000000000000e+04
4.095900000000000000e+04 4.824700000000000000e+04
4.129200000000000000e+04 4.826900000000000000e+04
4.162500000000000000e+04 4.755300000000000000e+04
4.195800000000000000e+04 4.743000000000000000e+04
4.229100000000000000e+04 4.720300000000000000e+04
4.262400000000000000e+04 4.669500000000000000e+04
4.295700000000000000e+04 4.568200000000000000e+04
4.329000000000000000e+04 4.497600000000000000e+04
4.362300000000000000e+04 4.409500000000000000e+04
4.395600000000000000e+04 4.317300000000000000e+04
4.428900000000000000e+04 4.251200000000000000e+04
4.462200000000000000e+04 4.117000000000000000e+04
4.495500000000000000e+04 4.021300000000000000e+04
4.528800000000000000e+04 3.932000000000000000e+04
4.562100000000000000e+04 3.750400000000000000e+04
4.595400000000000000e+04 3.697400000000000000e+04
4.628700000000000000e+04 3.534600000000000000e+04
4.662000000000000000e+04 3.423900000000000000e+04
4.695300000000000000e+04 3.256700000000000000e+04
4.728600000000000000e+04 3.079500000000000000e+04
4.761900000000000000e+04 2.972000000000000000e+04
4.795200000000000000e+04 2.797600000000000000e+04
4.828500000000000000e+04 2.627300000000000000e+04
4.861800000000000000e+04 2.470300000000000000e+04
4.895100000000000000e+04 2.302200000000000000e+04
4.928400000000000000e+04 2.168400000000000000e+04
4.961700000000000000e+04 1.995300000000000000e+04
4.995000000000000000e+04 1.859600000000000000e+04
5.028300000000000000e+04 1.738500000000000000e+04
5.061600000000000000e+04 1.571100000000000000e+04
5.094900000000000000e+04 1.460200000000000000e+04
5.128200000000000000e+04 1.343900000000000000e+04
5.161500000000000000e+04 1.222700000000000000e+04
5.194800000000000000e+04 1.124500000000000000e+04
5.228100000000000000e+04 1.039400000000000000e+04
5.261400000000000000e+04 9.495000000000000000e+03
5.294700000000000000e+04 8.764000000000000000e+03
5.328000000000000000e+04 7.852000000000000000e+03
5.361300000000000000e+04 7.421000000000000000e+03
5.394600000000000000e+04 6.737000000000000000e+03
5.427900000000000000e+04 6.461000000000000000e+03
5.461200000000000000e+04 6.018000000000000000e+03
5.494500000000000000e+04 5.704000000000000000e+03
5.527800000000000000e+04 5.430000000000000000e+03
5.561100000000000000e+04 5.344000000000000000e+03
5.594400000000000000e+04 5.224000000000000000e+03
5.627700000000000000e+04 5.026000000000000000e+03
5.661000000000000000e+04 5.031000000000000000e+03
5.694300000000000000e+04 5.216000000000000000e+03
5.727600000000000000e+04 5.238000000000000000e+03
5.760900000000000000e+04 5.502000000000000000e+03
5.794200000000000000e+04 5.810000000000000000e+03
5.827500000000000000e+04 6.225000000000000000e+03
5.860800000000000000e+04 6.583000000000000000e+03
5.894100000000000000e+04 6.957000000000000000e+03
5.927400000000000000e+04 7.476000000000000000e+03
5.960700000000000000e+04 8.241000000000000000e+03
5.994000000000000000e+04 8.913000000000000000e+03
6.027300000000000000e+04 9.767000000000000000e+03
6.060600000000000000e+04 1.082500000000000000e+04
6.093900000000000000e+04 1.175900000000000000e+04
6.127200000000000000e+04 1.268000000000000000e+04
6.160500000000000000e+04 1.392800000000000000e+04
6.193800000000000000e+04 1.548100000000000000e+04
6.227100000000000000e+04 1.641300000000000000e+04
6.260400000000000000e+04 1.808700000000000000e+04
6.293700000000000000e+04 1.927600000000000000e+04
6.327000000000000000e+04 2.070800000000000000e+04
6.360300000000000000e+04 2.231400000000000000e+04
6.393600000000000000e+04 2.369500000000000000e+04
6.426900000000000000e+04 2.543400000000000000e+04
6.460200000000000000e+04 2.734200000000000000e+04
6.493500000000000000e+04 2.869300000000000000e+04
6.526800000000000000e+04 3.048600000000000000e+04
6.560100000000000000e+04 3.201100000000000000e+04
6.593400000000000000e+04 3.311700000000000000e+04
6.626700000000000000e+04 3.483200000000000000e+04
