0.000000000000000000e+00 3.176000000000000000e+03
1.000000000000000000e+02 3.395000000000000000e+03
2.000000000000000000e+02 3.437000000000000000e+03
3.000000000000000000e+02 3.527000000000000000e+03
4.000000000000000000e+02 3.669000000000000000e+03
5.000000000000000000e+02 3.668000000000000000e+03
6.000000000000000000e+02 3.651000000000000000e+03
7.000000000000000000e+02 3.889000000000000000e+03
8.000000000000000000e+02 4.018000000000000000e+03
9.000000000000000000e+02 3.987000000000000000e+03
1.000000000000000000e+03 4.044000000000000000e+03
1.100000000000000000e+03 4.094000000000000000e+03
1.200000000000000000e+03 4.025000000000000000e+03
1.300000000000000000e+03 4.189000000000000000e+03
1.400000000000000000e+03 4.217000000000000000e+03
1.500000000000000000e+03 4.198000000000000000e+03
1.600000000000000000e+03 4.221000000000000000e+03
1.700000000000000000e+03 4.292000000000000000e+03
1.800000000000000000e+03 4.369000000000000000e+03
1.900000000000000000e+03 4.262000000000000000e+03
2.000000000000000000e+03 4.243000000000000000e+03
2.100000000000000000e+03 4.197000000000000000e+03
2.200000000000000000e+03 4.259000000000000000e+03
2.300000000000000000e+03 4.223000000000000000e+03
2.400000000000000000e+03 4.247000000000000000e+03
2.500000000000000000e+03 4.167000000000000000e+03
2.600000000000000000e+03 4.316000000000000000e+03
2.700000000000000000e+03 4.227000000000000000e+03
2.800000000000000000e+03 4.084000000000000000e+03
2.900000000000000000e+03 4.102000000000000000e+03
3.000000000000000000e+03 4.035000000000000000e+03
3.100000000000000000e+03 3.983000000000000000e+03
3.200000000000000000e+03 3.971000000000000000e+03
3.300000000000000000e+03 4.026000000000000000e+03
3.400000000000000000e+03 3.793000000000000000e+03
3.500000000000000000e+03 3.841000000000000000e+03
3.600000000000000000e+03 3.729000000000000000e+03
3.700000000000000000e+03 3.569000000000000000e+03
3.800000000000000000e+03 3.495000000000000000e+03
3.900000000000000000e+03 3.435000000000000000e+03
4.000000000000000000e+03 3.395000000000000000e+03
4.100000000000000000e+03 3.374000000000000000e+03
4.200000000000000000e+03 3.188000000000000000e+03
4.300000000000000000e+03 3.035000000000000000e+03
4.400000000000000000e+03 2.952000000000000000e+03
4.500000000000000000e+03 2.925000000000000000e+03
4.600000000000000000e+03 2.728000000000000000e+03
4.700000000000000000e+03 2.620000000000000000e+03
4.800000000000000000e+03 2.554000000000000000e+03
4.900000000000000000e+03 2.376000000000000000e+03
5.000000000000000000e+03 2.271000000000000000e+03
5.100000000000000000e+03 2.160000000000000000e+03
5.200000000000000000e+03 2.074000000000000000e+03
5.300000000000000000e+03 1.930000000000000000e+03
5.400000000000000000e+03 1.802000000000000000e+03
5.500000000000000000e+03 1.694000000000000000e+03
5.600000000000000000e+03 1.561000000000000000e+03
5.700000000000000000e+03 1.392000000000000000e+03
5.800000000000000000e+03 1.337000000000000000e+03
5.900000000000000000e+03 1.304000000000000000e+03
6.000000000000000000e+03 1.168000000000000000e+03
6.100000000000000000e+03 1.126000000000000000e+03
6.200000000000000000e+03 1.022000000000000000e+03
6.300000000000000000e+03 9.440000000000000000e+02
6.400000000000000000e+03 1.010000000000000000e+03
6.500000000000000000e+03 8.780000000000000000e+02
6.600000000000000000e+03 8.110000000000000000e+02
6.700000000000000000e+03 8.410000000000000000e+02
6.800000000000000000e+03 7.600000000000000000e+02
6.900000000000000000e+03 7.520000000000000000e+02
7.000000000000000000e+03 7.680000000000000000e+02
7.100000000000000000e+03 6.960000000000000000e+02
7.200000000000000000e+03 7.250000000000000000e+02
7.300000000000000000e+03 7.070000000000000000e+02
7.400000000000000000e+03 7.320000000000000000e+02
7.500000000000000000e+03 7.430000000000000000e+02
7.600000000000000000e+03 7.570000000000000000e+02
7.700000000000000000e+03 7.770000000000000000e+02
7.800000000000000000e+03 8.560000000000000000e+02
7.900000000000000000e+03 8.800000000000000000e+02
8.000000000000000000e+03 9.160000000000000000e+02
8.100000000000000000e+03 9.900000000000000000e+02
8.200000000000000000e+03 1.052000000000000000e+03
8.300000000000000000e+03 1.133000000000000000e+03
8.400000000000000000e+03 1.274000000000000000e+03
8.500000000000000000e+03 1.324000000000000000e+03
8.600000000000000000e+03 1.454000000000000000e+03
8.700000000000000000e+03 1.539000000000000000e+03
8.800000000000000000e+03 1.651000000000000000e+03
8.900000000000000000e+03 1.915000000000000000e+03
9.000000000000000000e+03 1.943000000000000000e+03
9.100000000000000000e+03 2.032000000000000000e+03
9.200000000000000000e+03 2.187000000000000000e+03
9.300000000000000000e+03 2.282000000000000000e+03
9.400000000000000000e+03 2.478000000000000000e+03
9.500000000000000000e+03 2.661000000000000000e+03
9.600000000000000000e+03 2.754000000000000000e+03
9.700000000000000000e+03 2.934000000000000000e+03
9.800000000000000000e+03 3.144000000000000000e+03
9.900000000000000000e+03 3.222000000000000000e+03
1.000000000000000000e+04 3.254000000000000000e+03
1.010000000000000000e+04 3.514000000000000000e+03
1.020000000000000000e+04 3.503000000000000000e+03
1.030000000000000000e+04 3.538000000000000000e+03
1.040000000000000000e+04 3.573000000000000000e+03
1.050000000000000000e+04 3.776000000000000000e+03
1.060000000000000000e+04 3.892000000000000000e+03
1.070000000000000000e+04 3.849000000000000000e+03
1.080000000000000000e+04 3.911000000000000000e+03
1.090000000000000000e+04 3.957000000000000000e+03
1.100000000000000000e+04 4.059000000000000000e+03
1.110000000000000000e+04 4.025000000000000000e+03
1.120000000000000000e+04 4.218000000000000000e+03
1.130000000000000000e+04 4.285000000000000000e+03
1.140000000000000000e+04 4.153000000000000000e+03
1.150000000000000000e+04 4.161000000000000000e+03
1.160000000000000000e+04 4.231000000000000000e+03
1.170000000000000000e+04 4.254000000000000000e+03
1.180000000000000000e+04 4.229000000000000000e+03
1.190000000000000000e+04 4.289000000000000000e+03
1.200000000000000000e+04 4.272000000000000000e+03
1.210000000000000000e+04 4.283000000000000000e+03
1.220000000000000000e+04 4.134000000000000000e+03
1.230000000000000000e+04 4.207000000000000000e+03
1.240000000000000000e+04 4.241000000000000000e+03
1.250000000000000000e+04 4.161000000000000000e+03
1.260000000000000000e+04 4.150000000000000000e+03
1.270000000000000000e+04 4.098000000000000000e+03
1.280000000000000000e+04 4.075000000000000000e+03
1.290000000000000000e+04 4.132000000000000000e+03
1.300000000000000000e+04 3.907000000000000000e+03
1.310000000000000000e+04 4.019000000000000000e+03
1.320000000000000000e+04 3.860000000000000000e+03
1.330000000000000000e+04 3.864000000000000000e+03
1.340000000000000000e+04 3.967000000000000000e+03
1.350000000000000000e+04 3.686000000000000000e+03
1.360000000000000000e+04 3.697000000000000000e+03
1.370000000000000000e+04 3.587000000000000000e+03
1.380000000000000000e+04 3.496000000000000000e+03
1.390000000000000000e+04 3.417000000000000000e+03
1.400000000000000000e+04 3.358000000000000000e+03
1.410000000000000000e+04 3.259000000000000000e+03
1.420000000000000000e+04 3.204000000000000000e+03
1.430000000000000000e+04 3.180000000000000000e+03
1.440000000000000000e+04 3.031000000000000000e+03
1.450000000000000000e+04 2.861000000000000000e+03
1.460000000000000000e+04 2.710000000000000000e+03
1.470000000000000000e+04 2.628000000000000000e+03
1.480000000000000000e+04 2.433000000000000000e+03
1.490000000000000000e+04 2.456000000000000000e+03
1.500000000000000000e+04 2.284000000000000000e+03
1.510000000000000000e+04 2.158000000000000000e+03
1.520000000000000000e+04 2.041000000000000000e+03
1.530000000000000000e+04 1.882000000000000000e+03
1.540000000000000000e+04 1.788000000000000000e+03
1.550000000000000000e+04 1.639000000000000000e+03
1.560000000000000000e+04 1.488000000000000000e+03
1.570000000000000000e+04 1.409000000000000000e+03
1.580000000000000000e+04 1.352000000000000000e+03
1.590000000000000000e+04 1.262000000000000000e+03
1.600000000000000000e+04 1.136000000000000000e+03
1.610000000000000000e+04 1.135000000000000000e+03
1.620000000000000000e+04 1.020000000000000000e+03
1.630000000000000000e+04 9.440000000000000000e+02
1.640000000000000000e+04 9.080000000000000000e+02
1.650000000000000000e+04 9.200000000000000000e+02
1.660000000000000000e+04 8.590000000000000000e+02
1.670000000000000000e+04 7.580000000000000000e+02
1.680000000000000000e+04 8.170000000000000000e+02
1.690000000000000000e+04 7.410000000000000000e+02
1.700000000000000000e+04 7.240000000000000000e+02
1.710000000000000000e+04 7.240000000000000000e+02
1.720000000000000000e+04 6.890000000000000000e+02
1.730000000000000000e+04 7.430000000000000000e+02
1.740000000000000000e+04 7.750000000000000000e+02
1.750000000000000000e+04 7.020000000000000000e+02
1.760000000000000000e+04 7.680000000000000000e+02
1.770000000000000000e+04 7.760000000000000000e+02
1.780000000000000000e+04 8.030000000000000000e+02
1.790000000000000000e+04 9.030000000000000000e+02
1.800000000000000000e+04 9.330000000000000000e+02
1.810000000000000000e+04 9.510000000000000000e+02
1.820000000000000000e+04 1.081000000000000000e+03
1.830000000000000000e+04 1.103000000000000000e+03
1.840000000000000000e+04 1.237000000000000000e+03
1.850000000000000000e+04 1.283000000000000000e+03
1.860000000000000000e+04 1.457000000000000000e+03
1.870000000000000000e+04 1.521000000000000000e+03
1.880000000000000000e+04 1.733000000000000000e+03
1.890000000000000000e+04 1.796000000000000000e+03
1.900000000000000000e+04 1.929000000000000000e+03
1.910000000000000000e+04 2.099000000000000000e+03
1.920000000000000000e+04 2.337000000000000000e+03
1.930000000000000000e+04 2.314000000000000000e+03
1.940000000000000000e+04 2.559000000000000000e+03
1.950000000000000000e+04 2.483000000000000000e+03
1.960000000000000000e+04 2.839000000000000000e+03
1.970000000000000000e+04 2.943000000000000000e+03
1.980000000000000000e+04 3.006000000000000000e+03
1.990000000000000000e+04 3.057000000000000000e+03
