0.000000000000000000e+00 1.623000000000000000e+03
5.000000000000000000e+01 1.621000000000000000e+03
1.000000000000000000e+02 1.762000000000000000e+03
1.500000000000000000e+02 1.740000000000000000e+03
2.000000000000000000e+02 1.857000000000000000e+03
2.500000000000000000e+02 1.882000000000000000e+03
3.000000000000000000e+02 1.863000000000000000e+03
3.500000000000000000e+02 1.948000000000000000e+03
4.000000000000000000e+02 1.833000000000000000e+03
4.500000000000000000e+02 1.961000000000000000e+03
5.000000000000000000e+02 1.974000000000000000e+03
5.500000000000000000e+02 1.974000000000000000e+03
6.000000000000000000e+02 1.986000000000000000e+03
6.500000000000000000e+02 2.024000000000000000e+03
7.000000000000000000e+02 2.053000000000000000e+03
7.500000000000000000e+02 2.057000000000000000e+03
8.000000000000000000e+02 2.086000000000000000e+03
8.500000000000000000e+02 2.061000000000000000e+03
9.000000000000000000e+02 2.059000000000000000e+03
9.500000000000000000e+02 1.980000000000000000e+03
1.000000000000000000e+03 2.076000000000000000e+03
1.050000000000000000e+03 2.080000000000000000e+03
1.100000000000000000e+03 2.142000000000000000e+03
1.150000000000000000e+03 2.160000000000000000e+03
1.200000000000000000e+03 2.089000000000000000e+03
1.250000000000000000e+03 2.086000000000000000e+03
1.300000000000000000e+03 2.117000000000000000e+03
1.350000000000000000e+03 2.060000000000000000e+03
1.400000000000000000e+03 2.004000000000000000e+03
1.450000000000000000e+03 2.082000000000000000e+03
1.500000000000000000e+03 2.017000000000000000e+03
1.550000000000000000e+03 2.022000000000000000e+03
1.600000000000000000e+03 1.956000000000000000e+03
1.650000000000000000e+03 1.995000000000000000e+03
1.700000000000000000e+03 1.912000000000000000e+03
1.750000000000000000e+03 1.929000000000000000e+03
1.800000000000000000e+03 1.945000000000000000e+03
1.850000000000000000e+03 2.013000000000000000e+03
1.900000000000000000e+03 1.826000000000000000e+03
1.950000000000000000e+03 1.870000000000000000e+03
2.000000000000000000e+03 1.843000000000000000e+03
2.050000000000000000e+03 1.807000000000000000e+03
2.100000000000000000e+03 1.638000000000000000e+03
2.150000000000000000e+03 1.645000000000000000e+03
2.200000000000000000e+03 1.669000000000000000e+03
2.250000000000000000e+03 1.608000000000000000e+03
2.300000000000000000e+03 1.554000000000000000e+03
2.350000000000000000e+03 1.538000000000000000e+03
2.400000000000000000e+03 1.515000000000000000e+03
2.450000000000000000e+03 1.422000000000000000e+03
2.500000000000000000e+03 1.406000000000000000e+03
2.550000000000000000e+03 1.395000000000000000e+03
2.600000000000000000e+03 1.235000000000000000e+03
2.650000000000000000e+03 1.204000000000000000e+03
2.700000000000000000e+03 1.154000000000000000e+03
2.750000000000000000e+03 1.139000000000000000e+03
2.800000000000000000e+03 1.081000000000000000e+03
2.850000000000000000e+03 1.043000000000000000e+03
2.900000000000000000e+03 1.015000000000000000e+03
2.950000000000000000e+03 9.380000000000000000e+02
3.000000000000000000e+03 8.830000000000000000e+02
3.050000000000000000e+03 8.600000000000000000e+02
3.100000000000000000e+03 8.110000000000000000e+02
3.150000000000000000e+03 8.630000000000000000e+02
3.200000000000000000e+03 7.980000000000000000e+02
3.250000000000000000e+03 7.330000000000000000e+02
3.300000000000000000e+03 6.940000000000000000e+02
3.350000000000000000e+03 6.160000000000000000e+02
3.400000000000000000e+03 7.180000000000000000e+02
3.450000000000000000e+03 6.900000000000000000e+02
3.500000000000000000e+03 7.100000000000000000e+02
3.550000000000000000e+03 6.280000000000000000e+02
3.600000000000000000e+03 6.330000000000000000e+02
3.650000000000000000e+03 6.180000000000000000e+02
3.700000000000000000e+03 5.870000000000000000e+02
3.750000000000000000e+03 5.480000000000000000e+02
3.800000000000000000e+03 6.470000000000000000e+02
3.850000000000000000e+03 6.270000000000000000e+02
3.900000000000000000e+03 6.110000000000000000e+02
3.950000000000000000e+03 5.920000000000000000e+02
4.000000000000000000e+03 6.450000000000000000e+02
4.050000000000000000e+03 6.460000000000000000e+02
4.100000000000000000e+03 7.300000000000000000e+02
4.150000000000000000e+03 7.280000000000000000e+02
4.200000000000000000e+03 7.840000000000000000e+02
4.250000000000000000e+03 8.670000000000000000e+02
4.300000000000000000e+03 8.240000000000000000e+02
4.350000000000000000e+03 8.570000000000000000e+02
4.400000000000000000e+03 9.580000000000000000e+02
4.450000000000000000e+03 1.031000000000000000e+03
4.500000000000000000e+03 1.051000000000000000e+03
4.550000000000000000e+03 1.127000000000000000e+03
4.600000000000000000e+03 1.197000000000000000e+03
4.650000000000000000e+03 1.264000000000000000e+03
4.700000000000000000e+03 1.325000000000000000e+03
4.750000000000000000e+03 1.341000000000000000e+03
4.800000000000000000e+03 1.459000000000000000e+03
4.850000000000000000e+03 1.528000000000000000e+03
4.900000000000000000e+03 1.549000000000000000e+03
4.950000000000000000e+03 1.567000000000000000e+03
5.000000000000000000e+03 1.649000000000000000e+03
5.050000000000000000e+03 1.618000000000000000e+03
5.100000000000000000e+03 1.666000000000000000e+03
5.150000000000000000e+03 1.734000000000000000e+03
5.200000000000000000e+03 1.754000000000000000e+03
5.250000000000000000e+03 1.801000000000000000e+03
5.300000000000000000e+03 1.908000000000000000e+03
5.350000000000000000e+03 1.904000000000000000e+03
5.400000000000000000e+03 1.915000000000000000e+03
5.450000000000000000e+03 1.967000000000000000e+03
5.500000000000000000e+03 1.951000000000000000e+03
5.550000000000000000e+03 2.044000000000000000e+03
5.600000000000000000e+03 2.045000000000000000e+03
5.650000000000000000e+03 1.954000000000000000e+03
5.700000000000000000e+03 2.004000000000000000e+03
5.750000000000000000e+03 2.090000000000000000e+03
5.800000000000000000e+03 2.107000000000000000e+03
5.850000000000000000e+03 1.982000000000000000e+03
5.900000000000000000e+03 2.059000000000000000e+03
5.950000000000000000e+03 2.078000000000000000e+03
6.000000000000000000e+03 2.070000000000000000e+03
6.050000000000000000e+03 2.125000000000000000e+03
6.100000000000000000e+03 2.075000000000000000e+03
6.150000000000000000e+03 2.056000000000000000e+03
6.200000000000000000e+03 2.055000000000000000e+03
6.250000000000000000e+03 2.108000000000000000e+03
6.300000000000000000e+03 2.082000000000000000e+03
6.350000000000000000e+03 2.055000000000000000e+03
6.400000000000000000e+03 2.030000000000000000e+03
6.450000000000000000e+03 2.026000000000000000e+03
6.500000000000000000e+03 1.975000000000000000e+03
6.550000000000000000e+03 2.063000000000000000e+03
6.600000000000000000e+03 1.888000000000000000e+03
6.650000000000000000e+03 1.958000000000000000e+03
6.700000000000000000e+03 1.873000000000000000e+03
6.750000000000000000e+03 1.912000000000000000e+03
6.800000000000000000e+03 1.869000000000000000e+03
6.850000000000000000e+03 1.878000000000000000e+03
6.900000000000000000e+03 1.866000000000000000e+03
6.950000000000000000e+03 1.833000000000000000e+03
7.000000000000000000e+03 1.864000000000000000e+03
7.050000000000000000e+03 1.690000000000000000e+03
7.100000000000000000e+03 1.683000000000000000e+03
7.150000000000000000e+03 1.702000000000000000e+03
7.200000000000000000e+03 1.596000000000000000e+03
7.250000000000000000e+03 1.555000000000000000e+03
7.300000000000000000e+03 1.563000000000000000e+03
7.350000000000000000e+03 1.484000000000000000e+03
7.400000000000000000e+03 1.508000000000000000e+03
7.450000000000000000e+03 1.414000000000000000e+03
7.500000000000000000e+03 1.373000000000000000e+03
7.550000000000000000e+03 1.295000000000000000e+03
7.600000000000000000e+03 1.252000000000000000e+03
7.650000000000000000e+03 1.270000000000000000e+03
7.700000000000000000e+03 1.147000000000000000e+03
7.750000000000000000e+03 1.134000000000000000e+03
7.800000000000000000e+03 1.065000000000000000e+03
7.850000000000000000e+03 1.039000000000000000e+03
7.900000000000000000e+03 1.015000000000000000e+03
7.950000000000000000e+03 9.300000000000000000e+02
8.000000000000000000e+03 8.770000000000000000e+02
8.050000000000000000e+03 8.660000000000000000e+02
8.100000000000000000e+03 8.720000000000000000e+02
8.150000000000000000e+03 8.190000000000000000e+02
8.200000000000000000e+03 7.500000000000000000e+02
8.250000000000000000e+03 7.110000000000000000e+02
8.300000000000000000e+03 7.250000000000000000e+02
8.350000000000000000e+03 6.860000000000000000e+02
8.400000000000000000e+03 6.300000000000000000e+02
8.450000000000000000e+03 6.150000000000000000e+02
8.500000000000000000e+03 6.100000000000000000e+02
8.550000000000000000e+03 6.090000000000000000e+02
8.600000000000000000e+03 6.180000000000000000e+02
8.650000000000000000e+03 5.870000000000000000e+02
8.700000000000000000e+03 6.160000000000000000e+02
8.750000000000000000e+03 5.440000000000000000e+02
8.800000000000000000e+03 6.250000000000000000e+02
8.850000000000000000e+03 6.460000000000000000e+02
8.900000000000000000e+03 5.880000000000000000e+02
8.950000000000000000e+03 6.320000000000000000e+02
9.000000000000000000e+03 6.130000000000000000e+02
9.050000000000000000e+03 6.510000000000000000e+02
9.100000000000000000e+03 7.170000000000000000e+02
9.150000000000000000e+03 7.490000000000000000e+02
9.200000000000000000e+03 7.900000000000000000e+02
9.250000000000000000e+03 8.280000000000000000e+02
9.300000000000000000e+03 8.620000000000000000e+02
9.350000000000000000e+03 8.980000000000000000e+02
9.400000000000000000e+03 9.450000000000000000e+02
9.450000000000000000e+03 1.052000000000000000e+03
9.500000000000000000e+03 1.068000000000000000e+03
9.550000000000000000e+03 1.135000000000000000e+03
9.600000000000000000e+03 1.232000000000000000e+03
9.650000000000000000e+03 1.246000000000000000e+03
9.700000000000000000e+03 1.307000000000000000e+03
9.750000000000000000e+03 1.424000000000000000e+03
9.800000000000000000e+03 1.394000000000000000e+03
9.850000000000000000e+03 1.444000000000000000e+03
9.900000000000000000e+03 1.570000000000000000e+03
9.950000000000000000e+03 1.561000000000000000e+03
