0.000000000000000000e+00 1.479000000000000000e+03
1.700000000000000000e+01 1.581000000000000000e+03
3.400000000000000000e+01 1.608000000000000000e+03
5.100000000000000000e+01 1.719000000000000000e+03
6.800000000000000000e+01 1.649000000000000000e+03
8.500000000000000000e+01 1.739000000000000000e+03
1.020000000000000000e+02 1.838000000000000000e+03
1.190000000000000000e+02 1.821000000000000000e+03
1.360000000000000000e+02 1.809000000000000000e+03
1.530000000000000000e+02 1.868000000000000000e+03
1.700000000000000000e+02 1.894000000000000000e+03
1.870000000000000000e+02 1.979000000000000000e+03
2.040000000000000000e+02 2.002000000000000000e+03
2.210000000000000000e+02 2.031000000000000000e+03
2.380000000000000000e+02 2.001000000000000000e+03
2.550000000000000000e+02 2.176000000000000000e+03
2.720000000000000000e+02 2.114000000000000000e+03
2.890000000000000000e+02 2.119000000000000000e+03
3.060000000000000000e+02 2.096000000000000000e+03
3.230000000000000000e+02 2.096000000000000000e+03
3.400000000000000000e+02 2.121000000000000000e+03
3.570000000000000000e+02 2.145000000000000000e+03
3.740000000000000000e+02 2.147000000000000000e+03
3.910000000000000000e+02 2.174000000000000000e+03
4.080000000000000000e+02 2.118000000000000000e+03
4.250000000000000000e+02 2.169000000000000000e+03
4.420000000000000000e+02 2.181000000000000000e+03
4.590000000000000000e+02 2.179000000000000000e+03
4.760000000000000000e+02 2.122000000000000000e+03
4.930000000000000000e+02 2.075000000000000000e+03
5.100000000000000000e+02 2.205000000000000000e+03
5.270000000000000000e+02 2.054000000000000000e+03
5.440000000000000000e+02 2.178000000000000000e+03
5.610000000000000000e+02 2.036000000000000000e+03
5.780000000000000000e+02 2.102000000000000000e+03
5.950000000000000000e+02 2.110000000000000000e+03
6.120000000000000000e+02 2.108000000000000000e+03
6.290000000000000000e+02 1.983000000000000000e+03
6.460000000000000000e+02 1.979000000000000000e+03
6.630000000000000000e+02 1.940000000000000000e+03
6.800000000000000000e+02 1.917000000000000000e+03
6.970000000000000000e+02 1.961000000000000000e+03
7.140000000000000000e+02 1.913000000000000000e+03
7.310000000000000000e+02 1.821000000000000000e+03
7.480000000000000000e+02 1.767000000000000000e+03
7.650000000000000000e+02 1.671000000000000000e+03
7.820000000000000000e+02 1.814000000000000000e+03
7.990000000000000000e+02 1.764000000000000000e+03
8.160000000000000000e+02 1.777000000000000000e+03
8.330000000000000000e+02 1.639000000000000000e+03
8.500000000000000000e+02 1.591000000000000000e+03
8.670000000000000000e+02 1.501000000000000000e+03
8.840000000000000000e+02 1.558000000000000000e+03
9.010000000000000000e+02 1.410000000000000000e+03
9.180000000000000000e+02 1.416000000000000000e+03
9.350000000000000000e+02 1.453000000000000000e+03
9.520000000000000000e+02 1.318000000000000000e+03
9.690000000000000000e+02 1.263000000000000000e+03
9.860000000000000000e+02 1.244000000000000000e+03
1.003000000000000000e+03 1.164000000000000000e+03
1.020000000000000000e+03 1.172000000000000000e+03
1.037000000000000000e+03 1.066000000000000000e+03
1.054000000000000000e+03 1.068000000000000000e+03
1.071000000000000000e+03 1.047000000000000000e+03
1.088000000000000000e+03 1.040000000000000000e+03
1.105000000000000000e+03 1.049000000000000000e+03
1.122000000000000000e+03 1.012000000000000000e+03
1.139000000000000000e+03 9.660000000000000000e+02
1.156000000000000000e+03 9.040000000000000000e+02
1.173000000000000000e+03 9.190000000000000000e+02
1.190000000000000000e+03 9.090000000000000000e+02
1.207000000000000000e+03 8.620000000000000000e+02
1.224000000000000000e+03 8.520000000000000000e+02
1.241000000000000000e+03 8.460000000000000000e+02
1.258000000000000000e+03 8.100000000000000000e+02
1.275000000000000000e+03 8.810000000000000000e+02
1.292000000000000000e+03 8.780000000000000000e+02
1.309000000000000000e+03 8.330000000000000000e+02
1.326000000000000000e+03 8.480000000000000000e+02
1.343000000000000000e+03 7.840000000000000000e+02
1.360000000000000000e+03 9.130000000000000000e+02
1.377000000000000000e+03 8.300000000000000000e+02
1.394000000000000000e+03 8.170000000000000000e+02
1.411000000000000000e+03 9.280000000000000000e+02
1.428000000000000000e+03 9.600000000000000000e+02
1.445000000000000000e+03 9.190000000000000000e+02
1.462000000000000000e+03 1.002000000000000000e+03
1.479000000000000000e+03 9.950000000000000000e+02
1.496000000000000000e+03 1.029000000000000000e+03
1.513000000000000000e+03 1.081000000000000000e+03
1.530000000000000000e+03 1.091000000000000000e+03
1.547000000000000000e+03 1.192000000000000000e+03
1.564000000000000000e+03 1.236000000000000000e+03
1.581000000000000000e+03 1.275000000000000000e+03
1.598000000000000000e+03 1.330000000000000000e+03
1.615000000000000000e+03 1.307000000000000000e+03
1.632000000000000000e+03 1.381000000000000000e+03
1.649000000000000000e+03 1.436000000000000000e+03
1.666000000000000000e+03 1.479000000000000000e+03
1.683000000000000000e+03 1.608000000000000000e+03
1.700000000000000000e+03 1.652000000000000000e+03
1.717000000000000000e+03 1.618000000000000000e+03
1.734000000000000000e+03 1.644000000000000000e+03
1.751000000000000000e+03 1.783000000000000000e+03
1.768000000000000000e+03 1.740000000000000000e+03
1.785000000000000000e+03 1.853000000000000000e+03
1.802000000000000000e+03 1.877000000000000000e+03
1.819000000000000000e+03 1.773000000000000000e+03
1.836000000000000000e+03 1.922000000000000000e+03
1.853000000000000000e+03 1.968000000000000000e+03
1.870000000000000000e+03 1.972000000000000000e+03
1.887000000000000000e+03 1.973000000000000000e+03
1.904000000000000000e+03 2.103000000000000000e+03
1.921000000000000000e+03 2.042000000000000000e+03
1.938000000000000000e+03 2.055000000000000000e+03
1.955000000000000000e+03 2.131000000000000000e+03
1.972000000000000000e+03 2.121000000000000000e+03
1.989000000000000000e+03 2.094000000000000000e+03
2.006000000000000000e+03 2.250000000000000000e+03
2.023000000000000000e+03 2.142000000000000000e+03
2.040000000000000000e+03 2.102000000000000000e+03
2.057000000000000000e+03 2.123000000000000000e+03
2.074000000000000000e+03 2.171000000000000000e+03
2.091000000000000000e+03 2.189000000000000000e+03
2.108000000000000000e+03 2.139000000000000000e+03
2.125000000000000000e+03 2.124000000000000000e+03
2.142000000000000000e+03 2.121000000000000000e+03
2.159000000000000000e+03 2.241000000000000000e+03
2.176000000000000000e+03 2.193000000000000000e+03
2.193000000000000000e+03 2.095000000000000000e+03
2.210000000000000000e+03 2.166000000000000000e+03
2.227000000000000000e+03 2.022000000000000000e+03
2.244000000000000000e+03 2.188000000000000000e+03
2.261000000000000000e+03 2.083000000000000000e+03
2.278000000000000000e+03 2.042000000000000000e+03
2.295000000000000000e+03 2.027000000000000000e+03
2.312000000000000000e+03 2.012000000000000000e+03
2.329000000000000000e+03 1.949000000000000000e+03
2.346000000000000000e+03 1.974000000000000000e+03
2.363000000000000000e+03 1.998000000000000000e+03
2.380000000000000000e+03 1.879000000000000000e+03
2.397000000000000000e+03 1.816000000000000000e+03
2.414000000000000000e+03 1.920000000000000000e+03
2.431000000000000000e+03 1.743000000000000000e+03
2.448000000000000000e+03 1.832000000000000000e+03
2.465000000000000000e+03 1.754000000000000000e+03
2.482000000000000000e+03 1.784000000000000000e+03
2.499000000000000000e+03 1.657000000000000000e+03
2.516000000000000000e+03 1.576000000000000000e+03
2.533000000000000000e+03 1.523000000000000000e+03
2.550000000000000000e+03 1.515000000000000000e+03
2.567000000000000000e+03 1.506000000000000000e+03
2.584000000000000000e+03 1.420000000000000000e+03
2.601000000000000000e+03 1.351000000000000000e+03
2.618000000000000000e+03 1.309000000000000000e+03
2.635000000000000000e+03 1.277000000000000000e+03
2.652000000000000000e+03 1.221000000000000000e+03
2.669000000000000000e+03 1.220000000000000000e+03
2.686000000000000000e+03 1.127000000000000000e+03
2.703000000000000000e+03 1.126000000000000000e+03
2.720000000000000000e+03 1.033000000000000000e+03
2.737000000000000000e+03 1.041000000000000000e+03
2.754000000000000000e+03 1.000000000000000000e+03
2.771000000000000000e+03 1.037000000000000000e+03
2.788000000000000000e+03 9.920000000000000000e+02
2.805000000000000000e+03 1.006000000000000000e+03
2.822000000000000000e+03 9.230000000000000000e+02
2.839000000000000000e+03 9.270000000000000000e+02
2.856000000000000000e+03 9.200000000000000000e+02
2.873000000000000000e+03 8.900000000000000000e+02
2.890000000000000000e+03 8.490000000000000000e+02
2.907000000000000000e+03 8.300000000000000000e+02
2.924000000000000000e+03 8.200000000000000000e+02
2.941000000000000000e+03 8.110000000000000000e+02
2.958000000000000000e+03 8.450000000000000000e+02
2.975000000000000000e+03 8.230000000000000000e+02
2.992000000000000000e+03 8.280000000000000000e+02
3.009000000000000000e+03 8.350000000000000000e+02
3.026000000000000000e+03 8.550000000000000000e+02
3.043000000000000000e+03 8.430000000000000000e+02
3.060000000000000000e+03 8.590000000000000000e+02
3.077000000000000000e+03 8.530000000000000000e+02
3.094000000000000000e+03 9.560000000000000000e+02
3.111000000000000000e+03 9.090000000000000000e+02
3.128000000000000000e+03 9.810000000000000000e+02
3.145000000000000000e+03 9.730000000000000000e+02
3.162000000000000000e+03 1.028000000000000000e+03
3.179000000000000000e+03 1.104000000000000000e+03
3.196000000000000000e+03 1.084000000000000000e+03
3.213000000000000000e+03 1.167000000000000000e+03
3.230000000000000000e+03 1.234000000000000000e+03
3.247000000000000000e+03 1.335000000000000000e+03
3.264000000000000000e+03 1.374000000000000000e+03
3.281000000000000000e+03 1.342000000000000000e+03
3.298000000000000000e+03 1.475000000000000000e+03
3.315000000000000000e+03 1.471000000000000000e+03
