0.000000000000000000e+00 1.674000000000000000e+03
5.000000000000000000e+02 1.748000000000000000e+03
1.000000000000000000e+03 1.796000000000000000e+03
1.500000000000000000e+03 1.779000000000000000e+03
2.000000000000000000e+03 1.896000000000000000e+03
2.500000000000000000e+03 1.938000000000000000e+03
3.000000000000000000e+03 1.986000000000000000e+03
3.500000000000000000e+03 2.007000000000000000e+03
4.000000000000000000e+03 1.950000000000000000e+03
4.500000000000000000e+03 1.910000000000000000e+03
5.000000000000000000e+03 2.039000000000000000e+03
5.500000000000000000e+03 1.988000000000000000e+03
6.000000000000000000e+03 2.155000000000000000e+03
6.500000000000000000e+03 2.048000000000000000e+03
7.000000000000000000e+03 2.095000000000000000e+03
7.500000000000000000e+03 2.105000000000000000e+03
8.000000000000000000e+03 2.028000000000000000e+03
8.500000000000000000e+03 2.139000000000000000e+03
9.000000000000000000e+03 2.060000000000000000e+03
9.500000000000000000e+03 2.007000000000000000e+03
1.000000000000000000e+04 2.032000000000000000e+03
1.050000000000000000e+04 2.101000000000000000e+03
1.100000000000000000e+04 2.086000000000000000e+03
1.150000000000000000e+04 2.148000000000000000e+03
1.200000000000000000e+04 2.093000000000000000e+03
1.250000000000000000e+04 2.169000000000000000e+03
1.300000000000000000e+04 2.094000000000000000e+03
1.350000000000000000e+04 2.076000000000000000e+03
1.400000000000000000e+04 2.076000000000000000e+03
1.450000000000000000e+04 2.056000000000000000e+03
1.500000000000000000e+04 1.976000000000000000e+03
1.550000000000000000e+04 1.992000000000000000e+03
1.600000000000000000e+04 1.905000000000000000e+03
1.650000000000000000e+04 1.834000000000000000e+03
1.700000000000000000e+04 1.874000000000000000e+03
1.750000000000000000e+04 1.873000000000000000e+03
1.800000000000000000e+04 1.817000000000000000e+03
1.850000000000000000e+04 1.810000000000000000e+03
1.900000000000000000e+04 1.743000000000000000e+03
1.950000000000000000e+04 1.732000000000000000e+03
2.000000000000000000e+04 1.617000000000000000e+03
2.050000000000000000e+04 1.650000000000000000e+03
2.100000000000000000e+04 1.574000000000000000e+03
2.150000000000000000e+04 1.423000000000000000e+03
2.200000000000000000e+04 1.503000000000000000e+03
2.250000000000000000e+04 1.405000000000000000e+03
2.300000000000000000e+04 1.325000000000000000e+03
2.350000000000000000e+04 1.248000000000000000e+03
2.400000000000000000e+04 1.271000000000000000e+03
2.450000000000000000e+04 1.195000000000000000e+03
2.500000000000000000e+04 1.155000000000000000e+03
2.550000000000000000e+04 1.030000000000000000e+03
2.600000000000000000e+04 1.042000000000000000e+03
2.650000000000000000e+04 9.300000000000000000e+02
2.700000000000000000e+04 9.120000000000000000e+02
2.750000000000000000e+04 8.640000000000000000e+02
2.800000000000000000e+04 7.670000000000000000e+02
2.850000000000000000e+04 7.010000000000000000e+02
2.900000000000000000e+04 6.440000000000000000e+02
2.950000000000000000e+04 6.620000000000000000e+02
3.000000000000000000e+04 6.060000000000000000e+02
3.050000000000000000e+04 5.710000000000000000e+02
3.100000000000000000e+04 4.900000000000000000e+02
3.150000000000000000e+04 4.660000000000000000e+02
3.200000000000000000e+04 4.630000000000000000e+02
3.250000000000000000e+04 4.340000000000000000e+02
3.300000000000000000e+04 4.360000000000000000e+02
3.350000000000000000e+04 4.140000000000000000e+02
3.400000000000000000e+04 3.900000000000000000e+02
3.450000000000000000e+04 4.070000000000000000e+02
3.500000000000000000e+04 3.980000000000000000e+02
3.550000000000000000e+04 4.300000000000000000e+02
3.600000000000000000e+04 4.050000000000000000e+02
3.650000000000000000e+04 3.910000000000000000e+02
3.700000000000000000e+04 4.230000000000000000e+02
3.750000000000000000e+04 4.960000000000000000e+02
3.800000000000000000e+04 4.070000000000000000e+02
3.850000000000000000e+04 4.800000000000000000e+02
3.900000000000000000e+04 5.440000000000000000e+02
3.950000000000000000e+04 5.410000000000000000e+02
4.000000000000000000e+04 5.920000000000000000e+02
4.050000000000000000e+04 6.800000000000000000e+02
4.100000000000000000e+04 6.350000000000000000e+02
4.150000000000000000e+04 7.460000000000000000e+02
4.200000000000000000e+04 8.220000000000000000e+02
4.250000000000000000e+04 8.760000000000000000e+02
4.300000000000000000e+04 8.720000000000000000e+02
4.350000000000000000e+04 9.920000000000000000e+02
4.400000000000000000e+04 1.128000000000000000e+03
4.450000000000000000e+04 1.178000000000000000e+03
4.500000000000000000e+04 1.187000000000000000e+03
4.550000000000000000e+04 1.216000000000000000e+03
4.600000000000000000e+04 1.271000000000000000e+03
4.650000000000000000e+04 1.436000000000000000e+03
4.700000000000000000e+04 1.449000000000000000e+03
4.750000000000000000e+04 1.453000000000000000e+03
4.800000000000000000e+04 1.485000000000000000e+03
4.850000000000000000e+04 1.599000000000000000e+03
4.900000000000000000e+04 1.608000000000000000e+03
4.950000000000000000e+04 1.647000000000000000e+03
5.000000000000000000e+04 1.694000000000000000e+03
5.050000000000000000e+04 1.779000000000000000e+03
5.100000000000000000e+04 1.772000000000000000e+03
5.150000000000000000e+04 1.857000000000000000e+03
5.200000000000000000e+04 1.944000000000000000e+03
5.250000000000000000e+04 1.859000000000000000e+03
5.300000000000000000e+04 1.896000000000000000e+03
5.350000000000000000e+04 1.995000000000000000e+03
5.400000000000000000e+04 2.108000000000000000e+03
5.450000000000000000e+04 1.988000000000000000e+03
5.500000000000000000e+04 1.954000000000000000e+03
5.550000000000000000e+04 2.094000000000000000e+03
5.600000000000000000e+04 2.014000000000000000e+03
5.650000000000000000e+04 2.034000000000000000e+03
5.700000000000000000e+04 2.011000000000000000e+03
5.750000000000000000e+04 2.058000000000000000e+03
5.800000000000000000e+04 2.175000000000000000e+03
5.850000000000000000e+04 2.038000000000000000e+03
5.900000000000000000e+04 1.931000000000000000e+03
5.950000000000000000e+04 2.147000000000000000e+03
6.000000000000000000e+04 2.131000000000000000e+03
6.050000000000000000e+04 2.040000000000000000e+03
6.100000000000000000e+04 2.105000000000000000e+03
6.150000000000000000e+04 2.030000000000000000e+03
6.200000000000000000e+04 2.086000000000000000e+03
6.250000000000000000e+04 2.006000000000000000e+03
6.300000000000000000e+04 2.029000000000000000e+03
6.350000000000000000e+04 2.098000000000000000e+03
6.400000000000000000e+04 1.984000000000000000e+03
6.450000000000000000e+04 2.031000000000000000e+03
6.500000000000000000e+04 1.994000000000000000e+03
6.550000000000000000e+04 1.977000000000000000e+03
6.600000000000000000e+04 1.987000000000000000e+03
6.650000000000000000e+04 1.825000000000000000e+03
6.700000000000000000e+04 1.866000000000000000e+03
6.750000000000000000e+04 1.814000000000000000e+03
6.800000000000000000e+04 1.805000000000000000e+03
6.850000000000000000e+04 1.860000000000000000e+03
6.900000000000000000e+04 1.822000000000000000e+03
6.950000000000000000e+04 1.705000000000000000e+03
7.000000000000000000e+04 1.701000000000000000e+03
7.050000000000000000e+04 1.609000000000000000e+03
7.100000000000000000e+04 1.583000000000000000e+03
7.150000000000000000e+04 1.498000000000000000e+03
7.200000000000000000e+04 1.525000000000000000e+03
7.250000000000000000e+04 1.423000000000000000e+03
7.300000000000000000e+04 1.392000000000000000e+03
7.350000000000000000e+04 1.256000000000000000e+03
7.400000000000000000e+04 1.223000000000000000e+03
7.450000000000000000e+04 1.192000000000000000e+03
7.500000000000000000e+04 1.153000000000000000e+03
7.550000000000000000e+04 1.091000000000000000e+03
7.600000000000000000e+04 1.001000000000000000e+03
7.650000000000000000e+04 9.970000000000000000e+02
7.700000000000000000e+04 8.660000000000000000e+02
7.750000000000000000e+04 8.860000000000000000e+02
7.800000000000000000e+04 7.690000000000000000e+02
7.850000000000000000e+04 7.330000000000000000e+02
7.900000000000000000e+04 6.750000000000000000e+02
7.950000000000000000e+04 6.530000000000000000e+02
8.000000000000000000e+04 5.680000000000000000e+02
8.050000000000000000e+04 5.820000000000000000e+02
8.100000000000000000e+04 5.450000000000000000e+02
8.150000000000000000e+04 5.170000000000000000e+02
8.200000000000000000e+04 4.690000000000000000e+02
8.250000000000000000e+04 4.220000000000000000e+02
8.300000000000000000e+04 4.210000000000000000e+02
8.350000000000000000e+04 4.340000000000000000e+02
8.400000000000000000e+04 3.650000000000000000e+02
8.450000000000000000e+04 4.220000000000000000e+02
8.500000000000000000e+04 3.710000000000000000e+02
8.550000000000000000e+04 3.760000000000000000e+02
8.600000000000000000e+04 4.280000000000000000e+02
8.650000000000000000e+04 4.180000000000000000e+02
8.700000000000000000e+04 4.140000000000000000e+02
8.750000000000000000e+04 4.420000000000000000e+02
8.800000000000000000e+04 4.650000000000000000e+02
8.850000000000000000e+04 5.100000000000000000e+02
8.900000000000000000e+04 5.270000000000000000e+02
8.950000000000000000e+04 5.340000000000000000e+02
9.000000000000000000e+04 6.210000000000000000e+02
9.050000000000000000e+04 6.260000000000000000e+02
9.100000000000000000e+04 6.930000000000000000e+02
9.150000000000000000e+04 7.070000000000000000e+02
9.200000000000000000e+04 7.430000000000000000e+02
9.250000000000000000e+04 8.980000000000000000e+02
9.300000000000000000e+04 9.130000000000000000e+02
9.350000000000000000e+04 9.940000000000000000e+02
9.400000000000000000e+04 1.066000000000000000e+03
9.450000000000000000e+04 1.077000000000000000e+03
9.500000000000000000e+04 1.205000000000000000e+03
9.550000000000000000e+04 1.304000000000000000e+03
9.600000000000000000e+04 1.264000000000000000e+03
9.650000000000000000e+04 1.361000000000000000e+03
9.700000000000000000e+04 1.465000000000000000e+03
9.750000000000000000e+04 1.432000000000000000e+03
9.800000000000000000e+04 1.617000000000000000e+03
9.850000000000000000e+04 1.550000000000000000e+03
9.900000000000000000e+04 1.674000000000000000e+03
9.950000000000000000e+04 1.702000000000000000e+03
