0.000000000000000000e+00 1.739000000000000000e+03
1.000000000000000000e+03 1.811000000000000000e+03
2.000000000000000000e+03 1.830000000000000000e+03
3.000000000000000000e+03 1.843000000000000000e+03
4.000000000000000000e+03 1.865000000000000000e+03
5.000000000000000000e+03 1.998000000000000000e+03
6.000000000000000000e+03 2.041000000000000000e+03
7.000000000000000000e+03 1.980000000000000000e+03
8.000000000000000000e+03 2.090000000000000000e+03
9.000000000000000000e+03 2.039000000000000000e+03
1.000000000000000000e+04 2.103000000000000000e+03
1.100000000000000000e+04 2.041000000000000000e+03
1.200000000000000000e+04 2.124000000000000000e+03
1.300000000000000000e+04 2.091000000000000000e+03
1.400000000000000000e+04 2.082000000000000000e+03
1.500000000000000000e+04 2.187000000000000000e+03
1.600000000000000000e+04 2.075000000000000000e+03
1.700000000000000000e+04 2.036000000000000000e+03
1.800000000000000000e+04 2.093000000000000000e+03
1.900000000000000000e+04 2.136000000000000000e+03
2.000000000000000000e+04 2.135000000000000000e+03
2.100000000000000000e+04 2.119000000000000000e+03
2.200000000000000000e+04 2.160000000000000000e+03
2.300000000000000000e+04 2.104000000000000000e+03
2.400000000000000000e+04 2.134000000000000000e+03
2.500000000000000000e+04 2.135000000000000000e+03
2.600000000000000000e+04 2.110000000000000000e+03
2.700000000000000000e+04 2.087000000000000000e+03
2.800000000000000000e+04 2.146000000000000000e+03
2.900000000000000000e+04 1.988000000000000000e+03
3.000000000000000000e+04 2.066000000000000000e+03
3.100000000000000000e+04 1.967000000000000000e+03
3.200000000000000000e+04 1.937000000000000000e+03
3.300000000000000000e+04 1.933000000000000000e+03
3.400000000000000000e+04 1.865000000000000000e+03
3.500000000000000000e+04 1.882000000000000000e+03
3.600000000000000000e+04 1.891000000000000000e+03
3.700000000000000000e+04 1.813000000000000000e+03
3.800000000000000000e+04 1.846000000000000000e+03
3.900000000000000000e+04 1.731000000000000000e+03
4.000000000000000000e+04 1.737000000000000000e+03
4.100000000000000000e+04 1.692000000000000000e+03
4.200000000000000000e+04 1.653000000000000000e+03
4.300000000000000000e+04 1.542000000000000000e+03
4.400000000000000000e+04 1.533000000000000000e+03
4.500000000000000000e+04 1.480000000000000000e+03
4.600000000000000000e+04 1.479000000000000000e+03
4.700000000000000000e+04 1.394000000000000000e+03
4.800000000000000000e+04 1.247000000000000000e+03
4.900000000000000000e+04 1.155000000000000000e+03
5.000000000000000000e+04 1.146000000000000000e+03
5.100000000000000000e+04 1.141000000000000000e+03
5.200000000000000000e+04 1.026000000000000000e+03
5.300000000000000000e+04 9.400000000000000000e+02
5.400000000000000000e+04 8.390000000000000000e+02
5.500000000000000000e+04 8.340000000000000000e+02
5.600000000000000000e+04 7.480000000000000000e+02
5.700000000000000000e+04 7.190000000000000000e+02
5.800000000000000000e+04 6.820000000000000000e+02
5.900000000000000000e+04 6.290000000000000000e+02
6.000000000000000000e+04 5.840000000000000000e+02
6.100000000000000000e+04 5.580000000000000000e+02
6.200000000000000000e+04 4.820000000000000000e+02
6.300000000000000000e+04 4.710000000000000000e+02
6.400000000000000000e+04 4.640000000000000000e+02
6.500000000000000000e+04 4.100000000000000000e+02
6.600000000000000000e+04 3.990000000000000000e+02
6.700000000000000000e+04 4.050000000000000000e+02
6.800000000000000000e+04 4.250000000000000000e+02
6.900000000000000000e+04 3.930000000000000000e+02
7.000000000000000000e+04 3.760000000000000000e+02
7.100000000000000000e+04 4.140000000000000000e+02
7.200000000000000000e+04 4.370000000000000000e+02
7.300000000000000000e+04 4.230000000000000000e+02
7.400000000000000000e+04 4.270000000000000000e+02
7.500000000000000000e+04 4.610000000000000000e+02
7.600000000000000000e+04 4.720000000000000000e+02
7.700000000000000000e+04 4.850000000000000000e+02
7.800000000000000000e+04 5.560000000000000000e+02
7.900000000000000000e+04 5.890000000000000000e+02
8.000000000000000000e+04 5.980000000000000000e+02
8.100000000000000000e+04 6.380000000000000000e+02
8.200000000000000000e+04 7.220000000000000000e+02
8.300000000000000000e+04 7.570000000000000000e+02
8.400000000000000000e+04 7.910000000000000000e+02
8.500000000000000000e+04 9.220000000000000000e+02
8.600000000000000000e+04 9.630000000000000000e+02
8.700000000000000000e+04 9.920000000000000000e+02
8.800000000000000000e+04 1.082000000000000000e+03
8.900000000000000000e+04 1.129000000000000000e+03
9.000000000000000000e+04 1.182000000000000000e+03
9.100000000000000000e+04 1.240000000000000000e+03
9.200000000000000000e+04 1.370000000000000000e+03
9.300000000000000000e+04 1.401000000000000000e+03
9.400000000000000000e+04 1.509000000000000000e+03
9.500000000000000000e+04 1.495000000000000000e+03
9.600000000000000000e+04 1.553000000000000000e+03
9.700000000000000000e+04 1.600000000000000000e+03
9.800000000000000000e+04 1.688000000000000000e+03
9.900000000000000000e+04 1.795000000000000000e+03
1.000000000000000000e+05 1.784000000000000000e+03
1.010000000000000000e+05 1.918000000000000000e+03
1.020000000000000000e+05 1.868000000000000000e+03
1.030000000000000000e+05 1.889000000000000000e+03
1.040000000000000000e+05 1.931000000000000000e+03
1.050000000000000000e+05 1.956000000000000000e+03
1.060000000000000000e+05 1.949000000000000000e+03
1.070000000000000000e+05 1.863000000000000000e+03
1.080000000000000000e+05 1.975000000000000000e+03
1.090000000000000000e+05 2.109000000000000000e+03
1.100000000000000000e+05 2.037000000000000000e+03
1.110000000000000000e+05 2.118000000000000000e+03
1.120000000000000000e+05 2.091000000000000000e+03
1.130000000000000000e+05 2.010000000000000000e+03
1.140000000000000000e+05 2.205000000000000000e+03
1.150000000000000000e+05 2.050000000000000000e+03
1.160000000000000000e+05 2.144000000000000000e+03
1.170000000000000000e+05 2.144000000000000000e+03
1.180000000000000000e+05 2.164000000000000000e+03
1.190000000000000000e+05 2.091000000000000000e+03
1.200000000000000000e+05 2.139000000000000000e+03
1.210000000000000000e+05 2.228000000000000000e+03
1.220000000000000000e+05 2.101000000000000000e+03
1.230000000000000000e+05 2.260000000000000000e+03
1.240000000000000000e+05 2.051000000000000000e+03
1.250000000000000000e+05 2.141000000000000000e+03
1.260000000000000000e+05 2.141000000000000000e+03
1.270000000000000000e+05 2.122000000000000000e+03
1.280000000000000000e+05 1.953000000000000000e+03
1.290000000000000000e+05 2.047000000000000000e+03
1.300000000000000000e+05 2.056000000000000000e+03
1.310000000000000000e+05 1.886000000000000000e+03
1.320000000000000000e+05 2.035000000000000000e+03
1.330000000000000000e+05 1.961000000000000000e+03
1.340000000000000000e+05 1.877000000000000000e+03
1.350000000000000000e+05 1.937000000000000000e+03
1.360000000000000000e+05 1.875000000000000000e+03
1.370000000000000000e+05 1.857000000000000000e+03
1.380000000000000000e+05 1.797000000000000000e+03
1.390000000000000000e+05 1.725000000000000000e+03
1.400000000000000000e+05 1.673000000000000000e+03
1.410000000000000000e+05 1.612000000000000000e+03
1.420000000000000000e+05 1.536000000000000000e+03
1.430000000000000000e+05 1.545000000000000000e+03
1.440000000000000000e+05 1.542000000000000000e+03
1.450000000000000000e+05 1.464000000000000000e+03
1.460000000000000000e+05 1.395000000000000000e+03
1.470000000000000000e+05 1.344000000000000000e+03
1.480000000000000000e+05 1.232000000000000000e+03
1.490000000000000000e+05 1.239000000000000000e+03
1.500000000000000000e+05 1.175000000000000000e+03
1.510000000000000000e+05 1.088000000000000000e+03
1.520000000000000000e+05 9.920000000000000000e+02
1.530000000000000000e+05 1.030000000000000000e+03
1.540000000000000000e+05 9.410000000000000000e+02
1.550000000000000000e+05 8.300000000000000000e+02
1.560000000000000000e+05 7.720000000000000000e+02
1.570000000000000000e+05 7.070000000000000000e+02
1.580000000000000000e+05 7.220000000000000000e+02
1.590000000000000000e+05 6.030000000000000000e+02
1.600000000000000000e+05 6.080000000000000000e+02
1.610000000000000000e+05 5.200000000000000000e+02
1.620000000000000000e+05 5.020000000000000000e+02
1.630000000000000000e+05 4.590000000000000000e+02
1.640000000000000000e+05 4.650000000000000000e+02
1.650000000000000000e+05 4.400000000000000000e+02
1.660000000000000000e+05 4.100000000000000000e+02
1.670000000000000000e+05 4.420000000000000000e+02
1.680000000000000000e+05 3.790000000000000000e+02
1.690000000000000000e+05 3.890000000000000000e+02
1.700000000000000000e+05 4.110000000000000000e+02
1.710000000000000000e+05 4.260000000000000000e+02
1.720000000000000000e+05 4.040000000000000000e+02
1.730000000000000000e+05 4.080000000000000000e+02
1.740000000000000000e+05 4.190000000000000000e+02
1.750000000000000000e+05 5.000000000000000000e+02
1.760000000000000000e+05 4.560000000000000000e+02
1.770000000000000000e+05 4.930000000000000000e+02
1.780000000000000000e+05 5.600000000000000000e+02
1.790000000000000000e+05 6.250000000000000000e+02
1.800000000000000000e+05 6.420000000000000000e+02
1.810000000000000000e+05 6.770000000000000000e+02
1.820000000000000000e+05 7.220000000000000000e+02
1.830000000000000000e+05 8.060000000000000000e+02
1.840000000000000000e+05 8.150000000000000000e+02
1.850000000000000000e+05 8.930000000000000000e+02
1.860000000000000000e+05 9.670000000000000000e+02
1.870000000000000000e+05 1.068000000000000000e+03
1.880000000000000000e+05 1.089000000000000000e+03
1.890000000000000000e+05 1.166000000000000000e+03
1.900000000000000000e+05 1.185000000000000000e+03
1.910000000000000000e+05 1.300000000000000000e+03
1.920000000000000000e+05 1.270000000000000000e+03
1.930000000000000000e+05 1.367000000000000000e+03
1.940000000000000000e+05 1.453000000000000000e+03
1.950000000000000000e+05 1.468000000000000000e+03
1.960000000000000000e+05 1.528000000000000000e+03
1.970000000000000000e+05 1.666000000000000000e+03
1.980000000000000000e+05 1.657000000000000000e+03
1.990000000000000000e+05 1.650000000000000000e+03
