0.000000000000000000e+00 4.116000000000000000e+03
1.000000000000000000e+02 4.245000000000000000e+03
2.000000000000000000e+02 4.448000000000000000e+03
3.000000000000000000e+02 4.509000000000000000e+03
4.000000000000000000e+02 4.663000000000000000e+03
5.000000000000000000e+02 4.777000000000000000e+03
6.000000000000000000e+02 4.700000000000000000e+03
7.000000000000000000e+02 4.858000000000000000e+03
8.000000000000000000e+02 4.904000000000000000e+03
9.000000000000000000e+02 4.917000000000000000e+03
1.000000000000000000e+03 4.940000000000000000e+03
1.100000000000000000e+03 4.934000000000000000e+03
1.200000000000000000e+03 5.109000000000000000e+03
1.300000000000000000e+03 5.044000000000000000e+03
1.400000000000000000e+03 5.127000000000000000e+03
1.500000000000000000e+03 4.988000000000000000e+03
1.600000000000000000e+03 5.064000000000000000e+03
1.700000000000000000e+03 5.060000000000000000e+03
1.800000000000000000e+03 4.965000000000000000e+03
1.900000000000000000e+03 5.220000000000000000e+03
2.000000000000000000e+03 5.240000000000000000e+03
2.100000000000000000e+03 5.249000000000000000e+03
2.200000000000000000e+03 5.125000000000000000e+03
2.300000000000000000e+03 5.129000000000000000e+03
2.400000000000000000e+03 5.171000000000000000e+03
2.500000000000000000e+03 5.138000000000000000e+03
2.600000000000000000e+03 5.164000000000000000e+03
2.700000000000000000e+03 5.041000000000000000e+03
2.800000000000000000e+03 4.929000000000000000e+03
2.900000000000000000e+03 4.940000000000000000e+03
3.000000000000000000e+03 4.952000000000000000e+03
3.100000000000000000e+03 4.764000000000000000e+03
3.200000000000000000e+03 4.835000000000000000e+03
3.300000000000000000e+03 4.634000000000000000e+03
3.400000000000000000e+03 4.633000000000000000e+03
3.500000000000000000e+03 4.548000000000000000e+03
3.600000000000000000e+03 4.629000000000000000e+03
3.700000000000000000e+03 4.393000000000000000e+03
3.800000000000000000e+03 4.320000000000000000e+03
3.900000000000000000e+03 4.269000000000000000e+03
4.000000000000000000e+03 4.107000000000000000e+03
4.100000000000000000e+03 4.037000000000000000e+03
4.200000000000000000e+03 3.923000000000000000e+03
4.300000000000000000e+03 3.875000000000000000e+03
4.400000000000000000e+03 3.643000000000000000e+03
4.500000000000000000e+03 3.594000000000000000e+03
4.600000000000000000e+03 3.586000000000000000e+03
4.700000000000000000e+03 3.227000000000000000e+03
4.800000000000000000e+03 3.116000000000000000e+03
4.900000000000000000e+03 2.964000000000000000e+03
5.000000000000000000e+03 2.947000000000000000e+03
5.100000000000000000e+03 2.633000000000000000e+03
5.200000000000000000e+03 2.592000000000000000e+03
5.300000000000000000e+03 2.382000000000000000e+03
5.400000000000000000e+03 2.275000000000000000e+03
5.500000000000000000e+03 2.230000000000000000e+03
5.600000000000000000e+03 2.031000000000000000e+03
5.700000000000000000e+03 1.896000000000000000e+03
5.800000000000000000e+03 1.820000000000000000e+03
5.900000000000000000e+03 1.676000000000000000e+03
6.000000000000000000e+03 1.484000000000000000e+03
6.100000000000000000e+03 1.445000000000000000e+03
6.200000000000000000e+03 1.355000000000000000e+03
6.300000000000000000e+03 1.322000000000000000e+03
6.400000000000000000e+03 1.228000000000000000e+03
6.500000000000000000e+03 1.185000000000000000e+03
6.600000000000000000e+03 1.068000000000000000e+03
6.700000000000000000e+03 1.020000000000000000e+03
6.800000000000000000e+03 9.950000000000000000e+02
6.900000000000000000e+03 9.600000000000000000e+02
7.000000000000000000e+03 9.880000000000000000e+02
7.100000000000000000e+03 9.130000000000000000e+02
7.200000000000000000e+03 9.470000000000000000e+02
7.300000000000000000e+03 9.980000000000000000e+02
7.400000000000000000e+03 9.450000000000000000e+02
7.500000000000000000e+03 1.020000000000000000e+03
7.600000000000000000e+03 1.024000000000000000e+03
7.700000000000000000e+03 1.071000000000000000e+03
7.800000000000000000e+03 1.075000000000000000e+03
7.900000000000000000e+03 1.182000000000000000e+03
8.000000000000000000e+03 1.298000000000000000e+03
8.100000000000000000e+03 1.330000000000000000e+03
8.200000000000000000e+03 1.478000000000000000e+03
8.300000000000000000e+03 1.629000000000000000e+03
8.400000000000000000e+03 1.780000000000000000e+03
8.500000000000000000e+03 1.853000000000000000e+03
8.600000000000000000e+03 1.998000000000000000e+03
8.700000000000000000e+03 2.190000000000000000e+03
8.800000000000000000e+03 2.384000000000000000e+03
8.900000000000000000e+03 2.524000000000000000e+03
9.000000000000000000e+03 2.626000000000000000e+03
9.100000000000000000e+03 2.880000000000000000e+03
9.200000000000000000e+03 2.977000000000000000e+03
9.300000000000000000e+03 3.255000000000000000e+03
9.400000000000000000e+03 3.367000000000000000e+03
9.500000000000000000e+03 3.450000000000000000e+03
9.600000000000000000e+03 3.594000000000000000e+03
9.700000000000000000e+03 3.816000000000000000e+03
9.800000000000000000e+03 3.909000000000000000e+03
9.900000000000000000e+03 4.038000000000000000e+03
1.000000000000000000e+04 4.165000000000000000e+03
1.010000000000000000e+04 4.314000000000000000e+03
1.020000000000000000e+04 4.410000000000000000e+03
1.030000000000000000e+04 4.505000000000000000e+03
1.040000000000000000e+04 4.513000000000000000e+03
1.050000000000000000e+04 4.644000000000000000e+03
1.060000000000000000e+04 4.774000000000000000e+03
1.070000000000000000e+04 4.768000000000000000e+03
1.080000000000000000e+04 4.888000000000000000e+03
1.090000000000000000e+04 4.867000000000000000e+03
1.100000000000000000e+04 4.941000000000000000e+03
1.110000000000000000e+04 5.026000000000000000e+03
1.120000000000000000e+04 4.996000000000000000e+03
1.130000000000000000e+04 4.983000000000000000e+03
1.140000000000000000e+04 5.063000000000000000e+03
1.150000000000000000e+04 4.997000000000000000e+03
1.160000000000000000e+04 5.135000000000000000e+03
1.170000000000000000e+04 4.945000000000000000e+03
1.180000000000000000e+04 5.125000000000000000e+03
1.190000000000000000e+04 5.182000000000000000e+03
1.200000000000000000e+04 5.110000000000000000e+03
1.210000000000000000e+04 5.189000000000000000e+03
1.220000000000000000e+04 5.325000000000000000e+03
1.230000000000000000e+04 5.205000000000000000e+03
1.240000000000000000e+04 5.165000000000000000e+03
1.250000000000000000e+04 5.094000000000000000e+03
1.260000000000000000e+04 4.934000000000000000e+03
1.270000000000000000e+04 5.011000000000000000e+03
1.280000000000000000e+04 4.996000000000000000e+03
1.290000000000000000e+04 4.921000000000000000e+03
1.300000000000000000e+04 4.931000000000000000e+03
1.310000000000000000e+04 4.847000000000000000e+03
1.320000000000000000e+04 4.792000000000000000e+03
1.330000000000000000e+04 4.672000000000000000e+03
1.340000000000000000e+04 4.649000000000000000e+03
1.350000000000000000e+04 4.622000000000000000e+03
1.360000000000000000e+04 4.616000000000000000e+03
1.370000000000000000e+04 4.567000000000000000e+03
1.380000000000000000e+04 4.297000000000000000e+03
1.390000000000000000e+04 4.228000000000000000e+03
1.400000000000000000e+04 4.280000000000000000e+03
1.410000000000000000e+04 4.059000000000000000e+03
1.420000000000000000e+04 3.932000000000000000e+03
1.430000000000000000e+04 3.789000000000000000e+03
1.440000000000000000e+04 3.713000000000000000e+03
1.450000000000000000e+04 3.576000000000000000e+03
1.460000000000000000e+04 3.432000000000000000e+03
1.470000000000000000e+04 3.315000000000000000e+03
1.480000000000000000e+04 3.064000000000000000e+03
1.490000000000000000e+04 2.990000000000000000e+03
1.500000000000000000e+04 2.778000000000000000e+03
1.510000000000000000e+04 2.768000000000000000e+03
1.520000000000000000e+04 2.503000000000000000e+03
1.530000000000000000e+04 2.454000000000000000e+03
1.540000000000000000e+04 2.273000000000000000e+03
1.550000000000000000e+04 2.094000000000000000e+03
1.560000000000000000e+04 2.006000000000000000e+03
1.570000000000000000e+04 1.895000000000000000e+03
1.580000000000000000e+04 1.802000000000000000e+03
1.590000000000000000e+04 1.701000000000000000e+03
1.600000000000000000e+04 1.552000000000000000e+03
1.610000000000000000e+04 1.515000000000000000e+03
1.620000000000000000e+04 1.399000000000000000e+03
1.630000000000000000e+04 1.376000000000000000e+03
1.640000000000000000e+04 1.286000000000000000e+03
1.650000000000000000e+04 1.170000000000000000e+03
1.660000000000000000e+04 1.155000000000000000e+03
1.670000000000000000e+04 1.054000000000000000e+03
1.680000000000000000e+04 1.056000000000000000e+03
1.690000000000000000e+04 9.900000000000000000e+02
1.700000000000000000e+04 9.960000000000000000e+02
1.710000000000000000e+04 9.340000000000000000e+02
1.720000000000000000e+04 9.200000000000000000e+02
1.730000000000000000e+04 1.050000000000000000e+03
1.740000000000000000e+04 9.950000000000000000e+02
1.750000000000000000e+04 1.006000000000000000e+03
1.760000000000000000e+04 1.014000000000000000e+03
1.770000000000000000e+04 1.100000000000000000e+03
1.780000000000000000e+04 1.143000000000000000e+03
1.790000000000000000e+04 1.210000000000000000e+03
1.800000000000000000e+04 1.154000000000000000e+03
1.810000000000000000e+04 1.363000000000000000e+03
1.820000000000000000e+04 1.457000000000000000e+03
1.830000000000000000e+04 1.612000000000000000e+03
1.840000000000000000e+04 1.736000000000000000e+03
1.850000000000000000e+04 1.850000000000000000e+03
1.860000000000000000e+04 1.974000000000000000e+03
1.870000000000000000e+04 2.166000000000000000e+03
1.880000000000000000e+04 2.355000000000000000e+03
1.890000000000000000e+04 2.576000000000000000e+03
1.900000000000000000e+04 2.709000000000000000e+03
1.910000000000000000e+04 2.900000000000000000e+03
1.920000000000000000e+04 2.952000000000000000e+03
1.930000000000000000e+04 3.198000000000000000e+03
1.940000000000000000e+04 3.187000000000000000e+03
1.950000000000000000e+04 3.467000000000000000e+03
1.960000000000000000e+04 3.602000000000000000e+03
1.970000000000000000e+04 3.672000000000000000e+03
1.980000000000000000e+04 3.907000000000000000e+03
1.990000000000000000e+04 3.971000000000000000e+03
