0.000000000000000000e+00 5.841000000000000000e+03
1.000000000000000000e+04 6.294000000000000000e+03
2.000000000000000000e+04 6.551000000000000000e+03
3.000000000000000000e+04 6.692000000000000000e+03
4.000000000000000000e+04 6.746000000000000000e+03
5.000000000000000000e+04 6.789000000000000000e+03
6.000000000000000000e+04 7.174000000000000000e+03
7.000000000000000000e+04 7.138000000000000000e+03
8.000000000000000000e+04 7.340000000000000000e+03
9.000000000000000000e+04 7.391000000000000000e+03
1.000000000000000000e+05 7.609000000000000000e+03
1.100000000000000000e+05 7.729000000000000000e+03
1.200000000000000000e+05 7.548000000000000000e+03
1.300000000000000000e+05 7.750000000000000000e+03
1.400000000000000000e+05 7.651000000000000000e+03
1.500000000000000000e+05 7.775000000000000000e+03
1.600000000000000000e+05 7.856000000000000000e+03
1.700000000000000000e+05 7.822000000000000000e+03
1.800000000000000000e+05 7.939000000000000000e+03
1.900000000000000000e+05 7.857000000000000000e+03
2.000000000000000000e+05 7.871000000000000000e+03
2.100000000000000000e+05 7.869000000000000000e+03
2.200000000000000000e+05 7.946000000000000000e+03
2.300000000000000000e+05 7.917000000000000000e+03
2.400000000000000000e+05 7.887000000000000000e+03
2.500000000000000000e+05 7.878000000000000000e+03
2.600000000000000000e+05 7.643000000000000000e+03
2.700000000000000000e+05 7.796000000000000000e+03
2.800000000000000000e+05 7.518000000000000000e+03
2.900000000000000000e+05 7.513000000000000000e+03
3.000000000000000000e+05 7.344000000000000000e+03
3.100000000000000000e+05 7.500000000000000000e+03
3.200000000000000000e+05 7.171000000000000000e+03
3.300000000000000000e+05 6.925000000000000000e+03
3.400000000000000000e+05 7.038000000000000000e+03
3.500000000000000000e+05 6.794000000000000000e+03
3.600000000000000000e+05 6.609000000000000000e+03
3.700000000000000000e+05 6.545000000000000000e+03
3.800000000000000000e+05 6.202000000000000000e+03
3.900000000000000000e+05 6.218000000000000000e+03
4.000000000000000000e+05 5.999000000000000000e+03
4.100000000000000000e+05 5.754000000000000000e+03
4.200000000000000000e+05 5.503000000000000000e+03
4.300000000000000000e+05 5.335000000000000000e+03
4.400000000000000000e+05 4.923000000000000000e+03
4.500000000000000000e+05 4.845000000000000000e+03
4.600000000000000000e+05 4.609000000000000000e+03
4.700000000000000000e+05 4.253000000000000000e+03
4.800000000000000000e+05 4.159000000000000000e+03
4.900000000000000000e+05 3.752000000000000000e+03
5.000000000000000000e+05 3.503000000000000000e+03
5.100000000000000000e+05 3.352000000000000000e+03
5.200000000000000000e+05 3.293000000000000000e+03
5.300000000000000000e+05 2.848000000000000000e+03
5.400000000000000000e+05 2.700000000000000000e+03
5.500000000000000000e+05 2.471000000000000000e+03
5.600000000000000000e+05 2.365000000000000000e+03
5.700000000000000000e+05 2.199000000000000000e+03
5.800000000000000000e+05 1.933000000000000000e+03
5.900000000000000000e+05 1.831000000000000000e+03
6.000000000000000000e+05 1.714000000000000000e+03
6.100000000000000000e+05 1.674000000000000000e+03
6.200000000000000000e+05 1.498000000000000000e+03
6.300000000000000000e+05 1.458000000000000000e+03
6.400000000000000000e+05 1.403000000000000000e+03
6.500000000000000000e+05 1.320000000000000000e+03
6.600000000000000000e+05 1.188000000000000000e+03
6.700000000000000000e+05 1.321000000000000000e+03
6.800000000000000000e+05 1.206000000000000000e+03
6.900000000000000000e+05 1.260000000000000000e+03
7.000000000000000000e+05 1.274000000000000000e+03
7.100000000000000000e+05 1.235000000000000000e+03
7.200000000000000000e+05 1.355000000000000000e+03
7.300000000000000000e+05 1.302000000000000000e+03
7.400000000000000000e+05 1.354000000000000000e+03
7.500000000000000000e+05 1.366000000000000000e+03
7.600000000000000000e+05 1.461000000000000000e+03
7.700000000000000000e+05 1.536000000000000000e+03
7.800000000000000000e+05 1.582000000000000000e+03
7.900000000000000000e+05 1.761000000000000000e+03
8.000000000000000000e+05 1.841000000000000000e+03
8.100000000000000000e+05 2.147000000000000000e+03
8.200000000000000000e+05 2.317000000000000000e+03
8.300000000000000000e+05 2.305000000000000000e+03
8.400000000000000000e+05 2.579000000000000000e+03
8.500000000000000000e+05 2.749000000000000000e+03
8.600000000000000000e+05 3.064000000000000000e+03
8.700000000000000000e+05 3.280000000000000000e+03
8.800000000000000000e+05 3.465000000000000000e+03
8.900000000000000000e+05 3.732000000000000000e+03
9.000000000000000000e+05 3.986000000000000000e+03
9.100000000000000000e+05 4.186000000000000000e+03
9.200000000000000000e+05 4.426000000000000000e+03
9.300000000000000000e+05 4.686000000000000000e+03
9.400000000000000000e+05 4.966000000000000000e+03
9.500000000000000000e+05 5.114000000000000000e+03
9.600000000000000000e+05 5.531000000000000000e+03
9.700000000000000000e+05 5.560000000000000000e+03
9.800000000000000000e+05 5.844000000000000000e+03
9.900000000000000000e+05 5.894000000000000000e+03
1.000000000000000000e+06 6.310000000000000000e+03
1.010000000000000000e+06 6.451000000000000000e+03
1.020000000000000000e+06 6.589000000000000000e+03
1.030000000000000000e+06 6.616000000000000000e+03
1.040000000000000000e+06 6.852000000000000000e+03
1.050000000000000000e+06 7.050000000000000000e+03
1.060000000000000000e+06 7.147000000000000000e+03
1.070000000000000000e+06 7.271000000000000000e+03
1.080000000000000000e+06 7.290000000000000000e+03
1.090000000000000000e+06 7.480000000000000000e+03
1.100000000000000000e+06 7.478000000000000000e+03
1.110000000000000000e+06 7.616000000000000000e+03
1.120000000000000000e+06 7.550000000000000000e+03
1.130000000000000000e+06 7.855000000000000000e+03
1.140000000000000000e+06 7.673000000000000000e+03
1.150000000000000000e+06 7.906000000000000000e+03
1.160000000000000000e+06 7.782000000000000000e+03
1.170000000000000000e+06 7.866000000000000000e+03
1.180000000000000000e+06 7.811000000000000000e+03
1.190000000000000000e+06 7.930000000000000000e+03
1.200000000000000000e+06 7.902000000000000000e+03
1.210000000000000000e+06 7.804000000000000000e+03
1.220000000000000000e+06 7.795000000000000000e+03
1.230000000000000000e+06 7.830000000000000000e+03
1.240000000000000000e+06 7.803000000000000000e+03
1.250000000000000000e+06 7.723000000000000000e+03
1.260000000000000000e+06 7.568000000000000000e+03
1.270000000000000000e+06 7.523000000000000000e+03
1.280000000000000000e+06 7.599000000000000000e+03
1.290000000000000000e+06 7.544000000000000000e+03
1.300000000000000000e+06 7.403000000000000000e+03
1.310000000000000000e+06 7.275000000000000000e+03
1.320000000000000000e+06 7.036000000000000000e+03
1.330000000000000000e+06 6.971000000000000000e+03
1.340000000000000000e+06 6.912000000000000000e+03
1.350000000000000000e+06 6.543000000000000000e+03
1.360000000000000000e+06 6.705000000000000000e+03
1.370000000000000000e+06 6.432000000000000000e+03
1.380000000000000000e+06 6.265000000000000000e+03
1.390000000000000000e+06 5.968000000000000000e+03
1.400000000000000000e+06 5.820000000000000000e+03
1.410000000000000000e+06 5.596000000000000000e+03
1.420000000000000000e+06 5.511000000000000000e+03
1.430000000000000000e+06 5.126000000000000000e+03
1.440000000000000000e+06 5.157000000000000000e+03
1.450000000000000000e+06 4.730000000000000000e+03
1.460000000000000000e+06 4.495000000000000000e+03
1.470000000000000000e+06 4.251000000000000000e+03
1.480000000000000000e+06 4.030000000000000000e+03
1.490000000000000000e+06 3.856000000000000000e+03
1.500000000000000000e+06 3.560000000000000000e+03
1.510000000000000000e+06 3.286000000000000000e+03
1.520000000000000000e+06 3.087000000000000000e+03
1.530000000000000000e+06 2.878000000000000000e+03
1.540000000000000000e+06 2.655000000000000000e+03
1.550000000000000000e+06 2.551000000000000000e+03
1.560000000000000000e+06 2.292000000000000000e+03
1.570000000000000000e+06 2.167000000000000000e+03
1.580000000000000000e+06 2.042000000000000000e+03
1.590000000000000000e+06 1.849000000000000000e+03
1.600000000000000000e+06 1.741000000000000000e+03
1.610000000000000000e+06 1.495000000000000000e+03
1.620000000000000000e+06 1.507000000000000000e+03
1.630000000000000000e+06 1.472000000000000000e+03
1.640000000000000000e+06 1.424000000000000000e+03
1.650000000000000000e+06 1.355000000000000000e+03
1.660000000000000000e+06 1.284000000000000000e+03
1.670000000000000000e+06 1.233000000000000000e+03
1.680000000000000000e+06 1.313000000000000000e+03
1.690000000000000000e+06 1.224000000000000000e+03
1.700000000000000000e+06 1.217000000000000000e+03
1.710000000000000000e+06 1.302000000000000000e+03
1.720000000000000000e+06 1.282000000000000000e+03
1.730000000000000000e+06 1.318000000000000000e+03
1.740000000000000000e+06 1.296000000000000000e+03
1.750000000000000000e+06 1.376000000000000000e+03
1.760000000000000000e+06 1.572000000000000000e+03
1.770000000000000000e+06 1.575000000000000000e+03
1.780000000000000000e+06 1.695000000000000000e+03
1.790000000000000000e+06 1.816000000000000000e+03
1.800000000000000000e+06 1.944000000000000000e+03
1.810000000000000000e+06 2.030000000000000000e+03
1.820000000000000000e+06 2.250000000000000000e+03
1.830000000000000000e+06 2.319000000000000000e+03
1.840000000000000000e+06 2.588000000000000000e+03
1.850000000000000000e+06 2.833000000000000000e+03
1.860000000000000000e+06 2.954000000000000000e+03
1.870000000000000000e+06 3.197000000000000000e+03
1.880000000000000000e+06 3.474000000000000000e+03
1.890000000000000000e+06 3.639000000000000000e+03
1.900000000000000000e+06 3.863000000000000000e+03
1.910000000000000000e+06 4.077000000000000000e+03
1.920000000000000000e+06 4.403000000000000000e+03
1.930000000000000000e+06 4.722000000000000000e+03
1.940000000000000000e+06 5.007000000000000000e+03
1.950000000000000000e+06 5.304000000000000000e+03
1.960000000000000000e+06 5.512000000000000000e+03
1.970000000000000000e+06 5.790000000000000000e+03
1.980000000000000000e+06 5.981000000000000000e+03
1.990000000000000000e+06 6.141000000000000000e+03
