0.000000000000000000e+00 6.151000000000000000e+03
1.428000000000000000e+03 6.289000000000000000e+03
2.856000000000000000e+03 6.419000000000000000e+03
4.284000000000000000e+03 6.632000000000000000e+03
5.712000000000000000e+03 6.582000000000000000e+03
7.140000000000000000e+03 6.714000000000000000e+03
8.568000000000000000e+03 6.849000000000000000e+03
9.996000000000000000e+03 6.800000000000000000e+03
1.142400000000000000e+04 6.922000000000000000e+03
1.285200000000000000e+04 7.014000000000000000e+03
1.428000000000000000e+04 6.973000000000000000e+03
1.570800000000000000e+04 7.108000000000000000e+03
1.713600000000000000e+04 7.258000000000000000e+03
1.856400000000000000e+04 7.034000000000000000e+03
1.999200000000000000e+04 7.092000000000000000e+03
2.142000000000000000e+04 7.114000000000000000e+03
2.284800000000000000e+04 7.253000000000000000e+03
2.427600000000000000e+04 7.171000000000000000e+03
2.570400000000000000e+04 7.211000000000000000e+03
2.713200000000000000e+04 7.190000000000000000e+03
2.856000000000000000e+04 7.211000000000000000e+03
2.998800000000000000e+04 7.223000000000000000e+03
3.141600000000000000e+04 7.276000000000000000e+03
3.284400000000000000e+04 7.176000000000000000e+03
3.427200000000000000e+04 7.290000000000000000e+03
3.570000000000000000e+04 7.265000000000000000e+03
3.712800000000000000e+04 7.013000000000000000e+03
3.855600000000000000e+04 7.199000000000000000e+03
3.998400000000000000e+04 6.906000000000000000e+03
4.141200000000000000e+04 6.853000000000000000e+03
4.284000000000000000e+04 6.927000000000000000e+03
4.426800000000000000e+04 6.884000000000000000e+03
4.569600000000000000e+04 6.848000000000000000e+03
4.712400000000000000e+04 6.520000000000000000e+03
4.855200000000000000e+04 6.785000000000000000e+03
4.998000000000000000e+04 6.569000000000000000e+03
5.140800000000000000e+04 6.437000000000000000e+03
5.283600000000000000e+04 6.352000000000000000e+03
5.426400000000000000e+04 6.222000000000000000e+03
5.569200000000000000e+04 6.150000000000000000e+03
5.712000000000000000e+04 5.983000000000000000e+03
5.854800000000000000e+04 5.868000000000000000e+03
5.997600000000000000e+04 5.905000000000000000e+03
6.140400000000000000e+04 5.570000000000000000e+03
6.283200000000000000e+04 5.300000000000000000e+03
6.426000000000000000e+04 5.274000000000000000e+03
6.568800000000000000e+04 5.110000000000000000e+03
6.711600000000000000e+04 4.875000000000000000e+03
6.854400000000000000e+04 4.752000000000000000e+03
6.997200000000000000e+04 4.520000000000000000e+03
7.140000000000000000e+04 4.455000000000000000e+03
7.282800000000000000e+04 4.139000000000000000e+03
7.425600000000000000e+04 4.037000000000000000e+03
7.568400000000000000e+04 3.820000000000000000e+03
7.711200000000000000e+04 3.812000000000000000e+03
7.854000000000000000e+04 3.503000000000000000e+03
7.996800000000000000e+04 3.198000000000000000e+03
8.139600000000000000e+04 3.120000000000000000e+03
8.282400000000000000e+04 3.066000000000000000e+03
8.425200000000000000e+04 2.799000000000000000e+03
8.568000000000000000e+04 2.639000000000000000e+03
8.710800000000000000e+04 2.481000000000000000e+03
8.853600000000000000e+04 2.372000000000000000e+03
8.996400000000000000e+04 2.242000000000000000e+03
9.139200000000000000e+04 2.161000000000000000e+03
9.282000000000000000e+04 2.081000000000000000e+03
9.424800000000000000e+04 2.082000000000000000e+03
9.567600000000000000e+04 1.987000000000000000e+03
9.710400000000000000e+04 1.980000000000000000e+03
9.853200000000000000e+04 1.956000000000000000e+03
9.996000000000000000e+04 1.975000000000000000e+03
1.013880000000000000e+05 1.955000000000000000e+03
1.028160000000000000e+05 1.993000000000000000e+03
1.042440000000000000e+05 2.062000000000000000e+03
1.056720000000000000e+05 2.049000000000000000e+03
1.071000000000000000e+05 2.239000000000000000e+03
1.085280000000000000e+05 2.274000000000000000e+03
1.099560000000000000e+05 2.412000000000000000e+03
1.113840000000000000e+05 2.480000000000000000e+03
1.128120000000000000e+05 2.820000000000000000e+03
1.142400000000000000e+05 2.804000000000000000e+03
1.156680000000000000e+05 2.976000000000000000e+03
1.170960000000000000e+05 3.082000000000000000e+03
1.185240000000000000e+05 3.353000000000000000e+03
1.199520000000000000e+05 3.533000000000000000e+03
1.213800000000000000e+05 3.749000000000000000e+03
1.228080000000000000e+05 3.835000000000000000e+03
1.242360000000000000e+05 4.046000000000000000e+03
1.256640000000000000e+05 4.369000000000000000e+03
1.270920000000000000e+05 4.449000000000000000e+03
1.285200000000000000e+05 4.718000000000000000e+03
1.299480000000000000e+05 4.941000000000000000e+03
1.313760000000000000e+05 5.165000000000000000e+03
1.328040000000000000e+05 5.236000000000000000e+03
1.342320000000000000e+05 5.435000000000000000e+03
1.356600000000000000e+05 5.590000000000000000e+03
1.370880000000000000e+05 5.650000000000000000e+03
1.385160000000000000e+05 5.784000000000000000e+03
1.399440000000000000e+05 5.934000000000000000e+03
1.413720000000000000e+05 6.172000000000000000e+03
1.428000000000000000e+05 6.217000000000000000e+03
1.442280000000000000e+05 6.388000000000000000e+03
1.456560000000000000e+05 6.340000000000000000e+03
1.470840000000000000e+05 6.514000000000000000e+03
1.485120000000000000e+05 6.472000000000000000e+03
1.499400000000000000e+05 6.494000000000000000e+03
1.513680000000000000e+05 6.798000000000000000e+03
1.527960000000000000e+05 6.909000000000000000e+03
1.542240000000000000e+05 6.871000000000000000e+03
1.556520000000000000e+05 6.795000000000000000e+03
1.570800000000000000e+05 7.124000000000000000e+03
1.585080000000000000e+05 6.960000000000000000e+03
1.599360000000000000e+05 7.143000000000000000e+03
1.613640000000000000e+05 7.104000000000000000e+03
1.627920000000000000e+05 7.276000000000000000e+03
1.642200000000000000e+05 7.153000000000000000e+03
1.656480000000000000e+05 7.233000000000000000e+03
1.670760000000000000e+05 7.200000000000000000e+03
1.685040000000000000e+05 7.219000000000000000e+03
1.699320000000000000e+05 7.103000000000000000e+03
1.713600000000000000e+05 7.208000000000000000e+03
1.727880000000000000e+05 7.224000000000000000e+03
1.742160000000000000e+05 7.166000000000000000e+03
1.756440000000000000e+05 7.021000000000000000e+03
1.770720000000000000e+05 7.205000000000000000e+03
1.785000000000000000e+05 7.184000000000000000e+03
1.799280000000000000e+05 6.995000000000000000e+03
1.813560000000000000e+05 7.126000000000000000e+03
1.827840000000000000e+05 7.062000000000000000e+03
1.842120000000000000e+05 6.866000000000000000e+03
1.856400000000000000e+05 6.938000000000000000e+03
1.870680000000000000e+05 6.949000000000000000e+03
1.884960000000000000e+05 6.950000000000000000e+03
1.899240000000000000e+05 6.612000000000000000e+03
1.913520000000000000e+05 6.506000000000000000e+03
1.927800000000000000e+05 6.554000000000000000e+03
1.942080000000000000e+05 6.472000000000000000e+03
1.956360000000000000e+05 6.438000000000000000e+03
1.970640000000000000e+05 6.325000000000000000e+03
1.984920000000000000e+05 6.087000000000000000e+03
1.999200000000000000e+05 6.077000000000000000e+03
2.013480000000000000e+05 5.920000000000000000e+03
2.027760000000000000e+05 5.790000000000000000e+03
2.042040000000000000e+05 5.403000000000000000e+03
2.056320000000000000e+05 5.466000000000000000e+03
2.070600000000000000e+05 5.243000000000000000e+03
2.084880000000000000e+05 5.178000000000000000e+03
2.099160000000000000e+05 4.911000000000000000e+03
2.113440000000000000e+05 4.735000000000000000e+03
2.127720000000000000e+05 4.658000000000000000e+03
2.142000000000000000e+05 4.329000000000000000e+03
2.156280000000000000e+05 4.000000000000000000e+03
2.170560000000000000e+05 4.078000000000000000e+03
2.184840000000000000e+05 3.892000000000000000e+03
2.199120000000000000e+05 3.626000000000000000e+03
2.213400000000000000e+05 3.462000000000000000e+03
2.227680000000000000e+05 3.223000000000000000e+03
2.241960000000000000e+05 3.004000000000000000e+03
2.256240000000000000e+05 2.914000000000000000e+03
2.270520000000000000e+05 2.775000000000000000e+03
2.284800000000000000e+05 2.674000000000000000e+03
2.299080000000000000e+05 2.527000000000000000e+03
2.313360000000000000e+05 2.353000000000000000e+03
2.327640000000000000e+05 2.314000000000000000e+03
2.341920000000000000e+05 2.192000000000000000e+03
2.356200000000000000e+05 2.082000000000000000e+03
2.370480000000000000e+05 2.080000000000000000e+03
2.384760000000000000e+05 1.992000000000000000e+03
2.399040000000000000e+05 1.930000000000000000e+03
2.413320000000000000e+05 1.939000000000000000e+03
2.427600000000000000e+05 1.895000000000000000e+03
2.441880000000000000e+05 1.978000000000000000e+03
2.456160000000000000e+05 2.010000000000000000e+03
2.470440000000000000e+05 2.071000000000000000e+03
2.484720000000000000e+05 2.078000000000000000e+03
2.499000000000000000e+05 2.235000000000000000e+03
2.513280000000000000e+05 2.430000000000000000e+03
2.527560000000000000e+05 2.447000000000000000e+03
2.541840000000000000e+05 2.546000000000000000e+03
2.556120000000000000e+05 2.669000000000000000e+03
2.570400000000000000e+05 2.788000000000000000e+03
2.584680000000000000e+05 2.990000000000000000e+03
2.598960000000000000e+05 3.143000000000000000e+03
2.613240000000000000e+05 3.274000000000000000e+03
2.627520000000000000e+05 3.496000000000000000e+03
2.641800000000000000e+05 3.655000000000000000e+03
2.656080000000000000e+05 3.845000000000000000e+03
2.670360000000000000e+05 4.132000000000000000e+03
2.684640000000000000e+05 4.287000000000000000e+03
2.698920000000000000e+05 4.505000000000000000e+03
2.713200000000000000e+05 4.752000000000000000e+03
2.727480000000000000e+05 4.926000000000000000e+03
2.741760000000000000e+05 5.144000000000000000e+03
2.756040000000000000e+05 5.068000000000000000e+03
2.770320000000000000e+05 5.437000000000000000e+03
2.784600000000000000e+05 5.562000000000000000e+03
2.798880000000000000e+05 5.533000000000000000e+03
2.813160000000000000e+05 5.841000000000000000e+03
2.827440000000000000e+05 5.888000000000000000e+03
2.841720000000000000e+05 6.082000000000000000e+03
