0.000000000000000000e+00 3.004000000000000000e+03
5.000000000000000000e+02 3.158000000000000000e+03
1.000000000000000000e+03 3.254000000000000000e+03
1.500000000000000000e+03 3.235000000000000000e+03
2.000000000000000000e+03 3.249000000000000000e+03
2.500000000000000000e+03 3.255000000000000000e+03
3.000000000000000000e+03 3.199000000000000000e+03
3.500000000000000000e+03 3.342000000000000000e+03
4.000000000000000000e+03 3.411000000000000000e+03
4.500000000000000000e+03 3.509000000000000000e+03
5.000000000000000000e+03 3.569000000000000000e+03
5.500000000000000000e+03 3.464000000000000000e+03
6.000000000000000000e+03 3.503000000000000000e+03
6.500000000000000000e+03 3.457000000000000000e+03
7.000000000000000000e+03 3.421000000000000000e+03
7.500000000000000000e+03 3.448000000000000000e+03
8.000000000000000000e+03 3.574000000000000000e+03
8.500000000000000000e+03 3.570000000000000000e+03
9.000000000000000000e+03 3.314000000000000000e+03
9.500000000000000000e+03 3.492000000000000000e+03
1.000000000000000000e+04 3.500000000000000000e+03
1.050000000000000000e+04 3.537000000000000000e+03
1.100000000000000000e+04 3.533000000000000000e+03
1.150000000000000000e+04 3.442000000000000000e+03
1.200000000000000000e+04 3.520000000000000000e+03
1.250000000000000000e+04 3.411000000000000000e+03
1.300000000000000000e+04 3.498000000000000000e+03
1.350000000000000000e+04 3.567000000000000000e+03
1.400000000000000000e+04 3.442000000000000000e+03
1.450000000000000000e+04 3.478000000000000000e+03
1.500000000000000000e+04 3.447000000000000000e+03
1.550000000000000000e+04 3.320000000000000000e+03
1.600000000000000000e+04 3.441000000000000000e+03
1.650000000000000000e+04 3.334000000000000000e+03
1.700000000000000000e+04 3.238000000000000000e+03
1.750000000000000000e+04 3.247000000000000000e+03
1.800000000000000000e+04 3.208000000000000000e+03
1.850000000000000000e+04 3.129000000000000000e+03
1.900000000000000000e+04 3.009000000000000000e+03
1.950000000000000000e+04 3.298000000000000000e+03
2.000000000000000000e+04 2.878000000000000000e+03
2.050000000000000000e+04 3.044000000000000000e+03
2.100000000000000000e+04 2.884000000000000000e+03
2.150000000000000000e+04 2.722000000000000000e+03
2.200000000000000000e+04 2.794000000000000000e+03
2.250000000000000000e+04 2.775000000000000000e+03
2.300000000000000000e+04 2.724000000000000000e+03
2.350000000000000000e+04 2.516000000000000000e+03
2.400000000000000000e+04 2.414000000000000000e+03
2.450000000000000000e+04 2.393000000000000000e+03
2.500000000000000000e+04 2.336000000000000000e+03
2.550000000000000000e+04 2.211000000000000000e+03
2.600000000000000000e+04 2.170000000000000000e+03
2.650000000000000000e+04 2.147000000000000000e+03
2.700000000000000000e+04 1.940000000000000000e+03
2.750000000000000000e+04 1.957000000000000000e+03
2.800000000000000000e+04 1.769000000000000000e+03
2.850000000000000000e+04 1.772000000000000000e+03
2.900000000000000000e+04 1.697000000000000000e+03
2.950000000000000000e+04 1.571000000000000000e+03
3.000000000000000000e+04 1.575000000000000000e+03
3.050000000000000000e+04 1.506000000000000000e+03
3.100000000000000000e+04 1.480000000000000000e+03
3.150000000000000000e+04 1.373000000000000000e+03
3.200000000000000000e+04 1.335000000000000000e+03
3.250000000000000000e+04 1.278000000000000000e+03
3.300000000000000000e+04 1.359000000000000000e+03
3.350000000000000000e+04 1.292000000000000000e+03
3.400000000000000000e+04 1.244000000000000000e+03
3.450000000000000000e+04 1.179000000000000000e+03
3.500000000000000000e+04 1.178000000000000000e+03
3.550000000000000000e+04 1.327000000000000000e+03
3.600000000000000000e+04 1.248000000000000000e+03
3.650000000000000000e+04 1.272000000000000000e+03
3.700000000000000000e+04 1.274000000000000000e+03
3.750000000000000000e+04 1.292000000000000000e+03
3.800000000000000000e+04 1.420000000000000000e+03
3.850000000000000000e+04 1.382000000000000000e+03
3.900000000000000000e+04 1.470000000000000000e+03
3.950000000000000000e+04 1.561000000000000000e+03
4.000000000000000000e+04 1.658000000000000000e+03
4.050000000000000000e+04 1.690000000000000000e+03
4.100000000000000000e+04 1.792000000000000000e+03
4.150000000000000000e+04 1.872000000000000000e+03
4.200000000000000000e+04 1.873000000000000000e+03
4.250000000000000000e+04 2.004000000000000000e+03
4.300000000000000000e+04 2.040000000000000000e+03
4.350000000000000000e+04 2.167000000000000000e+03
4.400000000000000000e+04 2.276000000000000000e+03
4.450000000000000000e+04 2.274000000000000000e+03
4.500000000000000000e+04 2.468000000000000000e+03
4.550000000000000000e+04 2.619000000000000000e+03
4.600000000000000000e+04 2.510000000000000000e+03
4.650000000000000000e+04 2.677000000000000000e+03
4.700000000000000000e+04 2.699000000000000000e+03
4.750000000000000000e+04 2.787000000000000000e+03
4.800000000000000000e+04 2.887000000000000000e+03
4.850000000000000000e+04 3.098000000000000000e+03
4.900000000000000000e+04 3.073000000000000000e+03
4.950000000000000000e+04 3.030000000000000000e+03
5.000000000000000000e+04 3.122000000000000000e+03
5.050000000000000000e+04 3.099000000000000000e+03
5.100000000000000000e+04 3.119000000000000000e+03
5.150000000000000000e+04 3.231000000000000000e+03
5.200000000000000000e+04 3.275000000000000000e+03
5.250000000000000000e+04 3.362000000000000000e+03
5.300000000000000000e+04 3.377000000000000000e+03
5.350000000000000000e+04 3.440000000000000000e+03
5.400000000000000000e+04 3.533000000000000000e+03
5.450000000000000000e+04 3.529000000000000000e+03
5.500000000000000000e+04 3.530000000000000000e+03
5.550000000000000000e+04 3.563000000000000000e+03
5.600000000000000000e+04 3.520000000000000000e+03
5.650000000000000000e+04 3.486000000000000000e+03
5.700000000000000000e+04 3.510000000000000000e+03
5.750000000000000000e+04 3.488000000000000000e+03
5.800000000000000000e+04 3.562000000000000000e+03
5.850000000000000000e+04 3.590000000000000000e+03
5.900000000000000000e+04 3.579000000000000000e+03
5.950000000000000000e+04 3.514000000000000000e+03
6.000000000000000000e+04 3.430000000000000000e+03
6.050000000000000000e+04 3.540000000000000000e+03
6.100000000000000000e+04 3.461000000000000000e+03
6.150000000000000000e+04 3.413000000000000000e+03
6.200000000000000000e+04 3.434000000000000000e+03
6.250000000000000000e+04 3.597000000000000000e+03
6.300000000000000000e+04 3.488000000000000000e+03
6.350000000000000000e+04 3.469000000000000000e+03
6.400000000000000000e+04 3.498000000000000000e+03
6.450000000000000000e+04 3.378000000000000000e+03
6.500000000000000000e+04 3.520000000000000000e+03
6.550000000000000000e+04 3.395000000000000000e+03
6.600000000000000000e+04 3.353000000000000000e+03
6.650000000000000000e+04 3.250000000000000000e+03
6.700000000000000000e+04 3.236000000000000000e+03
6.750000000000000000e+04 3.260000000000000000e+03
6.800000000000000000e+04 3.204000000000000000e+03
6.850000000000000000e+04 3.143000000000000000e+03
6.900000000000000000e+04 3.107000000000000000e+03
6.950000000000000000e+04 3.109000000000000000e+03
7.000000000000000000e+04 2.925000000000000000e+03
7.050000000000000000e+04 2.931000000000000000e+03
7.100000000000000000e+04 2.798000000000000000e+03
7.150000000000000000e+04 2.848000000000000000e+03
7.200000000000000000e+04 2.761000000000000000e+03
7.250000000000000000e+04 2.745000000000000000e+03
7.300000000000000000e+04 2.549000000000000000e+03
7.350000000000000000e+04 2.584000000000000000e+03
7.400000000000000000e+04 2.453000000000000000e+03
7.450000000000000000e+04 2.408000000000000000e+03
7.500000000000000000e+04 2.279000000000000000e+03
7.550000000000000000e+04 2.242000000000000000e+03
7.600000000000000000e+04 2.193000000000000000e+03
7.650000000000000000e+04 1.969000000000000000e+03
7.700000000000000000e+04 1.937000000000000000e+03
7.750000000000000000e+04 1.829000000000000000e+03
7.800000000000000000e+04 1.807000000000000000e+03
7.850000000000000000e+04 1.732000000000000000e+03
7.900000000000000000e+04 1.649000000000000000e+03
7.950000000000000000e+04 1.503000000000000000e+03
8.000000000000000000e+04 1.554000000000000000e+03
8.050000000000000000e+04 1.466000000000000000e+03
8.100000000000000000e+04 1.495000000000000000e+03
8.150000000000000000e+04 1.481000000000000000e+03
8.200000000000000000e+04 1.402000000000000000e+03
8.250000000000000000e+04 1.310000000000000000e+03
8.300000000000000000e+04 1.277000000000000000e+03
8.350000000000000000e+04 1.276000000000000000e+03
8.400000000000000000e+04 1.299000000000000000e+03
8.450000000000000000e+04 1.247000000000000000e+03
8.500000000000000000e+04 1.230000000000000000e+03
8.550000000000000000e+04 1.169000000000000000e+03
8.600000000000000000e+04 1.223000000000000000e+03
8.650000000000000000e+04 1.291000000000000000e+03
8.700000000000000000e+04 1.289000000000000000e+03
8.750000000000000000e+04 1.360000000000000000e+03
8.800000000000000000e+04 1.391000000000000000e+03
8.850000000000000000e+04 1.458000000000000000e+03
8.900000000000000000e+04 1.486000000000000000e+03
8.950000000000000000e+04 1.639000000000000000e+03
9.000000000000000000e+04 1.634000000000000000e+03
9.050000000000000000e+04 1.637000000000000000e+03
9.100000000000000000e+04 1.773000000000000000e+03
9.150000000000000000e+04 1.860000000000000000e+03
9.200000000000000000e+04 1.880000000000000000e+03
9.250000000000000000e+04 2.041000000000000000e+03
9.300000000000000000e+04 2.137000000000000000e+03
9.350000000000000000e+04 2.235000000000000000e+03
9.400000000000000000e+04 2.308000000000000000e+03
9.450000000000000000e+04 2.337000000000000000e+03
9.500000000000000000e+04 2.454000000000000000e+03
9.550000000000000000e+04 2.558000000000000000e+03
9.600000000000000000e+04 2.788000000000000000e+03
9.650000000000000000e+04 2.739000000000000000e+03
9.700000000000000000e+04 2.771000000000000000e+03
9.750000000000000000e+04 2.872000000000000000e+03
9.800000000000000000e+04 2.846000000000000000e+03
9.850000000000000000e+04 2.895000000000000000e+03
9.900000000000000000e+04 3.084000000000000000e+03
9.950000000000000000e+04 3.130000000000000000e+03
