0.000000000000000000e+00 4.414000000000000000e+03
2.500000000000000000e+03 4.519000000000000000e+03
5.000000000000000000e+03 4.458000000000000000e+03
7.500000000000000000e+03 4.660000000000000000e+03
1.000000000000000000e+04 4.692000000000000000e+03
1.250000000000000000e+04 4.748000000000000000e+03
1.500000000000000000e+04 4.779000000000000000e+03
1.750000000000000000e+04 4.829000000000000000e+03
2.000000000000000000e+04 4.790000000000000000e+03
2.250000000000000000e+04 4.971000000000000000e+03
2.500000000000000000e+04 4.939000000000000000e+03
2.750000000000000000e+04 4.960000000000000000e+03
3.000000000000000000e+04 4.911000000000000000e+03
3.250000000000000000e+04 5.069000000000000000e+03
3.500000000000000000e+04 4.944000000000000000e+03
3.750000000000000000e+04 5.001000000000000000e+03
4.000000000000000000e+04 4.933000000000000000e+03
4.250000000000000000e+04 5.038000000000000000e+03
4.500000000000000000e+04 5.096000000000000000e+03
4.750000000000000000e+04 4.963000000000000000e+03
5.000000000000000000e+04 5.058000000000000000e+03
5.250000000000000000e+04 5.035000000000000000e+03
5.500000000000000000e+04 5.013000000000000000e+03
5.750000000000000000e+04 5.038000000000000000e+03
6.000000000000000000e+04 4.974000000000000000e+03
6.250000000000000000e+04 5.045000000000000000e+03
6.500000000000000000e+04 4.942000000000000000e+03
6.750000000000000000e+04 4.974000000000000000e+03
7.000000000000000000e+04 4.926000000000000000e+03
7.250000000000000000e+04 4.894000000000000000e+03
7.500000000000000000e+04 4.853000000000000000e+03
7.750000000000000000e+04 4.816000000000000000e+03
8.000000000000000000e+04 4.840000000000000000e+03
8.250000000000000000e+04 4.720000000000000000e+03
8.500000000000000000e+04 4.674000000000000000e+03
8.750000000000000000e+04 4.708000000000000000e+03
9.000000000000000000e+04 4.606000000000000000e+03
9.250000000000000000e+04 4.424000000000000000e+03
9.500000000000000000e+04 4.455000000000000000e+03
9.750000000000000000e+04 4.479000000000000000e+03
1.000000000000000000e+05 4.395000000000000000e+03
1.025000000000000000e+05 4.209000000000000000e+03
1.050000000000000000e+05 4.172000000000000000e+03
1.075000000000000000e+05 3.989000000000000000e+03
1.100000000000000000e+05 3.837000000000000000e+03
1.125000000000000000e+05 3.831000000000000000e+03
1.150000000000000000e+05 3.653000000000000000e+03
1.175000000000000000e+05 3.600000000000000000e+03
1.200000000000000000e+05 3.548000000000000000e+03
1.225000000000000000e+05 3.353000000000000000e+03
1.250000000000000000e+05 3.173000000000000000e+03
1.275000000000000000e+05 3.070000000000000000e+03
1.300000000000000000e+05 3.044000000000000000e+03
1.325000000000000000e+05 2.899000000000000000e+03
1.350000000000000000e+05 2.746000000000000000e+03
1.375000000000000000e+05 2.595000000000000000e+03
1.400000000000000000e+05 2.403000000000000000e+03
1.425000000000000000e+05 2.456000000000000000e+03
1.450000000000000000e+05 2.320000000000000000e+03
1.475000000000000000e+05 2.203000000000000000e+03
1.500000000000000000e+05 2.048000000000000000e+03
1.525000000000000000e+05 2.056000000000000000e+03
1.550000000000000000e+05 1.860000000000000000e+03
1.575000000000000000e+05 1.831000000000000000e+03
1.600000000000000000e+05 1.734000000000000000e+03
1.625000000000000000e+05 1.707000000000000000e+03
1.650000000000000000e+05 1.731000000000000000e+03
1.675000000000000000e+05 1.648000000000000000e+03
1.700000000000000000e+05 1.652000000000000000e+03
1.725000000000000000e+05 1.597000000000000000e+03
1.750000000000000000e+05 1.718000000000000000e+03
1.775000000000000000e+05 1.627000000000000000e+03
1.800000000000000000e+05 1.697000000000000000e+03
1.825000000000000000e+05 1.691000000000000000e+03
1.850000000000000000e+05 1.770000000000000000e+03
1.875000000000000000e+05 1.775000000000000000e+03
1.900000000000000000e+05 1.920000000000000000e+03
1.925000000000000000e+05 2.027000000000000000e+03
1.950000000000000000e+05 2.062000000000000000e+03
1.975000000000000000e+05 2.158000000000000000e+03
2.000000000000000000e+05 2.186000000000000000e+03
2.025000000000000000e+05 2.424000000000000000e+03
2.050000000000000000e+05 2.449000000000000000e+03
2.075000000000000000e+05 2.665000000000000000e+03
2.100000000000000000e+05 2.670000000000000000e+03
2.125000000000000000e+05 2.796000000000000000e+03
2.150000000000000000e+05 2.973000000000000000e+03
2.175000000000000000e+05 3.118000000000000000e+03
2.200000000000000000e+05 3.075000000000000000e+03
2.225000000000000000e+05 3.270000000000000000e+03
2.250000000000000000e+05 3.354000000000000000e+03
2.275000000000000000e+05 3.495000000000000000e+03
2.300000000000000000e+05 3.669000000000000000e+03
2.325000000000000000e+05 3.846000000000000000e+03
2.350000000000000000e+05 3.892000000000000000e+03
2.375000000000000000e+05 3.873000000000000000e+03
2.400000000000000000e+05 3.994000000000000000e+03
2.425000000000000000e+05 4.182000000000000000e+03
2.450000000000000000e+05 4.256000000000000000e+03
2.475000000000000000e+05 4.311000000000000000e+03
2.500000000000000000e+05 4.365000000000000000e+03
2.525000000000000000e+05 4.513000000000000000e+03
2.550000000000000000e+05 4.461000000000000000e+03
2.575000000000000000e+05 4.551000000000000000e+03
2.600000000000000000e+05 4.633000000000000000e+03
2.625000000000000000e+05 4.651000000000000000e+03
2.650000000000000000e+05 4.651000000000000000e+03
2.675000000000000000e+05 4.804000000000000000e+03
2.700000000000000000e+05 4.887000000000000000e+03
2.725000000000000000e+05 4.859000000000000000e+03
2.750000000000000000e+05 4.895000000000000000e+03
2.775000000000000000e+05 4.921000000000000000e+03
2.800000000000000000e+05 4.819000000000000000e+03
2.825000000000000000e+05 5.007000000000000000e+03
2.850000000000000000e+05 5.106000000000000000e+03
2.875000000000000000e+05 4.938000000000000000e+03
2.900000000000000000e+05 5.067000000000000000e+03
2.925000000000000000e+05 4.942000000000000000e+03
2.950000000000000000e+05 4.876000000000000000e+03
2.975000000000000000e+05 5.025000000000000000e+03
3.000000000000000000e+05 5.048000000000000000e+03
3.025000000000000000e+05 4.965000000000000000e+03
3.050000000000000000e+05 5.070000000000000000e+03
3.075000000000000000e+05 4.941000000000000000e+03
3.100000000000000000e+05 4.987000000000000000e+03
3.125000000000000000e+05 5.054000000000000000e+03
3.150000000000000000e+05 4.932000000000000000e+03
3.175000000000000000e+05 4.969000000000000000e+03
3.200000000000000000e+05 4.864000000000000000e+03
3.225000000000000000e+05 4.962000000000000000e+03
3.250000000000000000e+05 4.895000000000000000e+03
3.275000000000000000e+05 4.742000000000000000e+03
3.300000000000000000e+05 4.777000000000000000e+03
3.325000000000000000e+05 4.726000000000000000e+03
3.350000000000000000e+05 4.693000000000000000e+03
3.375000000000000000e+05 4.692000000000000000e+03
3.400000000000000000e+05 4.528000000000000000e+03
3.425000000000000000e+05 4.476000000000000000e+03
3.450000000000000000e+05 4.414000000000000000e+03
3.475000000000000000e+05 4.403000000000000000e+03
3.500000000000000000e+05 4.212000000000000000e+03
3.525000000000000000e+05 4.224000000000000000e+03
3.550000000000000000e+05 4.090000000000000000e+03
3.575000000000000000e+05 3.975000000000000000e+03
3.600000000000000000e+05 4.024000000000000000e+03
3.625000000000000000e+05 3.761000000000000000e+03
3.650000000000000000e+05 3.790000000000000000e+03
3.675000000000000000e+05 3.629000000000000000e+03
3.700000000000000000e+05 3.440000000000000000e+03
3.725000000000000000e+05 3.257000000000000000e+03
3.750000000000000000e+05 3.269000000000000000e+03
3.775000000000000000e+05 3.092000000000000000e+03
3.800000000000000000e+05 3.041000000000000000e+03
3.825000000000000000e+05 2.829000000000000000e+03
3.850000000000000000e+05 2.772000000000000000e+03
3.875000000000000000e+05 2.599000000000000000e+03
3.900000000000000000e+05 2.547000000000000000e+03
3.925000000000000000e+05 2.383000000000000000e+03
3.950000000000000000e+05 2.287000000000000000e+03
3.975000000000000000e+05 2.228000000000000000e+03
4.000000000000000000e+05 2.077000000000000000e+03
4.025000000000000000e+05 1.984000000000000000e+03
4.050000000000000000e+05 1.889000000000000000e+03
4.075000000000000000e+05 1.873000000000000000e+03
4.100000000000000000e+05 1.790000000000000000e+03
4.125000000000000000e+05 1.700000000000000000e+03
4.150000000000000000e+05 1.688000000000000000e+03
4.175000000000000000e+05 1.568000000000000000e+03
4.200000000000000000e+05 1.692000000000000000e+03
4.225000000000000000e+05 1.629000000000000000e+03
4.250000000000000000e+05 1.583000000000000000e+03
4.275000000000000000e+05 1.637000000000000000e+03
4.300000000000000000e+05 1.658000000000000000e+03
4.325000000000000000e+05 1.726000000000000000e+03
4.350000000000000000e+05 1.867000000000000000e+03
4.375000000000000000e+05 1.873000000000000000e+03
4.400000000000000000e+05 1.970000000000000000e+03
4.425000000000000000e+05 1.991000000000000000e+03
4.450000000000000000e+05 2.058000000000000000e+03
4.475000000000000000e+05 2.230000000000000000e+03
4.500000000000000000e+05 2.238000000000000000e+03
4.525000000000000000e+05 2.362000000000000000e+03
4.550000000000000000e+05 2.460000000000000000e+03
4.575000000000000000e+05 2.519000000000000000e+03
4.600000000000000000e+05 2.727000000000000000e+03
4.625000000000000000e+05 2.859000000000000000e+03
4.650000000000000000e+05 2.913000000000000000e+03
4.675000000000000000e+05 3.076000000000000000e+03
4.700000000000000000e+05 3.189000000000000000e+03
4.725000000000000000e+05 3.180000000000000000e+03
4.750000000000000000e+05 3.348000000000000000e+03
4.775000000000000000e+05 3.457000000000000000e+03
4.800000000000000000e+05 3.567000000000000000e+03
4.825000000000000000e+05 3.681000000000000000e+03
4.850000000000000000e+05 3.915000000000000000e+03
4.875000000000000000e+05 3.805000000000000000e+03
4.900000000000000000e+05 3.996000000000000000e+03
4.925000000000000000e+05 4.226000000000000000e+03
4.950000000000000000e+05 4.288000000000000000e+03
4.975000000000000000e+05 4.336000000000000000e+03
