0.000000000000000000e+00 2.230000000000000000e+03
1.700000000000000000e+01 2.330000000000000000e+03
3.400000000000000000e+01 2.521000000000000000e+03
5.100000000000000000e+01 2.417000000000000000e+03
6.800000000000000000e+01 2.514000000000000000e+03
8.500000000000000000e+01 2.656000000000000000e+03
1.020000000000000000e+02 2.687000000000000000e+03
1.190000000000000000e+02 2.867000000000000000e+03
1.360000000000000000e+02 2.753000000000000000e+03
1.530000000000000000e+02 2.714000000000000000e+03
1.700000000000000000e+02 2.768000000000000000e+03
1.870000000000000000e+02 2.851000000000000000e+03
2.040000000000000000e+02 2.940000000000000000e+03
2.210000000000000000e+02 2.864000000000000000e+03
2.380000000000000000e+02 2.935000000000000000e+03
2.550000000000000000e+02 2.942000000000000000e+03
2.720000000000000000e+02 3.068000000000000000e+03
2.890000000000000000e+02 3.106000000000000000e+03
3.060000000000000000e+02 3.037000000000000000e+03
3.230000000000000000e+02 3.195000000000000000e+03
3.400000000000000000e+02 3.139000000000000000e+03
3.570000000000000000e+02 3.140000000000000000e+03
3.740000000000000000e+02 3.188000000000000000e+03
3.910000000000000000e+02 3.082000000000000000e+03
4.080000000000000000e+02 3.173000000000000000e+03
4.250000000000000000e+02 3.290000000000000000e+03
4.420000000000000000e+02 3.290000000000000000e+03
4.590000000000000000e+02 3.182000000000000000e+03
4.760000000000000000e+02 3.160000000000000000e+03
4.930000000000000000e+02 3.117000000000000000e+03
5.100000000000000000e+02 3.225000000000000000e+03
5.270000000000000000e+02 3.084000000000000000e+03
5.440000000000000000e+02 3.136000000000000000e+03
5.610000000000000000e+02 3.098000000000000000e+03
5.780000000000000000e+02 3.048000000000000000e+03
5.950000000000000000e+02 3.104000000000000000e+03
6.120000000000000000e+02 3.048000000000000000e+03
6.290000000000000000e+02 3.106000000000000000e+03
6.460000000000000000e+02 3.115000000000000000e+03
6.630000000000000000e+02 2.950000000000000000e+03
6.800000000000000000e+02 2.951000000000000000e+03
6.970000000000000000e+02 2.868000000000000000e+03
7.140000000000000000e+02 2.942000000000000000e+03
7.310000000000000000e+02 2.907000000000000000e+03
7.480000000000000000e+02 2.740000000000000000e+03
7.650000000000000000e+02 2.662000000000000000e+03
7.820000000000000000e+02 2.635000000000000000e+03
7.990000000000000000e+02 2.636000000000000000e+03
8.160000000000000000e+02 2.544000000000000000e+03
8.330000000000000000e+02 2.638000000000000000e+03
8.500000000000000000e+02 2.501000000000000000e+03
8.670000000000000000e+02 2.421000000000000000e+03
8.840000000000000000e+02 2.375000000000000000e+03
9.010000000000000000e+02 2.311000000000000000e+03
9.180000000000000000e+02 2.279000000000000000e+03
9.350000000000000000e+02 2.182000000000000000e+03
9.520000000000000000e+02 2.198000000000000000e+03
9.690000000000000000e+02 2.117000000000000000e+03
9.860000000000000000e+02 2.037000000000000000e+03
1.003000000000000000e+03 2.045000000000000000e+03
1.020000000000000000e+03 1.926000000000000000e+03
1.037000000000000000e+03 1.886000000000000000e+03
1.054000000000000000e+03 1.843000000000000000e+03
1.071000000000000000e+03 1.734000000000000000e+03
1.088000000000000000e+03 1.709000000000000000e+03
1.105000000000000000e+03 1.625000000000000000e+03
1.122000000000000000e+03 1.719000000000000000e+03
1.139000000000000000e+03 1.538000000000000000e+03
1.156000000000000000e+03 1.557000000000000000e+03
1.173000000000000000e+03 1.578000000000000000e+03
1.190000000000000000e+03 1.515000000000000000e+03
1.207000000000000000e+03 1.529000000000000000e+03
1.224000000000000000e+03 1.490000000000000000e+03
1.241000000000000000e+03 1.475000000000000000e+03
1.258000000000000000e+03 1.435000000000000000e+03
1.275000000000000000e+03 1.473000000000000000e+03
1.292000000000000000e+03 1.412000000000000000e+03
1.309000000000000000e+03 1.386000000000000000e+03
1.326000000000000000e+03 1.365000000000000000e+03
1.343000000000000000e+03 1.401000000000000000e+03
1.360000000000000000e+03 1.365000000000000000e+03
1.377000000000000000e+03 1.371000000000000000e+03
1.394000000000000000e+03 1.446000000000000000e+03
1.411000000000000000e+03 1.496000000000000000e+03
1.428000000000000000e+03 1.440000000000000000e+03
1.445000000000000000e+03 1.510000000000000000e+03
1.462000000000000000e+03 1.576000000000000000e+03
1.479000000000000000e+03 1.643000000000000000e+03
1.496000000000000000e+03 1.703000000000000000e+03
1.513000000000000000e+03 1.652000000000000000e+03
1.530000000000000000e+03 1.770000000000000000e+03
1.547000000000000000e+03 1.799000000000000000e+03
1.564000000000000000e+03 1.866000000000000000e+03
1.581000000000000000e+03 1.968000000000000000e+03
1.598000000000000000e+03 2.017000000000000000e+03
1.615000000000000000e+03 2.074000000000000000e+03
1.632000000000000000e+03 2.179000000000000000e+03
1.649000000000000000e+03 2.124000000000000000e+03
1.666000000000000000e+03 2.244000000000000000e+03
1.683000000000000000e+03 2.284000000000000000e+03
1.700000000000000000e+03 2.473000000000000000e+03
1.717000000000000000e+03 2.498000000000000000e+03
1.734000000000000000e+03 2.503000000000000000e+03
1.751000000000000000e+03 2.583000000000000000e+03
1.768000000000000000e+03 2.556000000000000000e+03
1.785000000000000000e+03 2.712000000000000000e+03
1.802000000000000000e+03 2.709000000000000000e+03
1.819000000000000000e+03 2.730000000000000000e+03
1.836000000000000000e+03 2.782000000000000000e+03
1.853000000000000000e+03 2.881000000000000000e+03
1.870000000000000000e+03 2.822000000000000000e+03
1.887000000000000000e+03 2.873000000000000000e+03
1.904000000000000000e+03 2.921000000000000000e+03
1.921000000000000000e+03 2.920000000000000000e+03
1.938000000000000000e+03 2.999000000000000000e+03
1.955000000000000000e+03 2.952000000000000000e+03
1.972000000000000000e+03 3.011000000000000000e+03
1.989000000000000000e+03 3.051000000000000000e+03
2.006000000000000000e+03 3.195000000000000000e+03
2.023000000000000000e+03 3.119000000000000000e+03
2.040000000000000000e+03 3.107000000000000000e+03
2.057000000000000000e+03 3.166000000000000000e+03
2.074000000000000000e+03 3.105000000000000000e+03
2.091000000000000000e+03 3.201000000000000000e+03
2.108000000000000000e+03 3.152000000000000000e+03
2.125000000000000000e+03 3.142000000000000000e+03
2.142000000000000000e+03 3.217000000000000000e+03
2.159000000000000000e+03 3.177000000000000000e+03
2.176000000000000000e+03 3.153000000000000000e+03
2.193000000000000000e+03 3.183000000000000000e+03
2.210000000000000000e+03 3.169000000000000000e+03
2.227000000000000000e+03 2.993000000000000000e+03
2.244000000000000000e+03 3.176000000000000000e+03
2.261000000000000000e+03 3.154000000000000000e+03
2.278000000000000000e+03 2.981000000000000000e+03
2.295000000000000000e+03 3.125000000000000000e+03
2.312000000000000000e+03 3.040000000000000000e+03
2.329000000000000000e+03 2.947000000000000000e+03
2.346000000000000000e+03 3.053000000000000000e+03
2.363000000000000000e+03 2.926000000000000000e+03
2.380000000000000000e+03 2.925000000000000000e+03
2.397000000000000000e+03 2.767000000000000000e+03
2.414000000000000000e+03 2.817000000000000000e+03
2.431000000000000000e+03 2.730000000000000000e+03
2.448000000000000000e+03 2.691000000000000000e+03
2.465000000000000000e+03 2.619000000000000000e+03
2.482000000000000000e+03 2.661000000000000000e+03
2.499000000000000000e+03 2.548000000000000000e+03
2.516000000000000000e+03 2.424000000000000000e+03
2.533000000000000000e+03 2.412000000000000000e+03
2.550000000000000000e+03 2.350000000000000000e+03
2.567000000000000000e+03 2.332000000000000000e+03
2.584000000000000000e+03 2.260000000000000000e+03
2.601000000000000000e+03 2.180000000000000000e+03
2.618000000000000000e+03 2.182000000000000000e+03
2.635000000000000000e+03 2.046000000000000000e+03
2.652000000000000000e+03 2.063000000000000000e+03
2.669000000000000000e+03 1.958000000000000000e+03
2.686000000000000000e+03 1.871000000000000000e+03
2.703000000000000000e+03 1.943000000000000000e+03
2.720000000000000000e+03 1.787000000000000000e+03
2.737000000000000000e+03 1.775000000000000000e+03
2.754000000000000000e+03 1.756000000000000000e+03
2.771000000000000000e+03 1.691000000000000000e+03
2.788000000000000000e+03 1.649000000000000000e+03
2.805000000000000000e+03 1.515000000000000000e+03
2.822000000000000000e+03 1.562000000000000000e+03
2.839000000000000000e+03 1.588000000000000000e+03
2.856000000000000000e+03 1.492000000000000000e+03
2.873000000000000000e+03 1.532000000000000000e+03
2.890000000000000000e+03 1.459000000000000000e+03
2.907000000000000000e+03 1.434000000000000000e+03
2.924000000000000000e+03 1.472000000000000000e+03
2.941000000000000000e+03 1.452000000000000000e+03
2.958000000000000000e+03 1.433000000000000000e+03
2.975000000000000000e+03 1.428000000000000000e+03
2.992000000000000000e+03 1.407000000000000000e+03
3.009000000000000000e+03 1.375000000000000000e+03
3.026000000000000000e+03 1.408000000000000000e+03
3.043000000000000000e+03 1.406000000000000000e+03
3.060000000000000000e+03 1.455000000000000000e+03
3.077000000000000000e+03 1.526000000000000000e+03
3.094000000000000000e+03 1.508000000000000000e+03
3.111000000000000000e+03 1.562000000000000000e+03
3.128000000000000000e+03 1.497000000000000000e+03
3.145000000000000000e+03 1.620000000000000000e+03
3.162000000000000000e+03 1.651000000000000000e+03
3.179000000000000000e+03 1.683000000000000000e+03
3.196000000000000000e+03 1.697000000000000000e+03
3.213000000000000000e+03 1.807000000000000000e+03
3.230000000000000000e+03 1.842000000000000000e+03
3.247000000000000000e+03 1.982000000000000000e+03
3.264000000000000000e+03 1.986000000000000000e+03
3.281000000000000000e+03 2.072000000000000000e+03
3.298000000000000000e+03 2.152000000000000000e+03
3.315000000000000000e+03 2.141000000000000000e+03
