0.000000000000000000e+00 4.907000000000000000e+03
5.000000000000000000e+03 4.846000000000000000e+03
1.000000000000000000e+04 4.921000000000000000e+03
1.500000000000000000e+04 5.157000000000000000e+03
2.000000000000000000e+04 5.084000000000000000e+03
2.500000000000000000e+04 5.212000000000000000e+03
3.000000000000000000e+04 5.427000000000000000e+03
3.500000000000000000e+04 5.473000000000000000e+03
4.000000000000000000e+04 5.589000000000000000e+03
4.500000000000000000e+04 5.699000000000000000e+03
5.000000000000000000e+04 5.561000000000000000e+03
5.500000000000000000e+04 5.778000000000000000e+03
6.000000000000000000e+04 5.747000000000000000e+03
6.500000000000000000e+04 5.659000000000000000e+03
7.000000000000000000e+04 5.663000000000000000e+03
7.500000000000000000e+04 5.721000000000000000e+03
8.000000000000000000e+04 5.750000000000000000e+03
8.500000000000000000e+04 5.765000000000000000e+03
9.000000000000000000e+04 5.869000000000000000e+03
9.500000000000000000e+04 5.887000000000000000e+03
1.000000000000000000e+05 5.975000000000000000e+03
1.050000000000000000e+05 5.752000000000000000e+03
1.100000000000000000e+05 5.838000000000000000e+03
1.150000000000000000e+05 5.675000000000000000e+03
1.200000000000000000e+05 5.861000000000000000e+03
1.250000000000000000e+05 5.800000000000000000e+03
1.300000000000000000e+05 5.838000000000000000e+03
1.350000000000000000e+05 5.616000000000000000e+03
1.400000000000000000e+05 5.584000000000000000e+03
1.450000000000000000e+05 5.539000000000000000e+03
1.500000000000000000e+05 5.544000000000000000e+03
1.550000000000000000e+05 5.553000000000000000e+03
1.600000000000000000e+05 5.401000000000000000e+03
1.650000000000000000e+05 5.306000000000000000e+03
1.700000000000000000e+05 5.281000000000000000e+03
1.750000000000000000e+05 5.169000000000000000e+03
1.800000000000000000e+05 5.054000000000000000e+03
1.850000000000000000e+05 4.940000000000000000e+03
1.900000000000000000e+05 4.975000000000000000e+03
1.950000000000000000e+05 4.660000000000000000e+03
2.000000000000000000e+05 4.579000000000000000e+03
2.050000000000000000e+05 4.482000000000000000e+03
2.100000000000000000e+05 4.389000000000000000e+03
2.150000000000000000e+05 4.192000000000000000e+03
2.200000000000000000e+05 4.090000000000000000e+03
2.250000000000000000e+05 3.807000000000000000e+03
2.300000000000000000e+05 3.738000000000000000e+03
2.350000000000000000e+05 3.671000000000000000e+03
2.400000000000000000e+05 3.349000000000000000e+03
2.450000000000000000e+05 3.255000000000000000e+03
2.500000000000000000e+05 3.031000000000000000e+03
2.550000000000000000e+05 2.898000000000000000e+03
2.600000000000000000e+05 2.702000000000000000e+03
2.650000000000000000e+05 2.571000000000000000e+03
2.700000000000000000e+05 2.293000000000000000e+03
2.750000000000000000e+05 2.273000000000000000e+03
2.800000000000000000e+05 2.080000000000000000e+03
2.850000000000000000e+05 2.031000000000000000e+03
2.900000000000000000e+05 1.885000000000000000e+03
2.950000000000000000e+05 1.743000000000000000e+03
3.000000000000000000e+05 1.606000000000000000e+03
3.050000000000000000e+05 1.573000000000000000e+03
3.100000000000000000e+05 1.412000000000000000e+03
3.150000000000000000e+05 1.397000000000000000e+03
3.200000000000000000e+05 1.321000000000000000e+03
3.250000000000000000e+05 1.263000000000000000e+03
3.300000000000000000e+05 1.221000000000000000e+03
3.350000000000000000e+05 1.165000000000000000e+03
3.400000000000000000e+05 1.180000000000000000e+03
3.450000000000000000e+05 1.190000000000000000e+03
3.500000000000000000e+05 1.125000000000000000e+03
3.550000000000000000e+05 1.209000000000000000e+03
3.600000000000000000e+05 1.235000000000000000e+03
3.650000000000000000e+05 1.237000000000000000e+03
3.700000000000000000e+05 1.273000000000000000e+03
3.750000000000000000e+05 1.434000000000000000e+03
3.800000000000000000e+05 1.406000000000000000e+03
3.850000000000000000e+05 1.494000000000000000e+03
3.900000000000000000e+05 1.544000000000000000e+03
3.950000000000000000e+05 1.723000000000000000e+03
4.000000000000000000e+05 1.765000000000000000e+03
4.050000000000000000e+05 1.975000000000000000e+03
4.100000000000000000e+05 2.078000000000000000e+03
4.150000000000000000e+05 2.113000000000000000e+03
4.200000000000000000e+05 2.337000000000000000e+03
4.250000000000000000e+05 2.486000000000000000e+03
4.300000000000000000e+05 2.662000000000000000e+03
4.350000000000000000e+05 2.909000000000000000e+03
4.400000000000000000e+05 3.068000000000000000e+03
4.450000000000000000e+05 3.198000000000000000e+03
4.500000000000000000e+05 3.243000000000000000e+03
4.550000000000000000e+05 3.564000000000000000e+03
4.600000000000000000e+05 3.636000000000000000e+03
4.650000000000000000e+05 3.861000000000000000e+03
4.700000000000000000e+05 3.994000000000000000e+03
4.750000000000000000e+05 4.217000000000000000e+03
4.800000000000000000e+05 4.312000000000000000e+03
4.850000000000000000e+05 4.296000000000000000e+03
4.900000000000000000e+05 4.548000000000000000e+03
4.950000000000000000e+05 4.736000000000000000e+03
5.000000000000000000e+05 4.798000000000000000e+03
5.050000000000000000e+05 4.876000000000000000e+03
5.100000000000000000e+05 5.166000000000000000e+03
5.150000000000000000e+05 5.106000000000000000e+03
5.200000000000000000e+05 5.043000000000000000e+03
5.250000000000000000e+05 5.283000000000000000e+03
5.300000000000000000e+05 5.182000000000000000e+03
5.350000000000000000e+05 5.539000000000000000e+03
5.400000000000000000e+05 5.426000000000000000e+03
5.450000000000000000e+05 5.543000000000000000e+03
5.500000000000000000e+05 5.687000000000000000e+03
5.550000000000000000e+05 5.576000000000000000e+03
5.600000000000000000e+05 5.513000000000000000e+03
5.650000000000000000e+05 5.827000000000000000e+03
5.700000000000000000e+05 5.794000000000000000e+03
5.750000000000000000e+05 5.801000000000000000e+03
5.800000000000000000e+05 5.745000000000000000e+03
5.850000000000000000e+05 5.812000000000000000e+03
5.900000000000000000e+05 5.854000000000000000e+03
5.950000000000000000e+05 5.801000000000000000e+03
6.000000000000000000e+05 5.739000000000000000e+03
6.050000000000000000e+05 5.781000000000000000e+03
6.100000000000000000e+05 5.758000000000000000e+03
6.150000000000000000e+05 5.688000000000000000e+03
6.200000000000000000e+05 5.550000000000000000e+03
6.250000000000000000e+05 5.832000000000000000e+03
6.300000000000000000e+05 5.553000000000000000e+03
6.350000000000000000e+05 5.682000000000000000e+03
6.400000000000000000e+05 5.481000000000000000e+03
6.450000000000000000e+05 5.504000000000000000e+03
6.500000000000000000e+05 5.585000000000000000e+03
6.550000000000000000e+05 5.315000000000000000e+03
6.600000000000000000e+05 5.390000000000000000e+03
6.650000000000000000e+05 5.307000000000000000e+03
6.700000000000000000e+05 5.267000000000000000e+03
6.750000000000000000e+05 5.190000000000000000e+03
6.800000000000000000e+05 5.063000000000000000e+03
6.850000000000000000e+05 4.950000000000000000e+03
6.900000000000000000e+05 4.839000000000000000e+03
6.950000000000000000e+05 4.666000000000000000e+03
7.000000000000000000e+05 4.666000000000000000e+03
7.050000000000000000e+05 4.562000000000000000e+03
7.100000000000000000e+05 4.243000000000000000e+03
7.150000000000000000e+05 4.285000000000000000e+03
7.200000000000000000e+05 4.019000000000000000e+03
7.250000000000000000e+05 3.859000000000000000e+03
7.300000000000000000e+05 3.699000000000000000e+03
7.350000000000000000e+05 3.536000000000000000e+03
7.400000000000000000e+05 3.354000000000000000e+03
7.450000000000000000e+05 3.290000000000000000e+03
7.500000000000000000e+05 3.127000000000000000e+03
7.550000000000000000e+05 2.962000000000000000e+03
7.600000000000000000e+05 2.793000000000000000e+03
7.650000000000000000e+05 2.592000000000000000e+03
7.700000000000000000e+05 2.431000000000000000e+03
7.750000000000000000e+05 2.343000000000000000e+03
7.800000000000000000e+05 2.124000000000000000e+03
7.850000000000000000e+05 2.048000000000000000e+03
7.900000000000000000e+05 1.877000000000000000e+03
7.950000000000000000e+05 1.751000000000000000e+03
8.000000000000000000e+05 1.575000000000000000e+03
8.050000000000000000e+05 1.500000000000000000e+03
8.100000000000000000e+05 1.489000000000000000e+03
8.150000000000000000e+05 1.357000000000000000e+03
8.200000000000000000e+05 1.290000000000000000e+03
8.250000000000000000e+05 1.253000000000000000e+03
8.300000000000000000e+05 1.212000000000000000e+03
8.350000000000000000e+05 1.250000000000000000e+03
8.400000000000000000e+05 1.172000000000000000e+03
8.450000000000000000e+05 1.152000000000000000e+03
8.500000000000000000e+05 1.116000000000000000e+03
8.550000000000000000e+05 1.107000000000000000e+03
8.600000000000000000e+05 1.115000000000000000e+03
8.650000000000000000e+05 1.246000000000000000e+03
8.700000000000000000e+05 1.323000000000000000e+03
8.750000000000000000e+05 1.353000000000000000e+03
8.800000000000000000e+05 1.436000000000000000e+03
8.850000000000000000e+05 1.486000000000000000e+03
8.900000000000000000e+05 1.652000000000000000e+03
8.950000000000000000e+05 1.767000000000000000e+03
9.000000000000000000e+05 1.714000000000000000e+03
9.050000000000000000e+05 1.893000000000000000e+03
9.100000000000000000e+05 2.104000000000000000e+03
9.150000000000000000e+05 2.160000000000000000e+03
9.200000000000000000e+05 2.346000000000000000e+03
9.250000000000000000e+05 2.482000000000000000e+03
9.300000000000000000e+05 2.617000000000000000e+03
9.350000000000000000e+05 2.852000000000000000e+03
9.400000000000000000e+05 3.016000000000000000e+03
9.450000000000000000e+05 3.044000000000000000e+03
9.500000000000000000e+05 3.306000000000000000e+03
9.550000000000000000e+05 3.416000000000000000e+03
9.600000000000000000e+05 3.771000000000000000e+03
9.650000000000000000e+05 3.790000000000000000e+03
9.700000000000000000e+05 3.937000000000000000e+03
9.750000000000000000e+05 4.125000000000000000e+03
9.800000000000000000e+05 4.223000000000000000e+03
9.850000000000000000e+05 4.400000000000000000e+03
9.900000000000000000e+05 4.619000000000000000e+03
9.950000000000000000e+05 4.713000000000000000e+03
