0.000000000000000000e+00 3.204000000000000000e+03
2.500000000000000000e+02 3.343000000000000000e+03
5.000000000000000000e+02 3.435000000000000000e+03
7.500000000000000000e+02 3.426000000000000000e+03
1.000000000000000000e+03 3.447000000000000000e+03
1.250000000000000000e+03 3.527000000000000000e+03
1.500000000000000000e+03 3.550000000000000000e+03
1.750000000000000000e+03 3.591000000000000000e+03
2.000000000000000000e+03 3.667000000000000000e+03
2.250000000000000000e+03 3.722000000000000000e+03
2.500000000000000000e+03 3.705000000000000000e+03
2.750000000000000000e+03 3.774000000000000000e+03
3.000000000000000000e+03 3.869000000000000000e+03
3.250000000000000000e+03 3.761000000000000000e+03
3.500000000000000000e+03 3.822000000000000000e+03
3.750000000000000000e+03 3.732000000000000000e+03
4.000000000000000000e+03 3.793000000000000000e+03
4.250000000000000000e+03 3.676000000000000000e+03
4.500000000000000000e+03 3.804000000000000000e+03
4.750000000000000000e+03 3.782000000000000000e+03
5.000000000000000000e+03 3.772000000000000000e+03
5.250000000000000000e+03 3.738000000000000000e+03
5.500000000000000000e+03 3.844000000000000000e+03
5.750000000000000000e+03 3.802000000000000000e+03
6.000000000000000000e+03 3.686000000000000000e+03
6.250000000000000000e+03 3.664000000000000000e+03
6.500000000000000000e+03 3.802000000000000000e+03
6.750000000000000000e+03 3.679000000000000000e+03
7.000000000000000000e+03 3.729000000000000000e+03
7.250000000000000000e+03 3.718000000000000000e+03
7.500000000000000000e+03 3.726000000000000000e+03
7.750000000000000000e+03 3.774000000000000000e+03
8.000000000000000000e+03 3.643000000000000000e+03
8.250000000000000000e+03 3.587000000000000000e+03
8.500000000000000000e+03 3.536000000000000000e+03
8.750000000000000000e+03 3.456000000000000000e+03
9.000000000000000000e+03 3.423000000000000000e+03
9.250000000000000000e+03 3.334000000000000000e+03
9.500000000000000000e+03 3.336000000000000000e+03
9.750000000000000000e+03 3.256000000000000000e+03
1.000000000000000000e+04 3.296000000000000000e+03
1.025000000000000000e+04 3.171000000000000000e+03
1.050000000000000000e+04 3.159000000000000000e+03
1.075000000000000000e+04 3.109000000000000000e+03
1.100000000000000000e+04 3.112000000000000000e+03
1.125000000000000000e+04 3.037000000000000000e+03
1.150000000000000000e+04 2.760000000000000000e+03
1.175000000000000000e+04 2.662000000000000000e+03
1.200000000000000000e+04 2.728000000000000000e+03
1.225000000000000000e+04 2.578000000000000000e+03
1.250000000000000000e+04 2.473000000000000000e+03
1.275000000000000000e+04 2.398000000000000000e+03
1.300000000000000000e+04 2.232000000000000000e+03
1.325000000000000000e+04 2.176000000000000000e+03
1.350000000000000000e+04 2.181000000000000000e+03
1.375000000000000000e+04 2.026000000000000000e+03
1.400000000000000000e+04 1.935000000000000000e+03
1.425000000000000000e+04 1.800000000000000000e+03
1.450000000000000000e+04 1.761000000000000000e+03
1.475000000000000000e+04 1.619000000000000000e+03
1.500000000000000000e+04 1.539000000000000000e+03
1.525000000000000000e+04 1.486000000000000000e+03
1.550000000000000000e+04 1.429000000000000000e+03
1.575000000000000000e+04 1.408000000000000000e+03
1.600000000000000000e+04 1.376000000000000000e+03
1.625000000000000000e+04 1.238000000000000000e+03
1.650000000000000000e+04 1.248000000000000000e+03
1.675000000000000000e+04 1.193000000000000000e+03
1.700000000000000000e+04 1.247000000000000000e+03
1.725000000000000000e+04 1.194000000000000000e+03
1.750000000000000000e+04 1.206000000000000000e+03
1.775000000000000000e+04 1.176000000000000000e+03
1.800000000000000000e+04 1.198000000000000000e+03
1.825000000000000000e+04 1.152000000000000000e+03
1.850000000000000000e+04 1.288000000000000000e+03
1.875000000000000000e+04 1.352000000000000000e+03
1.900000000000000000e+04 1.275000000000000000e+03
1.925000000000000000e+04 1.309000000000000000e+03
1.950000000000000000e+04 1.421000000000000000e+03
1.975000000000000000e+04 1.452000000000000000e+03
2.000000000000000000e+04 1.563000000000000000e+03
2.025000000000000000e+04 1.642000000000000000e+03
2.050000000000000000e+04 1.726000000000000000e+03
2.075000000000000000e+04 1.822000000000000000e+03
2.100000000000000000e+04 1.861000000000000000e+03
2.125000000000000000e+04 2.004000000000000000e+03
2.150000000000000000e+04 2.159000000000000000e+03
2.175000000000000000e+04 2.148000000000000000e+03
2.200000000000000000e+04 2.256000000000000000e+03
2.225000000000000000e+04 2.392000000000000000e+03
2.250000000000000000e+04 2.422000000000000000e+03
2.275000000000000000e+04 2.570000000000000000e+03
2.300000000000000000e+04 2.607000000000000000e+03
2.325000000000000000e+04 2.776000000000000000e+03
2.350000000000000000e+04 2.922000000000000000e+03
2.375000000000000000e+04 2.952000000000000000e+03
2.400000000000000000e+04 3.070000000000000000e+03
2.425000000000000000e+04 3.258000000000000000e+03
2.450000000000000000e+04 3.206000000000000000e+03
2.475000000000000000e+04 3.330000000000000000e+03
2.500000000000000000e+04 3.302000000000000000e+03
2.525000000000000000e+04 3.341000000000000000e+03
2.550000000000000000e+04 3.393000000000000000e+03
2.575000000000000000e+04 3.439000000000000000e+03
2.600000000000000000e+04 3.493000000000000000e+03
2.625000000000000000e+04 3.504000000000000000e+03
2.650000000000000000e+04 3.567000000000000000e+03
2.675000000000000000e+04 3.704000000000000000e+03
2.700000000000000000e+04 3.701000000000000000e+03
2.725000000000000000e+04 3.719000000000000000e+03
2.750000000000000000e+04 3.709000000000000000e+03
2.775000000000000000e+04 3.785000000000000000e+03
2.800000000000000000e+04 3.747000000000000000e+03
2.825000000000000000e+04 3.722000000000000000e+03
2.850000000000000000e+04 3.721000000000000000e+03
2.875000000000000000e+04 3.838000000000000000e+03
2.900000000000000000e+04 3.758000000000000000e+03
2.925000000000000000e+04 3.676000000000000000e+03
2.950000000000000000e+04 3.787000000000000000e+03
2.975000000000000000e+04 3.859000000000000000e+03
3.000000000000000000e+04 3.766000000000000000e+03
3.025000000000000000e+04 3.717000000000000000e+03
3.050000000000000000e+04 3.732000000000000000e+03
3.075000000000000000e+04 3.758000000000000000e+03
3.100000000000000000e+04 3.831000000000000000e+03
3.125000000000000000e+04 3.765000000000000000e+03
3.150000000000000000e+04 3.843000000000000000e+03
3.175000000000000000e+04 3.740000000000000000e+03
3.200000000000000000e+04 3.559000000000000000e+03
3.225000000000000000e+04 3.743000000000000000e+03
3.250000000000000000e+04 3.650000000000000000e+03
3.275000000000000000e+04 3.644000000000000000e+03
3.300000000000000000e+04 3.633000000000000000e+03
3.325000000000000000e+04 3.606000000000000000e+03
3.350000000000000000e+04 3.546000000000000000e+03
3.375000000000000000e+04 3.496000000000000000e+03
3.400000000000000000e+04 3.481000000000000000e+03
3.425000000000000000e+04 3.373000000000000000e+03
3.450000000000000000e+04 3.370000000000000000e+03
3.475000000000000000e+04 3.294000000000000000e+03
3.500000000000000000e+04 3.353000000000000000e+03
3.525000000000000000e+04 3.194000000000000000e+03
3.550000000000000000e+04 2.975000000000000000e+03
3.575000000000000000e+04 3.028000000000000000e+03
3.600000000000000000e+04 2.915000000000000000e+03
3.625000000000000000e+04 2.858000000000000000e+03
3.650000000000000000e+04 2.784000000000000000e+03
3.675000000000000000e+04 2.696000000000000000e+03
3.700000000000000000e+04 2.567000000000000000e+03
3.725000000000000000e+04 2.568000000000000000e+03
3.750000000000000000e+04 2.490000000000000000e+03
3.775000000000000000e+04 2.349000000000000000e+03
3.800000000000000000e+04 2.237000000000000000e+03
3.825000000000000000e+04 2.242000000000000000e+03
3.850000000000000000e+04 2.118000000000000000e+03
3.875000000000000000e+04 1.980000000000000000e+03
3.900000000000000000e+04 1.902000000000000000e+03
3.925000000000000000e+04 1.803000000000000000e+03
3.950000000000000000e+04 1.757000000000000000e+03
3.975000000000000000e+04 1.665000000000000000e+03
4.000000000000000000e+04 1.633000000000000000e+03
4.025000000000000000e+04 1.584000000000000000e+03
4.050000000000000000e+04 1.464000000000000000e+03
4.075000000000000000e+04 1.354000000000000000e+03
4.100000000000000000e+04 1.347000000000000000e+03
4.125000000000000000e+04 1.291000000000000000e+03
4.150000000000000000e+04 1.232000000000000000e+03
4.175000000000000000e+04 1.240000000000000000e+03
4.200000000000000000e+04 1.216000000000000000e+03
4.225000000000000000e+04 1.270000000000000000e+03
4.250000000000000000e+04 1.230000000000000000e+03
4.275000000000000000e+04 1.189000000000000000e+03
4.300000000000000000e+04 1.165000000000000000e+03
4.325000000000000000e+04 1.215000000000000000e+03
4.350000000000000000e+04 1.250000000000000000e+03
4.375000000000000000e+04 1.308000000000000000e+03
4.400000000000000000e+04 1.312000000000000000e+03
4.425000000000000000e+04 1.355000000000000000e+03
4.450000000000000000e+04 1.399000000000000000e+03
4.475000000000000000e+04 1.398000000000000000e+03
4.500000000000000000e+04 1.524000000000000000e+03
4.525000000000000000e+04 1.673000000000000000e+03
4.550000000000000000e+04 1.699000000000000000e+03
4.575000000000000000e+04 1.809000000000000000e+03
4.600000000000000000e+04 1.875000000000000000e+03
4.625000000000000000e+04 2.054000000000000000e+03
4.650000000000000000e+04 2.142000000000000000e+03
4.675000000000000000e+04 2.144000000000000000e+03
4.700000000000000000e+04 2.300000000000000000e+03
4.725000000000000000e+04 2.461000000000000000e+03
4.750000000000000000e+04 2.437000000000000000e+03
4.775000000000000000e+04 2.534000000000000000e+03
4.800000000000000000e+04 2.837000000000000000e+03
4.825000000000000000e+04 2.858000000000000000e+03
4.850000000000000000e+04 2.804000000000000000e+03
4.875000000000000000e+04 2.907000000000000000e+03
4.900000000000000000e+04 3.066000000000000000e+03
4.925000000000000000e+04 3.174000000000000000e+03
4.950000000000000000e+04 3.096000000000000000e+03
4.975000000000000000e+04 3.232000000000000000e+03
