0.000000000000000000e+00 2.600000000000000000e+03
3.300000000000000000e+01 2.752000000000000000e+03
6.600000000000000000e+01 2.691000000000000000e+03
9.900000000000000000e+01 2.839000000000000000e+03
1.320000000000000000e+02 2.812000000000000000e+03
1.650000000000000000e+02 2.911000000000000000e+03
1.980000000000000000e+02 2.972000000000000000e+03
2.310000000000000000e+02 3.071000000000000000e+03
2.640000000000000000e+02 3.034000000000000000e+03
2.970000000000000000e+02 2.978000000000000000e+03
3.300000000000000000e+02 3.169000000000000000e+03
3.630000000000000000e+02 3.141000000000000000e+03
3.960000000000000000e+02 3.196000000000000000e+03
4.290000000000000000e+02 3.179000000000000000e+03
4.620000000000000000e+02 3.339000000000000000e+03
4.950000000000000000e+02 3.289000000000000000e+03
5.280000000000000000e+02 3.387000000000000000e+03
5.610000000000000000e+02 3.157000000000000000e+03
5.940000000000000000e+02 3.369000000000000000e+03
6.270000000000000000e+02 3.446000000000000000e+03
6.600000000000000000e+02 3.324000000000000000e+03
6.930000000000000000e+02 3.350000000000000000e+03
7.260000000000000000e+02 3.390000000000000000e+03
7.590000000000000000e+02 3.248000000000000000e+03
7.920000000000000000e+02 3.465000000000000000e+03
8.250000000000000000e+02 3.237000000000000000e+03
8.580000000000000000e+02 3.356000000000000000e+03
8.910000000000000000e+02 3.400000000000000000e+03
9.240000000000000000e+02 3.327000000000000000e+03
9.570000000000000000e+02 3.319000000000000000e+03
9.900000000000000000e+02 3.281000000000000000e+03
1.023000000000000000e+03 3.416000000000000000e+03
1.056000000000000000e+03 3.317000000000000000e+03
1.089000000000000000e+03 3.281000000000000000e+03
1.122000000000000000e+03 3.270000000000000000e+03
1.155000000000000000e+03 3.197000000000000000e+03
1.188000000000000000e+03 3.113000000000000000e+03
1.221000000000000000e+03 3.082000000000000000e+03
1.254000000000000000e+03 3.282000000000000000e+03
1.287000000000000000e+03 3.080000000000000000e+03
1.320000000000000000e+03 3.030000000000000000e+03
1.353000000000000000e+03 3.006000000000000000e+03
1.386000000000000000e+03 2.917000000000000000e+03
1.419000000000000000e+03 2.858000000000000000e+03
1.452000000000000000e+03 2.931000000000000000e+03
1.485000000000000000e+03 2.783000000000000000e+03
1.518000000000000000e+03 2.767000000000000000e+03
1.551000000000000000e+03 2.672000000000000000e+03
1.584000000000000000e+03 2.698000000000000000e+03
1.617000000000000000e+03 2.581000000000000000e+03
1.650000000000000000e+03 2.532000000000000000e+03
1.683000000000000000e+03 2.457000000000000000e+03
1.716000000000000000e+03 2.313000000000000000e+03
1.749000000000000000e+03 2.347000000000000000e+03
1.782000000000000000e+03 2.200000000000000000e+03
1.815000000000000000e+03 2.156000000000000000e+03
1.848000000000000000e+03 2.093000000000000000e+03
1.881000000000000000e+03 1.975000000000000000e+03
1.914000000000000000e+03 2.030000000000000000e+03
1.947000000000000000e+03 1.907000000000000000e+03
1.980000000000000000e+03 1.887000000000000000e+03
2.013000000000000000e+03 1.803000000000000000e+03
2.046000000000000000e+03 1.724000000000000000e+03
2.079000000000000000e+03 1.683000000000000000e+03
2.112000000000000000e+03 1.575000000000000000e+03
2.145000000000000000e+03 1.505000000000000000e+03
2.178000000000000000e+03 1.486000000000000000e+03
2.211000000000000000e+03 1.537000000000000000e+03
2.244000000000000000e+03 1.445000000000000000e+03
2.277000000000000000e+03 1.377000000000000000e+03
2.310000000000000000e+03 1.332000000000000000e+03
2.343000000000000000e+03 1.330000000000000000e+03
2.376000000000000000e+03 1.330000000000000000e+03
2.409000000000000000e+03 1.216000000000000000e+03
2.442000000000000000e+03 1.246000000000000000e+03
2.475000000000000000e+03 1.259000000000000000e+03
2.508000000000000000e+03 1.234000000000000000e+03
2.541000000000000000e+03 1.236000000000000000e+03
2.574000000000000000e+03 1.230000000000000000e+03
2.607000000000000000e+03 1.303000000000000000e+03
2.640000000000000000e+03 1.320000000000000000e+03
2.673000000000000000e+03 1.293000000000000000e+03
2.706000000000000000e+03 1.360000000000000000e+03
2.739000000000000000e+03 1.362000000000000000e+03
2.772000000000000000e+03 1.472000000000000000e+03
2.805000000000000000e+03 1.480000000000000000e+03
2.838000000000000000e+03 1.544000000000000000e+03
2.871000000000000000e+03 1.544000000000000000e+03
2.904000000000000000e+03 1.617000000000000000e+03
2.937000000000000000e+03 1.552000000000000000e+03
2.970000000000000000e+03 1.688000000000000000e+03
3.003000000000000000e+03 1.772000000000000000e+03
3.036000000000000000e+03 1.918000000000000000e+03
3.069000000000000000e+03 1.997000000000000000e+03
3.102000000000000000e+03 2.109000000000000000e+03
3.135000000000000000e+03 2.104000000000000000e+03
3.168000000000000000e+03 2.243000000000000000e+03
3.201000000000000000e+03 2.209000000000000000e+03
3.234000000000000000e+03 2.443000000000000000e+03
3.267000000000000000e+03 2.384000000000000000e+03
3.300000000000000000e+03 2.548000000000000000e+03
3.333000000000000000e+03 2.640000000000000000e+03
3.366000000000000000e+03 2.705000000000000000e+03
3.399000000000000000e+03 2.819000000000000000e+03
3.432000000000000000e+03 2.750000000000000000e+03
3.465000000000000000e+03 2.908000000000000000e+03
3.498000000000000000e+03 2.942000000000000000e+03
3.531000000000000000e+03 3.005000000000000000e+03
3.564000000000000000e+03 2.900000000000000000e+03
3.597000000000000000e+03 3.129000000000000000e+03
3.630000000000000000e+03 3.129000000000000000e+03
3.663000000000000000e+03 3.082000000000000000e+03
3.696000000000000000e+03 3.144000000000000000e+03
3.729000000000000000e+03 3.201000000000000000e+03
3.762000000000000000e+03 3.225000000000000000e+03
3.795000000000000000e+03 3.255000000000000000e+03
3.828000000000000000e+03 3.203000000000000000e+03
3.861000000000000000e+03 3.294000000000000000e+03
3.894000000000000000e+03 3.279000000000000000e+03
3.927000000000000000e+03 3.466000000000000000e+03
3.960000000000000000e+03 3.197000000000000000e+03
3.993000000000000000e+03 3.446000000000000000e+03
4.026000000000000000e+03 3.366000000000000000e+03
4.059000000000000000e+03 3.360000000000000000e+03
4.092000000000000000e+03 3.463000000000000000e+03
4.125000000000000000e+03 3.432000000000000000e+03
4.158000000000000000e+03 3.297000000000000000e+03
4.191000000000000000e+03 3.414000000000000000e+03
4.224000000000000000e+03 3.419000000000000000e+03
4.257000000000000000e+03 3.298000000000000000e+03
4.290000000000000000e+03 3.355000000000000000e+03
4.323000000000000000e+03 3.238000000000000000e+03
4.356000000000000000e+03 3.198000000000000000e+03
4.389000000000000000e+03 3.186000000000000000e+03
4.422000000000000000e+03 3.288000000000000000e+03
4.455000000000000000e+03 3.207000000000000000e+03
4.488000000000000000e+03 3.243000000000000000e+03
4.521000000000000000e+03 3.080000000000000000e+03
4.554000000000000000e+03 3.184000000000000000e+03
4.587000000000000000e+03 3.177000000000000000e+03
4.620000000000000000e+03 3.052000000000000000e+03
4.653000000000000000e+03 3.053000000000000000e+03
4.686000000000000000e+03 2.932000000000000000e+03
4.719000000000000000e+03 2.853000000000000000e+03
4.752000000000000000e+03 2.863000000000000000e+03
4.785000000000000000e+03 2.830000000000000000e+03
4.818000000000000000e+03 2.865000000000000000e+03
4.851000000000000000e+03 2.758000000000000000e+03
4.884000000000000000e+03 2.682000000000000000e+03
4.917000000000000000e+03 2.571000000000000000e+03
4.950000000000000000e+03 2.573000000000000000e+03
4.983000000000000000e+03 2.507000000000000000e+03
5.016000000000000000e+03 2.513000000000000000e+03
5.049000000000000000e+03 2.421000000000000000e+03
5.082000000000000000e+03 2.334000000000000000e+03
5.115000000000000000e+03 2.283000000000000000e+03
5.148000000000000000e+03 2.214000000000000000e+03
5.181000000000000000e+03 2.056000000000000000e+03
5.214000000000000000e+03 2.043000000000000000e+03
5.247000000000000000e+03 1.977000000000000000e+03
5.280000000000000000e+03 1.870000000000000000e+03
5.313000000000000000e+03 1.751000000000000000e+03
5.346000000000000000e+03 1.756000000000000000e+03
5.379000000000000000e+03 1.698000000000000000e+03
5.412000000000000000e+03 1.645000000000000000e+03
5.445000000000000000e+03 1.635000000000000000e+03
5.478000000000000000e+03 1.482000000000000000e+03
5.511000000000000000e+03 1.478000000000000000e+03
5.544000000000000000e+03 1.503000000000000000e+03
5.577000000000000000e+03 1.385000000000000000e+03
5.610000000000000000e+03 1.330000000000000000e+03
5.643000000000000000e+03 1.313000000000000000e+03
5.676000000000000000e+03 1.313000000000000000e+03
5.709000000000000000e+03 1.307000000000000000e+03
5.742000000000000000e+03 1.330000000000000000e+03
5.775000000000000000e+03 1.277000000000000000e+03
5.808000000000000000e+03 1.250000000000000000e+03
5.841000000000000000e+03 1.197000000000000000e+03
5.874000000000000000e+03 1.220000000000000000e+03
5.907000000000000000e+03 1.287000000000000000e+03
5.940000000000000000e+03 1.273000000000000000e+03
5.973000000000000000e+03 1.302000000000000000e+03
6.006000000000000000e+03 1.334000000000000000e+03
6.039000000000000000e+03 1.319000000000000000e+03
6.072000000000000000e+03 1.272000000000000000e+03
6.105000000000000000e+03 1.345000000000000000e+03
6.138000000000000000e+03 1.397000000000000000e+03
6.171000000000000000e+03 1.509000000000000000e+03
6.204000000000000000e+03 1.522000000000000000e+03
6.237000000000000000e+03 1.689000000000000000e+03
6.270000000000000000e+03 1.721000000000000000e+03
6.303000000000000000e+03 1.777000000000000000e+03
6.336000000000000000e+03 1.807000000000000000e+03
6.369000000000000000e+03 1.881000000000000000e+03
6.402000000000000000e+03 2.005000000000000000e+03
6.435000000000000000e+03 2.054000000000000000e+03
6.468000000000000000e+03 2.214000000000000000e+03
6.501000000000000000e+03 2.202000000000000000e+03
6.534000000000000000e+03 2.258000000000000000e+03
6.567000000000000000e+03 2.519000000000000000e+03
6.600000000000000000e+03 2.342000000000000000e+03
6.633000000000000000e+03 2.534000000000000000e+03
