0.000000000000000000e+00 2.615000000000000000e+03
2.500000000000000000e+01 2.696000000000000000e+03
5.000000000000000000e+01 2.695000000000000000e+03
7.500000000000000000e+01 2.750000000000000000e+03
1.000000000000000000e+02 2.845000000000000000e+03
1.250000000000000000e+02 2.872000000000000000e+03
1.500000000000000000e+02 2.938000000000000000e+03
1.750000000000000000e+02 2.901000000000000000e+03
2.000000000000000000e+02 3.083000000000000000e+03
2.250000000000000000e+02 3.036000000000000000e+03
2.500000000000000000e+02 3.104000000000000000e+03
2.750000000000000000e+02 3.218000000000000000e+03
3.000000000000000000e+02 3.151000000000000000e+03
3.250000000000000000e+02 3.196000000000000000e+03
3.500000000000000000e+02 3.261000000000000000e+03
3.750000000000000000e+02 3.214000000000000000e+03
4.000000000000000000e+02 3.262000000000000000e+03
4.250000000000000000e+02 3.429000000000000000e+03
4.500000000000000000e+02 3.328000000000000000e+03
4.750000000000000000e+02 3.367000000000000000e+03
5.000000000000000000e+02 3.395000000000000000e+03
5.250000000000000000e+02 3.316000000000000000e+03
5.500000000000000000e+02 3.321000000000000000e+03
5.750000000000000000e+02 3.348000000000000000e+03
6.000000000000000000e+02 3.362000000000000000e+03
6.250000000000000000e+02 3.259000000000000000e+03
6.500000000000000000e+02 3.416000000000000000e+03
6.750000000000000000e+02 3.325000000000000000e+03
7.000000000000000000e+02 3.322000000000000000e+03
7.250000000000000000e+02 3.340000000000000000e+03
7.500000000000000000e+02 3.389000000000000000e+03
7.750000000000000000e+02 3.418000000000000000e+03
8.000000000000000000e+02 3.317000000000000000e+03
8.250000000000000000e+02 3.353000000000000000e+03
8.500000000000000000e+02 3.257000000000000000e+03
8.750000000000000000e+02 3.150000000000000000e+03
9.000000000000000000e+02 3.359000000000000000e+03
9.250000000000000000e+02 3.170000000000000000e+03
9.500000000000000000e+02 3.187000000000000000e+03
9.750000000000000000e+02 3.065000000000000000e+03
1.000000000000000000e+03 3.096000000000000000e+03
1.025000000000000000e+03 2.952000000000000000e+03
1.050000000000000000e+03 3.021000000000000000e+03
1.075000000000000000e+03 2.888000000000000000e+03
1.100000000000000000e+03 2.953000000000000000e+03
1.125000000000000000e+03 2.820000000000000000e+03
1.150000000000000000e+03 2.814000000000000000e+03
1.175000000000000000e+03 2.643000000000000000e+03
1.200000000000000000e+03 2.654000000000000000e+03
1.225000000000000000e+03 2.553000000000000000e+03
1.250000000000000000e+03 2.526000000000000000e+03
1.275000000000000000e+03 2.563000000000000000e+03
1.300000000000000000e+03 2.380000000000000000e+03
1.325000000000000000e+03 2.328000000000000000e+03
1.350000000000000000e+03 2.343000000000000000e+03
1.375000000000000000e+03 2.180000000000000000e+03
1.400000000000000000e+03 2.117000000000000000e+03
1.425000000000000000e+03 2.040000000000000000e+03
1.450000000000000000e+03 2.047000000000000000e+03
1.475000000000000000e+03 1.907000000000000000e+03
1.500000000000000000e+03 1.827000000000000000e+03
1.525000000000000000e+03 1.794000000000000000e+03
1.550000000000000000e+03 1.699000000000000000e+03
1.575000000000000000e+03 1.763000000000000000e+03
1.600000000000000000e+03 1.595000000000000000e+03
1.625000000000000000e+03 1.629000000000000000e+03
1.650000000000000000e+03 1.654000000000000000e+03
1.675000000000000000e+03 1.469000000000000000e+03
1.700000000000000000e+03 1.514000000000000000e+03
1.725000000000000000e+03 1.483000000000000000e+03
1.750000000000000000e+03 1.487000000000000000e+03
1.775000000000000000e+03 1.432000000000000000e+03
1.800000000000000000e+03 1.369000000000000000e+03
1.825000000000000000e+03 1.400000000000000000e+03
1.850000000000000000e+03 1.434000000000000000e+03
1.875000000000000000e+03 1.352000000000000000e+03
1.900000000000000000e+03 1.313000000000000000e+03
1.925000000000000000e+03 1.394000000000000000e+03
1.950000000000000000e+03 1.332000000000000000e+03
1.975000000000000000e+03 1.379000000000000000e+03
2.000000000000000000e+03 1.322000000000000000e+03
2.025000000000000000e+03 1.402000000000000000e+03
2.050000000000000000e+03 1.417000000000000000e+03
2.075000000000000000e+03 1.443000000000000000e+03
2.100000000000000000e+03 1.508000000000000000e+03
2.125000000000000000e+03 1.532000000000000000e+03
2.150000000000000000e+03 1.472000000000000000e+03
2.175000000000000000e+03 1.523000000000000000e+03
2.200000000000000000e+03 1.664000000000000000e+03
2.225000000000000000e+03 1.736000000000000000e+03
2.250000000000000000e+03 1.838000000000000000e+03
2.275000000000000000e+03 1.876000000000000000e+03
2.300000000000000000e+03 1.961000000000000000e+03
2.325000000000000000e+03 1.999000000000000000e+03
2.350000000000000000e+03 2.094000000000000000e+03
2.375000000000000000e+03 2.183000000000000000e+03
2.400000000000000000e+03 2.229000000000000000e+03
2.425000000000000000e+03 2.390000000000000000e+03
2.450000000000000000e+03 2.364000000000000000e+03
2.475000000000000000e+03 2.607000000000000000e+03
2.500000000000000000e+03 2.551000000000000000e+03
2.525000000000000000e+03 2.762000000000000000e+03
2.550000000000000000e+03 2.570000000000000000e+03
2.575000000000000000e+03 2.832000000000000000e+03
2.600000000000000000e+03 2.905000000000000000e+03
2.625000000000000000e+03 2.916000000000000000e+03
2.650000000000000000e+03 2.857000000000000000e+03
2.675000000000000000e+03 2.953000000000000000e+03
2.700000000000000000e+03 3.173000000000000000e+03
2.725000000000000000e+03 3.217000000000000000e+03
2.750000000000000000e+03 3.220000000000000000e+03
2.775000000000000000e+03 3.140000000000000000e+03
2.800000000000000000e+03 3.162000000000000000e+03
2.825000000000000000e+03 3.188000000000000000e+03
2.850000000000000000e+03 3.271000000000000000e+03
2.875000000000000000e+03 3.182000000000000000e+03
2.900000000000000000e+03 3.207000000000000000e+03
2.925000000000000000e+03 3.268000000000000000e+03
2.950000000000000000e+03 3.343000000000000000e+03
2.975000000000000000e+03 3.291000000000000000e+03
3.000000000000000000e+03 3.354000000000000000e+03
3.025000000000000000e+03 3.418000000000000000e+03
3.050000000000000000e+03 3.377000000000000000e+03
3.075000000000000000e+03 3.335000000000000000e+03
3.100000000000000000e+03 3.300000000000000000e+03
3.125000000000000000e+03 3.388000000000000000e+03
3.150000000000000000e+03 3.343000000000000000e+03
3.175000000000000000e+03 3.257000000000000000e+03
3.200000000000000000e+03 3.228000000000000000e+03
3.225000000000000000e+03 3.477000000000000000e+03
3.250000000000000000e+03 3.354000000000000000e+03
3.275000000000000000e+03 3.373000000000000000e+03
3.300000000000000000e+03 3.272000000000000000e+03
3.325000000000000000e+03 3.304000000000000000e+03
3.350000000000000000e+03 3.302000000000000000e+03
3.375000000000000000e+03 3.278000000000000000e+03
3.400000000000000000e+03 3.206000000000000000e+03
3.425000000000000000e+03 3.113000000000000000e+03
3.450000000000000000e+03 3.042000000000000000e+03
3.475000000000000000e+03 3.060000000000000000e+03
3.500000000000000000e+03 2.957000000000000000e+03
3.525000000000000000e+03 3.003000000000000000e+03
3.550000000000000000e+03 3.084000000000000000e+03
3.575000000000000000e+03 3.026000000000000000e+03
3.600000000000000000e+03 2.912000000000000000e+03
3.625000000000000000e+03 2.939000000000000000e+03
3.650000000000000000e+03 2.805000000000000000e+03
3.675000000000000000e+03 2.808000000000000000e+03
3.700000000000000000e+03 2.590000000000000000e+03
3.725000000000000000e+03 2.505000000000000000e+03
3.750000000000000000e+03 2.638000000000000000e+03
3.775000000000000000e+03 2.459000000000000000e+03
3.800000000000000000e+03 2.345000000000000000e+03
3.825000000000000000e+03 2.276000000000000000e+03
3.850000000000000000e+03 2.260000000000000000e+03
3.875000000000000000e+03 2.226000000000000000e+03
3.900000000000000000e+03 2.106000000000000000e+03
3.925000000000000000e+03 2.047000000000000000e+03
3.950000000000000000e+03 2.027000000000000000e+03
3.975000000000000000e+03 1.931000000000000000e+03
4.000000000000000000e+03 1.861000000000000000e+03
4.025000000000000000e+03 1.870000000000000000e+03
4.050000000000000000e+03 1.738000000000000000e+03
4.075000000000000000e+03 1.715000000000000000e+03
4.100000000000000000e+03 1.645000000000000000e+03
4.125000000000000000e+03 1.656000000000000000e+03
4.150000000000000000e+03 1.676000000000000000e+03
4.175000000000000000e+03 1.469000000000000000e+03
4.200000000000000000e+03 1.568000000000000000e+03
4.225000000000000000e+03 1.503000000000000000e+03
4.250000000000000000e+03 1.423000000000000000e+03
4.275000000000000000e+03 1.360000000000000000e+03
4.300000000000000000e+03 1.443000000000000000e+03
4.325000000000000000e+03 1.339000000000000000e+03
4.350000000000000000e+03 1.441000000000000000e+03
4.375000000000000000e+03 1.310000000000000000e+03
4.400000000000000000e+03 1.373000000000000000e+03
4.425000000000000000e+03 1.406000000000000000e+03
4.450000000000000000e+03 1.310000000000000000e+03
4.475000000000000000e+03 1.338000000000000000e+03
4.500000000000000000e+03 1.297000000000000000e+03
4.525000000000000000e+03 1.361000000000000000e+03
4.550000000000000000e+03 1.442000000000000000e+03
4.575000000000000000e+03 1.398000000000000000e+03
4.600000000000000000e+03 1.542000000000000000e+03
4.625000000000000000e+03 1.541000000000000000e+03
4.650000000000000000e+03 1.575000000000000000e+03
4.675000000000000000e+03 1.639000000000000000e+03
4.700000000000000000e+03 1.626000000000000000e+03
4.725000000000000000e+03 1.726000000000000000e+03
4.750000000000000000e+03 1.886000000000000000e+03
4.775000000000000000e+03 1.962000000000000000e+03
4.800000000000000000e+03 2.023000000000000000e+03
4.825000000000000000e+03 2.068000000000000000e+03
4.850000000000000000e+03 2.158000000000000000e+03
4.875000000000000000e+03 2.190000000000000000e+03
4.900000000000000000e+03 2.279000000000000000e+03
4.925000000000000000e+03 2.317000000000000000e+03
4.950000000000000000e+03 2.414000000000000000e+03
4.975000000000000000e+03 2.424000000000000000e+03
