0.000000000000000000e+00 3.104000000000000000e+03
1.000000000000000000e+02 3.202000000000000000e+03
2.000000000000000000e+02 3.265000000000000000e+03
3.000000000000000000e+02 3.283000000000000000e+03
4.000000000000000000e+02 3.355000000000000000e+03
5.000000000000000000e+02 3.345000000000000000e+03
6.000000000000000000e+02 3.449000000000000000e+03
7.000000000000000000e+02 3.473000000000000000e+03
8.000000000000000000e+02 3.597000000000000000e+03
9.000000000000000000e+02 3.512000000000000000e+03
1.000000000000000000e+03 3.677000000000000000e+03
1.100000000000000000e+03 3.557000000000000000e+03
1.200000000000000000e+03 3.583000000000000000e+03
1.300000000000000000e+03 3.654000000000000000e+03
1.400000000000000000e+03 3.644000000000000000e+03
1.500000000000000000e+03 3.555000000000000000e+03
1.600000000000000000e+03 3.650000000000000000e+03
1.700000000000000000e+03 3.710000000000000000e+03
1.800000000000000000e+03 3.670000000000000000e+03
1.900000000000000000e+03 3.667000000000000000e+03
2.000000000000000000e+03 3.654000000000000000e+03
2.100000000000000000e+03 3.650000000000000000e+03
2.200000000000000000e+03 3.669000000000000000e+03
2.300000000000000000e+03 3.745000000000000000e+03
2.400000000000000000e+03 3.682000000000000000e+03
2.500000000000000000e+03 3.601000000000000000e+03
2.600000000000000000e+03 3.571000000000000000e+03
2.700000000000000000e+03 3.613000000000000000e+03
2.800000000000000000e+03 3.482000000000000000e+03
2.900000000000000000e+03 3.610000000000000000e+03
3.000000000000000000e+03 3.522000000000000000e+03
3.100000000000000000e+03 3.579000000000000000e+03
3.200000000000000000e+03 3.347000000000000000e+03
3.300000000000000000e+03 3.501000000000000000e+03
3.400000000000000000e+03 3.321000000000000000e+03
3.500000000000000000e+03 3.307000000000000000e+03
3.600000000000000000e+03 3.418000000000000000e+03
3.700000000000000000e+03 3.354000000000000000e+03
3.800000000000000000e+03 3.159000000000000000e+03
3.900000000000000000e+03 3.294000000000000000e+03
4.000000000000000000e+03 3.003000000000000000e+03
4.100000000000000000e+03 3.163000000000000000e+03
4.200000000000000000e+03 3.022000000000000000e+03
4.300000000000000000e+03 3.103000000000000000e+03
4.400000000000000000e+03 2.856000000000000000e+03
4.500000000000000000e+03 2.760000000000000000e+03
4.600000000000000000e+03 2.752000000000000000e+03
4.700000000000000000e+03 2.734000000000000000e+03
4.800000000000000000e+03 2.519000000000000000e+03
4.900000000000000000e+03 2.537000000000000000e+03
5.000000000000000000e+03 2.427000000000000000e+03
5.100000000000000000e+03 2.351000000000000000e+03
5.200000000000000000e+03 2.330000000000000000e+03
5.300000000000000000e+03 2.191000000000000000e+03
5.400000000000000000e+03 2.083000000000000000e+03
5.500000000000000000e+03 1.992000000000000000e+03
5.600000000000000000e+03 1.908000000000000000e+03
5.700000000000000000e+03 1.885000000000000000e+03
5.800000000000000000e+03 1.834000000000000000e+03
5.900000000000000000e+03 1.661000000000000000e+03
6.000000000000000000e+03 1.583000000000000000e+03
6.100000000000000000e+03 1.607000000000000000e+03
6.200000000000000000e+03 1.522000000000000000e+03
6.300000000000000000e+03 1.466000000000000000e+03
6.400000000000000000e+03 1.427000000000000000e+03
6.500000000000000000e+03 1.396000000000000000e+03
6.600000000000000000e+03 1.404000000000000000e+03
6.700000000000000000e+03 1.198000000000000000e+03
6.800000000000000000e+03 1.267000000000000000e+03
6.900000000000000000e+03 1.191000000000000000e+03
7.000000000000000000e+03 1.240000000000000000e+03
7.100000000000000000e+03 1.167000000000000000e+03
7.200000000000000000e+03 1.188000000000000000e+03
7.300000000000000000e+03 1.148000000000000000e+03
7.400000000000000000e+03 1.185000000000000000e+03
7.500000000000000000e+03 1.195000000000000000e+03
7.600000000000000000e+03 1.229000000000000000e+03
7.700000000000000000e+03 1.258000000000000000e+03
7.800000000000000000e+03 1.351000000000000000e+03
7.900000000000000000e+03 1.374000000000000000e+03
8.000000000000000000e+03 1.387000000000000000e+03
8.100000000000000000e+03 1.424000000000000000e+03
8.200000000000000000e+03 1.609000000000000000e+03
8.300000000000000000e+03 1.576000000000000000e+03
8.400000000000000000e+03 1.739000000000000000e+03
8.500000000000000000e+03 1.798000000000000000e+03
8.600000000000000000e+03 1.943000000000000000e+03
8.700000000000000000e+03 2.064000000000000000e+03
8.800000000000000000e+03 2.085000000000000000e+03
8.900000000000000000e+03 2.167000000000000000e+03
9.000000000000000000e+03 2.265000000000000000e+03
9.100000000000000000e+03 2.309000000000000000e+03
9.200000000000000000e+03 2.501000000000000000e+03
9.300000000000000000e+03 2.597000000000000000e+03
9.400000000000000000e+03 2.678000000000000000e+03
9.500000000000000000e+03 2.701000000000000000e+03
9.600000000000000000e+03 2.759000000000000000e+03
9.700000000000000000e+03 2.896000000000000000e+03
9.800000000000000000e+03 2.984000000000000000e+03
9.900000000000000000e+03 3.102000000000000000e+03
1.000000000000000000e+04 3.101000000000000000e+03
1.010000000000000000e+04 3.283000000000000000e+03
1.020000000000000000e+04 3.204000000000000000e+03
1.030000000000000000e+04 3.294000000000000000e+03
1.040000000000000000e+04 3.414000000000000000e+03
1.050000000000000000e+04 3.368000000000000000e+03
1.060000000000000000e+04 3.408000000000000000e+03
1.070000000000000000e+04 3.441000000000000000e+03
1.080000000000000000e+04 3.586000000000000000e+03
1.090000000000000000e+04 3.566000000000000000e+03
1.100000000000000000e+04 3.504000000000000000e+03
1.110000000000000000e+04 3.639000000000000000e+03
1.120000000000000000e+04 3.564000000000000000e+03
1.130000000000000000e+04 3.580000000000000000e+03
1.140000000000000000e+04 3.607000000000000000e+03
1.150000000000000000e+04 3.752000000000000000e+03
1.160000000000000000e+04 3.602000000000000000e+03
1.170000000000000000e+04 3.654000000000000000e+03
1.180000000000000000e+04 3.571000000000000000e+03
1.190000000000000000e+04 3.751000000000000000e+03
1.200000000000000000e+04 3.527000000000000000e+03
1.210000000000000000e+04 3.768000000000000000e+03
1.220000000000000000e+04 3.684000000000000000e+03
1.230000000000000000e+04 3.677000000000000000e+03
1.240000000000000000e+04 3.544000000000000000e+03
1.250000000000000000e+04 3.467000000000000000e+03
1.260000000000000000e+04 3.595000000000000000e+03
1.270000000000000000e+04 3.629000000000000000e+03
1.280000000000000000e+04 3.693000000000000000e+03
1.290000000000000000e+04 3.583000000000000000e+03
1.300000000000000000e+04 3.535000000000000000e+03
1.310000000000000000e+04 3.367000000000000000e+03
1.320000000000000000e+04 3.380000000000000000e+03
1.330000000000000000e+04 3.460000000000000000e+03
1.340000000000000000e+04 3.435000000000000000e+03
1.350000000000000000e+04 3.290000000000000000e+03
1.360000000000000000e+04 3.388000000000000000e+03
1.370000000000000000e+04 3.196000000000000000e+03
1.380000000000000000e+04 3.296000000000000000e+03
1.390000000000000000e+04 3.120000000000000000e+03
1.400000000000000000e+04 3.156000000000000000e+03
1.410000000000000000e+04 3.101000000000000000e+03
1.420000000000000000e+04 2.983000000000000000e+03
1.430000000000000000e+04 2.920000000000000000e+03
1.440000000000000000e+04 2.846000000000000000e+03
1.450000000000000000e+04 2.854000000000000000e+03
1.460000000000000000e+04 2.755000000000000000e+03
1.470000000000000000e+04 2.540000000000000000e+03
1.480000000000000000e+04 2.542000000000000000e+03
1.490000000000000000e+04 2.542000000000000000e+03
1.500000000000000000e+04 2.377000000000000000e+03
1.510000000000000000e+04 2.368000000000000000e+03
1.520000000000000000e+04 2.226000000000000000e+03
1.530000000000000000e+04 2.121000000000000000e+03
1.540000000000000000e+04 2.108000000000000000e+03
1.550000000000000000e+04 2.065000000000000000e+03
1.560000000000000000e+04 1.945000000000000000e+03
1.570000000000000000e+04 1.813000000000000000e+03
1.580000000000000000e+04 1.834000000000000000e+03
1.590000000000000000e+04 1.791000000000000000e+03
1.600000000000000000e+04 1.617000000000000000e+03
1.610000000000000000e+04 1.611000000000000000e+03
1.620000000000000000e+04 1.499000000000000000e+03
1.630000000000000000e+04 1.456000000000000000e+03
1.640000000000000000e+04 1.339000000000000000e+03
1.650000000000000000e+04 1.335000000000000000e+03
1.660000000000000000e+04 1.257000000000000000e+03
1.670000000000000000e+04 1.319000000000000000e+03
1.680000000000000000e+04 1.202000000000000000e+03
1.690000000000000000e+04 1.169000000000000000e+03
1.700000000000000000e+04 1.231000000000000000e+03
1.710000000000000000e+04 1.161000000000000000e+03
1.720000000000000000e+04 1.180000000000000000e+03
1.730000000000000000e+04 1.172000000000000000e+03
1.740000000000000000e+04 1.208000000000000000e+03
1.750000000000000000e+04 1.275000000000000000e+03
1.760000000000000000e+04 1.274000000000000000e+03
1.770000000000000000e+04 1.238000000000000000e+03
1.780000000000000000e+04 1.283000000000000000e+03
1.790000000000000000e+04 1.407000000000000000e+03
1.800000000000000000e+04 1.433000000000000000e+03
1.810000000000000000e+04 1.459000000000000000e+03
1.820000000000000000e+04 1.586000000000000000e+03
1.830000000000000000e+04 1.658000000000000000e+03
1.840000000000000000e+04 1.660000000000000000e+03
1.850000000000000000e+04 1.743000000000000000e+03
1.860000000000000000e+04 1.921000000000000000e+03
1.870000000000000000e+04 2.130000000000000000e+03
1.880000000000000000e+04 2.048000000000000000e+03
1.890000000000000000e+04 2.209000000000000000e+03
1.900000000000000000e+04 2.312000000000000000e+03
1.910000000000000000e+04 2.437000000000000000e+03
1.920000000000000000e+04 2.482000000000000000e+03
1.930000000000000000e+04 2.487000000000000000e+03
1.940000000000000000e+04 2.707000000000000000e+03
1.950000000000000000e+04 2.719000000000000000e+03
1.960000000000000000e+04 2.756000000000000000e+03
1.970000000000000000e+04 2.999000000000000000e+03
1.980000000000000000e+04 2.915000000000000000e+03
1.990000000000000000e+04 3.085000000000000000e+03
