0.000000000000000000e+00 3.646000000000000000e+03
1.000000000000000000e+02 3.835000000000000000e+03
2.000000000000000000e+02 3.777000000000000000e+03
3.000000000000000000e+02 4.144000000000000000e+03
4.000000000000000000e+02 4.143000000000000000e+03
5.000000000000000000e+02 4.210000000000000000e+03
6.000000000000000000e+02 4.154000000000000000e+03
7.000000000000000000e+02 4.465000000000000000e+03
8.000000000000000000e+02 4.418000000000000000e+03
9.000000000000000000e+02 4.321000000000000000e+03
1.000000000000000000e+03 4.536000000000000000e+03
1.100000000000000000e+03 4.421000000000000000e+03
1.200000000000000000e+03 4.505000000000000000e+03
1.300000000000000000e+03 4.642000000000000000e+03
1.400000000000000000e+03 4.607000000000000000e+03
1.500000000000000000e+03 4.495000000000000000e+03
1.600000000000000000e+03 4.799000000000000000e+03
1.700000000000000000e+03 4.614000000000000000e+03
1.800000000000000000e+03 4.602000000000000000e+03
1.900000000000000000e+03 4.680000000000000000e+03
2.000000000000000000e+03 4.657000000000000000e+03
2.100000000000000000e+03 4.665000000000000000e+03
2.200000000000000000e+03 4.624000000000000000e+03
2.300000000000000000e+03 4.543000000000000000e+03
2.400000000000000000e+03 4.657000000000000000e+03
2.500000000000000000e+03 4.637000000000000000e+03
2.600000000000000000e+03 4.612000000000000000e+03
2.700000000000000000e+03 4.538000000000000000e+03
2.800000000000000000e+03 4.473000000000000000e+03
2.900000000000000000e+03 4.597000000000000000e+03
3.000000000000000000e+03 4.404000000000000000e+03
3.100000000000000000e+03 4.445000000000000000e+03
3.200000000000000000e+03 4.376000000000000000e+03
3.300000000000000000e+03 4.278000000000000000e+03
3.400000000000000000e+03 4.227000000000000000e+03
3.500000000000000000e+03 4.184000000000000000e+03
3.600000000000000000e+03 4.140000000000000000e+03
3.700000000000000000e+03 3.989000000000000000e+03
3.800000000000000000e+03 3.846000000000000000e+03
3.900000000000000000e+03 3.768000000000000000e+03
4.000000000000000000e+03 3.809000000000000000e+03
4.100000000000000000e+03 3.629000000000000000e+03
4.200000000000000000e+03 3.582000000000000000e+03
4.300000000000000000e+03 3.395000000000000000e+03
4.400000000000000000e+03 3.460000000000000000e+03
4.500000000000000000e+03 3.180000000000000000e+03
4.600000000000000000e+03 3.056000000000000000e+03
4.700000000000000000e+03 2.917000000000000000e+03
4.800000000000000000e+03 2.775000000000000000e+03
4.900000000000000000e+03 2.588000000000000000e+03
5.000000000000000000e+03 2.613000000000000000e+03
5.100000000000000000e+03 2.428000000000000000e+03
5.200000000000000000e+03 2.336000000000000000e+03
5.300000000000000000e+03 2.203000000000000000e+03
5.400000000000000000e+03 1.997000000000000000e+03
5.500000000000000000e+03 1.851000000000000000e+03
5.600000000000000000e+03 1.783000000000000000e+03
5.700000000000000000e+03 1.649000000000000000e+03
5.800000000000000000e+03 1.570000000000000000e+03
5.900000000000000000e+03 1.475000000000000000e+03
6.000000000000000000e+03 1.411000000000000000e+03
6.100000000000000000e+03 1.239000000000000000e+03
6.200000000000000000e+03 1.196000000000000000e+03
6.300000000000000000e+03 1.146000000000000000e+03
6.400000000000000000e+03 1.162000000000000000e+03
6.500000000000000000e+03 1.005000000000000000e+03
6.600000000000000000e+03 9.830000000000000000e+02
6.700000000000000000e+03 9.070000000000000000e+02
6.800000000000000000e+03 9.110000000000000000e+02
6.900000000000000000e+03 8.750000000000000000e+02
7.000000000000000000e+03 8.510000000000000000e+02
7.100000000000000000e+03 8.190000000000000000e+02
7.200000000000000000e+03 8.530000000000000000e+02
7.300000000000000000e+03 8.280000000000000000e+02
7.400000000000000000e+03 8.360000000000000000e+02
7.500000000000000000e+03 8.620000000000000000e+02
7.600000000000000000e+03 9.350000000000000000e+02
7.700000000000000000e+03 8.930000000000000000e+02
7.800000000000000000e+03 9.420000000000000000e+02
7.900000000000000000e+03 1.015000000000000000e+03
8.000000000000000000e+03 1.024000000000000000e+03
8.100000000000000000e+03 1.146000000000000000e+03
8.200000000000000000e+03 1.241000000000000000e+03
8.300000000000000000e+03 1.344000000000000000e+03
8.400000000000000000e+03 1.451000000000000000e+03
8.500000000000000000e+03 1.545000000000000000e+03
8.600000000000000000e+03 1.655000000000000000e+03
8.700000000000000000e+03 1.833000000000000000e+03
8.800000000000000000e+03 1.919000000000000000e+03
8.900000000000000000e+03 2.156000000000000000e+03
9.000000000000000000e+03 2.215000000000000000e+03
9.100000000000000000e+03 2.447000000000000000e+03
9.200000000000000000e+03 2.601000000000000000e+03
9.300000000000000000e+03 2.754000000000000000e+03
9.400000000000000000e+03 2.954000000000000000e+03
9.500000000000000000e+03 3.069000000000000000e+03
9.600000000000000000e+03 3.226000000000000000e+03
9.700000000000000000e+03 3.373000000000000000e+03
9.800000000000000000e+03 3.370000000000000000e+03
9.900000000000000000e+03 3.574000000000000000e+03
1.000000000000000000e+04 3.771000000000000000e+03
1.010000000000000000e+04 3.659000000000000000e+03
1.020000000000000000e+04 4.143000000000000000e+03
1.030000000000000000e+04 3.903000000000000000e+03
1.040000000000000000e+04 4.097000000000000000e+03
1.050000000000000000e+04 4.195000000000000000e+03
1.060000000000000000e+04 4.323000000000000000e+03
1.070000000000000000e+04 4.254000000000000000e+03
1.080000000000000000e+04 4.419000000000000000e+03
1.090000000000000000e+04 4.366000000000000000e+03
1.100000000000000000e+04 4.387000000000000000e+03
1.110000000000000000e+04 4.593000000000000000e+03
1.120000000000000000e+04 4.428000000000000000e+03
1.130000000000000000e+04 4.511000000000000000e+03
1.140000000000000000e+04 4.674000000000000000e+03
1.150000000000000000e+04 4.645000000000000000e+03
1.160000000000000000e+04 4.655000000000000000e+03
1.170000000000000000e+04 4.566000000000000000e+03
1.180000000000000000e+04 4.621000000000000000e+03
1.190000000000000000e+04 4.694000000000000000e+03
1.200000000000000000e+04 4.694000000000000000e+03
1.210000000000000000e+04 4.648000000000000000e+03
1.220000000000000000e+04 4.692000000000000000e+03
1.230000000000000000e+04 4.759000000000000000e+03
1.240000000000000000e+04 4.711000000000000000e+03
1.250000000000000000e+04 4.609000000000000000e+03
1.260000000000000000e+04 4.605000000000000000e+03
1.270000000000000000e+04 4.456000000000000000e+03
1.280000000000000000e+04 4.649000000000000000e+03
1.290000000000000000e+04 4.503000000000000000e+03
1.300000000000000000e+04 4.569000000000000000e+03
1.310000000000000000e+04 4.422000000000000000e+03
1.320000000000000000e+04 4.375000000000000000e+03
1.330000000000000000e+04 4.349000000000000000e+03
1.340000000000000000e+04 4.217000000000000000e+03
1.350000000000000000e+04 4.220000000000000000e+03
1.360000000000000000e+04 4.117000000000000000e+03
1.370000000000000000e+04 3.998000000000000000e+03
1.380000000000000000e+04 4.050000000000000000e+03
1.390000000000000000e+04 3.811000000000000000e+03
1.400000000000000000e+04 3.780000000000000000e+03
1.410000000000000000e+04 3.568000000000000000e+03
1.420000000000000000e+04 3.481000000000000000e+03
1.430000000000000000e+04 3.464000000000000000e+03
1.440000000000000000e+04 3.344000000000000000e+03
1.450000000000000000e+04 3.226000000000000000e+03
1.460000000000000000e+04 3.119000000000000000e+03
1.470000000000000000e+04 3.020000000000000000e+03
1.480000000000000000e+04 2.845000000000000000e+03
1.490000000000000000e+04 2.712000000000000000e+03
1.500000000000000000e+04 2.604000000000000000e+03
1.510000000000000000e+04 2.418000000000000000e+03
1.520000000000000000e+04 2.299000000000000000e+03
1.530000000000000000e+04 2.041000000000000000e+03
1.540000000000000000e+04 2.094000000000000000e+03
1.550000000000000000e+04 2.015000000000000000e+03
1.560000000000000000e+04 1.833000000000000000e+03
1.570000000000000000e+04 1.692000000000000000e+03
1.580000000000000000e+04 1.528000000000000000e+03
1.590000000000000000e+04 1.472000000000000000e+03
1.600000000000000000e+04 1.340000000000000000e+03
1.610000000000000000e+04 1.274000000000000000e+03
1.620000000000000000e+04 1.225000000000000000e+03
1.630000000000000000e+04 1.203000000000000000e+03
1.640000000000000000e+04 1.055000000000000000e+03
1.650000000000000000e+04 1.095000000000000000e+03
1.660000000000000000e+04 9.890000000000000000e+02
1.670000000000000000e+04 9.370000000000000000e+02
1.680000000000000000e+04 8.330000000000000000e+02
1.690000000000000000e+04 8.320000000000000000e+02
1.700000000000000000e+04 8.320000000000000000e+02
1.710000000000000000e+04 7.980000000000000000e+02
1.720000000000000000e+04 8.590000000000000000e+02
1.730000000000000000e+04 8.540000000000000000e+02
1.740000000000000000e+04 8.860000000000000000e+02
1.750000000000000000e+04 9.040000000000000000e+02
1.760000000000000000e+04 9.190000000000000000e+02
1.770000000000000000e+04 9.420000000000000000e+02
1.780000000000000000e+04 9.870000000000000000e+02
1.790000000000000000e+04 1.038000000000000000e+03
1.800000000000000000e+04 1.119000000000000000e+03
1.810000000000000000e+04 1.195000000000000000e+03
1.820000000000000000e+04 1.256000000000000000e+03
1.830000000000000000e+04 1.345000000000000000e+03
1.840000000000000000e+04 1.506000000000000000e+03
1.850000000000000000e+04 1.642000000000000000e+03
1.860000000000000000e+04 1.771000000000000000e+03
1.870000000000000000e+04 1.878000000000000000e+03
1.880000000000000000e+04 1.959000000000000000e+03
1.890000000000000000e+04 2.198000000000000000e+03
1.900000000000000000e+04 2.258000000000000000e+03
1.910000000000000000e+04 2.500000000000000000e+03
1.920000000000000000e+04 2.676000000000000000e+03
1.930000000000000000e+04 2.749000000000000000e+03
1.940000000000000000e+04 2.942000000000000000e+03
1.950000000000000000e+04 3.142000000000000000e+03
1.960000000000000000e+04 3.232000000000000000e+03
1.970000000000000000e+04 3.161000000000000000e+03
1.980000000000000000e+04 3.550000000000000000e+03
1.990000000000000000e+04 3.640000000000000000e+03
