0.000000000000000000e+00 8.365000000000000000e+03
1.000000000000000000e+04 9.085000000000000000e+03
2.000000000000000000e+04 9.337000000000000000e+03
3.000000000000000000e+04 9.360000000000000000e+03
4.000000000000000000e+04 9.500000000000000000e+03
5.000000000000000000e+04 9.900000000000000000e+03
6.000000000000000000e+04 1.008400000000000000e+04
7.000000000000000000e+04 1.018800000000000000e+04
8.000000000000000000e+04 1.035300000000000000e+04
9.000000000000000000e+04 1.037300000000000000e+04
1.000000000000000000e+05 1.047700000000000000e+04
1.100000000000000000e+05 1.043000000000000000e+04
1.200000000000000000e+05 1.058800000000000000e+04
1.300000000000000000e+05 1.063500000000000000e+04
1.400000000000000000e+05 1.059800000000000000e+04
1.500000000000000000e+05 1.071500000000000000e+04
1.600000000000000000e+05 1.082400000000000000e+04
1.700000000000000000e+05 1.102800000000000000e+04
1.800000000000000000e+05 1.092800000000000000e+04
1.900000000000000000e+05 1.106600000000000000e+04
2.000000000000000000e+05 1.090100000000000000e+04
2.100000000000000000e+05 1.093000000000000000e+04
2.200000000000000000e+05 1.086700000000000000e+04
2.300000000000000000e+05 1.100200000000000000e+04
2.400000000000000000e+05 1.097300000000000000e+04
2.500000000000000000e+05 1.089200000000000000e+04
2.600000000000000000e+05 1.050300000000000000e+04
2.700000000000000000e+05 1.053300000000000000e+04
2.800000000000000000e+05 1.055000000000000000e+04
2.900000000000000000e+05 1.053500000000000000e+04
3.000000000000000000e+05 1.050200000000000000e+04
3.100000000000000000e+05 1.044800000000000000e+04
3.200000000000000000e+05 9.939000000000000000e+03
3.300000000000000000e+05 9.970000000000000000e+03
3.400000000000000000e+05 9.691000000000000000e+03
3.500000000000000000e+05 9.624000000000000000e+03
3.600000000000000000e+05 9.421000000000000000e+03
3.700000000000000000e+05 9.147000000000000000e+03
3.800000000000000000e+05 8.720000000000000000e+03
3.900000000000000000e+05 8.706000000000000000e+03
4.000000000000000000e+05 8.359000000000000000e+03
4.100000000000000000e+05 8.080000000000000000e+03
4.200000000000000000e+05 7.835000000000000000e+03
4.300000000000000000e+05 7.539000000000000000e+03
4.400000000000000000e+05 7.284000000000000000e+03
4.500000000000000000e+05 6.725000000000000000e+03
4.600000000000000000e+05 6.612000000000000000e+03
4.700000000000000000e+05 6.239000000000000000e+03
4.800000000000000000e+05 5.914000000000000000e+03
4.900000000000000000e+05 5.715000000000000000e+03
5.000000000000000000e+05 5.259000000000000000e+03
5.100000000000000000e+05 5.010000000000000000e+03
5.200000000000000000e+05 4.665000000000000000e+03
5.300000000000000000e+05 4.313000000000000000e+03
5.400000000000000000e+05 4.161000000000000000e+03
5.500000000000000000e+05 3.891000000000000000e+03
5.600000000000000000e+05 3.607000000000000000e+03
5.700000000000000000e+05 3.344000000000000000e+03
5.800000000000000000e+05 2.982000000000000000e+03
5.900000000000000000e+05 2.740000000000000000e+03
6.000000000000000000e+05 2.585000000000000000e+03
6.100000000000000000e+05 2.422000000000000000e+03
6.200000000000000000e+05 2.249000000000000000e+03
6.300000000000000000e+05 2.137000000000000000e+03
6.400000000000000000e+05 1.981000000000000000e+03
6.500000000000000000e+05 2.029000000000000000e+03
6.600000000000000000e+05 1.995000000000000000e+03
6.700000000000000000e+05 1.893000000000000000e+03
6.800000000000000000e+05 1.881000000000000000e+03
6.900000000000000000e+05 1.795000000000000000e+03
7.000000000000000000e+05 1.770000000000000000e+03
7.100000000000000000e+05 1.739000000000000000e+03
7.200000000000000000e+05 1.821000000000000000e+03
7.300000000000000000e+05 1.983000000000000000e+03
7.400000000000000000e+05 1.915000000000000000e+03
7.500000000000000000e+05 2.114000000000000000e+03
7.600000000000000000e+05 2.182000000000000000e+03
7.700000000000000000e+05 2.371000000000000000e+03
7.800000000000000000e+05 2.520000000000000000e+03
7.900000000000000000e+05 2.625000000000000000e+03
8.000000000000000000e+05 2.795000000000000000e+03
8.100000000000000000e+05 3.049000000000000000e+03
8.200000000000000000e+05 3.320000000000000000e+03
8.300000000000000000e+05 3.456000000000000000e+03
8.400000000000000000e+05 3.883000000000000000e+03
8.500000000000000000e+05 4.132000000000000000e+03
8.600000000000000000e+05 4.487000000000000000e+03
8.700000000000000000e+05 4.766000000000000000e+03
8.800000000000000000e+05 5.141000000000000000e+03
8.900000000000000000e+05 5.405000000000000000e+03
9.000000000000000000e+05 5.740000000000000000e+03
9.100000000000000000e+05 6.199000000000000000e+03
9.200000000000000000e+05 6.649000000000000000e+03
9.300000000000000000e+05 6.837000000000000000e+03
9.400000000000000000e+05 7.247000000000000000e+03
9.500000000000000000e+05 7.451000000000000000e+03
9.600000000000000000e+05 7.916000000000000000e+03
9.700000000000000000e+05 8.047000000000000000e+03
9.800000000000000000e+05 8.333000000000000000e+03
9.900000000000000000e+05 8.671000000000000000e+03
1.000000000000000000e+06 8.833000000000000000e+03
1.010000000000000000e+06 9.070000000000000000e+03
1.020000000000000000e+06 9.347000000000000000e+03
1.030000000000000000e+06 9.581000000000000000e+03
1.040000000000000000e+06 9.687000000000000000e+03
1.050000000000000000e+06 9.937000000000000000e+03
1.060000000000000000e+06 9.815000000000000000e+03
1.070000000000000000e+06 1.005000000000000000e+04
1.080000000000000000e+06 1.041700000000000000e+04
1.090000000000000000e+06 1.047600000000000000e+04
1.100000000000000000e+06 1.053000000000000000e+04
1.110000000000000000e+06 1.058500000000000000e+04
1.120000000000000000e+06 1.065400000000000000e+04
1.130000000000000000e+06 1.076100000000000000e+04
1.140000000000000000e+06 1.085000000000000000e+04
1.150000000000000000e+06 1.090000000000000000e+04
1.160000000000000000e+06 1.085800000000000000e+04
1.170000000000000000e+06 1.100200000000000000e+04
1.180000000000000000e+06 1.097000000000000000e+04
1.190000000000000000e+06 1.083000000000000000e+04
1.200000000000000000e+06 1.099800000000000000e+04
1.210000000000000000e+06 1.098300000000000000e+04
1.220000000000000000e+06 1.078300000000000000e+04
1.230000000000000000e+06 1.102900000000000000e+04
1.240000000000000000e+06 1.067300000000000000e+04
1.250000000000000000e+06 1.081300000000000000e+04
1.260000000000000000e+06 1.062400000000000000e+04
1.270000000000000000e+06 1.069300000000000000e+04
1.280000000000000000e+06 1.059300000000000000e+04
1.290000000000000000e+06 1.046400000000000000e+04
1.300000000000000000e+06 1.028900000000000000e+04
1.310000000000000000e+06 1.002400000000000000e+04
1.320000000000000000e+06 1.002800000000000000e+04
1.330000000000000000e+06 9.922000000000000000e+03
1.340000000000000000e+06 9.958000000000000000e+03
1.350000000000000000e+06 9.570000000000000000e+03
1.360000000000000000e+06 9.364000000000000000e+03
1.370000000000000000e+06 9.116000000000000000e+03
1.380000000000000000e+06 8.849000000000000000e+03
1.390000000000000000e+06 8.716000000000000000e+03
1.400000000000000000e+06 8.273000000000000000e+03
1.410000000000000000e+06 8.003000000000000000e+03
1.420000000000000000e+06 7.870000000000000000e+03
1.430000000000000000e+06 7.631000000000000000e+03
1.440000000000000000e+06 7.180000000000000000e+03
1.450000000000000000e+06 6.909000000000000000e+03
1.460000000000000000e+06 6.716000000000000000e+03
1.470000000000000000e+06 6.382000000000000000e+03
1.480000000000000000e+06 6.102000000000000000e+03
1.490000000000000000e+06 5.695000000000000000e+03
1.500000000000000000e+06 5.332000000000000000e+03
1.510000000000000000e+06 4.865000000000000000e+03
1.520000000000000000e+06 4.760000000000000000e+03
1.530000000000000000e+06 4.283000000000000000e+03
1.540000000000000000e+06 4.070000000000000000e+03
1.550000000000000000e+06 3.677000000000000000e+03
1.560000000000000000e+06 3.447000000000000000e+03
1.570000000000000000e+06 3.275000000000000000e+03
1.580000000000000000e+06 3.067000000000000000e+03
1.590000000000000000e+06 2.712000000000000000e+03
1.600000000000000000e+06 2.598000000000000000e+03
1.610000000000000000e+06 2.481000000000000000e+03
1.620000000000000000e+06 2.283000000000000000e+03
1.630000000000000000e+06 2.162000000000000000e+03
1.640000000000000000e+06 2.036000000000000000e+03
1.650000000000000000e+06 1.910000000000000000e+03
1.660000000000000000e+06 1.855000000000000000e+03
1.670000000000000000e+06 1.800000000000000000e+03
1.680000000000000000e+06 1.823000000000000000e+03
1.690000000000000000e+06 1.829000000000000000e+03
1.700000000000000000e+06 1.721000000000000000e+03
1.710000000000000000e+06 1.866000000000000000e+03
1.720000000000000000e+06 1.879000000000000000e+03
1.730000000000000000e+06 1.886000000000000000e+03
1.740000000000000000e+06 2.003000000000000000e+03
1.750000000000000000e+06 2.067000000000000000e+03
1.760000000000000000e+06 2.136000000000000000e+03
1.770000000000000000e+06 2.347000000000000000e+03
1.780000000000000000e+06 2.516000000000000000e+03
1.790000000000000000e+06 2.704000000000000000e+03
1.800000000000000000e+06 2.887000000000000000e+03
1.810000000000000000e+06 3.083000000000000000e+03
1.820000000000000000e+06 3.323000000000000000e+03
1.830000000000000000e+06 3.593000000000000000e+03
1.840000000000000000e+06 3.707000000000000000e+03
1.850000000000000000e+06 4.181000000000000000e+03
1.860000000000000000e+06 4.469000000000000000e+03
1.870000000000000000e+06 4.735000000000000000e+03
1.880000000000000000e+06 5.127000000000000000e+03
1.890000000000000000e+06 5.366000000000000000e+03
1.900000000000000000e+06 5.877000000000000000e+03
1.910000000000000000e+06 6.002000000000000000e+03
1.920000000000000000e+06 6.266000000000000000e+03
1.930000000000000000e+06 6.757000000000000000e+03
1.940000000000000000e+06 7.172000000000000000e+03
1.950000000000000000e+06 7.430000000000000000e+03
1.960000000000000000e+06 7.610000000000000000e+03
1.970000000000000000e+06 7.987000000000000000e+03
1.980000000000000000e+06 8.253000000000000000e+03
1.990000000000000000e+06 8.607000000000000000e+03
