0.000000000000000000e+00 2.698000000000000000e+03
5.000000000000000000e+02 2.628000000000000000e+03
1.000000000000000000e+03 2.738000000000000000e+03
1.500000000000000000e+03 2.783000000000000000e+03
2.000000000000000000e+03 2.924000000000000000e+03
2.500000000000000000e+03 2.838000000000000000e+03
3.000000000000000000e+03 2.800000000000000000e+03
3.500000000000000000e+03 2.957000000000000000e+03
4.000000000000000000e+03 3.087000000000000000e+03
4.500000000000000000e+03 3.035000000000000000e+03
5.000000000000000000e+03 3.047000000000000000e+03
5.500000000000000000e+03 2.979000000000000000e+03
6.000000000000000000e+03 3.005000000000000000e+03
6.500000000000000000e+03 3.222000000000000000e+03
7.000000000000000000e+03 3.088000000000000000e+03
7.500000000000000000e+03 3.139000000000000000e+03
8.000000000000000000e+03 3.137000000000000000e+03
8.500000000000000000e+03 3.197000000000000000e+03
9.000000000000000000e+03 3.194000000000000000e+03
9.500000000000000000e+03 3.247000000000000000e+03
1.000000000000000000e+04 3.164000000000000000e+03
1.050000000000000000e+04 3.124000000000000000e+03
1.100000000000000000e+04 3.225000000000000000e+03
1.150000000000000000e+04 3.089000000000000000e+03
1.200000000000000000e+04 3.037000000000000000e+03
1.250000000000000000e+04 3.123000000000000000e+03
1.300000000000000000e+04 3.112000000000000000e+03
1.350000000000000000e+04 3.071000000000000000e+03
1.400000000000000000e+04 2.936000000000000000e+03
1.450000000000000000e+04 3.014000000000000000e+03
1.500000000000000000e+04 2.933000000000000000e+03
1.550000000000000000e+04 2.959000000000000000e+03
1.600000000000000000e+04 2.985000000000000000e+03
1.650000000000000000e+04 2.855000000000000000e+03
1.700000000000000000e+04 2.834000000000000000e+03
1.750000000000000000e+04 2.760000000000000000e+03
1.800000000000000000e+04 2.889000000000000000e+03
1.850000000000000000e+04 2.705000000000000000e+03
1.900000000000000000e+04 2.750000000000000000e+03
1.950000000000000000e+04 2.546000000000000000e+03
2.000000000000000000e+04 2.507000000000000000e+03
2.050000000000000000e+04 2.435000000000000000e+03
2.100000000000000000e+04 2.355000000000000000e+03
2.150000000000000000e+04 2.316000000000000000e+03
2.200000000000000000e+04 2.293000000000000000e+03
2.250000000000000000e+04 2.150000000000000000e+03
2.300000000000000000e+04 1.987000000000000000e+03
2.350000000000000000e+04 1.857000000000000000e+03
2.400000000000000000e+04 1.854000000000000000e+03
2.450000000000000000e+04 1.755000000000000000e+03
2.500000000000000000e+04 1.668000000000000000e+03
2.550000000000000000e+04 1.553000000000000000e+03
2.600000000000000000e+04 1.449000000000000000e+03
2.650000000000000000e+04 1.422000000000000000e+03
2.700000000000000000e+04 1.291000000000000000e+03
2.750000000000000000e+04 1.242000000000000000e+03
2.800000000000000000e+04 1.113000000000000000e+03
2.850000000000000000e+04 1.006000000000000000e+03
2.900000000000000000e+04 9.810000000000000000e+02
2.950000000000000000e+04 8.940000000000000000e+02
3.000000000000000000e+04 8.120000000000000000e+02
3.050000000000000000e+04 7.380000000000000000e+02
3.100000000000000000e+04 7.020000000000000000e+02
3.150000000000000000e+04 6.820000000000000000e+02
3.200000000000000000e+04 6.100000000000000000e+02
3.250000000000000000e+04 5.710000000000000000e+02
3.300000000000000000e+04 5.780000000000000000e+02
3.350000000000000000e+04 5.720000000000000000e+02
3.400000000000000000e+04 5.470000000000000000e+02
3.450000000000000000e+04 5.300000000000000000e+02
3.500000000000000000e+04 5.090000000000000000e+02
3.550000000000000000e+04 5.210000000000000000e+02
3.600000000000000000e+04 5.080000000000000000e+02
3.650000000000000000e+04 5.510000000000000000e+02
3.700000000000000000e+04 5.810000000000000000e+02
3.750000000000000000e+04 5.700000000000000000e+02
3.800000000000000000e+04 6.070000000000000000e+02
3.850000000000000000e+04 6.640000000000000000e+02
3.900000000000000000e+04 6.990000000000000000e+02
3.950000000000000000e+04 7.260000000000000000e+02
4.000000000000000000e+04 7.470000000000000000e+02
4.050000000000000000e+04 8.340000000000000000e+02
4.100000000000000000e+04 8.910000000000000000e+02
4.150000000000000000e+04 9.900000000000000000e+02
4.200000000000000000e+04 1.020000000000000000e+03
4.250000000000000000e+04 1.106000000000000000e+03
4.300000000000000000e+04 1.264000000000000000e+03
4.350000000000000000e+04 1.403000000000000000e+03
4.400000000000000000e+04 1.420000000000000000e+03
4.450000000000000000e+04 1.540000000000000000e+03
4.500000000000000000e+04 1.556000000000000000e+03
4.550000000000000000e+04 1.759000000000000000e+03
4.600000000000000000e+04 1.812000000000000000e+03
4.650000000000000000e+04 1.960000000000000000e+03
4.700000000000000000e+04 2.039000000000000000e+03
4.750000000000000000e+04 2.129000000000000000e+03
4.800000000000000000e+04 2.242000000000000000e+03
4.850000000000000000e+04 2.275000000000000000e+03
4.900000000000000000e+04 2.372000000000000000e+03
4.950000000000000000e+04 2.463000000000000000e+03
5.000000000000000000e+04 2.531000000000000000e+03
5.050000000000000000e+04 2.571000000000000000e+03
5.100000000000000000e+04 2.721000000000000000e+03
5.150000000000000000e+04 2.760000000000000000e+03
5.200000000000000000e+04 2.736000000000000000e+03
5.250000000000000000e+04 2.856000000000000000e+03
5.300000000000000000e+04 2.846000000000000000e+03
5.350000000000000000e+04 3.055000000000000000e+03
5.400000000000000000e+04 2.945000000000000000e+03
5.450000000000000000e+04 2.959000000000000000e+03
5.500000000000000000e+04 3.083000000000000000e+03
5.550000000000000000e+04 3.034000000000000000e+03
5.600000000000000000e+04 3.084000000000000000e+03
5.650000000000000000e+04 3.070000000000000000e+03
5.700000000000000000e+04 3.341000000000000000e+03
5.750000000000000000e+04 3.115000000000000000e+03
5.800000000000000000e+04 3.041000000000000000e+03
5.850000000000000000e+04 3.249000000000000000e+03
5.900000000000000000e+04 3.212000000000000000e+03
5.950000000000000000e+04 3.227000000000000000e+03
6.000000000000000000e+04 3.206000000000000000e+03
6.050000000000000000e+04 3.137000000000000000e+03
6.100000000000000000e+04 3.159000000000000000e+03
6.150000000000000000e+04 3.101000000000000000e+03
6.200000000000000000e+04 3.201000000000000000e+03
6.250000000000000000e+04 3.214000000000000000e+03
6.300000000000000000e+04 3.044000000000000000e+03
6.350000000000000000e+04 3.078000000000000000e+03
6.400000000000000000e+04 3.087000000000000000e+03
6.450000000000000000e+04 2.999000000000000000e+03
6.500000000000000000e+04 3.157000000000000000e+03
6.550000000000000000e+04 2.981000000000000000e+03
6.600000000000000000e+04 2.988000000000000000e+03
6.650000000000000000e+04 2.947000000000000000e+03
6.700000000000000000e+04 2.948000000000000000e+03
6.750000000000000000e+04 2.857000000000000000e+03
6.800000000000000000e+04 2.706000000000000000e+03
6.850000000000000000e+04 2.699000000000000000e+03
6.900000000000000000e+04 2.731000000000000000e+03
6.950000000000000000e+04 2.534000000000000000e+03
7.000000000000000000e+04 2.524000000000000000e+03
7.050000000000000000e+04 2.524000000000000000e+03
7.100000000000000000e+04 2.352000000000000000e+03
7.150000000000000000e+04 2.360000000000000000e+03
7.200000000000000000e+04 2.151000000000000000e+03
7.250000000000000000e+04 1.989000000000000000e+03
7.300000000000000000e+04 2.037000000000000000e+03
7.350000000000000000e+04 1.965000000000000000e+03
7.400000000000000000e+04 1.867000000000000000e+03
7.450000000000000000e+04 1.737000000000000000e+03
7.500000000000000000e+04 1.711000000000000000e+03
7.550000000000000000e+04 1.554000000000000000e+03
7.600000000000000000e+04 1.489000000000000000e+03
7.650000000000000000e+04 1.381000000000000000e+03
7.700000000000000000e+04 1.262000000000000000e+03
7.750000000000000000e+04 1.188000000000000000e+03
7.800000000000000000e+04 1.114000000000000000e+03
7.850000000000000000e+04 1.067000000000000000e+03
7.900000000000000000e+04 9.520000000000000000e+02
7.950000000000000000e+04 8.950000000000000000e+02
8.000000000000000000e+04 8.160000000000000000e+02
8.050000000000000000e+04 7.670000000000000000e+02
8.100000000000000000e+04 6.710000000000000000e+02
8.150000000000000000e+04 7.490000000000000000e+02
8.200000000000000000e+04 6.590000000000000000e+02
8.250000000000000000e+04 5.690000000000000000e+02
8.300000000000000000e+04 5.790000000000000000e+02
8.350000000000000000e+04 5.460000000000000000e+02
8.400000000000000000e+04 5.570000000000000000e+02
8.450000000000000000e+04 5.100000000000000000e+02
8.500000000000000000e+04 5.420000000000000000e+02
8.550000000000000000e+04 5.460000000000000000e+02
8.600000000000000000e+04 5.150000000000000000e+02
8.650000000000000000e+04 5.720000000000000000e+02
8.700000000000000000e+04 5.090000000000000000e+02
8.750000000000000000e+04 5.590000000000000000e+02
8.800000000000000000e+04 6.180000000000000000e+02
8.850000000000000000e+04 6.500000000000000000e+02
8.900000000000000000e+04 6.990000000000000000e+02
8.950000000000000000e+04 7.320000000000000000e+02
9.000000000000000000e+04 8.590000000000000000e+02
9.050000000000000000e+04 8.590000000000000000e+02
9.100000000000000000e+04 9.400000000000000000e+02
9.150000000000000000e+04 1.007000000000000000e+03
9.200000000000000000e+04 1.092000000000000000e+03
9.250000000000000000e+04 1.184000000000000000e+03
9.300000000000000000e+04 1.232000000000000000e+03
9.350000000000000000e+04 1.331000000000000000e+03
9.400000000000000000e+04 1.430000000000000000e+03
9.450000000000000000e+04 1.523000000000000000e+03
9.500000000000000000e+04 1.603000000000000000e+03
9.550000000000000000e+04 1.646000000000000000e+03
9.600000000000000000e+04 1.921000000000000000e+03
9.650000000000000000e+04 1.900000000000000000e+03
9.700000000000000000e+04 2.100000000000000000e+03
9.750000000000000000e+04 2.085000000000000000e+03
9.800000000000000000e+04 2.171000000000000000e+03
9.850000000000000000e+04 2.342000000000000000e+03
9.900000000000000000e+04 2.446000000000000000e+03
9.950000000000000000e+04 2.518000000000000000e+03
