0.000000000000000000e+00 1.831000000000000000e+03
1.000000000000000000e+02 1.874000000000000000e+03
2.000000000000000000e+02 1.902000000000000000e+03
3.000000000000000000e+02 1.997000000000000000e+03
4.000000000000000000e+02 1.998000000000000000e+03
5.000000000000000000e+02 2.123000000000000000e+03
6.000000000000000000e+02 2.099000000000000000e+03
7.000000000000000000e+02 2.162000000000000000e+03
8.000000000000000000e+02 2.273000000000000000e+03
9.000000000000000000e+02 2.319000000000000000e+03
1.000000000000000000e+03 2.374000000000000000e+03
1.100000000000000000e+03 2.352000000000000000e+03
1.200000000000000000e+03 2.473000000000000000e+03
1.300000000000000000e+03 2.477000000000000000e+03
1.400000000000000000e+03 2.506000000000000000e+03
1.500000000000000000e+03 2.535000000000000000e+03
1.600000000000000000e+03 2.536000000000000000e+03
1.700000000000000000e+03 2.574000000000000000e+03
1.800000000000000000e+03 2.533000000000000000e+03
1.900000000000000000e+03 2.514000000000000000e+03
2.000000000000000000e+03 2.567000000000000000e+03
2.100000000000000000e+03 2.530000000000000000e+03
2.200000000000000000e+03 2.563000000000000000e+03
2.300000000000000000e+03 2.660000000000000000e+03
2.400000000000000000e+03 2.508000000000000000e+03
2.500000000000000000e+03 2.547000000000000000e+03
2.600000000000000000e+03 2.609000000000000000e+03
2.700000000000000000e+03 2.547000000000000000e+03
2.800000000000000000e+03 2.483000000000000000e+03
2.900000000000000000e+03 2.516000000000000000e+03
3.000000000000000000e+03 2.520000000000000000e+03
3.100000000000000000e+03 2.426000000000000000e+03
3.200000000000000000e+03 2.410000000000000000e+03
3.300000000000000000e+03 2.438000000000000000e+03
3.400000000000000000e+03 2.404000000000000000e+03
3.500000000000000000e+03 2.336000000000000000e+03
3.600000000000000000e+03 2.252000000000000000e+03
3.700000000000000000e+03 2.296000000000000000e+03
3.800000000000000000e+03 2.204000000000000000e+03
3.900000000000000000e+03 2.173000000000000000e+03
4.000000000000000000e+03 2.066000000000000000e+03
4.100000000000000000e+03 2.089000000000000000e+03
4.200000000000000000e+03 1.982000000000000000e+03
4.300000000000000000e+03 1.924000000000000000e+03
4.400000000000000000e+03 1.849000000000000000e+03
4.500000000000000000e+03 1.885000000000000000e+03
4.600000000000000000e+03 1.779000000000000000e+03
4.700000000000000000e+03 1.745000000000000000e+03
4.800000000000000000e+03 1.646000000000000000e+03
4.900000000000000000e+03 1.595000000000000000e+03
5.000000000000000000e+03 1.556000000000000000e+03
5.100000000000000000e+03 1.514000000000000000e+03
5.200000000000000000e+03 1.392000000000000000e+03
5.300000000000000000e+03 1.283000000000000000e+03
5.400000000000000000e+03 1.204000000000000000e+03
5.500000000000000000e+03 1.196000000000000000e+03
5.600000000000000000e+03 1.157000000000000000e+03
5.700000000000000000e+03 1.045000000000000000e+03
5.800000000000000000e+03 1.002000000000000000e+03
5.900000000000000000e+03 9.730000000000000000e+02
6.000000000000000000e+03 8.940000000000000000e+02
6.100000000000000000e+03 8.560000000000000000e+02
6.200000000000000000e+03 7.740000000000000000e+02
6.300000000000000000e+03 7.140000000000000000e+02
6.400000000000000000e+03 6.860000000000000000e+02
6.500000000000000000e+03 6.960000000000000000e+02
6.600000000000000000e+03 5.840000000000000000e+02
6.700000000000000000e+03 6.010000000000000000e+02
6.800000000000000000e+03 5.610000000000000000e+02
6.900000000000000000e+03 5.690000000000000000e+02
7.000000000000000000e+03 5.100000000000000000e+02
7.100000000000000000e+03 5.250000000000000000e+02
7.200000000000000000e+03 4.520000000000000000e+02
7.300000000000000000e+03 4.740000000000000000e+02
7.400000000000000000e+03 4.910000000000000000e+02
7.500000000000000000e+03 4.860000000000000000e+02
7.600000000000000000e+03 4.440000000000000000e+02
7.700000000000000000e+03 4.620000000000000000e+02
7.800000000000000000e+03 5.080000000000000000e+02
7.900000000000000000e+03 5.020000000000000000e+02
8.000000000000000000e+03 5.040000000000000000e+02
8.100000000000000000e+03 5.270000000000000000e+02
8.200000000000000000e+03 5.630000000000000000e+02
8.300000000000000000e+03 5.990000000000000000e+02
8.400000000000000000e+03 6.330000000000000000e+02
8.500000000000000000e+03 6.770000000000000000e+02
8.600000000000000000e+03 7.270000000000000000e+02
8.700000000000000000e+03 8.350000000000000000e+02
8.800000000000000000e+03 8.520000000000000000e+02
8.900000000000000000e+03 9.620000000000000000e+02
9.000000000000000000e+03 9.700000000000000000e+02
9.100000000000000000e+03 1.031000000000000000e+03
9.200000000000000000e+03 1.116000000000000000e+03
9.300000000000000000e+03 1.210000000000000000e+03
9.400000000000000000e+03 1.300000000000000000e+03
9.500000000000000000e+03 1.386000000000000000e+03
9.600000000000000000e+03 1.446000000000000000e+03
9.700000000000000000e+03 1.515000000000000000e+03
9.800000000000000000e+03 1.581000000000000000e+03
9.900000000000000000e+03 1.741000000000000000e+03
1.000000000000000000e+04 1.823000000000000000e+03
1.010000000000000000e+04 1.825000000000000000e+03
1.020000000000000000e+04 1.952000000000000000e+03
1.030000000000000000e+04 1.928000000000000000e+03
1.040000000000000000e+04 1.980000000000000000e+03
1.050000000000000000e+04 2.145000000000000000e+03
1.060000000000000000e+04 2.115000000000000000e+03
1.070000000000000000e+04 2.207000000000000000e+03
1.080000000000000000e+04 2.301000000000000000e+03
1.090000000000000000e+04 2.272000000000000000e+03
1.100000000000000000e+04 2.261000000000000000e+03
1.110000000000000000e+04 2.343000000000000000e+03
1.120000000000000000e+04 2.374000000000000000e+03
1.130000000000000000e+04 2.468000000000000000e+03
1.140000000000000000e+04 2.523000000000000000e+03
1.150000000000000000e+04 2.518000000000000000e+03
1.160000000000000000e+04 2.565000000000000000e+03
1.170000000000000000e+04 2.623000000000000000e+03
1.180000000000000000e+04 2.530000000000000000e+03
1.190000000000000000e+04 2.507000000000000000e+03
1.200000000000000000e+04 2.592000000000000000e+03
1.210000000000000000e+04 2.586000000000000000e+03
1.220000000000000000e+04 2.600000000000000000e+03
1.230000000000000000e+04 2.672000000000000000e+03
1.240000000000000000e+04 2.514000000000000000e+03
1.250000000000000000e+04 2.567000000000000000e+03
1.260000000000000000e+04 2.488000000000000000e+03
1.270000000000000000e+04 2.598000000000000000e+03
1.280000000000000000e+04 2.577000000000000000e+03
1.290000000000000000e+04 2.520000000000000000e+03
1.300000000000000000e+04 2.485000000000000000e+03
1.310000000000000000e+04 2.311000000000000000e+03
1.320000000000000000e+04 2.405000000000000000e+03
1.330000000000000000e+04 2.359000000000000000e+03
1.340000000000000000e+04 2.391000000000000000e+03
1.350000000000000000e+04 2.324000000000000000e+03
1.360000000000000000e+04 2.332000000000000000e+03
1.370000000000000000e+04 2.186000000000000000e+03
1.380000000000000000e+04 2.285000000000000000e+03
1.390000000000000000e+04 2.212000000000000000e+03
1.400000000000000000e+04 2.124000000000000000e+03
1.410000000000000000e+04 2.015000000000000000e+03
1.420000000000000000e+04 2.041000000000000000e+03
1.430000000000000000e+04 2.007000000000000000e+03
1.440000000000000000e+04 1.916000000000000000e+03
1.450000000000000000e+04 1.882000000000000000e+03
1.460000000000000000e+04 1.694000000000000000e+03
1.470000000000000000e+04 1.797000000000000000e+03
1.480000000000000000e+04 1.623000000000000000e+03
1.490000000000000000e+04 1.591000000000000000e+03
1.500000000000000000e+04 1.499000000000000000e+03
1.510000000000000000e+04 1.390000000000000000e+03
1.520000000000000000e+04 1.325000000000000000e+03
1.530000000000000000e+04 1.311000000000000000e+03
1.540000000000000000e+04 1.236000000000000000e+03
1.550000000000000000e+04 1.164000000000000000e+03
1.560000000000000000e+04 1.130000000000000000e+03
1.570000000000000000e+04 9.920000000000000000e+02
1.580000000000000000e+04 9.850000000000000000e+02
1.590000000000000000e+04 8.960000000000000000e+02
1.600000000000000000e+04 9.130000000000000000e+02
1.610000000000000000e+04 8.160000000000000000e+02
1.620000000000000000e+04 7.660000000000000000e+02
1.630000000000000000e+04 7.460000000000000000e+02
1.640000000000000000e+04 7.130000000000000000e+02
1.650000000000000000e+04 6.990000000000000000e+02
1.660000000000000000e+04 6.320000000000000000e+02
1.670000000000000000e+04 5.990000000000000000e+02
1.680000000000000000e+04 5.800000000000000000e+02
1.690000000000000000e+04 5.820000000000000000e+02
1.700000000000000000e+04 5.310000000000000000e+02
1.710000000000000000e+04 4.940000000000000000e+02
1.720000000000000000e+04 4.970000000000000000e+02
1.730000000000000000e+04 5.120000000000000000e+02
1.740000000000000000e+04 4.700000000000000000e+02
1.750000000000000000e+04 4.690000000000000000e+02
1.760000000000000000e+04 4.860000000000000000e+02
1.770000000000000000e+04 4.510000000000000000e+02
1.780000000000000000e+04 4.720000000000000000e+02
1.790000000000000000e+04 5.200000000000000000e+02
1.800000000000000000e+04 5.090000000000000000e+02
1.810000000000000000e+04 5.110000000000000000e+02
1.820000000000000000e+04 5.790000000000000000e+02
1.830000000000000000e+04 5.820000000000000000e+02
1.840000000000000000e+04 6.430000000000000000e+02
1.850000000000000000e+04 6.240000000000000000e+02
1.860000000000000000e+04 7.430000000000000000e+02
1.870000000000000000e+04 7.850000000000000000e+02
1.880000000000000000e+04 8.480000000000000000e+02
1.890000000000000000e+04 9.230000000000000000e+02
1.900000000000000000e+04 9.900000000000000000e+02
1.910000000000000000e+04 1.085000000000000000e+03
1.920000000000000000e+04 1.131000000000000000e+03
1.930000000000000000e+04 1.178000000000000000e+03
1.940000000000000000e+04 1.297000000000000000e+03
1.950000000000000000e+04 1.409000000000000000e+03
1.960000000000000000e+04 1.441000000000000000e+03
1.970000000000000000e+04 1.550000000000000000e+03
1.980000000000000000e+04 1.622000000000000000e+03
1.990000000000000000e+04 1.719000000000000000e+03
