0.000000000000000000e+00 4.542000000000000000e+03
3.300000000000000000e+01 4.719000000000000000e+03
6.600000000000000000e+01 4.748000000000000000e+03
9.900000000000000000e+01 4.945000000000000000e+03
1.320000000000000000e+02 4.946000000000000000e+03
1.650000000000000000e+02 5.051000000000000000e+03
1.980000000000000000e+02 5.069000000000000000e+03
2.310000000000000000e+02 5.039000000000000000e+03
2.640000000000000000e+02 5.189000000000000000e+03
2.970000000000000000e+02 5.251000000000000000e+03
3.300000000000000000e+02 5.456000000000000000e+03
3.630000000000000000e+02 5.260000000000000000e+03
3.960000000000000000e+02 5.336000000000000000e+03
4.290000000000000000e+02 5.502000000000000000e+03
4.620000000000000000e+02 5.528000000000000000e+03
4.950000000000000000e+02 5.480000000000000000e+03
5.280000000000000000e+02 5.437000000000000000e+03
5.610000000000000000e+02 5.341000000000000000e+03
5.940000000000000000e+02 5.603000000000000000e+03
6.270000000000000000e+02 5.605000000000000000e+03
6.600000000000000000e+02 5.672000000000000000e+03
6.930000000000000000e+02 5.517000000000000000e+03
7.260000000000000000e+02 5.499000000000000000e+03
7.590000000000000000e+02 5.424000000000000000e+03
7.920000000000000000e+02 5.566000000000000000e+03
8.250000000000000000e+02 5.620000000000000000e+03
8.580000000000000000e+02 5.544000000000000000e+03
8.910000000000000000e+02 5.526000000000000000e+03
9.240000000000000000e+02 5.347000000000000000e+03
9.570000000000000000e+02 5.394000000000000000e+03
9.900000000000000000e+02 5.520000000000000000e+03
1.023000000000000000e+03 5.316000000000000000e+03
1.056000000000000000e+03 5.243000000000000000e+03
1.089000000000000000e+03 5.231000000000000000e+03
1.122000000000000000e+03 5.292000000000000000e+03
1.155000000000000000e+03 5.186000000000000000e+03
1.188000000000000000e+03 5.094000000000000000e+03
1.221000000000000000e+03 5.212000000000000000e+03
1.254000000000000000e+03 5.005000000000000000e+03
1.287000000000000000e+03 4.910000000000000000e+03
1.320000000000000000e+03 4.915000000000000000e+03
1.353000000000000000e+03 4.717000000000000000e+03
1.386000000000000000e+03 4.480000000000000000e+03
1.419000000000000000e+03 4.505000000000000000e+03
1.452000000000000000e+03 4.384000000000000000e+03
1.485000000000000000e+03 4.248000000000000000e+03
1.518000000000000000e+03 4.192000000000000000e+03
1.551000000000000000e+03 4.096000000000000000e+03
1.584000000000000000e+03 3.952000000000000000e+03
1.617000000000000000e+03 3.929000000000000000e+03
1.650000000000000000e+03 3.759000000000000000e+03
1.683000000000000000e+03 3.591000000000000000e+03
1.716000000000000000e+03 3.502000000000000000e+03
1.749000000000000000e+03 3.383000000000000000e+03
1.782000000000000000e+03 3.147000000000000000e+03
1.815000000000000000e+03 3.124000000000000000e+03
1.848000000000000000e+03 2.921000000000000000e+03
1.881000000000000000e+03 2.888000000000000000e+03
1.914000000000000000e+03 2.727000000000000000e+03
1.947000000000000000e+03 2.594000000000000000e+03
1.980000000000000000e+03 2.489000000000000000e+03
2.013000000000000000e+03 2.399000000000000000e+03
2.046000000000000000e+03 2.384000000000000000e+03
2.079000000000000000e+03 2.233000000000000000e+03
2.112000000000000000e+03 2.038000000000000000e+03
2.145000000000000000e+03 1.939000000000000000e+03
2.178000000000000000e+03 1.997000000000000000e+03
2.211000000000000000e+03 1.909000000000000000e+03
2.244000000000000000e+03 1.747000000000000000e+03
2.277000000000000000e+03 1.736000000000000000e+03
2.310000000000000000e+03 1.691000000000000000e+03
2.343000000000000000e+03 1.662000000000000000e+03
2.376000000000000000e+03 1.583000000000000000e+03
2.409000000000000000e+03 1.533000000000000000e+03
2.442000000000000000e+03 1.518000000000000000e+03
2.475000000000000000e+03 1.585000000000000000e+03
2.508000000000000000e+03 1.609000000000000000e+03
2.541000000000000000e+03 1.628000000000000000e+03
2.574000000000000000e+03 1.687000000000000000e+03
2.607000000000000000e+03 1.668000000000000000e+03
2.640000000000000000e+03 1.791000000000000000e+03
2.673000000000000000e+03 1.881000000000000000e+03
2.706000000000000000e+03 2.014000000000000000e+03
2.739000000000000000e+03 2.121000000000000000e+03
2.772000000000000000e+03 2.194000000000000000e+03
2.805000000000000000e+03 2.292000000000000000e+03
2.838000000000000000e+03 2.414000000000000000e+03
2.871000000000000000e+03 2.504000000000000000e+03
2.904000000000000000e+03 2.631000000000000000e+03
2.937000000000000000e+03 2.942000000000000000e+03
2.970000000000000000e+03 2.983000000000000000e+03
3.003000000000000000e+03 3.046000000000000000e+03
3.036000000000000000e+03 3.271000000000000000e+03
3.069000000000000000e+03 3.460000000000000000e+03
3.102000000000000000e+03 3.570000000000000000e+03
3.135000000000000000e+03 3.853000000000000000e+03
3.168000000000000000e+03 3.898000000000000000e+03
3.201000000000000000e+03 4.174000000000000000e+03
3.234000000000000000e+03 4.190000000000000000e+03
3.267000000000000000e+03 4.417000000000000000e+03
3.300000000000000000e+03 4.399000000000000000e+03
3.333000000000000000e+03 4.597000000000000000e+03
3.366000000000000000e+03 4.687000000000000000e+03
3.399000000000000000e+03 4.762000000000000000e+03
3.432000000000000000e+03 5.039000000000000000e+03
3.465000000000000000e+03 5.016000000000000000e+03
3.498000000000000000e+03 5.004000000000000000e+03
3.531000000000000000e+03 5.178000000000000000e+03
3.564000000000000000e+03 5.154000000000000000e+03
3.597000000000000000e+03 5.153000000000000000e+03
3.630000000000000000e+03 5.384000000000000000e+03
3.663000000000000000e+03 5.367000000000000000e+03
3.696000000000000000e+03 5.290000000000000000e+03
3.729000000000000000e+03 5.545000000000000000e+03
3.762000000000000000e+03 5.435000000000000000e+03
3.795000000000000000e+03 5.500000000000000000e+03
3.828000000000000000e+03 5.565000000000000000e+03
3.861000000000000000e+03 5.508000000000000000e+03
3.894000000000000000e+03 5.515000000000000000e+03
3.927000000000000000e+03 5.557000000000000000e+03
3.960000000000000000e+03 5.520000000000000000e+03
3.993000000000000000e+03 5.466000000000000000e+03
4.026000000000000000e+03 5.535000000000000000e+03
4.059000000000000000e+03 5.382000000000000000e+03
4.092000000000000000e+03 5.534000000000000000e+03
4.125000000000000000e+03 5.486000000000000000e+03
4.158000000000000000e+03 5.537000000000000000e+03
4.191000000000000000e+03 5.578000000000000000e+03
4.224000000000000000e+03 5.525000000000000000e+03
4.257000000000000000e+03 5.379000000000000000e+03
4.290000000000000000e+03 5.431000000000000000e+03
4.323000000000000000e+03 5.405000000000000000e+03
4.356000000000000000e+03 5.553000000000000000e+03
4.389000000000000000e+03 5.242000000000000000e+03
4.422000000000000000e+03 5.247000000000000000e+03
4.455000000000000000e+03 5.261000000000000000e+03
4.488000000000000000e+03 5.292000000000000000e+03
4.521000000000000000e+03 5.123000000000000000e+03
4.554000000000000000e+03 5.020000000000000000e+03
4.587000000000000000e+03 4.829000000000000000e+03
4.620000000000000000e+03 4.788000000000000000e+03
4.653000000000000000e+03 4.949000000000000000e+03
4.686000000000000000e+03 4.681000000000000000e+03
4.719000000000000000e+03 4.613000000000000000e+03
4.752000000000000000e+03 4.571000000000000000e+03
4.785000000000000000e+03 4.434000000000000000e+03
4.818000000000000000e+03 4.351000000000000000e+03
4.851000000000000000e+03 4.276000000000000000e+03
4.884000000000000000e+03 4.148000000000000000e+03
4.917000000000000000e+03 3.976000000000000000e+03
4.950000000000000000e+03 3.966000000000000000e+03
4.983000000000000000e+03 3.719000000000000000e+03
5.016000000000000000e+03 3.712000000000000000e+03
5.049000000000000000e+03 3.551000000000000000e+03
5.082000000000000000e+03 3.352000000000000000e+03
5.115000000000000000e+03 3.318000000000000000e+03
5.148000000000000000e+03 3.077000000000000000e+03
5.181000000000000000e+03 2.919000000000000000e+03
5.214000000000000000e+03 2.917000000000000000e+03
5.247000000000000000e+03 2.770000000000000000e+03
5.280000000000000000e+03 2.669000000000000000e+03
5.313000000000000000e+03 2.437000000000000000e+03
5.346000000000000000e+03 2.281000000000000000e+03
5.379000000000000000e+03 2.169000000000000000e+03
5.412000000000000000e+03 2.157000000000000000e+03
5.445000000000000000e+03 2.066000000000000000e+03
5.478000000000000000e+03 1.947000000000000000e+03
5.511000000000000000e+03 1.917000000000000000e+03
5.544000000000000000e+03 1.820000000000000000e+03
5.577000000000000000e+03 1.719000000000000000e+03
5.610000000000000000e+03 1.727000000000000000e+03
5.643000000000000000e+03 1.704000000000000000e+03
5.676000000000000000e+03 1.544000000000000000e+03
5.709000000000000000e+03 1.580000000000000000e+03
5.742000000000000000e+03 1.514000000000000000e+03
5.775000000000000000e+03 1.547000000000000000e+03
5.808000000000000000e+03 1.578000000000000000e+03
5.841000000000000000e+03 1.594000000000000000e+03
5.874000000000000000e+03 1.603000000000000000e+03
5.907000000000000000e+03 1.629000000000000000e+03
5.940000000000000000e+03 1.771000000000000000e+03
5.973000000000000000e+03 1.783000000000000000e+03
6.006000000000000000e+03 1.875000000000000000e+03
6.039000000000000000e+03 1.888000000000000000e+03
6.072000000000000000e+03 1.958000000000000000e+03
6.105000000000000000e+03 2.225000000000000000e+03
6.138000000000000000e+03 2.317000000000000000e+03
6.171000000000000000e+03 2.452000000000000000e+03
6.204000000000000000e+03 2.500000000000000000e+03
6.237000000000000000e+03 2.658000000000000000e+03
6.270000000000000000e+03 2.882000000000000000e+03
6.303000000000000000e+03 2.982000000000000000e+03
6.336000000000000000e+03 3.196000000000000000e+03
6.369000000000000000e+03 3.344000000000000000e+03
6.402000000000000000e+03 3.582000000000000000e+03
6.435000000000000000e+03 3.616000000000000000e+03
6.468000000000000000e+03 3.822000000000000000e+03
6.501000000000000000e+03 3.915000000000000000e+03
6.534000000000000000e+03 4.111000000000000000e+03
6.567000000000000000e+03 4.209000000000000000e+03
6.600000000000000000e+03 4.523000000000000000e+03
6.633000000000000000e+03 4.586000000000000000e+03
