0.000000000000000000e+00 2.353000000000000000e+03
1.670000000000000000e+02 2.180000000000000000e+03
3.340000000000000000e+02 2.487000000000000000e+03
5.010000000000000000e+02 2.414000000000000000e+03
6.680000000000000000e+02 2.580000000000000000e+03
8.350000000000000000e+02 2.644000000000000000e+03
1.002000000000000000e+03 2.740000000000000000e+03
1.169000000000000000e+03 2.581000000000000000e+03
1.336000000000000000e+03 2.855000000000000000e+03
1.503000000000000000e+03 2.872000000000000000e+03
1.670000000000000000e+03 2.923000000000000000e+03
1.837000000000000000e+03 2.876000000000000000e+03
2.004000000000000000e+03 2.873000000000000000e+03
2.171000000000000000e+03 2.963000000000000000e+03
2.338000000000000000e+03 3.050000000000000000e+03
2.505000000000000000e+03 3.065000000000000000e+03
2.672000000000000000e+03 3.044000000000000000e+03
2.839000000000000000e+03 3.097000000000000000e+03
3.006000000000000000e+03 3.049000000000000000e+03
3.173000000000000000e+03 3.143000000000000000e+03
3.340000000000000000e+03 3.064000000000000000e+03
3.507000000000000000e+03 3.014000000000000000e+03
3.674000000000000000e+03 3.095000000000000000e+03
3.841000000000000000e+03 2.992000000000000000e+03
4.008000000000000000e+03 3.088000000000000000e+03
4.175000000000000000e+03 3.093000000000000000e+03
4.342000000000000000e+03 3.040000000000000000e+03
4.509000000000000000e+03 3.073000000000000000e+03
4.676000000000000000e+03 3.074000000000000000e+03
4.843000000000000000e+03 2.937000000000000000e+03
5.010000000000000000e+03 2.836000000000000000e+03
5.177000000000000000e+03 2.913000000000000000e+03
5.344000000000000000e+03 2.864000000000000000e+03
5.511000000000000000e+03 2.877000000000000000e+03
5.678000000000000000e+03 2.901000000000000000e+03
5.845000000000000000e+03 2.764000000000000000e+03
6.012000000000000000e+03 2.696000000000000000e+03
6.179000000000000000e+03 2.605000000000000000e+03
6.346000000000000000e+03 2.517000000000000000e+03
6.513000000000000000e+03 2.594000000000000000e+03
6.680000000000000000e+03 2.577000000000000000e+03
6.847000000000000000e+03 2.452000000000000000e+03
7.014000000000000000e+03 2.230000000000000000e+03
7.181000000000000000e+03 2.290000000000000000e+03
7.348000000000000000e+03 2.129000000000000000e+03
7.515000000000000000e+03 2.090000000000000000e+03
7.682000000000000000e+03 2.041000000000000000e+03
7.849000000000000000e+03 1.960000000000000000e+03
8.016000000000000000e+03 1.819000000000000000e+03
8.183000000000000000e+03 1.763000000000000000e+03
8.350000000000000000e+03 1.610000000000000000e+03
8.517000000000000000e+03 1.645000000000000000e+03
8.684000000000000000e+03 1.558000000000000000e+03
8.851000000000000000e+03 1.421000000000000000e+03
9.018000000000000000e+03 1.369000000000000000e+03
9.185000000000000000e+03 1.292000000000000000e+03
9.352000000000000000e+03 1.194000000000000000e+03
9.519000000000000000e+03 1.104000000000000000e+03
9.686000000000000000e+03 1.033000000000000000e+03
9.853000000000000000e+03 9.440000000000000000e+02
1.002000000000000000e+04 9.400000000000000000e+02
1.018700000000000000e+04 8.730000000000000000e+02
1.035400000000000000e+04 8.500000000000000000e+02
1.052100000000000000e+04 7.500000000000000000e+02
1.068800000000000000e+04 6.990000000000000000e+02
1.085500000000000000e+04 6.460000000000000000e+02
1.102200000000000000e+04 5.990000000000000000e+02
1.118900000000000000e+04 5.710000000000000000e+02
1.135600000000000000e+04 5.590000000000000000e+02
1.152300000000000000e+04 5.500000000000000000e+02
1.169000000000000000e+04 5.110000000000000000e+02
1.185700000000000000e+04 4.990000000000000000e+02
1.202400000000000000e+04 5.010000000000000000e+02
1.219100000000000000e+04 4.780000000000000000e+02
1.235800000000000000e+04 4.610000000000000000e+02
1.252500000000000000e+04 5.180000000000000000e+02
1.269200000000000000e+04 5.150000000000000000e+02
1.285900000000000000e+04 5.480000000000000000e+02
1.302600000000000000e+04 5.300000000000000000e+02
1.319300000000000000e+04 5.310000000000000000e+02
1.336000000000000000e+04 6.210000000000000000e+02
1.352700000000000000e+04 6.720000000000000000e+02
1.369400000000000000e+04 6.950000000000000000e+02
1.386100000000000000e+04 7.960000000000000000e+02
1.402800000000000000e+04 8.260000000000000000e+02
1.419500000000000000e+04 8.440000000000000000e+02
1.436200000000000000e+04 9.780000000000000000e+02
1.452900000000000000e+04 1.013000000000000000e+03
1.469600000000000000e+04 1.117000000000000000e+03
1.486300000000000000e+04 1.256000000000000000e+03
1.503000000000000000e+04 1.357000000000000000e+03
1.519700000000000000e+04 1.400000000000000000e+03
1.536400000000000000e+04 1.565000000000000000e+03
1.553100000000000000e+04 1.655000000000000000e+03
1.569800000000000000e+04 1.736000000000000000e+03
1.586500000000000000e+04 1.859000000000000000e+03
1.603200000000000000e+04 1.949000000000000000e+03
1.619900000000000000e+04 2.022000000000000000e+03
1.636600000000000000e+04 2.171000000000000000e+03
1.653300000000000000e+04 2.172000000000000000e+03
1.670000000000000000e+04 2.299000000000000000e+03
1.686700000000000000e+04 2.302000000000000000e+03
1.703400000000000000e+04 2.531000000000000000e+03
1.720100000000000000e+04 2.574000000000000000e+03
1.736800000000000000e+04 2.695000000000000000e+03
1.753500000000000000e+04 2.659000000000000000e+03
1.770200000000000000e+04 2.665000000000000000e+03
1.786900000000000000e+04 2.815000000000000000e+03
1.803600000000000000e+04 2.782000000000000000e+03
1.820300000000000000e+04 2.824000000000000000e+03
1.837000000000000000e+04 2.853000000000000000e+03
1.853700000000000000e+04 2.830000000000000000e+03
1.870400000000000000e+04 2.973000000000000000e+03
1.887100000000000000e+04 3.017000000000000000e+03
1.903800000000000000e+04 3.011000000000000000e+03
1.920500000000000000e+04 3.054000000000000000e+03
1.937200000000000000e+04 3.086000000000000000e+03
1.953900000000000000e+04 2.966000000000000000e+03
1.970600000000000000e+04 3.113000000000000000e+03
1.987300000000000000e+04 3.147000000000000000e+03
2.004000000000000000e+04 3.092000000000000000e+03
2.020700000000000000e+04 3.084000000000000000e+03
2.037400000000000000e+04 3.106000000000000000e+03
2.054100000000000000e+04 3.139000000000000000e+03
2.070800000000000000e+04 3.181000000000000000e+03
2.087500000000000000e+04 3.070000000000000000e+03
2.104200000000000000e+04 3.044000000000000000e+03
2.120900000000000000e+04 3.021000000000000000e+03
2.137600000000000000e+04 3.016000000000000000e+03
2.154300000000000000e+04 2.925000000000000000e+03
2.171000000000000000e+04 3.007000000000000000e+03
2.187700000000000000e+04 2.874000000000000000e+03
2.204400000000000000e+04 2.873000000000000000e+03
2.221100000000000000e+04 2.891000000000000000e+03
2.237800000000000000e+04 2.743000000000000000e+03
2.254500000000000000e+04 2.753000000000000000e+03
2.271200000000000000e+04 2.743000000000000000e+03
2.287900000000000000e+04 2.713000000000000000e+03
2.304600000000000000e+04 2.598000000000000000e+03
2.321300000000000000e+04 2.588000000000000000e+03
2.338000000000000000e+04 2.536000000000000000e+03
2.354700000000000000e+04 2.357000000000000000e+03
2.371400000000000000e+04 2.247000000000000000e+03
2.388100000000000000e+04 2.219000000000000000e+03
2.404800000000000000e+04 2.208000000000000000e+03
2.421500000000000000e+04 2.042000000000000000e+03
2.438200000000000000e+04 2.024000000000000000e+03
2.454900000000000000e+04 1.948000000000000000e+03
2.471600000000000000e+04 1.853000000000000000e+03
2.488300000000000000e+04 1.670000000000000000e+03
2.505000000000000000e+04 1.704000000000000000e+03
2.521700000000000000e+04 1.556000000000000000e+03
2.538400000000000000e+04 1.545000000000000000e+03
2.555100000000000000e+04 1.452000000000000000e+03
2.571800000000000000e+04 1.373000000000000000e+03
2.588500000000000000e+04 1.298000000000000000e+03
2.605200000000000000e+04 1.184000000000000000e+03
2.621900000000000000e+04 1.065000000000000000e+03
2.638600000000000000e+04 9.790000000000000000e+02
2.655300000000000000e+04 9.800000000000000000e+02
2.672000000000000000e+04 8.810000000000000000e+02
2.688700000000000000e+04 8.000000000000000000e+02
2.705400000000000000e+04 7.560000000000000000e+02
2.722100000000000000e+04 7.290000000000000000e+02
2.738800000000000000e+04 6.760000000000000000e+02
2.755500000000000000e+04 6.310000000000000000e+02
2.772200000000000000e+04 5.960000000000000000e+02
2.788900000000000000e+04 5.250000000000000000e+02
2.805600000000000000e+04 5.150000000000000000e+02
2.822300000000000000e+04 5.170000000000000000e+02
2.839000000000000000e+04 5.010000000000000000e+02
2.855700000000000000e+04 4.810000000000000000e+02
2.872400000000000000e+04 5.160000000000000000e+02
2.889100000000000000e+04 4.840000000000000000e+02
2.905800000000000000e+04 4.910000000000000000e+02
2.922500000000000000e+04 5.100000000000000000e+02
2.939200000000000000e+04 5.220000000000000000e+02
2.955900000000000000e+04 4.970000000000000000e+02
2.972600000000000000e+04 5.420000000000000000e+02
2.989300000000000000e+04 6.100000000000000000e+02
3.006000000000000000e+04 6.410000000000000000e+02
3.022700000000000000e+04 6.010000000000000000e+02
3.039400000000000000e+04 6.910000000000000000e+02
3.056100000000000000e+04 7.920000000000000000e+02
3.072800000000000000e+04 9.170000000000000000e+02
3.089500000000000000e+04 9.360000000000000000e+02
3.106200000000000000e+04 1.027000000000000000e+03
3.122900000000000000e+04 1.077000000000000000e+03
3.139600000000000000e+04 1.215000000000000000e+03
3.156300000000000000e+04 1.222000000000000000e+03
3.173000000000000000e+04 1.324000000000000000e+03
3.189700000000000000e+04 1.471000000000000000e+03
3.206400000000000000e+04 1.471000000000000000e+03
3.223100000000000000e+04 1.676000000000000000e+03
3.239800000000000000e+04 1.828000000000000000e+03
3.256500000000000000e+04 1.898000000000000000e+03
3.273200000000000000e+04 1.990000000000000000e+03
3.289900000000000000e+04 2.074000000000000000e+03
3.306600000000000000e+04 2.112000000000000000e+03
