0.000000000000000000e+00 2.172000000000000000e+03
3.330000000000000000e+02 2.252000000000000000e+03
6.660000000000000000e+02 2.341000000000000000e+03
9.990000000000000000e+02 2.505000000000000000e+03
1.332000000000000000e+03 2.482000000000000000e+03
1.665000000000000000e+03 2.543000000000000000e+03
1.998000000000000000e+03 2.480000000000000000e+03
2.331000000000000000e+03 2.621000000000000000e+03
2.664000000000000000e+03 2.637000000000000000e+03
2.997000000000000000e+03 2.658000000000000000e+03
3.330000000000000000e+03 2.788000000000000000e+03
3.663000000000000000e+03 2.687000000000000000e+03
3.996000000000000000e+03 2.811000000000000000e+03
4.329000000000000000e+03 2.898000000000000000e+03
4.662000000000000000e+03 2.735000000000000000e+03
4.995000000000000000e+03 2.870000000000000000e+03
5.328000000000000000e+03 2.791000000000000000e+03
5.661000000000000000e+03 2.831000000000000000e+03
5.994000000000000000e+03 2.797000000000000000e+03
6.327000000000000000e+03 2.823000000000000000e+03
6.660000000000000000e+03 2.781000000000000000e+03
6.993000000000000000e+03 2.909000000000000000e+03
7.326000000000000000e+03 2.857000000000000000e+03
7.659000000000000000e+03 2.855000000000000000e+03
7.992000000000000000e+03 2.870000000000000000e+03
8.325000000000000000e+03 2.780000000000000000e+03
8.658000000000000000e+03 2.779000000000000000e+03
8.991000000000000000e+03 2.794000000000000000e+03
9.324000000000000000e+03 2.800000000000000000e+03
9.657000000000000000e+03 2.813000000000000000e+03
9.990000000000000000e+03 2.787000000000000000e+03
1.032300000000000000e+04 2.680000000000000000e+03
1.065600000000000000e+04 2.665000000000000000e+03
1.098900000000000000e+04 2.605000000000000000e+03
1.132200000000000000e+04 2.643000000000000000e+03
1.165500000000000000e+04 2.502000000000000000e+03
1.198800000000000000e+04 2.438000000000000000e+03
1.232100000000000000e+04 2.410000000000000000e+03
1.265400000000000000e+04 2.411000000000000000e+03
1.298700000000000000e+04 2.307000000000000000e+03
1.332000000000000000e+04 2.348000000000000000e+03
1.365300000000000000e+04 2.136000000000000000e+03
1.398600000000000000e+04 2.187000000000000000e+03
1.431900000000000000e+04 1.976000000000000000e+03
1.465200000000000000e+04 1.991000000000000000e+03
1.498500000000000000e+04 1.873000000000000000e+03
1.531800000000000000e+04 1.766000000000000000e+03
1.565100000000000000e+04 1.755000000000000000e+03
1.598400000000000000e+04 1.596000000000000000e+03
1.631700000000000000e+04 1.572000000000000000e+03
1.665000000000000000e+04 1.522000000000000000e+03
1.698300000000000000e+04 1.393000000000000000e+03
1.731600000000000000e+04 1.300000000000000000e+03
1.764900000000000000e+04 1.250000000000000000e+03
1.798200000000000000e+04 1.165000000000000000e+03
1.831500000000000000e+04 1.041000000000000000e+03
1.864800000000000000e+04 9.900000000000000000e+02
1.898100000000000000e+04 9.460000000000000000e+02
1.931400000000000000e+04 8.770000000000000000e+02
1.964700000000000000e+04 7.960000000000000000e+02
1.998000000000000000e+04 7.420000000000000000e+02
2.031300000000000000e+04 6.850000000000000000e+02
2.064600000000000000e+04 6.940000000000000000e+02
2.097900000000000000e+04 5.950000000000000000e+02
2.131200000000000000e+04 6.070000000000000000e+02
2.164500000000000000e+04 5.530000000000000000e+02
2.197800000000000000e+04 4.630000000000000000e+02
2.231100000000000000e+04 5.090000000000000000e+02
2.264400000000000000e+04 5.060000000000000000e+02
2.297700000000000000e+04 4.490000000000000000e+02
2.331000000000000000e+04 4.130000000000000000e+02
2.364300000000000000e+04 4.270000000000000000e+02
2.397600000000000000e+04 4.270000000000000000e+02
2.430900000000000000e+04 4.580000000000000000e+02
2.464200000000000000e+04 4.700000000000000000e+02
2.497500000000000000e+04 4.880000000000000000e+02
2.530800000000000000e+04 4.680000000000000000e+02
2.564100000000000000e+04 5.060000000000000000e+02
2.597400000000000000e+04 5.480000000000000000e+02
2.630700000000000000e+04 5.990000000000000000e+02
2.664000000000000000e+04 6.010000000000000000e+02
2.697300000000000000e+04 6.820000000000000000e+02
2.730600000000000000e+04 7.440000000000000000e+02
2.763900000000000000e+04 8.200000000000000000e+02
2.797200000000000000e+04 8.220000000000000000e+02
2.830500000000000000e+04 9.210000000000000000e+02
2.863800000000000000e+04 1.038000000000000000e+03
2.897100000000000000e+04 1.076000000000000000e+03
2.930400000000000000e+04 1.196000000000000000e+03
2.963700000000000000e+04 1.308000000000000000e+03
2.997000000000000000e+04 1.363000000000000000e+03
3.030300000000000000e+04 1.491000000000000000e+03
3.063600000000000000e+04 1.522000000000000000e+03
3.096900000000000000e+04 1.713000000000000000e+03
3.130200000000000000e+04 1.804000000000000000e+03
3.163500000000000000e+04 1.829000000000000000e+03
3.196800000000000000e+04 1.860000000000000000e+03
3.230100000000000000e+04 2.034000000000000000e+03
3.263400000000000000e+04 1.993000000000000000e+03
3.296700000000000000e+04 2.153000000000000000e+03
3.330000000000000000e+04 2.202000000000000000e+03
3.363300000000000000e+04 2.296000000000000000e+03
3.396600000000000000e+04 2.300000000000000000e+03
3.429900000000000000e+04 2.447000000000000000e+03
3.463200000000000000e+04 2.495000000000000000e+03
3.496500000000000000e+04 2.547000000000000000e+03
3.529800000000000000e+04 2.650000000000000000e+03
3.563100000000000000e+04 2.533000000000000000e+03
3.596400000000000000e+04 2.651000000000000000e+03
3.629700000000000000e+04 2.556000000000000000e+03
3.663000000000000000e+04 2.619000000000000000e+03
3.696300000000000000e+04 2.681000000000000000e+03
3.729600000000000000e+04 2.768000000000000000e+03
3.762900000000000000e+04 2.792000000000000000e+03
3.796200000000000000e+04 2.819000000000000000e+03
3.829500000000000000e+04 2.745000000000000000e+03
3.862800000000000000e+04 2.785000000000000000e+03
3.896100000000000000e+04 2.804000000000000000e+03
3.929400000000000000e+04 2.803000000000000000e+03
3.962700000000000000e+04 2.889000000000000000e+03
3.996000000000000000e+04 2.796000000000000000e+03
4.029300000000000000e+04 2.864000000000000000e+03
4.062600000000000000e+04 2.854000000000000000e+03
4.095900000000000000e+04 2.818000000000000000e+03
4.129200000000000000e+04 2.797000000000000000e+03
4.162500000000000000e+04 2.866000000000000000e+03
4.195800000000000000e+04 2.780000000000000000e+03
4.229100000000000000e+04 2.770000000000000000e+03
4.262400000000000000e+04 2.870000000000000000e+03
4.295700000000000000e+04 2.692000000000000000e+03
4.329000000000000000e+04 2.753000000000000000e+03
4.362300000000000000e+04 2.622000000000000000e+03
4.395600000000000000e+04 2.664000000000000000e+03
4.428900000000000000e+04 2.593000000000000000e+03
4.462200000000000000e+04 2.651000000000000000e+03
4.495500000000000000e+04 2.514000000000000000e+03
4.528800000000000000e+04 2.574000000000000000e+03
4.562100000000000000e+04 2.479000000000000000e+03
4.595400000000000000e+04 2.421000000000000000e+03
4.628700000000000000e+04 2.354000000000000000e+03
4.662000000000000000e+04 2.317000000000000000e+03
4.695300000000000000e+04 2.253000000000000000e+03
4.728600000000000000e+04 2.165000000000000000e+03
4.761900000000000000e+04 2.123000000000000000e+03
4.795200000000000000e+04 2.057000000000000000e+03
4.828500000000000000e+04 1.941000000000000000e+03
4.861800000000000000e+04 1.870000000000000000e+03
4.895100000000000000e+04 1.794000000000000000e+03
4.928400000000000000e+04 1.572000000000000000e+03
4.961700000000000000e+04 1.563000000000000000e+03
4.995000000000000000e+04 1.504000000000000000e+03
5.028300000000000000e+04 1.406000000000000000e+03
5.061600000000000000e+04 1.328000000000000000e+03
5.094900000000000000e+04 1.271000000000000000e+03
5.128200000000000000e+04 1.129000000000000000e+03
5.161500000000000000e+04 1.084000000000000000e+03
5.194800000000000000e+04 9.760000000000000000e+02
5.228100000000000000e+04 8.990000000000000000e+02
5.261400000000000000e+04 8.460000000000000000e+02
5.294700000000000000e+04 8.760000000000000000e+02
5.328000000000000000e+04 7.440000000000000000e+02
5.361300000000000000e+04 7.270000000000000000e+02
5.394600000000000000e+04 6.380000000000000000e+02
5.427900000000000000e+04 6.130000000000000000e+02
5.461200000000000000e+04 5.770000000000000000e+02
5.494500000000000000e+04 5.640000000000000000e+02
5.527800000000000000e+04 4.540000000000000000e+02
5.561100000000000000e+04 4.620000000000000000e+02
5.594400000000000000e+04 4.560000000000000000e+02
5.627700000000000000e+04 4.670000000000000000e+02
5.661000000000000000e+04 4.450000000000000000e+02
5.694300000000000000e+04 4.650000000000000000e+02
5.727600000000000000e+04 4.500000000000000000e+02
5.760900000000000000e+04 4.640000000000000000e+02
5.794200000000000000e+04 4.870000000000000000e+02
5.827500000000000000e+04 4.470000000000000000e+02
5.860800000000000000e+04 4.860000000000000000e+02
5.894100000000000000e+04 5.330000000000000000e+02
5.927400000000000000e+04 5.410000000000000000e+02
5.960700000000000000e+04 5.950000000000000000e+02
5.994000000000000000e+04 6.200000000000000000e+02
6.027300000000000000e+04 6.760000000000000000e+02
6.060600000000000000e+04 7.510000000000000000e+02
6.093900000000000000e+04 7.340000000000000000e+02
6.127200000000000000e+04 8.010000000000000000e+02
6.160500000000000000e+04 9.230000000000000000e+02
6.193800000000000000e+04 1.138000000000000000e+03
6.227100000000000000e+04 1.116000000000000000e+03
6.260400000000000000e+04 1.178000000000000000e+03
6.293700000000000000e+04 1.242000000000000000e+03
6.327000000000000000e+04 1.299000000000000000e+03
6.360300000000000000e+04 1.489000000000000000e+03
6.393600000000000000e+04 1.540000000000000000e+03
6.426900000000000000e+04 1.644000000000000000e+03
6.460200000000000000e+04 1.809000000000000000e+03
6.493500000000000000e+04 1.811000000000000000e+03
6.526800000000000000e+04 1.941000000000000000e+03
6.560100000000000000e+04 1.974000000000000000e+03
6.593400000000000000e+04 2.103000000000000000e+03
6.626700000000000000e+04 2.118000000000000000e+03
