0.000000000000000000e+00 3.060000000000000000e+03
5.000000000000000000e+03 3.092000000000000000e+03
1.000000000000000000e+04 3.232000000000000000e+03
1.500000000000000000e+04 3.388000000000000000e+03
2.000000000000000000e+04 3.457000000000000000e+03
2.500000000000000000e+04 3.466000000000000000e+03
3.000000000000000000e+04 3.540000000000000000e+03
3.500000000000000000e+04 3.561000000000000000e+03
4.000000000000000000e+04 3.864000000000000000e+03
4.500000000000000000e+04 3.733000000000000000e+03
5.000000000000000000e+04 3.789000000000000000e+03
5.500000000000000000e+04 3.967000000000000000e+03
6.000000000000000000e+04 3.705000000000000000e+03
6.500000000000000000e+04 3.942000000000000000e+03
7.000000000000000000e+04 3.958000000000000000e+03
7.500000000000000000e+04 3.864000000000000000e+03
8.000000000000000000e+04 3.958000000000000000e+03
8.500000000000000000e+04 3.937000000000000000e+03
9.000000000000000000e+04 3.999000000000000000e+03
9.500000000000000000e+04 3.940000000000000000e+03
1.000000000000000000e+05 3.954000000000000000e+03
1.050000000000000000e+05 3.983000000000000000e+03
1.100000000000000000e+05 3.898000000000000000e+03
1.150000000000000000e+05 4.003000000000000000e+03
1.200000000000000000e+05 3.993000000000000000e+03
1.250000000000000000e+05 3.945000000000000000e+03
1.300000000000000000e+05 3.801000000000000000e+03
1.350000000000000000e+05 3.873000000000000000e+03
1.400000000000000000e+05 3.864000000000000000e+03
1.450000000000000000e+05 3.764000000000000000e+03
1.500000000000000000e+05 3.715000000000000000e+03
1.550000000000000000e+05 3.715000000000000000e+03
1.600000000000000000e+05 3.682000000000000000e+03
1.650000000000000000e+05 3.606000000000000000e+03
1.700000000000000000e+05 3.560000000000000000e+03
1.750000000000000000e+05 3.393000000000000000e+03
1.800000000000000000e+05 3.313000000000000000e+03
1.850000000000000000e+05 3.251000000000000000e+03
1.900000000000000000e+05 3.164000000000000000e+03
1.950000000000000000e+05 3.012000000000000000e+03
2.000000000000000000e+05 2.855000000000000000e+03
2.050000000000000000e+05 2.746000000000000000e+03
2.100000000000000000e+05 2.775000000000000000e+03
2.150000000000000000e+05 2.507000000000000000e+03
2.200000000000000000e+05 2.420000000000000000e+03
2.250000000000000000e+05 2.270000000000000000e+03
2.300000000000000000e+05 2.162000000000000000e+03
2.350000000000000000e+05 2.035000000000000000e+03
2.400000000000000000e+05 1.937000000000000000e+03
2.450000000000000000e+05 1.789000000000000000e+03
2.500000000000000000e+05 1.528000000000000000e+03
2.550000000000000000e+05 1.434000000000000000e+03
2.600000000000000000e+05 1.465000000000000000e+03
2.650000000000000000e+05 1.296000000000000000e+03
2.700000000000000000e+05 1.154000000000000000e+03
2.750000000000000000e+05 1.066000000000000000e+03
2.800000000000000000e+05 1.036000000000000000e+03
2.850000000000000000e+05 9.040000000000000000e+02
2.900000000000000000e+05 7.860000000000000000e+02
2.950000000000000000e+05 7.750000000000000000e+02
3.000000000000000000e+05 6.720000000000000000e+02
3.050000000000000000e+05 6.060000000000000000e+02
3.100000000000000000e+05 5.710000000000000000e+02
3.150000000000000000e+05 5.400000000000000000e+02
3.200000000000000000e+05 5.280000000000000000e+02
3.250000000000000000e+05 4.480000000000000000e+02
3.300000000000000000e+05 4.660000000000000000e+02
3.350000000000000000e+05 4.230000000000000000e+02
3.400000000000000000e+05 4.820000000000000000e+02
3.450000000000000000e+05 4.510000000000000000e+02
3.500000000000000000e+05 4.620000000000000000e+02
3.550000000000000000e+05 4.600000000000000000e+02
3.600000000000000000e+05 4.300000000000000000e+02
3.650000000000000000e+05 4.290000000000000000e+02
3.700000000000000000e+05 4.860000000000000000e+02
3.750000000000000000e+05 5.590000000000000000e+02
3.800000000000000000e+05 5.580000000000000000e+02
3.850000000000000000e+05 6.310000000000000000e+02
3.900000000000000000e+05 6.630000000000000000e+02
3.950000000000000000e+05 7.700000000000000000e+02
4.000000000000000000e+05 7.810000000000000000e+02
4.050000000000000000e+05 8.040000000000000000e+02
4.100000000000000000e+05 9.920000000000000000e+02
4.150000000000000000e+05 1.024000000000000000e+03
4.200000000000000000e+05 1.163000000000000000e+03
4.250000000000000000e+05 1.197000000000000000e+03
4.300000000000000000e+05 1.367000000000000000e+03
4.350000000000000000e+05 1.475000000000000000e+03
4.400000000000000000e+05 1.609000000000000000e+03
4.450000000000000000e+05 1.712000000000000000e+03
4.500000000000000000e+05 1.873000000000000000e+03
4.550000000000000000e+05 1.950000000000000000e+03
4.600000000000000000e+05 2.038000000000000000e+03
4.650000000000000000e+05 2.087000000000000000e+03
4.700000000000000000e+05 2.407000000000000000e+03
4.750000000000000000e+05 2.545000000000000000e+03
4.800000000000000000e+05 2.632000000000000000e+03
4.850000000000000000e+05 2.684000000000000000e+03
4.900000000000000000e+05 2.805000000000000000e+03
4.950000000000000000e+05 2.877000000000000000e+03
5.000000000000000000e+05 3.067000000000000000e+03
5.050000000000000000e+05 3.055000000000000000e+03
5.100000000000000000e+05 3.255000000000000000e+03
5.150000000000000000e+05 3.217000000000000000e+03
5.200000000000000000e+05 3.411000000000000000e+03
5.250000000000000000e+05 3.562000000000000000e+03
5.300000000000000000e+05 3.590000000000000000e+03
5.350000000000000000e+05 3.741000000000000000e+03
5.400000000000000000e+05 3.736000000000000000e+03
5.450000000000000000e+05 3.805000000000000000e+03
5.500000000000000000e+05 3.710000000000000000e+03
5.550000000000000000e+05 3.859000000000000000e+03
5.600000000000000000e+05 3.867000000000000000e+03
5.650000000000000000e+05 3.975000000000000000e+03
5.700000000000000000e+05 3.888000000000000000e+03
5.750000000000000000e+05 3.885000000000000000e+03
5.800000000000000000e+05 4.121000000000000000e+03
5.850000000000000000e+05 4.007000000000000000e+03
5.900000000000000000e+05 4.028000000000000000e+03
5.950000000000000000e+05 4.213000000000000000e+03
6.000000000000000000e+05 4.037000000000000000e+03
6.050000000000000000e+05 3.843000000000000000e+03
6.100000000000000000e+05 4.046000000000000000e+03
6.150000000000000000e+05 3.925000000000000000e+03
6.200000000000000000e+05 4.049000000000000000e+03
6.250000000000000000e+05 3.979000000000000000e+03
6.300000000000000000e+05 3.799000000000000000e+03
6.350000000000000000e+05 3.810000000000000000e+03
6.400000000000000000e+05 3.793000000000000000e+03
6.450000000000000000e+05 3.801000000000000000e+03
6.500000000000000000e+05 3.740000000000000000e+03
6.550000000000000000e+05 3.652000000000000000e+03
6.600000000000000000e+05 3.653000000000000000e+03
6.650000000000000000e+05 3.557000000000000000e+03
6.700000000000000000e+05 3.444000000000000000e+03
6.750000000000000000e+05 3.400000000000000000e+03
6.800000000000000000e+05 3.351000000000000000e+03
6.850000000000000000e+05 3.279000000000000000e+03
6.900000000000000000e+05 3.029000000000000000e+03
6.950000000000000000e+05 3.043000000000000000e+03
7.000000000000000000e+05 2.955000000000000000e+03
7.050000000000000000e+05 2.748000000000000000e+03
7.100000000000000000e+05 2.654000000000000000e+03
7.150000000000000000e+05 2.443000000000000000e+03
7.200000000000000000e+05 2.403000000000000000e+03
7.250000000000000000e+05 2.167000000000000000e+03
7.300000000000000000e+05 2.087000000000000000e+03
7.350000000000000000e+05 2.013000000000000000e+03
7.400000000000000000e+05 1.929000000000000000e+03
7.450000000000000000e+05 1.749000000000000000e+03
7.500000000000000000e+05 1.628000000000000000e+03
7.550000000000000000e+05 1.478000000000000000e+03
7.600000000000000000e+05 1.406000000000000000e+03
7.650000000000000000e+05 1.333000000000000000e+03
7.700000000000000000e+05 1.191000000000000000e+03
7.750000000000000000e+05 1.098000000000000000e+03
7.800000000000000000e+05 9.120000000000000000e+02
7.850000000000000000e+05 9.320000000000000000e+02
7.900000000000000000e+05 8.110000000000000000e+02
7.950000000000000000e+05 7.650000000000000000e+02
8.000000000000000000e+05 7.400000000000000000e+02
8.050000000000000000e+05 6.810000000000000000e+02
8.100000000000000000e+05 5.400000000000000000e+02
8.150000000000000000e+05 5.560000000000000000e+02
8.200000000000000000e+05 4.740000000000000000e+02
8.250000000000000000e+05 4.590000000000000000e+02
8.300000000000000000e+05 4.820000000000000000e+02
8.350000000000000000e+05 4.500000000000000000e+02
8.400000000000000000e+05 3.990000000000000000e+02
8.450000000000000000e+05 4.040000000000000000e+02
8.500000000000000000e+05 4.160000000000000000e+02
8.550000000000000000e+05 4.510000000000000000e+02
8.600000000000000000e+05 4.090000000000000000e+02
8.650000000000000000e+05 4.850000000000000000e+02
8.700000000000000000e+05 5.220000000000000000e+02
8.750000000000000000e+05 5.780000000000000000e+02
8.800000000000000000e+05 5.460000000000000000e+02
8.850000000000000000e+05 6.220000000000000000e+02
8.900000000000000000e+05 6.530000000000000000e+02
8.950000000000000000e+05 6.880000000000000000e+02
9.000000000000000000e+05 7.890000000000000000e+02
9.050000000000000000e+05 8.360000000000000000e+02
9.100000000000000000e+05 9.620000000000000000e+02
9.150000000000000000e+05 1.035000000000000000e+03
9.200000000000000000e+05 1.129000000000000000e+03
9.250000000000000000e+05 1.193000000000000000e+03
9.300000000000000000e+05 1.311000000000000000e+03
9.350000000000000000e+05 1.494000000000000000e+03
9.400000000000000000e+05 1.609000000000000000e+03
9.450000000000000000e+05 1.721000000000000000e+03
9.500000000000000000e+05 1.861000000000000000e+03
9.550000000000000000e+05 1.962000000000000000e+03
9.600000000000000000e+05 2.189000000000000000e+03
9.650000000000000000e+05 2.312000000000000000e+03
9.700000000000000000e+05 2.379000000000000000e+03
9.750000000000000000e+05 2.520000000000000000e+03
9.800000000000000000e+05 2.664000000000000000e+03
9.850000000000000000e+05 2.704000000000000000e+03
9.900000000000000000e+05 2.809000000000000000e+03
9.950000000000000000e+05 2.933000000000000000e+03
