0.000000000000000000e+00 4.686000000000000000e+03
3.333000000000000000e+03 4.794000000000000000e+03
6.666000000000000000e+03 4.909000000000000000e+03
9.999000000000000000e+03 4.894000000000000000e+03
1.333200000000000000e+04 5.172000000000000000e+03
1.666500000000000000e+04 5.282000000000000000e+03
1.999800000000000000e+04 5.510000000000000000e+03
2.333100000000000000e+04 5.435000000000000000e+03
2.666400000000000000e+04 5.557000000000000000e+03
2.999700000000000000e+04 5.424000000000000000e+03
3.333000000000000000e+04 5.516000000000000000e+03
3.666300000000000000e+04 5.674000000000000000e+03
3.999600000000000000e+04 5.651000000000000000e+03
4.332900000000000000e+04 5.734000000000000000e+03
4.666200000000000000e+04 5.895000000000000000e+03
4.999500000000000000e+04 5.819000000000000000e+03
5.332800000000000000e+04 5.976000000000000000e+03
5.666100000000000000e+04 5.976000000000000000e+03
5.999400000000000000e+04 5.829000000000000000e+03
6.332700000000000000e+04 5.890000000000000000e+03
6.666000000000000000e+04 5.944000000000000000e+03
6.999300000000000000e+04 5.885000000000000000e+03
7.332600000000000000e+04 5.859000000000000000e+03
7.665900000000000000e+04 5.723000000000000000e+03
7.999200000000000000e+04 5.820000000000000000e+03
8.332500000000000000e+04 5.740000000000000000e+03
8.665800000000000000e+04 5.764000000000000000e+03
8.999100000000000000e+04 5.801000000000000000e+03
9.332400000000000000e+04 5.827000000000000000e+03
9.665700000000000000e+04 5.673000000000000000e+03
9.999000000000000000e+04 5.560000000000000000e+03
1.033230000000000000e+05 5.575000000000000000e+03
1.066560000000000000e+05 5.533000000000000000e+03
1.099890000000000000e+05 5.200000000000000000e+03
1.133220000000000000e+05 5.263000000000000000e+03
1.166550000000000000e+05 5.092000000000000000e+03
1.199880000000000000e+05 5.046000000000000000e+03
1.233210000000000000e+05 4.919000000000000000e+03
1.266540000000000000e+05 4.736000000000000000e+03
1.299870000000000000e+05 4.610000000000000000e+03
1.333200000000000000e+05 4.454000000000000000e+03
1.366530000000000000e+05 4.363000000000000000e+03
1.399860000000000000e+05 4.254000000000000000e+03
1.433190000000000000e+05 3.945000000000000000e+03
1.466520000000000000e+05 3.778000000000000000e+03
1.499850000000000000e+05 3.713000000000000000e+03
1.533180000000000000e+05 3.479000000000000000e+03
1.566510000000000000e+05 3.245000000000000000e+03
1.599840000000000000e+05 3.106000000000000000e+03
1.633170000000000000e+05 2.915000000000000000e+03
1.666500000000000000e+05 2.817000000000000000e+03
1.699830000000000000e+05 2.509000000000000000e+03
1.733160000000000000e+05 2.298000000000000000e+03
1.766490000000000000e+05 2.129000000000000000e+03
1.799820000000000000e+05 2.033000000000000000e+03
1.833150000000000000e+05 1.889000000000000000e+03
1.866480000000000000e+05 1.687000000000000000e+03
1.899810000000000000e+05 1.571000000000000000e+03
1.933140000000000000e+05 1.498000000000000000e+03
1.966470000000000000e+05 1.356000000000000000e+03
1.999800000000000000e+05 1.303000000000000000e+03
2.033130000000000000e+05 1.197000000000000000e+03
2.066460000000000000e+05 1.082000000000000000e+03
2.099790000000000000e+05 1.004000000000000000e+03
2.133120000000000000e+05 9.160000000000000000e+02
2.166450000000000000e+05 9.300000000000000000e+02
2.199780000000000000e+05 9.140000000000000000e+02
2.233110000000000000e+05 8.280000000000000000e+02
2.266440000000000000e+05 8.620000000000000000e+02
2.299770000000000000e+05 8.160000000000000000e+02
2.333100000000000000e+05 8.510000000000000000e+02
2.366430000000000000e+05 8.370000000000000000e+02
2.399760000000000000e+05 8.180000000000000000e+02
2.433090000000000000e+05 9.290000000000000000e+02
2.466420000000000000e+05 9.750000000000000000e+02
2.499750000000000000e+05 1.032000000000000000e+03
2.533080000000000000e+05 1.062000000000000000e+03
2.566410000000000000e+05 1.107000000000000000e+03
2.599740000000000000e+05 1.258000000000000000e+03
2.633070000000000000e+05 1.316000000000000000e+03
2.666400000000000000e+05 1.374000000000000000e+03
2.699730000000000000e+05 1.470000000000000000e+03
2.733060000000000000e+05 1.612000000000000000e+03
2.766390000000000000e+05 1.785000000000000000e+03
2.799720000000000000e+05 1.951000000000000000e+03
2.833050000000000000e+05 2.010000000000000000e+03
2.866380000000000000e+05 2.227000000000000000e+03
2.899710000000000000e+05 2.439000000000000000e+03
2.933040000000000000e+05 2.584000000000000000e+03
2.966370000000000000e+05 2.814000000000000000e+03
2.999700000000000000e+05 2.840000000000000000e+03
3.033030000000000000e+05 3.091000000000000000e+03
3.066360000000000000e+05 3.324000000000000000e+03
3.099690000000000000e+05 3.664000000000000000e+03
3.133020000000000000e+05 3.694000000000000000e+03
3.166350000000000000e+05 3.856000000000000000e+03
3.199680000000000000e+05 4.051000000000000000e+03
3.233010000000000000e+05 4.244000000000000000e+03
3.266340000000000000e+05 4.432000000000000000e+03
3.299670000000000000e+05 4.504000000000000000e+03
3.333000000000000000e+05 4.736000000000000000e+03
3.366330000000000000e+05 4.746000000000000000e+03
3.399660000000000000e+05 4.894000000000000000e+03
3.432990000000000000e+05 4.977000000000000000e+03
3.466320000000000000e+05 5.128000000000000000e+03
3.499650000000000000e+05 5.266000000000000000e+03
3.532980000000000000e+05 5.363000000000000000e+03
3.566310000000000000e+05 5.529000000000000000e+03
3.599640000000000000e+05 5.507000000000000000e+03
3.632970000000000000e+05 5.680000000000000000e+03
3.666300000000000000e+05 5.707000000000000000e+03
3.699630000000000000e+05 5.726000000000000000e+03
3.732960000000000000e+05 5.588000000000000000e+03
3.766290000000000000e+05 5.754000000000000000e+03
3.799620000000000000e+05 5.807000000000000000e+03
3.832950000000000000e+05 5.847000000000000000e+03
3.866280000000000000e+05 5.636000000000000000e+03
3.899610000000000000e+05 5.899000000000000000e+03
3.932940000000000000e+05 5.979000000000000000e+03
3.966270000000000000e+05 5.811000000000000000e+03
3.999600000000000000e+05 5.682000000000000000e+03
4.032930000000000000e+05 5.851000000000000000e+03
4.066260000000000000e+05 5.780000000000000000e+03
4.099590000000000000e+05 5.838000000000000000e+03
4.132920000000000000e+05 5.679000000000000000e+03
4.166250000000000000e+05 5.835000000000000000e+03
4.199580000000000000e+05 5.886000000000000000e+03
4.232910000000000000e+05 5.815000000000000000e+03
4.266240000000000000e+05 5.630000000000000000e+03
4.299570000000000000e+05 5.696000000000000000e+03
4.332900000000000000e+05 5.495000000000000000e+03
4.366230000000000000e+05 5.496000000000000000e+03
4.399560000000000000e+05 5.402000000000000000e+03
4.432890000000000000e+05 5.295000000000000000e+03
4.466220000000000000e+05 5.164000000000000000e+03
4.499550000000000000e+05 5.041000000000000000e+03
4.532880000000000000e+05 4.856000000000000000e+03
4.566210000000000000e+05 4.997000000000000000e+03
4.599540000000000000e+05 4.724000000000000000e+03
4.632870000000000000e+05 4.713000000000000000e+03
4.666200000000000000e+05 4.259000000000000000e+03
4.699530000000000000e+05 4.265000000000000000e+03
4.732860000000000000e+05 4.208000000000000000e+03
4.766190000000000000e+05 4.055000000000000000e+03
4.799520000000000000e+05 3.805000000000000000e+03
4.832850000000000000e+05 3.633000000000000000e+03
4.866180000000000000e+05 3.393000000000000000e+03
4.899510000000000000e+05 3.181000000000000000e+03
4.932840000000000000e+05 3.057000000000000000e+03
4.966170000000000000e+05 2.894000000000000000e+03
4.999500000000000000e+05 2.684000000000000000e+03
5.032830000000000000e+05 2.482000000000000000e+03
5.066160000000000000e+05 2.354000000000000000e+03
5.099490000000000000e+05 2.239000000000000000e+03
5.132820000000000000e+05 2.055000000000000000e+03
5.166150000000000000e+05 1.877000000000000000e+03
5.199480000000000000e+05 1.747000000000000000e+03
5.232810000000000000e+05 1.604000000000000000e+03
5.266140000000000000e+05 1.463000000000000000e+03
5.299470000000000000e+05 1.360000000000000000e+03
5.332800000000000000e+05 1.248000000000000000e+03
5.366130000000000000e+05 1.170000000000000000e+03
5.399460000000000000e+05 1.128000000000000000e+03
5.432790000000000000e+05 9.770000000000000000e+02
5.466120000000000000e+05 1.021000000000000000e+03
5.499450000000000000e+05 9.040000000000000000e+02
5.532780000000000000e+05 9.390000000000000000e+02
5.566110000000000000e+05 9.290000000000000000e+02
5.599440000000000000e+05 8.490000000000000000e+02
5.632770000000000000e+05 8.470000000000000000e+02
5.666100000000000000e+05 8.840000000000000000e+02
5.699430000000000000e+05 8.020000000000000000e+02
5.732760000000000000e+05 8.550000000000000000e+02
5.766090000000000000e+05 8.820000000000000000e+02
5.799420000000000000e+05 9.580000000000000000e+02
5.832750000000000000e+05 9.900000000000000000e+02
5.866080000000000000e+05 1.110000000000000000e+03
5.899410000000000000e+05 1.070000000000000000e+03
5.932740000000000000e+05 1.192000000000000000e+03
5.966070000000000000e+05 1.254000000000000000e+03
5.999400000000000000e+05 1.382000000000000000e+03
6.032730000000000000e+05 1.505000000000000000e+03
6.066060000000000000e+05 1.669000000000000000e+03
6.099390000000000000e+05 1.813000000000000000e+03
6.132720000000000000e+05 1.970000000000000000e+03
6.166050000000000000e+05 2.151000000000000000e+03
6.199380000000000000e+05 2.177000000000000000e+03
6.232710000000000000e+05 2.445000000000000000e+03
6.266040000000000000e+05 2.702000000000000000e+03
6.299370000000000000e+05 2.850000000000000000e+03
6.332700000000000000e+05 2.919000000000000000e+03
6.366030000000000000e+05 3.034000000000000000e+03
6.399360000000000000e+05 3.454000000000000000e+03
6.432690000000000000e+05 3.597000000000000000e+03
6.466020000000000000e+05 3.754000000000000000e+03
6.499350000000000000e+05 3.966000000000000000e+03
6.532680000000000000e+05 4.049000000000000000e+03
6.566010000000000000e+05 4.302000000000000000e+03
6.599340000000000000e+05 4.460000000000000000e+03
6.632670000000000000e+05 4.554000000000000000e+03
