0.000000000000000000e+00 2.409000000000000000e+03
2.500000000000000000e+02 2.468000000000000000e+03
5.000000000000000000e+02 2.433000000000000000e+03
7.500000000000000000e+02 2.521000000000000000e+03
1.000000000000000000e+03 2.647000000000000000e+03
1.250000000000000000e+03 2.808000000000000000e+03
1.500000000000000000e+03 2.741000000000000000e+03
1.750000000000000000e+03 2.706000000000000000e+03
2.000000000000000000e+03 2.809000000000000000e+03
2.250000000000000000e+03 2.964000000000000000e+03
2.500000000000000000e+03 2.933000000000000000e+03
2.750000000000000000e+03 3.001000000000000000e+03
3.000000000000000000e+03 2.894000000000000000e+03
3.250000000000000000e+03 2.981000000000000000e+03
3.500000000000000000e+03 3.020000000000000000e+03
3.750000000000000000e+03 3.130000000000000000e+03
4.000000000000000000e+03 2.979000000000000000e+03
4.250000000000000000e+03 3.147000000000000000e+03
4.500000000000000000e+03 3.085000000000000000e+03
4.750000000000000000e+03 3.047000000000000000e+03
5.000000000000000000e+03 3.047000000000000000e+03
5.250000000000000000e+03 3.066000000000000000e+03
5.500000000000000000e+03 3.025000000000000000e+03
5.750000000000000000e+03 2.991000000000000000e+03
6.000000000000000000e+03 3.031000000000000000e+03
6.250000000000000000e+03 2.973000000000000000e+03
6.500000000000000000e+03 3.009000000000000000e+03
6.750000000000000000e+03 2.969000000000000000e+03
7.000000000000000000e+03 2.892000000000000000e+03
7.250000000000000000e+03 3.053000000000000000e+03
7.500000000000000000e+03 2.928000000000000000e+03
7.750000000000000000e+03 2.858000000000000000e+03
8.000000000000000000e+03 2.843000000000000000e+03
8.250000000000000000e+03 2.817000000000000000e+03
8.500000000000000000e+03 2.786000000000000000e+03
8.750000000000000000e+03 2.759000000000000000e+03
9.000000000000000000e+03 2.754000000000000000e+03
9.250000000000000000e+03 2.598000000000000000e+03
9.500000000000000000e+03 2.570000000000000000e+03
9.750000000000000000e+03 2.568000000000000000e+03
1.000000000000000000e+04 2.456000000000000000e+03
1.025000000000000000e+04 2.359000000000000000e+03
1.050000000000000000e+04 2.352000000000000000e+03
1.075000000000000000e+04 2.278000000000000000e+03
1.100000000000000000e+04 2.156000000000000000e+03
1.125000000000000000e+04 2.152000000000000000e+03
1.150000000000000000e+04 1.923000000000000000e+03
1.175000000000000000e+04 1.827000000000000000e+03
1.200000000000000000e+04 1.757000000000000000e+03
1.225000000000000000e+04 1.686000000000000000e+03
1.250000000000000000e+04 1.607000000000000000e+03
1.275000000000000000e+04 1.530000000000000000e+03
1.300000000000000000e+04 1.480000000000000000e+03
1.325000000000000000e+04 1.354000000000000000e+03
1.350000000000000000e+04 1.271000000000000000e+03
1.375000000000000000e+04 1.153000000000000000e+03
1.400000000000000000e+04 1.059000000000000000e+03
1.425000000000000000e+04 9.980000000000000000e+02
1.450000000000000000e+04 9.410000000000000000e+02
1.475000000000000000e+04 9.500000000000000000e+02
1.500000000000000000e+04 8.650000000000000000e+02
1.525000000000000000e+04 7.610000000000000000e+02
1.550000000000000000e+04 7.300000000000000000e+02
1.575000000000000000e+04 6.660000000000000000e+02
1.600000000000000000e+04 6.800000000000000000e+02
1.625000000000000000e+04 5.890000000000000000e+02
1.650000000000000000e+04 5.810000000000000000e+02
1.675000000000000000e+04 5.750000000000000000e+02
1.700000000000000000e+04 4.830000000000000000e+02
1.725000000000000000e+04 5.010000000000000000e+02
1.750000000000000000e+04 4.270000000000000000e+02
1.775000000000000000e+04 4.950000000000000000e+02
1.800000000000000000e+04 4.810000000000000000e+02
1.825000000000000000e+04 4.890000000000000000e+02
1.850000000000000000e+04 5.130000000000000000e+02
1.875000000000000000e+04 4.960000000000000000e+02
1.900000000000000000e+04 5.020000000000000000e+02
1.925000000000000000e+04 5.330000000000000000e+02
1.950000000000000000e+04 5.530000000000000000e+02
1.975000000000000000e+04 6.410000000000000000e+02
2.000000000000000000e+04 6.430000000000000000e+02
2.025000000000000000e+04 6.980000000000000000e+02
2.050000000000000000e+04 7.730000000000000000e+02
2.075000000000000000e+04 8.250000000000000000e+02
2.100000000000000000e+04 9.350000000000000000e+02
2.125000000000000000e+04 9.770000000000000000e+02
2.150000000000000000e+04 1.048000000000000000e+03
2.175000000000000000e+04 1.208000000000000000e+03
2.200000000000000000e+04 1.237000000000000000e+03
2.225000000000000000e+04 1.359000000000000000e+03
2.250000000000000000e+04 1.418000000000000000e+03
2.275000000000000000e+04 1.553000000000000000e+03
2.300000000000000000e+04 1.683000000000000000e+03
2.325000000000000000e+04 1.702000000000000000e+03
2.350000000000000000e+04 1.812000000000000000e+03
2.375000000000000000e+04 1.943000000000000000e+03
2.400000000000000000e+04 2.053000000000000000e+03
2.425000000000000000e+04 2.173000000000000000e+03
2.450000000000000000e+04 2.216000000000000000e+03
2.475000000000000000e+04 2.288000000000000000e+03
2.500000000000000000e+04 2.419000000000000000e+03
2.525000000000000000e+04 2.440000000000000000e+03
2.550000000000000000e+04 2.544000000000000000e+03
2.575000000000000000e+04 2.577000000000000000e+03
2.600000000000000000e+04 2.578000000000000000e+03
2.625000000000000000e+04 2.805000000000000000e+03
2.650000000000000000e+04 2.753000000000000000e+03
2.675000000000000000e+04 2.778000000000000000e+03
2.700000000000000000e+04 2.925000000000000000e+03
2.725000000000000000e+04 2.858000000000000000e+03
2.750000000000000000e+04 2.916000000000000000e+03
2.775000000000000000e+04 2.933000000000000000e+03
2.800000000000000000e+04 2.991000000000000000e+03
2.825000000000000000e+04 3.071000000000000000e+03
2.850000000000000000e+04 3.022000000000000000e+03
2.875000000000000000e+04 3.022000000000000000e+03
2.900000000000000000e+04 3.134000000000000000e+03
2.925000000000000000e+04 3.085000000000000000e+03
2.950000000000000000e+04 2.984000000000000000e+03
2.975000000000000000e+04 2.945000000000000000e+03
3.000000000000000000e+04 3.024000000000000000e+03
3.025000000000000000e+04 3.047000000000000000e+03
3.050000000000000000e+04 2.959000000000000000e+03
3.075000000000000000e+04 3.054000000000000000e+03
3.100000000000000000e+04 2.977000000000000000e+03
3.125000000000000000e+04 3.085000000000000000e+03
3.150000000000000000e+04 3.030000000000000000e+03
3.175000000000000000e+04 2.977000000000000000e+03
3.200000000000000000e+04 3.046000000000000000e+03
3.225000000000000000e+04 2.868000000000000000e+03
3.250000000000000000e+04 3.034000000000000000e+03
3.275000000000000000e+04 2.890000000000000000e+03
3.300000000000000000e+04 2.751000000000000000e+03
3.325000000000000000e+04 2.810000000000000000e+03
3.350000000000000000e+04 2.817000000000000000e+03
3.375000000000000000e+04 2.876000000000000000e+03
3.400000000000000000e+04 2.675000000000000000e+03
3.425000000000000000e+04 2.571000000000000000e+03
3.450000000000000000e+04 2.588000000000000000e+03
3.475000000000000000e+04 2.563000000000000000e+03
3.500000000000000000e+04 2.387000000000000000e+03
3.525000000000000000e+04 2.373000000000000000e+03
3.550000000000000000e+04 2.255000000000000000e+03
3.575000000000000000e+04 2.146000000000000000e+03
3.600000000000000000e+04 2.196000000000000000e+03
3.625000000000000000e+04 2.087000000000000000e+03
3.650000000000000000e+04 1.942000000000000000e+03
3.675000000000000000e+04 1.935000000000000000e+03
3.700000000000000000e+04 1.780000000000000000e+03
3.725000000000000000e+04 1.737000000000000000e+03
3.750000000000000000e+04 1.654000000000000000e+03
3.775000000000000000e+04 1.562000000000000000e+03
3.800000000000000000e+04 1.390000000000000000e+03
3.825000000000000000e+04 1.387000000000000000e+03
3.850000000000000000e+04 1.246000000000000000e+03
3.875000000000000000e+04 1.182000000000000000e+03
3.900000000000000000e+04 1.076000000000000000e+03
3.925000000000000000e+04 1.030000000000000000e+03
3.950000000000000000e+04 1.010000000000000000e+03
3.975000000000000000e+04 9.520000000000000000e+02
4.000000000000000000e+04 8.330000000000000000e+02
4.025000000000000000e+04 7.820000000000000000e+02
4.050000000000000000e+04 7.660000000000000000e+02
4.075000000000000000e+04 6.690000000000000000e+02
4.100000000000000000e+04 6.590000000000000000e+02
4.125000000000000000e+04 6.320000000000000000e+02
4.150000000000000000e+04 5.540000000000000000e+02
4.175000000000000000e+04 5.430000000000000000e+02
4.200000000000000000e+04 4.980000000000000000e+02
4.225000000000000000e+04 4.950000000000000000e+02
4.250000000000000000e+04 4.840000000000000000e+02
4.275000000000000000e+04 5.170000000000000000e+02
4.300000000000000000e+04 5.140000000000000000e+02
4.325000000000000000e+04 5.010000000000000000e+02
4.350000000000000000e+04 4.730000000000000000e+02
4.375000000000000000e+04 4.840000000000000000e+02
4.400000000000000000e+04 4.930000000000000000e+02
4.425000000000000000e+04 5.520000000000000000e+02
4.450000000000000000e+04 5.980000000000000000e+02
4.475000000000000000e+04 6.470000000000000000e+02
4.500000000000000000e+04 6.070000000000000000e+02
4.525000000000000000e+04 6.450000000000000000e+02
4.550000000000000000e+04 7.900000000000000000e+02
4.575000000000000000e+04 7.930000000000000000e+02
4.600000000000000000e+04 9.330000000000000000e+02
4.625000000000000000e+04 9.170000000000000000e+02
4.650000000000000000e+04 1.020000000000000000e+03
4.675000000000000000e+04 1.122000000000000000e+03
4.700000000000000000e+04 1.190000000000000000e+03
4.725000000000000000e+04 1.299000000000000000e+03
4.750000000000000000e+04 1.402000000000000000e+03
4.775000000000000000e+04 1.471000000000000000e+03
4.800000000000000000e+04 1.625000000000000000e+03
4.825000000000000000e+04 1.724000000000000000e+03
4.850000000000000000e+04 1.832000000000000000e+03
4.875000000000000000e+04 1.938000000000000000e+03
4.900000000000000000e+04 2.076000000000000000e+03
4.925000000000000000e+04 2.202000000000000000e+03
4.950000000000000000e+04 2.192000000000000000e+03
4.975000000000000000e+04 2.316000000000000000e+03
