0.000000000000000000e+00 5.758000000000000000e+03
3.330000000000000000e+02 5.798000000000000000e+03
6.660000000000000000e+02 5.863000000000000000e+03
9.990000000000000000e+02 5.991000000000000000e+03
1.332000000000000000e+03 6.180000000000000000e+03
1.665000000000000000e+03 6.083000000000000000e+03
1.998000000000000000e+03 6.145000000000000000e+03
2.331000000000000000e+03 6.315000000000000000e+03
2.664000000000000000e+03 6.341000000000000000e+03
2.997000000000000000e+03 6.304000000000000000e+03
3.330000000000000000e+03 6.256000000000000000e+03
3.663000000000000000e+03 6.558000000000000000e+03
3.996000000000000000e+03 6.514000000000000000e+03
4.329000000000000000e+03 6.509000000000000000e+03
4.662000000000000000e+03 6.547000000000000000e+03
4.995000000000000000e+03 6.451000000000000000e+03
5.328000000000000000e+03 6.417000000000000000e+03
5.661000000000000000e+03 6.466000000000000000e+03
5.994000000000000000e+03 6.662000000000000000e+03
6.327000000000000000e+03 6.392000000000000000e+03
6.660000000000000000e+03 6.471000000000000000e+03
6.993000000000000000e+03 6.423000000000000000e+03
7.326000000000000000e+03 6.444000000000000000e+03
7.659000000000000000e+03 6.542000000000000000e+03
7.992000000000000000e+03 6.468000000000000000e+03
8.325000000000000000e+03 6.647000000000000000e+03
8.658000000000000000e+03 6.572000000000000000e+03
8.991000000000000000e+03 6.554000000000000000e+03
9.324000000000000000e+03 6.347000000000000000e+03
9.657000000000000000e+03 6.269000000000000000e+03
9.990000000000000000e+03 6.246000000000000000e+03
1.032300000000000000e+04 6.298000000000000000e+03
1.065600000000000000e+04 6.198000000000000000e+03
1.098900000000000000e+04 6.267000000000000000e+03
1.132200000000000000e+04 6.072000000000000000e+03
1.165500000000000000e+04 6.021000000000000000e+03
1.198800000000000000e+04 6.135000000000000000e+03
1.232100000000000000e+04 5.804000000000000000e+03
1.265400000000000000e+04 5.745000000000000000e+03
1.298700000000000000e+04 5.709000000000000000e+03
1.332000000000000000e+04 5.727000000000000000e+03
1.365300000000000000e+04 5.568000000000000000e+03
1.398600000000000000e+04 5.405000000000000000e+03
1.431900000000000000e+04 5.263000000000000000e+03
1.465200000000000000e+04 5.053000000000000000e+03
1.498500000000000000e+04 4.956000000000000000e+03
1.531800000000000000e+04 4.668000000000000000e+03
1.565100000000000000e+04 4.550000000000000000e+03
1.598400000000000000e+04 4.541000000000000000e+03
1.631700000000000000e+04 4.302000000000000000e+03
1.665000000000000000e+04 4.207000000000000000e+03
1.698300000000000000e+04 4.187000000000000000e+03
1.731600000000000000e+04 4.113000000000000000e+03
1.764900000000000000e+04 3.755000000000000000e+03
1.798200000000000000e+04 3.496000000000000000e+03
1.831500000000000000e+04 3.430000000000000000e+03
1.864800000000000000e+04 3.294000000000000000e+03
1.898100000000000000e+04 3.233000000000000000e+03
1.931400000000000000e+04 3.069000000000000000e+03
1.964700000000000000e+04 3.017000000000000000e+03
1.998000000000000000e+04 2.731000000000000000e+03
2.031300000000000000e+04 2.613000000000000000e+03
2.064600000000000000e+04 2.501000000000000000e+03
2.097900000000000000e+04 2.425000000000000000e+03
2.131200000000000000e+04 2.287000000000000000e+03
2.164500000000000000e+04 2.300000000000000000e+03
2.197800000000000000e+04 2.296000000000000000e+03
2.231100000000000000e+04 2.283000000000000000e+03
2.264400000000000000e+04 2.163000000000000000e+03
2.297700000000000000e+04 2.159000000000000000e+03
2.331000000000000000e+04 2.080000000000000000e+03
2.364300000000000000e+04 2.178000000000000000e+03
2.397600000000000000e+04 2.236000000000000000e+03
2.430900000000000000e+04 2.145000000000000000e+03
2.464200000000000000e+04 2.230000000000000000e+03
2.497500000000000000e+04 2.367000000000000000e+03
2.530800000000000000e+04 2.460000000000000000e+03
2.564100000000000000e+04 2.490000000000000000e+03
2.597400000000000000e+04 2.724000000000000000e+03
2.630700000000000000e+04 2.742000000000000000e+03
2.664000000000000000e+04 2.818000000000000000e+03
2.697300000000000000e+04 3.124000000000000000e+03
2.730600000000000000e+04 3.156000000000000000e+03
2.763900000000000000e+04 3.319000000000000000e+03
2.797200000000000000e+04 3.431000000000000000e+03
2.830500000000000000e+04 3.682000000000000000e+03
2.863800000000000000e+04 3.751000000000000000e+03
2.897100000000000000e+04 3.887000000000000000e+03
2.930400000000000000e+04 3.989000000000000000e+03
2.963700000000000000e+04 4.275000000000000000e+03
2.997000000000000000e+04 4.268000000000000000e+03
3.030300000000000000e+04 4.479000000000000000e+03
3.063600000000000000e+04 4.661000000000000000e+03
3.096900000000000000e+04 4.895000000000000000e+03
3.130200000000000000e+04 5.014000000000000000e+03
3.163500000000000000e+04 5.165000000000000000e+03
3.196800000000000000e+04 5.425000000000000000e+03
3.230100000000000000e+04 5.419000000000000000e+03
3.263400000000000000e+04 5.735000000000000000e+03
3.296700000000000000e+04 5.655000000000000000e+03
3.330000000000000000e+04 5.772000000000000000e+03
3.363300000000000000e+04 5.679000000000000000e+03
3.396600000000000000e+04 5.767000000000000000e+03
3.429900000000000000e+04 5.944000000000000000e+03
3.463200000000000000e+04 6.129000000000000000e+03
3.496500000000000000e+04 6.087000000000000000e+03
3.529800000000000000e+04 6.303000000000000000e+03
3.563100000000000000e+04 6.075000000000000000e+03
3.596400000000000000e+04 6.151000000000000000e+03
3.629700000000000000e+04 6.446000000000000000e+03
3.663000000000000000e+04 6.485000000000000000e+03
3.696300000000000000e+04 6.365000000000000000e+03
3.729600000000000000e+04 6.408000000000000000e+03
3.762900000000000000e+04 6.524000000000000000e+03
3.796200000000000000e+04 6.660000000000000000e+03
3.829500000000000000e+04 6.564000000000000000e+03
3.862800000000000000e+04 6.674000000000000000e+03
3.896100000000000000e+04 6.508000000000000000e+03
3.929400000000000000e+04 6.573000000000000000e+03
3.962700000000000000e+04 6.760000000000000000e+03
3.996000000000000000e+04 6.596000000000000000e+03
4.029300000000000000e+04 6.429000000000000000e+03
4.062600000000000000e+04 6.626000000000000000e+03
4.095900000000000000e+04 6.431000000000000000e+03
4.129200000000000000e+04 6.519000000000000000e+03
4.162500000000000000e+04 6.390000000000000000e+03
4.195800000000000000e+04 6.464000000000000000e+03
4.229100000000000000e+04 6.562000000000000000e+03
4.262400000000000000e+04 6.368000000000000000e+03
4.295700000000000000e+04 6.434000000000000000e+03
4.329000000000000000e+04 6.331000000000000000e+03
4.362300000000000000e+04 6.074000000000000000e+03
4.395600000000000000e+04 6.314000000000000000e+03
4.428900000000000000e+04 6.085000000000000000e+03
4.462200000000000000e+04 6.136000000000000000e+03
4.495500000000000000e+04 5.935000000000000000e+03
4.528800000000000000e+04 5.959000000000000000e+03
4.562100000000000000e+04 5.888000000000000000e+03
4.595400000000000000e+04 5.809000000000000000e+03
4.628700000000000000e+04 5.765000000000000000e+03
4.662000000000000000e+04 5.522000000000000000e+03
4.695300000000000000e+04 5.579000000000000000e+03
4.728600000000000000e+04 5.308000000000000000e+03
4.761900000000000000e+04 5.189000000000000000e+03
4.795200000000000000e+04 5.082000000000000000e+03
4.828500000000000000e+04 4.927000000000000000e+03
4.861800000000000000e+04 4.860000000000000000e+03
4.895100000000000000e+04 4.678000000000000000e+03
4.928400000000000000e+04 4.649000000000000000e+03
4.961700000000000000e+04 4.402000000000000000e+03
4.995000000000000000e+04 4.323000000000000000e+03
5.028300000000000000e+04 4.244000000000000000e+03
5.061600000000000000e+04 4.107000000000000000e+03
5.094900000000000000e+04 3.809000000000000000e+03
5.128200000000000000e+04 3.655000000000000000e+03
5.161500000000000000e+04 3.399000000000000000e+03
5.194800000000000000e+04 3.276000000000000000e+03
5.228100000000000000e+04 3.253000000000000000e+03
5.261400000000000000e+04 3.117000000000000000e+03
5.294700000000000000e+04 2.869000000000000000e+03
5.328000000000000000e+04 2.692000000000000000e+03
5.361300000000000000e+04 2.724000000000000000e+03
5.394600000000000000e+04 2.480000000000000000e+03
5.427900000000000000e+04 2.394000000000000000e+03
5.461200000000000000e+04 2.402000000000000000e+03
5.494500000000000000e+04 2.205000000000000000e+03
5.527800000000000000e+04 2.272000000000000000e+03
5.561100000000000000e+04 2.145000000000000000e+03
5.594400000000000000e+04 2.073000000000000000e+03
5.627700000000000000e+04 2.063000000000000000e+03
5.661000000000000000e+04 2.103000000000000000e+03
5.694300000000000000e+04 2.118000000000000000e+03
5.727600000000000000e+04 2.207000000000000000e+03
5.760900000000000000e+04 2.125000000000000000e+03
5.794200000000000000e+04 2.397000000000000000e+03
5.827500000000000000e+04 2.234000000000000000e+03
5.860800000000000000e+04 2.436000000000000000e+03
5.894100000000000000e+04 2.493000000000000000e+03
5.927400000000000000e+04 2.626000000000000000e+03
5.960700000000000000e+04 2.703000000000000000e+03
5.994000000000000000e+04 2.865000000000000000e+03
6.027300000000000000e+04 3.027000000000000000e+03
6.060600000000000000e+04 3.121000000000000000e+03
6.093900000000000000e+04 3.384000000000000000e+03
6.127200000000000000e+04 3.439000000000000000e+03
6.160500000000000000e+04 3.681000000000000000e+03
6.193800000000000000e+04 3.848000000000000000e+03
6.227100000000000000e+04 3.991000000000000000e+03
6.260400000000000000e+04 4.054000000000000000e+03
6.293700000000000000e+04 4.173000000000000000e+03
6.327000000000000000e+04 4.450000000000000000e+03
6.360300000000000000e+04 4.528000000000000000e+03
6.393600000000000000e+04 4.631000000000000000e+03
6.426900000000000000e+04 4.993000000000000000e+03
6.460200000000000000e+04 4.903000000000000000e+03
6.493500000000000000e+04 5.127000000000000000e+03
6.526800000000000000e+04 5.326000000000000000e+03
6.560100000000000000e+04 5.407000000000000000e+03
6.593400000000000000e+04 5.703000000000000000e+03
6.626700000000000000e+04 5.593000000000000000e+03
