0.000000000000000000e+00 5.836000000000000000e+03
2.500000000000000000e+03 6.025000000000000000e+03
5.000000000000000000e+03 6.250000000000000000e+03
7.500000000000000000e+03 6.242000000000000000e+03
1.000000000000000000e+04 6.176000000000000000e+03
1.250000000000000000e+04 6.267000000000000000e+03
1.500000000000000000e+04 6.479000000000000000e+03
1.750000000000000000e+04 6.547000000000000000e+03
2.000000000000000000e+04 6.492000000000000000e+03
2.250000000000000000e+04 6.766000000000000000e+03
2.500000000000000000e+04 6.790000000000000000e+03
2.750000000000000000e+04 6.751000000000000000e+03
3.000000000000000000e+04 6.814000000000000000e+03
3.250000000000000000e+04 6.881000000000000000e+03
3.500000000000000000e+04 6.990000000000000000e+03
3.750000000000000000e+04 6.923000000000000000e+03
4.000000000000000000e+04 6.944000000000000000e+03
4.250000000000000000e+04 6.805000000000000000e+03
4.500000000000000000e+04 6.796000000000000000e+03
4.750000000000000000e+04 7.118000000000000000e+03
5.000000000000000000e+04 6.897000000000000000e+03
5.250000000000000000e+04 6.885000000000000000e+03
5.500000000000000000e+04 6.828000000000000000e+03
5.750000000000000000e+04 6.794000000000000000e+03
6.000000000000000000e+04 6.910000000000000000e+03
6.250000000000000000e+04 6.716000000000000000e+03
6.500000000000000000e+04 6.915000000000000000e+03
6.750000000000000000e+04 6.799000000000000000e+03
7.000000000000000000e+04 6.779000000000000000e+03
7.250000000000000000e+04 6.549000000000000000e+03
7.500000000000000000e+04 6.602000000000000000e+03
7.750000000000000000e+04 6.588000000000000000e+03
8.000000000000000000e+04 6.608000000000000000e+03
8.250000000000000000e+04 6.424000000000000000e+03
8.500000000000000000e+04 6.303000000000000000e+03
8.750000000000000000e+04 6.166000000000000000e+03
9.000000000000000000e+04 6.071000000000000000e+03
9.250000000000000000e+04 5.963000000000000000e+03
9.500000000000000000e+04 5.918000000000000000e+03
9.750000000000000000e+04 5.918000000000000000e+03
1.000000000000000000e+05 5.699000000000000000e+03
1.025000000000000000e+05 5.534000000000000000e+03
1.050000000000000000e+05 5.306000000000000000e+03
1.075000000000000000e+05 5.112000000000000000e+03
1.100000000000000000e+05 5.163000000000000000e+03
1.125000000000000000e+05 5.020000000000000000e+03
1.150000000000000000e+05 4.629000000000000000e+03
1.175000000000000000e+05 4.668000000000000000e+03
1.200000000000000000e+05 4.393000000000000000e+03
1.225000000000000000e+05 4.182000000000000000e+03
1.250000000000000000e+05 4.136000000000000000e+03
1.275000000000000000e+05 3.912000000000000000e+03
1.300000000000000000e+05 3.828000000000000000e+03
1.325000000000000000e+05 3.534000000000000000e+03
1.350000000000000000e+05 3.440000000000000000e+03
1.375000000000000000e+05 3.189000000000000000e+03
1.400000000000000000e+05 2.961000000000000000e+03
1.425000000000000000e+05 2.817000000000000000e+03
1.450000000000000000e+05 2.676000000000000000e+03
1.475000000000000000e+05 2.444000000000000000e+03
1.500000000000000000e+05 2.461000000000000000e+03
1.525000000000000000e+05 2.266000000000000000e+03
1.550000000000000000e+05 2.277000000000000000e+03
1.575000000000000000e+05 2.103000000000000000e+03
1.600000000000000000e+05 2.052000000000000000e+03
1.625000000000000000e+05 1.953000000000000000e+03
1.650000000000000000e+05 1.828000000000000000e+03
1.675000000000000000e+05 1.909000000000000000e+03
1.700000000000000000e+05 1.790000000000000000e+03
1.725000000000000000e+05 1.837000000000000000e+03
1.750000000000000000e+05 1.866000000000000000e+03
1.775000000000000000e+05 1.812000000000000000e+03
1.800000000000000000e+05 1.840000000000000000e+03
1.825000000000000000e+05 1.923000000000000000e+03
1.850000000000000000e+05 2.020000000000000000e+03
1.875000000000000000e+05 2.062000000000000000e+03
1.900000000000000000e+05 2.227000000000000000e+03
1.925000000000000000e+05 2.259000000000000000e+03
1.950000000000000000e+05 2.358000000000000000e+03
1.975000000000000000e+05 2.482000000000000000e+03
2.000000000000000000e+05 2.663000000000000000e+03
2.025000000000000000e+05 2.722000000000000000e+03
2.050000000000000000e+05 2.983000000000000000e+03
2.075000000000000000e+05 3.076000000000000000e+03
2.100000000000000000e+05 3.250000000000000000e+03
2.125000000000000000e+05 3.410000000000000000e+03
2.150000000000000000e+05 3.695000000000000000e+03
2.175000000000000000e+05 3.774000000000000000e+03
2.200000000000000000e+05 4.011000000000000000e+03
2.225000000000000000e+05 4.205000000000000000e+03
2.250000000000000000e+05 4.266000000000000000e+03
2.275000000000000000e+05 4.394000000000000000e+03
2.300000000000000000e+05 4.666000000000000000e+03
2.325000000000000000e+05 4.673000000000000000e+03
2.350000000000000000e+05 4.913000000000000000e+03
2.375000000000000000e+05 5.253000000000000000e+03
2.400000000000000000e+05 5.343000000000000000e+03
2.425000000000000000e+05 5.485000000000000000e+03
2.450000000000000000e+05 5.519000000000000000e+03
2.475000000000000000e+05 5.771000000000000000e+03
2.500000000000000000e+05 5.756000000000000000e+03
2.525000000000000000e+05 6.030000000000000000e+03
2.550000000000000000e+05 6.088000000000000000e+03
2.575000000000000000e+05 6.113000000000000000e+03
2.600000000000000000e+05 6.294000000000000000e+03
2.625000000000000000e+05 6.393000000000000000e+03
2.650000000000000000e+05 6.398000000000000000e+03
2.675000000000000000e+05 6.543000000000000000e+03
2.700000000000000000e+05 6.487000000000000000e+03
2.725000000000000000e+05 6.634000000000000000e+03
2.750000000000000000e+05 6.734000000000000000e+03
2.775000000000000000e+05 6.574000000000000000e+03
2.800000000000000000e+05 6.834000000000000000e+03
2.825000000000000000e+05 6.778000000000000000e+03
2.850000000000000000e+05 6.984000000000000000e+03
2.875000000000000000e+05 6.910000000000000000e+03
2.900000000000000000e+05 6.886000000000000000e+03
2.925000000000000000e+05 6.839000000000000000e+03
2.950000000000000000e+05 6.922000000000000000e+03
2.975000000000000000e+05 6.977000000000000000e+03
3.000000000000000000e+05 6.942000000000000000e+03
3.025000000000000000e+05 6.826000000000000000e+03
3.050000000000000000e+05 6.892000000000000000e+03
3.075000000000000000e+05 6.833000000000000000e+03
3.100000000000000000e+05 6.814000000000000000e+03
3.125000000000000000e+05 6.929000000000000000e+03
3.150000000000000000e+05 6.871000000000000000e+03
3.175000000000000000e+05 6.772000000000000000e+03
3.200000000000000000e+05 6.715000000000000000e+03
3.225000000000000000e+05 6.730000000000000000e+03
3.250000000000000000e+05 6.764000000000000000e+03
3.275000000000000000e+05 6.532000000000000000e+03
3.300000000000000000e+05 6.478000000000000000e+03
3.325000000000000000e+05 6.503000000000000000e+03
3.350000000000000000e+05 6.185000000000000000e+03
3.375000000000000000e+05 6.231000000000000000e+03
3.400000000000000000e+05 6.224000000000000000e+03
3.425000000000000000e+05 6.063000000000000000e+03
3.450000000000000000e+05 5.870000000000000000e+03
3.475000000000000000e+05 5.709000000000000000e+03
3.500000000000000000e+05 5.685000000000000000e+03
3.525000000000000000e+05 5.534000000000000000e+03
3.550000000000000000e+05 5.442000000000000000e+03
3.575000000000000000e+05 5.314000000000000000e+03
3.600000000000000000e+05 5.153000000000000000e+03
3.625000000000000000e+05 4.955000000000000000e+03
3.650000000000000000e+05 4.651000000000000000e+03
3.675000000000000000e+05 4.512000000000000000e+03
3.700000000000000000e+05 4.496000000000000000e+03
3.725000000000000000e+05 4.116000000000000000e+03
3.750000000000000000e+05 4.088000000000000000e+03
3.775000000000000000e+05 3.864000000000000000e+03
3.800000000000000000e+05 3.658000000000000000e+03
3.825000000000000000e+05 3.554000000000000000e+03
3.850000000000000000e+05 3.292000000000000000e+03
3.875000000000000000e+05 3.240000000000000000e+03
3.900000000000000000e+05 2.903000000000000000e+03
3.925000000000000000e+05 2.905000000000000000e+03
3.950000000000000000e+05 2.671000000000000000e+03
3.975000000000000000e+05 2.644000000000000000e+03
4.000000000000000000e+05 2.349000000000000000e+03
4.025000000000000000e+05 2.258000000000000000e+03
4.050000000000000000e+05 2.264000000000000000e+03
4.075000000000000000e+05 2.071000000000000000e+03
4.100000000000000000e+05 1.958000000000000000e+03
4.125000000000000000e+05 1.988000000000000000e+03
4.150000000000000000e+05 1.941000000000000000e+03
4.175000000000000000e+05 1.822000000000000000e+03
4.200000000000000000e+05 1.817000000000000000e+03
4.225000000000000000e+05 1.889000000000000000e+03
4.250000000000000000e+05 1.840000000000000000e+03
4.275000000000000000e+05 1.870000000000000000e+03
4.300000000000000000e+05 1.889000000000000000e+03
4.325000000000000000e+05 1.821000000000000000e+03
4.350000000000000000e+05 1.983000000000000000e+03
4.375000000000000000e+05 2.039000000000000000e+03
4.400000000000000000e+05 2.144000000000000000e+03
4.425000000000000000e+05 2.193000000000000000e+03
4.450000000000000000e+05 2.421000000000000000e+03
4.475000000000000000e+05 2.455000000000000000e+03
4.500000000000000000e+05 2.636000000000000000e+03
4.525000000000000000e+05 2.779000000000000000e+03
4.550000000000000000e+05 2.929000000000000000e+03
4.575000000000000000e+05 3.192000000000000000e+03
4.600000000000000000e+05 3.135000000000000000e+03
4.625000000000000000e+05 3.472000000000000000e+03
4.650000000000000000e+05 3.606000000000000000e+03
4.675000000000000000e+05 3.819000000000000000e+03
4.700000000000000000e+05 3.816000000000000000e+03
4.725000000000000000e+05 4.133000000000000000e+03
4.750000000000000000e+05 4.434000000000000000e+03
4.775000000000000000e+05 4.441000000000000000e+03
4.800000000000000000e+05 4.799000000000000000e+03
4.825000000000000000e+05 4.929000000000000000e+03
4.850000000000000000e+05 5.003000000000000000e+03
4.875000000000000000e+05 5.161000000000000000e+03
4.900000000000000000e+05 5.377000000000000000e+03
4.925000000000000000e+05 5.306000000000000000e+03
4.950000000000000000e+05 5.508000000000000000e+03
4.975000000000000000e+05 5.629000000000000000e+03
