0.000000000000000000e+00 6.430000000000000000e+03
1.000000000000000000e+03 6.493000000000000000e+03
2.000000000000000000e+03 6.735000000000000000e+03
3.000000000000000000e+03 6.717000000000000000e+03
4.000000000000000000e+03 6.748000000000000000e+03
5.000000000000000000e+03 6.677000000000000000e+03
6.000000000000000000e+03 6.852000000000000000e+03
7.000000000000000000e+03 6.884000000000000000e+03
8.000000000000000000e+03 6.998000000000000000e+03
9.000000000000000000e+03 7.244000000000000000e+03
1.000000000000000000e+04 7.060000000000000000e+03
1.100000000000000000e+04 7.151000000000000000e+03
1.200000000000000000e+04 7.138000000000000000e+03
1.300000000000000000e+04 7.188000000000000000e+03
1.400000000000000000e+04 7.396000000000000000e+03
1.500000000000000000e+04 7.283000000000000000e+03
1.600000000000000000e+04 7.323000000000000000e+03
1.700000000000000000e+04 7.282000000000000000e+03
1.800000000000000000e+04 7.303000000000000000e+03
1.900000000000000000e+04 7.305000000000000000e+03
2.000000000000000000e+04 7.246000000000000000e+03
2.100000000000000000e+04 7.241000000000000000e+03
2.200000000000000000e+04 7.407000000000000000e+03
2.300000000000000000e+04 7.123000000000000000e+03
2.400000000000000000e+04 7.311000000000000000e+03
2.500000000000000000e+04 7.398000000000000000e+03
2.600000000000000000e+04 7.286000000000000000e+03
2.700000000000000000e+04 7.130000000000000000e+03
2.800000000000000000e+04 7.045000000000000000e+03
2.900000000000000000e+04 6.970000000000000000e+03
3.000000000000000000e+04 7.181000000000000000e+03
3.100000000000000000e+04 6.977000000000000000e+03
3.200000000000000000e+04 6.911000000000000000e+03
3.300000000000000000e+04 6.807000000000000000e+03
3.400000000000000000e+04 6.683000000000000000e+03
3.500000000000000000e+04 6.810000000000000000e+03
3.600000000000000000e+04 6.508000000000000000e+03
3.700000000000000000e+04 6.694000000000000000e+03
3.800000000000000000e+04 6.366000000000000000e+03
3.900000000000000000e+04 6.350000000000000000e+03
4.000000000000000000e+04 6.281000000000000000e+03
4.100000000000000000e+04 6.017000000000000000e+03
4.200000000000000000e+04 5.889000000000000000e+03
4.300000000000000000e+04 5.579000000000000000e+03
4.400000000000000000e+04 5.745000000000000000e+03
4.500000000000000000e+04 5.489000000000000000e+03
4.600000000000000000e+04 5.260000000000000000e+03
4.700000000000000000e+04 5.024000000000000000e+03
4.800000000000000000e+04 4.942000000000000000e+03
4.900000000000000000e+04 4.955000000000000000e+03
5.000000000000000000e+04 4.613000000000000000e+03
5.100000000000000000e+04 4.335000000000000000e+03
5.200000000000000000e+04 4.127000000000000000e+03
5.300000000000000000e+04 4.046000000000000000e+03
5.400000000000000000e+04 3.914000000000000000e+03
5.500000000000000000e+04 3.679000000000000000e+03
5.600000000000000000e+04 3.535000000000000000e+03
5.700000000000000000e+04 3.391000000000000000e+03
5.800000000000000000e+04 3.213000000000000000e+03
5.900000000000000000e+04 3.100000000000000000e+03
6.000000000000000000e+04 2.904000000000000000e+03
6.100000000000000000e+04 2.726000000000000000e+03
6.200000000000000000e+04 2.727000000000000000e+03
6.300000000000000000e+04 2.580000000000000000e+03
6.400000000000000000e+04 2.434000000000000000e+03
6.500000000000000000e+04 2.265000000000000000e+03
6.600000000000000000e+04 2.297000000000000000e+03
6.700000000000000000e+04 2.306000000000000000e+03
6.800000000000000000e+04 2.211000000000000000e+03
6.900000000000000000e+04 2.138000000000000000e+03
7.000000000000000000e+04 2.263000000000000000e+03
7.100000000000000000e+04 2.210000000000000000e+03
7.200000000000000000e+04 2.218000000000000000e+03
7.300000000000000000e+04 2.392000000000000000e+03
7.400000000000000000e+04 2.397000000000000000e+03
7.500000000000000000e+04 2.559000000000000000e+03
7.600000000000000000e+04 2.646000000000000000e+03
7.700000000000000000e+04 2.685000000000000000e+03
7.800000000000000000e+04 2.931000000000000000e+03
7.900000000000000000e+04 3.049000000000000000e+03
8.000000000000000000e+04 3.218000000000000000e+03
8.100000000000000000e+04 3.265000000000000000e+03
8.200000000000000000e+04 3.318000000000000000e+03
8.300000000000000000e+04 3.606000000000000000e+03
8.400000000000000000e+04 3.793000000000000000e+03
8.500000000000000000e+04 3.994000000000000000e+03
8.600000000000000000e+04 4.118000000000000000e+03
8.700000000000000000e+04 4.251000000000000000e+03
8.800000000000000000e+04 4.626000000000000000e+03
8.900000000000000000e+04 4.688000000000000000e+03
9.000000000000000000e+04 4.846000000000000000e+03
9.100000000000000000e+04 4.903000000000000000e+03
9.200000000000000000e+04 5.232000000000000000e+03
9.300000000000000000e+04 5.288000000000000000e+03
9.400000000000000000e+04 5.723000000000000000e+03
9.500000000000000000e+04 5.775000000000000000e+03
9.600000000000000000e+04 5.895000000000000000e+03
9.700000000000000000e+04 6.062000000000000000e+03
9.800000000000000000e+04 6.107000000000000000e+03
9.900000000000000000e+04 6.305000000000000000e+03
1.000000000000000000e+05 6.283000000000000000e+03
1.010000000000000000e+05 6.376000000000000000e+03
1.020000000000000000e+05 6.625000000000000000e+03
1.030000000000000000e+05 6.578000000000000000e+03
1.040000000000000000e+05 6.788000000000000000e+03
1.050000000000000000e+05 6.855000000000000000e+03
1.060000000000000000e+05 6.894000000000000000e+03
1.070000000000000000e+05 7.002000000000000000e+03
1.080000000000000000e+05 7.016000000000000000e+03
1.090000000000000000e+05 7.067000000000000000e+03
1.100000000000000000e+05 7.117000000000000000e+03
1.110000000000000000e+05 6.994000000000000000e+03
1.120000000000000000e+05 7.189000000000000000e+03
1.130000000000000000e+05 7.316000000000000000e+03
1.140000000000000000e+05 7.327000000000000000e+03
1.150000000000000000e+05 7.170000000000000000e+03
1.160000000000000000e+05 7.238000000000000000e+03
1.170000000000000000e+05 7.197000000000000000e+03
1.180000000000000000e+05 7.282000000000000000e+03
1.190000000000000000e+05 7.208000000000000000e+03
1.200000000000000000e+05 7.270000000000000000e+03
1.210000000000000000e+05 7.258000000000000000e+03
1.220000000000000000e+05 7.287000000000000000e+03
1.230000000000000000e+05 7.331000000000000000e+03
1.240000000000000000e+05 7.237000000000000000e+03
1.250000000000000000e+05 7.179000000000000000e+03
1.260000000000000000e+05 7.135000000000000000e+03
1.270000000000000000e+05 7.051000000000000000e+03
1.280000000000000000e+05 7.293000000000000000e+03
1.290000000000000000e+05 7.075000000000000000e+03
1.300000000000000000e+05 6.972000000000000000e+03
1.310000000000000000e+05 6.927000000000000000e+03
1.320000000000000000e+05 6.980000000000000000e+03
1.330000000000000000e+05 6.977000000000000000e+03
1.340000000000000000e+05 6.696000000000000000e+03
1.350000000000000000e+05 6.771000000000000000e+03
1.360000000000000000e+05 6.522000000000000000e+03
1.370000000000000000e+05 6.493000000000000000e+03
1.380000000000000000e+05 6.323000000000000000e+03
1.390000000000000000e+05 6.328000000000000000e+03
1.400000000000000000e+05 6.278000000000000000e+03
1.410000000000000000e+05 6.128000000000000000e+03
1.420000000000000000e+05 5.762000000000000000e+03
1.430000000000000000e+05 5.774000000000000000e+03
1.440000000000000000e+05 5.587000000000000000e+03
1.450000000000000000e+05 5.470000000000000000e+03
1.460000000000000000e+05 5.227000000000000000e+03
1.470000000000000000e+05 5.020000000000000000e+03
1.480000000000000000e+05 4.938000000000000000e+03
1.490000000000000000e+05 4.762000000000000000e+03
1.500000000000000000e+05 4.695000000000000000e+03
1.510000000000000000e+05 4.471000000000000000e+03
1.520000000000000000e+05 4.382000000000000000e+03
1.530000000000000000e+05 4.055000000000000000e+03
1.540000000000000000e+05 3.812000000000000000e+03
1.550000000000000000e+05 3.706000000000000000e+03
1.560000000000000000e+05 3.656000000000000000e+03
1.570000000000000000e+05 3.477000000000000000e+03
1.580000000000000000e+05 3.230000000000000000e+03
1.590000000000000000e+05 3.031000000000000000e+03
1.600000000000000000e+05 2.997000000000000000e+03
1.610000000000000000e+05 2.715000000000000000e+03
1.620000000000000000e+05 2.631000000000000000e+03
1.630000000000000000e+05 2.605000000000000000e+03
1.640000000000000000e+05 2.505000000000000000e+03
1.650000000000000000e+05 2.364000000000000000e+03
1.660000000000000000e+05 2.289000000000000000e+03
1.670000000000000000e+05 2.260000000000000000e+03
1.680000000000000000e+05 2.343000000000000000e+03
1.690000000000000000e+05 2.338000000000000000e+03
1.700000000000000000e+05 2.259000000000000000e+03
1.710000000000000000e+05 2.289000000000000000e+03
1.720000000000000000e+05 2.309000000000000000e+03
1.730000000000000000e+05 2.247000000000000000e+03
1.740000000000000000e+05 2.409000000000000000e+03
1.750000000000000000e+05 2.512000000000000000e+03
1.760000000000000000e+05 2.537000000000000000e+03
1.770000000000000000e+05 2.753000000000000000e+03
1.780000000000000000e+05 2.839000000000000000e+03
1.790000000000000000e+05 2.955000000000000000e+03
1.800000000000000000e+05 3.029000000000000000e+03
1.810000000000000000e+05 3.218000000000000000e+03
1.820000000000000000e+05 3.491000000000000000e+03
1.830000000000000000e+05 3.665000000000000000e+03
1.840000000000000000e+05 3.776000000000000000e+03
1.850000000000000000e+05 4.076000000000000000e+03
1.860000000000000000e+05 4.185000000000000000e+03
1.870000000000000000e+05 4.342000000000000000e+03
1.880000000000000000e+05 4.433000000000000000e+03
1.890000000000000000e+05 4.724000000000000000e+03
1.900000000000000000e+05 4.879000000000000000e+03
1.910000000000000000e+05 4.970000000000000000e+03
1.920000000000000000e+05 5.270000000000000000e+03
1.930000000000000000e+05 5.446000000000000000e+03
1.940000000000000000e+05 5.646000000000000000e+03
1.950000000000000000e+05 5.726000000000000000e+03
1.960000000000000000e+05 5.641000000000000000e+03
1.970000000000000000e+05 5.848000000000000000e+03
1.980000000000000000e+05 6.047000000000000000e+03
1.990000000000000000e+05 6.307000000000000000e+03
