0.000000000000000000e+00 1.207100000000000000e+04
1.000000000000000000e+04 1.291000000000000000e+04
2.000000000000000000e+04 1.288200000000000000e+04
3.000000000000000000e+04 1.321600000000000000e+04
4.000000000000000000e+04 1.344700000000000000e+04
5.000000000000000000e+04 1.350100000000000000e+04
6.000000000000000000e+04 1.344600000000000000e+04
7.000000000000000000e+04 1.383300000000000000e+04
8.000000000000000000e+04 1.394200000000000000e+04
9.000000000000000000e+04 1.390900000000000000e+04
1.000000000000000000e+05 1.427700000000000000e+04
1.100000000000000000e+05 1.433300000000000000e+04
1.200000000000000000e+05 1.445800000000000000e+04
1.300000000000000000e+05 1.412400000000000000e+04
1.400000000000000000e+05 1.430700000000000000e+04
1.500000000000000000e+05 1.437200000000000000e+04
1.600000000000000000e+05 1.446500000000000000e+04
1.700000000000000000e+05 1.484900000000000000e+04
1.800000000000000000e+05 1.465200000000000000e+04
1.900000000000000000e+05 1.463600000000000000e+04
2.000000000000000000e+05 1.457000000000000000e+04
2.100000000000000000e+05 1.471400000000000000e+04
2.200000000000000000e+05 1.471300000000000000e+04
2.300000000000000000e+05 1.438700000000000000e+04
2.400000000000000000e+05 1.420600000000000000e+04
2.500000000000000000e+05 1.455800000000000000e+04
2.600000000000000000e+05 1.420300000000000000e+04
2.700000000000000000e+05 1.399700000000000000e+04
2.800000000000000000e+05 1.405100000000000000e+04
2.900000000000000000e+05 1.415300000000000000e+04
3.000000000000000000e+05 1.412000000000000000e+04
3.100000000000000000e+05 1.408400000000000000e+04
3.200000000000000000e+05 1.375000000000000000e+04
3.300000000000000000e+05 1.370000000000000000e+04
3.400000000000000000e+05 1.354000000000000000e+04
3.500000000000000000e+05 1.322800000000000000e+04
3.600000000000000000e+05 1.297900000000000000e+04
3.700000000000000000e+05 1.289500000000000000e+04
3.800000000000000000e+05 1.244500000000000000e+04
3.900000000000000000e+05 1.226400000000000000e+04
4.000000000000000000e+05 1.203900000000000000e+04
4.100000000000000000e+05 1.171500000000000000e+04
4.200000000000000000e+05 1.133000000000000000e+04
4.300000000000000000e+05 1.129300000000000000e+04
4.400000000000000000e+05 1.072100000000000000e+04
4.500000000000000000e+05 1.053000000000000000e+04
4.600000000000000000e+05 1.037800000000000000e+04
4.700000000000000000e+05 9.805000000000000000e+03
4.800000000000000000e+05 9.499000000000000000e+03
4.900000000000000000e+05 8.965000000000000000e+03
5.000000000000000000e+05 8.942000000000000000e+03
5.100000000000000000e+05 8.287000000000000000e+03
5.200000000000000000e+05 7.771000000000000000e+03
5.300000000000000000e+05 7.471000000000000000e+03
5.400000000000000000e+05 7.121000000000000000e+03
5.500000000000000000e+05 6.851000000000000000e+03
5.600000000000000000e+05 6.459000000000000000e+03
5.700000000000000000e+05 6.158000000000000000e+03
5.800000000000000000e+05 5.628000000000000000e+03
5.900000000000000000e+05 5.362000000000000000e+03
6.000000000000000000e+05 5.187000000000000000e+03
6.100000000000000000e+05 4.878000000000000000e+03
6.200000000000000000e+05 4.663000000000000000e+03
6.300000000000000000e+05 4.599000000000000000e+03
6.400000000000000000e+05 4.241000000000000000e+03
6.500000000000000000e+05 4.166000000000000000e+03
6.600000000000000000e+05 4.159000000000000000e+03
6.700000000000000000e+05 3.781000000000000000e+03
6.800000000000000000e+05 3.836000000000000000e+03
6.900000000000000000e+05 3.773000000000000000e+03
7.000000000000000000e+05 3.770000000000000000e+03
7.100000000000000000e+05 3.917000000000000000e+03
7.200000000000000000e+05 3.880000000000000000e+03
7.300000000000000000e+05 4.092000000000000000e+03
7.400000000000000000e+05 4.276000000000000000e+03
7.500000000000000000e+05 4.380000000000000000e+03
7.600000000000000000e+05 4.561000000000000000e+03
7.700000000000000000e+05 4.704000000000000000e+03
7.800000000000000000e+05 4.985000000000000000e+03
7.900000000000000000e+05 5.175000000000000000e+03
8.000000000000000000e+05 5.537000000000000000e+03
8.100000000000000000e+05 5.860000000000000000e+03
8.200000000000000000e+05 6.231000000000000000e+03
8.300000000000000000e+05 6.561000000000000000e+03
8.400000000000000000e+05 7.118000000000000000e+03
8.500000000000000000e+05 7.321000000000000000e+03
8.600000000000000000e+05 7.719000000000000000e+03
8.700000000000000000e+05 8.192000000000000000e+03
8.800000000000000000e+05 8.492000000000000000e+03
8.900000000000000000e+05 8.843000000000000000e+03
9.000000000000000000e+05 9.339000000000000000e+03
9.100000000000000000e+05 9.555000000000000000e+03
9.200000000000000000e+05 9.969000000000000000e+03
9.300000000000000000e+05 1.020000000000000000e+04
9.400000000000000000e+05 1.068200000000000000e+04
9.500000000000000000e+05 1.099900000000000000e+04
9.600000000000000000e+05 1.122100000000000000e+04
9.700000000000000000e+05 1.165700000000000000e+04
9.800000000000000000e+05 1.191200000000000000e+04
9.900000000000000000e+05 1.242000000000000000e+04
1.000000000000000000e+06 1.241800000000000000e+04
1.010000000000000000e+06 1.283200000000000000e+04
1.020000000000000000e+06 1.307100000000000000e+04
1.030000000000000000e+06 1.300300000000000000e+04
1.040000000000000000e+06 1.329300000000000000e+04
1.050000000000000000e+06 1.389800000000000000e+04
1.060000000000000000e+06 1.375500000000000000e+04
1.070000000000000000e+06 1.374600000000000000e+04
1.080000000000000000e+06 1.409100000000000000e+04
1.090000000000000000e+06 1.397000000000000000e+04
1.100000000000000000e+06 1.412500000000000000e+04
1.110000000000000000e+06 1.427800000000000000e+04
1.120000000000000000e+06 1.424300000000000000e+04
1.130000000000000000e+06 1.445700000000000000e+04
1.140000000000000000e+06 1.454100000000000000e+04
1.150000000000000000e+06 1.446200000000000000e+04
1.160000000000000000e+06 1.424900000000000000e+04
1.170000000000000000e+06 1.457100000000000000e+04
1.180000000000000000e+06 1.444100000000000000e+04
1.190000000000000000e+06 1.462400000000000000e+04
1.200000000000000000e+06 1.463600000000000000e+04
1.210000000000000000e+06 1.441100000000000000e+04
1.220000000000000000e+06 1.477000000000000000e+04
1.230000000000000000e+06 1.453200000000000000e+04
1.240000000000000000e+06 1.453300000000000000e+04
1.250000000000000000e+06 1.449100000000000000e+04
1.260000000000000000e+06 1.426200000000000000e+04
1.270000000000000000e+06 1.426900000000000000e+04
1.280000000000000000e+06 1.411100000000000000e+04
1.290000000000000000e+06 1.430700000000000000e+04
1.300000000000000000e+06 1.404400000000000000e+04
1.310000000000000000e+06 1.389400000000000000e+04
1.320000000000000000e+06 1.366900000000000000e+04
1.330000000000000000e+06 1.353400000000000000e+04
1.340000000000000000e+06 1.321700000000000000e+04
1.350000000000000000e+06 1.337200000000000000e+04
1.360000000000000000e+06 1.313800000000000000e+04
1.370000000000000000e+06 1.275700000000000000e+04
1.380000000000000000e+06 1.243100000000000000e+04
1.390000000000000000e+06 1.215800000000000000e+04
1.400000000000000000e+06 1.212600000000000000e+04
1.410000000000000000e+06 1.198600000000000000e+04
1.420000000000000000e+06 1.157600000000000000e+04
1.430000000000000000e+06 1.098800000000000000e+04
1.440000000000000000e+06 1.077500000000000000e+04
1.450000000000000000e+06 1.055600000000000000e+04
1.460000000000000000e+06 1.005500000000000000e+04
1.470000000000000000e+06 9.801000000000000000e+03
1.480000000000000000e+06 9.408000000000000000e+03
1.490000000000000000e+06 9.055000000000000000e+03
1.500000000000000000e+06 8.619000000000000000e+03
1.510000000000000000e+06 8.321000000000000000e+03
1.520000000000000000e+06 7.813000000000000000e+03
1.530000000000000000e+06 7.494000000000000000e+03
1.540000000000000000e+06 7.000000000000000000e+03
1.550000000000000000e+06 6.830000000000000000e+03
1.560000000000000000e+06 6.335000000000000000e+03
1.570000000000000000e+06 6.107000000000000000e+03
1.580000000000000000e+06 5.725000000000000000e+03
1.590000000000000000e+06 5.488000000000000000e+03
1.600000000000000000e+06 5.066000000000000000e+03
1.610000000000000000e+06 4.923000000000000000e+03
1.620000000000000000e+06 4.528000000000000000e+03
1.630000000000000000e+06 4.607000000000000000e+03
1.640000000000000000e+06 4.236000000000000000e+03
1.650000000000000000e+06 4.166000000000000000e+03
1.660000000000000000e+06 3.831000000000000000e+03
1.670000000000000000e+06 3.798000000000000000e+03
1.680000000000000000e+06 3.818000000000000000e+03
1.690000000000000000e+06 3.769000000000000000e+03
1.700000000000000000e+06 3.839000000000000000e+03
1.710000000000000000e+06 3.866000000000000000e+03
1.720000000000000000e+06 3.791000000000000000e+03
1.730000000000000000e+06 3.994000000000000000e+03
1.740000000000000000e+06 4.146000000000000000e+03
1.750000000000000000e+06 4.318000000000000000e+03
1.760000000000000000e+06 4.457000000000000000e+03
1.770000000000000000e+06 4.715000000000000000e+03
1.780000000000000000e+06 4.845000000000000000e+03
1.790000000000000000e+06 5.233000000000000000e+03
1.800000000000000000e+06 5.580000000000000000e+03
1.810000000000000000e+06 5.934000000000000000e+03
1.820000000000000000e+06 6.258000000000000000e+03
1.830000000000000000e+06 6.405000000000000000e+03
1.840000000000000000e+06 6.921000000000000000e+03
1.850000000000000000e+06 7.455000000000000000e+03
1.860000000000000000e+06 7.691000000000000000e+03
1.870000000000000000e+06 8.124000000000000000e+03
1.880000000000000000e+06 8.657000000000000000e+03
1.890000000000000000e+06 9.010000000000000000e+03
1.900000000000000000e+06 9.191000000000000000e+03
1.910000000000000000e+06 9.657000000000000000e+03
1.920000000000000000e+06 1.002100000000000000e+04
1.930000000000000000e+06 1.023400000000000000e+04
1.940000000000000000e+06 1.075800000000000000e+04
1.950000000000000000e+06 1.121300000000000000e+04
1.960000000000000000e+06 1.122400000000000000e+04
1.970000000000000000e+06 1.172600000000000000e+04
1.980000000000000000e+06 1.193500000000000000e+04
1.990000000000000000e+06 1.226500000000000000e+04
