0.000000000000000000e+00 5.426000000000000000e+03
2.500000000000000000e+02 5.510000000000000000e+03
5.000000000000000000e+02 5.758000000000000000e+03
7.500000000000000000e+02 5.854000000000000000e+03
1.000000000000000000e+03 5.874000000000000000e+03
1.250000000000000000e+03 5.791000000000000000e+03
1.500000000000000000e+03 5.833000000000000000e+03
1.750000000000000000e+03 6.097000000000000000e+03
2.000000000000000000e+03 6.117000000000000000e+03
2.250000000000000000e+03 6.145000000000000000e+03
2.500000000000000000e+03 6.117000000000000000e+03
2.750000000000000000e+03 6.235000000000000000e+03
3.000000000000000000e+03 6.008000000000000000e+03
3.250000000000000000e+03 6.185000000000000000e+03
3.500000000000000000e+03 6.288000000000000000e+03
3.750000000000000000e+03 6.246000000000000000e+03
4.000000000000000000e+03 6.299000000000000000e+03
4.250000000000000000e+03 6.563000000000000000e+03
4.500000000000000000e+03 6.248000000000000000e+03
4.750000000000000000e+03 6.478000000000000000e+03
5.000000000000000000e+03 6.197000000000000000e+03
5.250000000000000000e+03 6.232000000000000000e+03
5.500000000000000000e+03 6.318000000000000000e+03
5.750000000000000000e+03 6.113000000000000000e+03
6.000000000000000000e+03 6.418000000000000000e+03
6.250000000000000000e+03 6.151000000000000000e+03
6.500000000000000000e+03 6.116000000000000000e+03
6.750000000000000000e+03 6.153000000000000000e+03
7.000000000000000000e+03 6.154000000000000000e+03
7.250000000000000000e+03 5.994000000000000000e+03
7.500000000000000000e+03 6.158000000000000000e+03
7.750000000000000000e+03 6.054000000000000000e+03
8.000000000000000000e+03 5.940000000000000000e+03
8.250000000000000000e+03 6.068000000000000000e+03
8.500000000000000000e+03 5.937000000000000000e+03
8.750000000000000000e+03 5.894000000000000000e+03
9.000000000000000000e+03 5.667000000000000000e+03
9.250000000000000000e+03 5.674000000000000000e+03
9.500000000000000000e+03 5.710000000000000000e+03
9.750000000000000000e+03 5.473000000000000000e+03
1.000000000000000000e+04 5.486000000000000000e+03
1.025000000000000000e+04 5.175000000000000000e+03
1.050000000000000000e+04 5.064000000000000000e+03
1.075000000000000000e+04 4.977000000000000000e+03
1.100000000000000000e+04 4.820000000000000000e+03
1.125000000000000000e+04 4.971000000000000000e+03
1.150000000000000000e+04 4.553000000000000000e+03
1.175000000000000000e+04 4.460000000000000000e+03
1.200000000000000000e+04 4.235000000000000000e+03
1.225000000000000000e+04 4.195000000000000000e+03
1.250000000000000000e+04 4.105000000000000000e+03
1.275000000000000000e+04 3.836000000000000000e+03
1.300000000000000000e+04 3.758000000000000000e+03
1.325000000000000000e+04 3.636000000000000000e+03
1.350000000000000000e+04 3.414000000000000000e+03
1.375000000000000000e+04 3.255000000000000000e+03
1.400000000000000000e+04 3.118000000000000000e+03
1.425000000000000000e+04 3.035000000000000000e+03
1.450000000000000000e+04 2.919000000000000000e+03
1.475000000000000000e+04 2.723000000000000000e+03
1.500000000000000000e+04 2.626000000000000000e+03
1.525000000000000000e+04 2.539000000000000000e+03
1.550000000000000000e+04 2.441000000000000000e+03
1.575000000000000000e+04 2.269000000000000000e+03
1.600000000000000000e+04 2.196000000000000000e+03
1.625000000000000000e+04 2.113000000000000000e+03
1.650000000000000000e+04 2.101000000000000000e+03
1.675000000000000000e+04 2.019000000000000000e+03
1.700000000000000000e+04 1.906000000000000000e+03
1.725000000000000000e+04 2.022000000000000000e+03
1.750000000000000000e+04 2.039000000000000000e+03
1.775000000000000000e+04 2.014000000000000000e+03
1.800000000000000000e+04 2.106000000000000000e+03
1.825000000000000000e+04 2.079000000000000000e+03
1.850000000000000000e+04 2.233000000000000000e+03
1.875000000000000000e+04 2.158000000000000000e+03
1.900000000000000000e+04 2.332000000000000000e+03
1.925000000000000000e+04 2.349000000000000000e+03
1.950000000000000000e+04 2.408000000000000000e+03
1.975000000000000000e+04 2.554000000000000000e+03
2.000000000000000000e+04 2.579000000000000000e+03
2.025000000000000000e+04 2.845000000000000000e+03
2.050000000000000000e+04 2.942000000000000000e+03
2.075000000000000000e+04 3.064000000000000000e+03
2.100000000000000000e+04 3.241000000000000000e+03
2.125000000000000000e+04 3.519000000000000000e+03
2.150000000000000000e+04 3.610000000000000000e+03
2.175000000000000000e+04 3.739000000000000000e+03
2.200000000000000000e+04 3.972000000000000000e+03
2.225000000000000000e+04 4.139000000000000000e+03
2.250000000000000000e+04 4.328000000000000000e+03
2.275000000000000000e+04 4.432000000000000000e+03
2.300000000000000000e+04 4.595000000000000000e+03
2.325000000000000000e+04 4.696000000000000000e+03
2.350000000000000000e+04 4.720000000000000000e+03
2.375000000000000000e+04 4.890000000000000000e+03
2.400000000000000000e+04 4.980000000000000000e+03
2.425000000000000000e+04 5.236000000000000000e+03
2.450000000000000000e+04 5.307000000000000000e+03
2.475000000000000000e+04 5.282000000000000000e+03
2.500000000000000000e+04 5.535000000000000000e+03
2.525000000000000000e+04 5.651000000000000000e+03
2.550000000000000000e+04 5.588000000000000000e+03
2.575000000000000000e+04 5.787000000000000000e+03
2.600000000000000000e+04 5.834000000000000000e+03
2.625000000000000000e+04 5.889000000000000000e+03
2.650000000000000000e+04 5.868000000000000000e+03
2.675000000000000000e+04 6.022000000000000000e+03
2.700000000000000000e+04 6.025000000000000000e+03
2.725000000000000000e+04 6.129000000000000000e+03
2.750000000000000000e+04 6.059000000000000000e+03
2.775000000000000000e+04 6.077000000000000000e+03
2.800000000000000000e+04 6.195000000000000000e+03
2.825000000000000000e+04 6.118000000000000000e+03
2.850000000000000000e+04 6.228000000000000000e+03
2.875000000000000000e+04 6.317000000000000000e+03
2.900000000000000000e+04 6.354000000000000000e+03
2.925000000000000000e+04 6.203000000000000000e+03
2.950000000000000000e+04 6.277000000000000000e+03
2.975000000000000000e+04 6.450000000000000000e+03
3.000000000000000000e+04 6.354000000000000000e+03
3.025000000000000000e+04 6.316000000000000000e+03
3.050000000000000000e+04 6.400000000000000000e+03
3.075000000000000000e+04 6.239000000000000000e+03
3.100000000000000000e+04 6.259000000000000000e+03
3.125000000000000000e+04 6.028000000000000000e+03
3.150000000000000000e+04 6.473000000000000000e+03
3.175000000000000000e+04 6.342000000000000000e+03
3.200000000000000000e+04 6.203000000000000000e+03
3.225000000000000000e+04 6.192000000000000000e+03
3.250000000000000000e+04 6.088000000000000000e+03
3.275000000000000000e+04 6.147000000000000000e+03
3.300000000000000000e+04 5.927000000000000000e+03
3.325000000000000000e+04 5.886000000000000000e+03
3.350000000000000000e+04 6.054000000000000000e+03
3.375000000000000000e+04 5.708000000000000000e+03
3.400000000000000000e+04 5.672000000000000000e+03
3.425000000000000000e+04 5.686000000000000000e+03
3.450000000000000000e+04 5.596000000000000000e+03
3.475000000000000000e+04 5.640000000000000000e+03
3.500000000000000000e+04 5.429000000000000000e+03
3.525000000000000000e+04 5.393000000000000000e+03
3.550000000000000000e+04 5.238000000000000000e+03
3.575000000000000000e+04 4.979000000000000000e+03
3.600000000000000000e+04 4.888000000000000000e+03
3.625000000000000000e+04 4.809000000000000000e+03
3.650000000000000000e+04 4.683000000000000000e+03
3.675000000000000000e+04 4.474000000000000000e+03
3.700000000000000000e+04 4.441000000000000000e+03
3.725000000000000000e+04 4.077000000000000000e+03
3.750000000000000000e+04 4.146000000000000000e+03
3.775000000000000000e+04 3.952000000000000000e+03
3.800000000000000000e+04 3.766000000000000000e+03
3.825000000000000000e+04 3.642000000000000000e+03
3.850000000000000000e+04 3.347000000000000000e+03
3.875000000000000000e+04 3.179000000000000000e+03
3.900000000000000000e+04 3.109000000000000000e+03
3.925000000000000000e+04 3.031000000000000000e+03
3.950000000000000000e+04 2.938000000000000000e+03
3.975000000000000000e+04 2.818000000000000000e+03
4.000000000000000000e+04 2.654000000000000000e+03
4.025000000000000000e+04 2.633000000000000000e+03
4.050000000000000000e+04 2.479000000000000000e+03
4.075000000000000000e+04 2.250000000000000000e+03
4.100000000000000000e+04 2.255000000000000000e+03
4.125000000000000000e+04 2.060000000000000000e+03
4.150000000000000000e+04 2.154000000000000000e+03
4.175000000000000000e+04 2.033000000000000000e+03
4.200000000000000000e+04 1.978000000000000000e+03
4.225000000000000000e+04 2.036000000000000000e+03
4.250000000000000000e+04 1.923000000000000000e+03
4.275000000000000000e+04 2.046000000000000000e+03
4.300000000000000000e+04 2.076000000000000000e+03
4.325000000000000000e+04 2.135000000000000000e+03
4.350000000000000000e+04 2.136000000000000000e+03
4.375000000000000000e+04 2.235000000000000000e+03
4.400000000000000000e+04 2.281000000000000000e+03
4.425000000000000000e+04 2.319000000000000000e+03
4.450000000000000000e+04 2.379000000000000000e+03
4.475000000000000000e+04 2.626000000000000000e+03
4.500000000000000000e+04 2.701000000000000000e+03
4.525000000000000000e+04 2.849000000000000000e+03
4.550000000000000000e+04 3.033000000000000000e+03
4.575000000000000000e+04 3.178000000000000000e+03
4.600000000000000000e+04 3.247000000000000000e+03
4.625000000000000000e+04 3.342000000000000000e+03
4.650000000000000000e+04 3.667000000000000000e+03
4.675000000000000000e+04 3.705000000000000000e+03
4.700000000000000000e+04 3.833000000000000000e+03
4.725000000000000000e+04 4.038000000000000000e+03
4.750000000000000000e+04 4.224000000000000000e+03
4.775000000000000000e+04 4.472000000000000000e+03
4.800000000000000000e+04 4.397000000000000000e+03
4.825000000000000000e+04 4.760000000000000000e+03
4.850000000000000000e+04 4.924000000000000000e+03
4.875000000000000000e+04 4.960000000000000000e+03
4.900000000000000000e+04 5.046000000000000000e+03
4.925000000000000000e+04 5.260000000000000000e+03
4.950000000000000000e+04 5.370000000000000000e+03
4.975000000000000000e+04 5.405000000000000000e+03
