0.000000000000000000e+00 5.335000000000000000e+03
3.300000000000000000e+01 5.446000000000000000e+03
6.600000000000000000e+01 5.569000000000000000e+03
9.900000000000000000e+01 5.541000000000000000e+03
1.320000000000000000e+02 5.737000000000000000e+03
1.650000000000000000e+02 5.725000000000000000e+03
1.980000000000000000e+02 5.981000000000000000e+03
2.310000000000000000e+02 6.005000000000000000e+03
2.640000000000000000e+02 6.014000000000000000e+03
2.970000000000000000e+02 6.118000000000000000e+03
3.300000000000000000e+02 6.061000000000000000e+03
3.630000000000000000e+02 6.184000000000000000e+03
3.960000000000000000e+02 6.107000000000000000e+03
4.290000000000000000e+02 6.285000000000000000e+03
4.620000000000000000e+02 6.301000000000000000e+03
4.950000000000000000e+02 6.157000000000000000e+03
5.280000000000000000e+02 6.278000000000000000e+03
5.610000000000000000e+02 6.391000000000000000e+03
5.940000000000000000e+02 6.427000000000000000e+03
6.270000000000000000e+02 6.357000000000000000e+03
6.600000000000000000e+02 6.227000000000000000e+03
6.930000000000000000e+02 6.433000000000000000e+03
7.260000000000000000e+02 6.260000000000000000e+03
7.590000000000000000e+02 6.418000000000000000e+03
7.920000000000000000e+02 6.535000000000000000e+03
8.250000000000000000e+02 6.351000000000000000e+03
8.580000000000000000e+02 6.495000000000000000e+03
8.910000000000000000e+02 6.342000000000000000e+03
9.240000000000000000e+02 6.182000000000000000e+03
9.570000000000000000e+02 6.339000000000000000e+03
9.900000000000000000e+02 6.201000000000000000e+03
1.023000000000000000e+03 6.164000000000000000e+03
1.056000000000000000e+03 6.046000000000000000e+03
1.089000000000000000e+03 6.128000000000000000e+03
1.122000000000000000e+03 6.172000000000000000e+03
1.155000000000000000e+03 6.029000000000000000e+03
1.188000000000000000e+03 6.106000000000000000e+03
1.221000000000000000e+03 5.846000000000000000e+03
1.254000000000000000e+03 5.766000000000000000e+03
1.287000000000000000e+03 5.723000000000000000e+03
1.320000000000000000e+03 5.752000000000000000e+03
1.353000000000000000e+03 5.570000000000000000e+03
1.386000000000000000e+03 5.434000000000000000e+03
1.419000000000000000e+03 5.365000000000000000e+03
1.452000000000000000e+03 5.179000000000000000e+03
1.485000000000000000e+03 5.079000000000000000e+03
1.518000000000000000e+03 5.188000000000000000e+03
1.551000000000000000e+03 5.050000000000000000e+03
1.584000000000000000e+03 4.787000000000000000e+03
1.617000000000000000e+03 4.746000000000000000e+03
1.650000000000000000e+03 4.681000000000000000e+03
1.683000000000000000e+03 4.568000000000000000e+03
1.716000000000000000e+03 4.330000000000000000e+03
1.749000000000000000e+03 4.202000000000000000e+03
1.782000000000000000e+03 4.005000000000000000e+03
1.815000000000000000e+03 3.860000000000000000e+03
1.848000000000000000e+03 3.767000000000000000e+03
1.881000000000000000e+03 3.615000000000000000e+03
1.914000000000000000e+03 3.437000000000000000e+03
1.947000000000000000e+03 3.348000000000000000e+03
1.980000000000000000e+03 3.285000000000000000e+03
2.013000000000000000e+03 3.100000000000000000e+03
2.046000000000000000e+03 3.127000000000000000e+03
2.079000000000000000e+03 2.971000000000000000e+03
2.112000000000000000e+03 2.752000000000000000e+03
2.145000000000000000e+03 2.690000000000000000e+03
2.178000000000000000e+03 2.637000000000000000e+03
2.211000000000000000e+03 2.610000000000000000e+03
2.244000000000000000e+03 2.541000000000000000e+03
2.277000000000000000e+03 2.433000000000000000e+03
2.310000000000000000e+03 2.389000000000000000e+03
2.343000000000000000e+03 2.306000000000000000e+03
2.376000000000000000e+03 2.299000000000000000e+03
2.409000000000000000e+03 2.370000000000000000e+03
2.442000000000000000e+03 2.272000000000000000e+03
2.475000000000000000e+03 2.295000000000000000e+03
2.508000000000000000e+03 2.352000000000000000e+03
2.541000000000000000e+03 2.263000000000000000e+03
2.574000000000000000e+03 2.351000000000000000e+03
2.607000000000000000e+03 2.391000000000000000e+03
2.640000000000000000e+03 2.599000000000000000e+03
2.673000000000000000e+03 2.527000000000000000e+03
2.706000000000000000e+03 2.713000000000000000e+03
2.739000000000000000e+03 2.772000000000000000e+03
2.772000000000000000e+03 2.854000000000000000e+03
2.805000000000000000e+03 3.129000000000000000e+03
2.838000000000000000e+03 3.276000000000000000e+03
2.871000000000000000e+03 3.319000000000000000e+03
2.904000000000000000e+03 3.448000000000000000e+03
2.937000000000000000e+03 3.651000000000000000e+03
2.970000000000000000e+03 3.749000000000000000e+03
3.003000000000000000e+03 3.963000000000000000e+03
3.036000000000000000e+03 4.115000000000000000e+03
3.069000000000000000e+03 4.242000000000000000e+03
3.102000000000000000e+03 4.491000000000000000e+03
3.135000000000000000e+03 4.577000000000000000e+03
3.168000000000000000e+03 4.758000000000000000e+03
3.201000000000000000e+03 4.767000000000000000e+03
3.234000000000000000e+03 4.937000000000000000e+03
3.267000000000000000e+03 5.045000000000000000e+03
3.300000000000000000e+03 5.353000000000000000e+03
3.333000000000000000e+03 5.420000000000000000e+03
3.366000000000000000e+03 5.479000000000000000e+03
3.399000000000000000e+03 5.498000000000000000e+03
3.432000000000000000e+03 5.735000000000000000e+03
3.465000000000000000e+03 5.851000000000000000e+03
3.498000000000000000e+03 5.706000000000000000e+03
3.531000000000000000e+03 6.035000000000000000e+03
3.564000000000000000e+03 6.057000000000000000e+03
3.597000000000000000e+03 6.073000000000000000e+03
3.630000000000000000e+03 6.167000000000000000e+03
3.663000000000000000e+03 6.038000000000000000e+03
3.696000000000000000e+03 6.356000000000000000e+03
3.729000000000000000e+03 6.138000000000000000e+03
3.762000000000000000e+03 6.194000000000000000e+03
3.795000000000000000e+03 6.260000000000000000e+03
3.828000000000000000e+03 6.255000000000000000e+03
3.861000000000000000e+03 6.447000000000000000e+03
3.894000000000000000e+03 6.246000000000000000e+03
3.927000000000000000e+03 6.371000000000000000e+03
3.960000000000000000e+03 6.361000000000000000e+03
3.993000000000000000e+03 6.374000000000000000e+03
4.026000000000000000e+03 6.334000000000000000e+03
4.059000000000000000e+03 6.497000000000000000e+03
4.092000000000000000e+03 6.667000000000000000e+03
4.125000000000000000e+03 6.359000000000000000e+03
4.158000000000000000e+03 6.308000000000000000e+03
4.191000000000000000e+03 6.334000000000000000e+03
4.224000000000000000e+03 6.293000000000000000e+03
4.257000000000000000e+03 6.382000000000000000e+03
4.290000000000000000e+03 6.264000000000000000e+03
4.323000000000000000e+03 6.286000000000000000e+03
4.356000000000000000e+03 6.369000000000000000e+03
4.389000000000000000e+03 6.228000000000000000e+03
4.422000000000000000e+03 6.366000000000000000e+03
4.455000000000000000e+03 6.191000000000000000e+03
4.488000000000000000e+03 6.014000000000000000e+03
4.521000000000000000e+03 6.104000000000000000e+03
4.554000000000000000e+03 6.151000000000000000e+03
4.587000000000000000e+03 5.944000000000000000e+03
4.620000000000000000e+03 5.772000000000000000e+03
4.653000000000000000e+03 5.661000000000000000e+03
4.686000000000000000e+03 5.562000000000000000e+03
4.719000000000000000e+03 5.608000000000000000e+03
4.752000000000000000e+03 5.270000000000000000e+03
4.785000000000000000e+03 5.324000000000000000e+03
4.818000000000000000e+03 5.206000000000000000e+03
4.851000000000000000e+03 5.167000000000000000e+03
4.884000000000000000e+03 5.059000000000000000e+03
4.917000000000000000e+03 4.883000000000000000e+03
4.950000000000000000e+03 4.782000000000000000e+03
4.983000000000000000e+03 4.600000000000000000e+03
5.016000000000000000e+03 4.400000000000000000e+03
5.049000000000000000e+03 4.431000000000000000e+03
5.082000000000000000e+03 4.204000000000000000e+03
5.115000000000000000e+03 4.047000000000000000e+03
5.148000000000000000e+03 3.866000000000000000e+03
5.181000000000000000e+03 3.767000000000000000e+03
5.214000000000000000e+03 3.627000000000000000e+03
5.247000000000000000e+03 3.465000000000000000e+03
5.280000000000000000e+03 3.397000000000000000e+03
5.313000000000000000e+03 3.216000000000000000e+03
5.346000000000000000e+03 3.195000000000000000e+03
5.379000000000000000e+03 3.097000000000000000e+03
5.412000000000000000e+03 2.900000000000000000e+03
5.445000000000000000e+03 2.844000000000000000e+03
5.478000000000000000e+03 2.679000000000000000e+03
5.511000000000000000e+03 2.559000000000000000e+03
5.544000000000000000e+03 2.494000000000000000e+03
5.577000000000000000e+03 2.415000000000000000e+03
5.610000000000000000e+03 2.533000000000000000e+03
5.643000000000000000e+03 2.331000000000000000e+03
5.676000000000000000e+03 2.307000000000000000e+03
5.709000000000000000e+03 2.306000000000000000e+03
5.742000000000000000e+03 2.270000000000000000e+03
5.775000000000000000e+03 2.236000000000000000e+03
5.808000000000000000e+03 2.232000000000000000e+03
5.841000000000000000e+03 2.319000000000000000e+03
5.874000000000000000e+03 2.371000000000000000e+03
5.907000000000000000e+03 2.431000000000000000e+03
5.940000000000000000e+03 2.488000000000000000e+03
5.973000000000000000e+03 2.574000000000000000e+03
6.006000000000000000e+03 2.714000000000000000e+03
6.039000000000000000e+03 2.667000000000000000e+03
6.072000000000000000e+03 2.856000000000000000e+03
6.105000000000000000e+03 2.887000000000000000e+03
6.138000000000000000e+03 3.022000000000000000e+03
6.171000000000000000e+03 3.196000000000000000e+03
6.204000000000000000e+03 3.330000000000000000e+03
6.237000000000000000e+03 3.593000000000000000e+03
6.270000000000000000e+03 3.700000000000000000e+03
6.303000000000000000e+03 3.851000000000000000e+03
6.336000000000000000e+03 3.983000000000000000e+03
6.369000000000000000e+03 4.119000000000000000e+03
6.402000000000000000e+03 4.242000000000000000e+03
6.435000000000000000e+03 4.492000000000000000e+03
6.468000000000000000e+03 4.640000000000000000e+03
6.501000000000000000e+03 4.744000000000000000e+03
6.534000000000000000e+03 4.825000000000000000e+03
6.567000000000000000e+03 4.996000000000000000e+03
6.600000000000000000e+03 5.183000000000000000e+03
6.633000000000000000e+03 5.301000000000000000e+03
