0.000000000000000000e+00 6.291000000000000000e+03
1.670000000000000000e+02 6.463000000000000000e+03
3.340000000000000000e+02 6.560000000000000000e+03
5.010000000000000000e+02 6.628000000000000000e+03
6.680000000000000000e+02 6.545000000000000000e+03
8.350000000000000000e+02 6.873000000000000000e+03
1.002000000000000000e+03 6.665000000000000000e+03
1.169000000000000000e+03 6.877000000000000000e+03
1.336000000000000000e+03 6.971000000000000000e+03
1.503000000000000000e+03 6.899000000000000000e+03
1.670000000000000000e+03 6.996000000000000000e+03
1.837000000000000000e+03 7.124000000000000000e+03
2.004000000000000000e+03 7.215000000000000000e+03
2.171000000000000000e+03 7.258000000000000000e+03
2.338000000000000000e+03 7.219000000000000000e+03
2.505000000000000000e+03 7.159000000000000000e+03
2.672000000000000000e+03 7.243000000000000000e+03
2.839000000000000000e+03 7.175000000000000000e+03
3.006000000000000000e+03 7.213000000000000000e+03
3.173000000000000000e+03 7.124000000000000000e+03
3.340000000000000000e+03 7.292000000000000000e+03
3.507000000000000000e+03 7.089000000000000000e+03
3.674000000000000000e+03 7.320000000000000000e+03
3.841000000000000000e+03 7.186000000000000000e+03
4.008000000000000000e+03 7.212000000000000000e+03
4.175000000000000000e+03 7.235000000000000000e+03
4.342000000000000000e+03 7.093000000000000000e+03
4.509000000000000000e+03 7.288000000000000000e+03
4.676000000000000000e+03 6.956000000000000000e+03
4.843000000000000000e+03 7.027000000000000000e+03
5.010000000000000000e+03 6.991000000000000000e+03
5.177000000000000000e+03 6.813000000000000000e+03
5.344000000000000000e+03 6.889000000000000000e+03
5.511000000000000000e+03 6.725000000000000000e+03
5.678000000000000000e+03 6.756000000000000000e+03
5.845000000000000000e+03 6.692000000000000000e+03
6.012000000000000000e+03 6.546000000000000000e+03
6.179000000000000000e+03 6.375000000000000000e+03
6.346000000000000000e+03 6.391000000000000000e+03
6.513000000000000000e+03 6.327000000000000000e+03
6.680000000000000000e+03 6.108000000000000000e+03
6.847000000000000000e+03 5.988000000000000000e+03
7.014000000000000000e+03 6.078000000000000000e+03
7.181000000000000000e+03 5.920000000000000000e+03
7.348000000000000000e+03 5.748000000000000000e+03
7.515000000000000000e+03 5.568000000000000000e+03
7.682000000000000000e+03 5.387000000000000000e+03
7.849000000000000000e+03 5.198000000000000000e+03
8.016000000000000000e+03 5.188000000000000000e+03
8.183000000000000000e+03 5.013000000000000000e+03
8.350000000000000000e+03 4.649000000000000000e+03
8.517000000000000000e+03 4.662000000000000000e+03
8.684000000000000000e+03 4.493000000000000000e+03
8.851000000000000000e+03 4.304000000000000000e+03
9.018000000000000000e+03 4.178000000000000000e+03
9.185000000000000000e+03 3.877000000000000000e+03
9.352000000000000000e+03 3.793000000000000000e+03
9.519000000000000000e+03 3.630000000000000000e+03
9.686000000000000000e+03 3.413000000000000000e+03
9.853000000000000000e+03 3.221000000000000000e+03
1.002000000000000000e+04 3.063000000000000000e+03
1.018700000000000000e+04 3.048000000000000000e+03
1.035400000000000000e+04 3.032000000000000000e+03
1.052100000000000000e+04 2.748000000000000000e+03
1.068800000000000000e+04 2.746000000000000000e+03
1.085500000000000000e+04 2.597000000000000000e+03
1.102200000000000000e+04 2.562000000000000000e+03
1.118900000000000000e+04 2.511000000000000000e+03
1.135600000000000000e+04 2.556000000000000000e+03
1.152300000000000000e+04 2.505000000000000000e+03
1.169000000000000000e+04 2.589000000000000000e+03
1.185700000000000000e+04 2.453000000000000000e+03
1.202400000000000000e+04 2.592000000000000000e+03
1.219100000000000000e+04 2.595000000000000000e+03
1.235800000000000000e+04 2.520000000000000000e+03
1.252500000000000000e+04 2.719000000000000000e+03
1.269200000000000000e+04 2.801000000000000000e+03
1.285900000000000000e+04 2.852000000000000000e+03
1.302600000000000000e+04 2.926000000000000000e+03
1.319300000000000000e+04 3.055000000000000000e+03
1.336000000000000000e+04 3.243000000000000000e+03
1.352700000000000000e+04 3.564000000000000000e+03
1.369400000000000000e+04 3.586000000000000000e+03
1.386100000000000000e+04 3.760000000000000000e+03
1.402800000000000000e+04 3.917000000000000000e+03
1.419500000000000000e+04 4.030000000000000000e+03
1.436200000000000000e+04 4.188000000000000000e+03
1.452900000000000000e+04 4.471000000000000000e+03
1.469600000000000000e+04 4.587000000000000000e+03
1.486300000000000000e+04 4.701000000000000000e+03
1.503000000000000000e+04 5.018000000000000000e+03
1.519700000000000000e+04 5.068000000000000000e+03
1.536400000000000000e+04 5.294000000000000000e+03
1.553100000000000000e+04 5.366000000000000000e+03
1.569800000000000000e+04 5.575000000000000000e+03
1.586500000000000000e+04 5.725000000000000000e+03
1.603200000000000000e+04 5.778000000000000000e+03
1.619900000000000000e+04 6.032000000000000000e+03
1.636600000000000000e+04 6.293000000000000000e+03
1.653300000000000000e+04 6.144000000000000000e+03
1.670000000000000000e+04 6.283000000000000000e+03
1.686700000000000000e+04 6.396000000000000000e+03
1.703400000000000000e+04 6.382000000000000000e+03
1.720100000000000000e+04 6.710000000000000000e+03
1.736800000000000000e+04 6.649000000000000000e+03
1.753500000000000000e+04 6.867000000000000000e+03
1.770200000000000000e+04 6.781000000000000000e+03
1.786900000000000000e+04 6.858000000000000000e+03
1.803600000000000000e+04 6.945000000000000000e+03
1.820300000000000000e+04 6.886000000000000000e+03
1.837000000000000000e+04 6.975000000000000000e+03
1.853700000000000000e+04 7.107000000000000000e+03
1.870400000000000000e+04 7.040000000000000000e+03
1.887100000000000000e+04 7.073000000000000000e+03
1.903800000000000000e+04 6.945000000000000000e+03
1.920500000000000000e+04 7.038000000000000000e+03
1.937200000000000000e+04 7.202000000000000000e+03
1.953900000000000000e+04 7.072000000000000000e+03
1.970600000000000000e+04 7.063000000000000000e+03
1.987300000000000000e+04 7.018000000000000000e+03
2.004000000000000000e+04 7.196000000000000000e+03
2.020700000000000000e+04 7.086000000000000000e+03
2.037400000000000000e+04 7.125000000000000000e+03
2.054100000000000000e+04 7.130000000000000000e+03
2.070800000000000000e+04 7.109000000000000000e+03
2.087500000000000000e+04 7.091000000000000000e+03
2.104200000000000000e+04 7.112000000000000000e+03
2.120900000000000000e+04 7.013000000000000000e+03
2.137600000000000000e+04 7.029000000000000000e+03
2.154300000000000000e+04 6.971000000000000000e+03
2.171000000000000000e+04 7.051000000000000000e+03
2.187700000000000000e+04 6.902000000000000000e+03
2.204400000000000000e+04 6.965000000000000000e+03
2.221100000000000000e+04 6.697000000000000000e+03
2.237800000000000000e+04 6.747000000000000000e+03
2.254500000000000000e+04 6.601000000000000000e+03
2.271200000000000000e+04 6.664000000000000000e+03
2.287900000000000000e+04 6.420000000000000000e+03
2.304600000000000000e+04 6.268000000000000000e+03
2.321300000000000000e+04 6.232000000000000000e+03
2.338000000000000000e+04 6.130000000000000000e+03
2.354700000000000000e+04 5.970000000000000000e+03
2.371400000000000000e+04 5.938000000000000000e+03
2.388100000000000000e+04 5.809000000000000000e+03
2.404800000000000000e+04 5.604000000000000000e+03
2.421500000000000000e+04 5.509000000000000000e+03
2.438200000000000000e+04 5.343000000000000000e+03
2.454900000000000000e+04 5.313000000000000000e+03
2.471600000000000000e+04 5.142000000000000000e+03
2.488300000000000000e+04 4.932000000000000000e+03
2.505000000000000000e+04 4.747000000000000000e+03
2.521700000000000000e+04 4.578000000000000000e+03
2.538400000000000000e+04 4.353000000000000000e+03
2.555100000000000000e+04 4.296000000000000000e+03
2.571800000000000000e+04 4.048000000000000000e+03
2.588500000000000000e+04 3.953000000000000000e+03
2.605200000000000000e+04 3.719000000000000000e+03
2.621900000000000000e+04 3.619000000000000000e+03
2.638600000000000000e+04 3.588000000000000000e+03
2.655300000000000000e+04 3.425000000000000000e+03
2.672000000000000000e+04 3.130000000000000000e+03
2.688700000000000000e+04 3.038000000000000000e+03
2.705400000000000000e+04 2.905000000000000000e+03
2.722100000000000000e+04 2.818000000000000000e+03
2.738800000000000000e+04 2.650000000000000000e+03
2.755500000000000000e+04 2.695000000000000000e+03
2.772200000000000000e+04 2.525000000000000000e+03
2.788900000000000000e+04 2.535000000000000000e+03
2.805600000000000000e+04 2.511000000000000000e+03
2.822300000000000000e+04 2.545000000000000000e+03
2.839000000000000000e+04 2.434000000000000000e+03
2.855700000000000000e+04 2.461000000000000000e+03
2.872400000000000000e+04 2.591000000000000000e+03
2.889100000000000000e+04 2.532000000000000000e+03
2.905800000000000000e+04 2.657000000000000000e+03
2.922500000000000000e+04 2.690000000000000000e+03
2.939200000000000000e+04 2.748000000000000000e+03
2.955900000000000000e+04 2.874000000000000000e+03
2.972600000000000000e+04 2.995000000000000000e+03
2.989300000000000000e+04 3.083000000000000000e+03
3.006000000000000000e+04 3.400000000000000000e+03
3.022700000000000000e+04 3.508000000000000000e+03
3.039400000000000000e+04 3.568000000000000000e+03
3.056100000000000000e+04 3.889000000000000000e+03
3.072800000000000000e+04 4.090000000000000000e+03
3.089500000000000000e+04 4.187000000000000000e+03
3.106200000000000000e+04 4.293000000000000000e+03
3.122900000000000000e+04 4.489000000000000000e+03
3.139600000000000000e+04 4.515000000000000000e+03
3.156300000000000000e+04 4.861000000000000000e+03
3.173000000000000000e+04 5.029000000000000000e+03
3.189700000000000000e+04 5.065000000000000000e+03
3.206400000000000000e+04 5.329000000000000000e+03
3.223100000000000000e+04 5.479000000000000000e+03
3.239800000000000000e+04 5.640000000000000000e+03
3.256500000000000000e+04 5.801000000000000000e+03
3.273200000000000000e+04 5.894000000000000000e+03
3.289900000000000000e+04 6.198000000000000000e+03
3.306600000000000000e+04 6.087000000000000000e+03
