0.000000000000000000e+00 4.764000000000000000e+03
2.500000000000000000e+01 4.943000000000000000e+03
5.000000000000000000e+01 5.052000000000000000e+03
7.500000000000000000e+01 5.296000000000000000e+03
1.000000000000000000e+02 5.485000000000000000e+03
1.250000000000000000e+02 5.398000000000000000e+03
1.500000000000000000e+02 5.547000000000000000e+03
1.750000000000000000e+02 5.558000000000000000e+03
2.000000000000000000e+02 5.719000000000000000e+03
2.250000000000000000e+02 5.634000000000000000e+03
2.500000000000000000e+02 5.787000000000000000e+03
2.750000000000000000e+02 5.795000000000000000e+03
3.000000000000000000e+02 5.889000000000000000e+03
3.250000000000000000e+02 5.765000000000000000e+03
3.500000000000000000e+02 5.921000000000000000e+03
3.750000000000000000e+02 5.913000000000000000e+03
4.000000000000000000e+02 5.775000000000000000e+03
4.250000000000000000e+02 5.887000000000000000e+03
4.500000000000000000e+02 5.900000000000000000e+03
4.750000000000000000e+02 5.938000000000000000e+03
5.000000000000000000e+02 5.904000000000000000e+03
5.250000000000000000e+02 6.023000000000000000e+03
5.500000000000000000e+02 5.833000000000000000e+03
5.750000000000000000e+02 5.875000000000000000e+03
6.000000000000000000e+02 5.997000000000000000e+03
6.250000000000000000e+02 5.825000000000000000e+03
6.500000000000000000e+02 5.857000000000000000e+03
6.750000000000000000e+02 5.815000000000000000e+03
7.000000000000000000e+02 5.694000000000000000e+03
7.250000000000000000e+02 5.698000000000000000e+03
7.500000000000000000e+02 5.734000000000000000e+03
7.750000000000000000e+02 5.523000000000000000e+03
8.000000000000000000e+02 5.526000000000000000e+03
8.250000000000000000e+02 5.622000000000000000e+03
8.500000000000000000e+02 5.374000000000000000e+03
8.750000000000000000e+02 5.511000000000000000e+03
9.000000000000000000e+02 5.239000000000000000e+03
9.250000000000000000e+02 5.173000000000000000e+03
9.500000000000000000e+02 5.197000000000000000e+03
9.750000000000000000e+02 5.204000000000000000e+03
1.000000000000000000e+03 5.000000000000000000e+03
1.025000000000000000e+03 4.968000000000000000e+03
1.050000000000000000e+03 4.897000000000000000e+03
1.075000000000000000e+03 4.758000000000000000e+03
1.100000000000000000e+03 4.594000000000000000e+03
1.125000000000000000e+03 4.536000000000000000e+03
1.150000000000000000e+03 4.434000000000000000e+03
1.175000000000000000e+03 4.356000000000000000e+03
1.200000000000000000e+03 4.309000000000000000e+03
1.225000000000000000e+03 4.094000000000000000e+03
1.250000000000000000e+03 4.015000000000000000e+03
1.275000000000000000e+03 3.947000000000000000e+03
1.300000000000000000e+03 3.740000000000000000e+03
1.325000000000000000e+03 3.655000000000000000e+03
1.350000000000000000e+03 3.450000000000000000e+03
1.375000000000000000e+03 3.345000000000000000e+03
1.400000000000000000e+03 3.147000000000000000e+03
1.425000000000000000e+03 3.173000000000000000e+03
1.450000000000000000e+03 3.061000000000000000e+03
1.475000000000000000e+03 2.845000000000000000e+03
1.500000000000000000e+03 2.724000000000000000e+03
1.525000000000000000e+03 2.659000000000000000e+03
1.550000000000000000e+03 2.751000000000000000e+03
1.575000000000000000e+03 2.489000000000000000e+03
1.600000000000000000e+03 2.382000000000000000e+03
1.625000000000000000e+03 2.404000000000000000e+03
1.650000000000000000e+03 2.252000000000000000e+03
1.675000000000000000e+03 2.280000000000000000e+03
1.700000000000000000e+03 2.157000000000000000e+03
1.725000000000000000e+03 2.075000000000000000e+03
1.750000000000000000e+03 2.102000000000000000e+03
1.775000000000000000e+03 2.104000000000000000e+03
1.800000000000000000e+03 2.019000000000000000e+03
1.825000000000000000e+03 2.047000000000000000e+03
1.850000000000000000e+03 2.090000000000000000e+03
1.875000000000000000e+03 2.024000000000000000e+03
1.900000000000000000e+03 2.063000000000000000e+03
1.925000000000000000e+03 2.081000000000000000e+03
1.950000000000000000e+03 2.075000000000000000e+03
1.975000000000000000e+03 2.067000000000000000e+03
2.000000000000000000e+03 2.105000000000000000e+03
2.025000000000000000e+03 2.330000000000000000e+03
2.050000000000000000e+03 2.411000000000000000e+03
2.075000000000000000e+03 2.390000000000000000e+03
2.100000000000000000e+03 2.539000000000000000e+03
2.125000000000000000e+03 2.727000000000000000e+03
2.150000000000000000e+03 2.807000000000000000e+03
2.175000000000000000e+03 3.004000000000000000e+03
2.200000000000000000e+03 3.117000000000000000e+03
2.225000000000000000e+03 3.217000000000000000e+03
2.250000000000000000e+03 3.385000000000000000e+03
2.275000000000000000e+03 3.690000000000000000e+03
2.300000000000000000e+03 3.815000000000000000e+03
2.325000000000000000e+03 3.864000000000000000e+03
2.350000000000000000e+03 4.069000000000000000e+03
2.375000000000000000e+03 4.292000000000000000e+03
2.400000000000000000e+03 4.329000000000000000e+03
2.425000000000000000e+03 4.448000000000000000e+03
2.450000000000000000e+03 4.698000000000000000e+03
2.475000000000000000e+03 4.796000000000000000e+03
2.500000000000000000e+03 4.943000000000000000e+03
2.525000000000000000e+03 5.023000000000000000e+03
2.550000000000000000e+03 5.179000000000000000e+03
2.575000000000000000e+03 5.243000000000000000e+03
2.600000000000000000e+03 5.421000000000000000e+03
2.625000000000000000e+03 5.296000000000000000e+03
2.650000000000000000e+03 5.432000000000000000e+03
2.675000000000000000e+03 5.583000000000000000e+03
2.700000000000000000e+03 5.670000000000000000e+03
2.725000000000000000e+03 5.664000000000000000e+03
2.750000000000000000e+03 5.716000000000000000e+03
2.775000000000000000e+03 5.894000000000000000e+03
2.800000000000000000e+03 5.929000000000000000e+03
2.825000000000000000e+03 5.868000000000000000e+03
2.850000000000000000e+03 5.911000000000000000e+03
2.875000000000000000e+03 5.986000000000000000e+03
2.900000000000000000e+03 6.025000000000000000e+03
2.925000000000000000e+03 5.903000000000000000e+03
2.950000000000000000e+03 5.947000000000000000e+03
2.975000000000000000e+03 5.839000000000000000e+03
3.000000000000000000e+03 5.876000000000000000e+03
3.025000000000000000e+03 5.915000000000000000e+03
3.050000000000000000e+03 5.825000000000000000e+03
3.075000000000000000e+03 5.924000000000000000e+03
3.100000000000000000e+03 5.859000000000000000e+03
3.125000000000000000e+03 5.887000000000000000e+03
3.150000000000000000e+03 5.723000000000000000e+03
3.175000000000000000e+03 5.796000000000000000e+03
3.200000000000000000e+03 5.759000000000000000e+03
3.225000000000000000e+03 5.679000000000000000e+03
3.250000000000000000e+03 5.782000000000000000e+03
3.275000000000000000e+03 5.578000000000000000e+03
3.300000000000000000e+03 5.590000000000000000e+03
3.325000000000000000e+03 5.458000000000000000e+03
3.350000000000000000e+03 5.461000000000000000e+03
3.375000000000000000e+03 5.300000000000000000e+03
3.400000000000000000e+03 5.174000000000000000e+03
3.425000000000000000e+03 5.268000000000000000e+03
3.450000000000000000e+03 5.189000000000000000e+03
3.475000000000000000e+03 5.097000000000000000e+03
3.500000000000000000e+03 4.946000000000000000e+03
3.525000000000000000e+03 4.974000000000000000e+03
3.550000000000000000e+03 4.766000000000000000e+03
3.575000000000000000e+03 4.580000000000000000e+03
3.600000000000000000e+03 4.576000000000000000e+03
3.625000000000000000e+03 4.648000000000000000e+03
3.650000000000000000e+03 4.337000000000000000e+03
3.675000000000000000e+03 4.286000000000000000e+03
3.700000000000000000e+03 4.197000000000000000e+03
3.725000000000000000e+03 4.028000000000000000e+03
3.750000000000000000e+03 3.961000000000000000e+03
3.775000000000000000e+03 3.696000000000000000e+03
3.800000000000000000e+03 3.730000000000000000e+03
3.825000000000000000e+03 3.600000000000000000e+03
3.850000000000000000e+03 3.600000000000000000e+03
3.875000000000000000e+03 3.255000000000000000e+03
3.900000000000000000e+03 3.204000000000000000e+03
3.925000000000000000e+03 3.066000000000000000e+03
3.950000000000000000e+03 3.036000000000000000e+03
3.975000000000000000e+03 2.886000000000000000e+03
4.000000000000000000e+03 2.802000000000000000e+03
4.025000000000000000e+03 2.664000000000000000e+03
4.050000000000000000e+03 2.741000000000000000e+03
4.075000000000000000e+03 2.537000000000000000e+03
4.100000000000000000e+03 2.395000000000000000e+03
4.125000000000000000e+03 2.307000000000000000e+03
4.150000000000000000e+03 2.284000000000000000e+03
4.175000000000000000e+03 2.287000000000000000e+03
4.200000000000000000e+03 2.146000000000000000e+03
4.225000000000000000e+03 2.101000000000000000e+03
4.250000000000000000e+03 2.100000000000000000e+03
4.275000000000000000e+03 2.020000000000000000e+03
4.300000000000000000e+03 2.068000000000000000e+03
4.325000000000000000e+03 1.977000000000000000e+03
4.350000000000000000e+03 1.970000000000000000e+03
4.375000000000000000e+03 1.994000000000000000e+03
4.400000000000000000e+03 2.058000000000000000e+03
4.425000000000000000e+03 1.995000000000000000e+03
4.450000000000000000e+03 2.100000000000000000e+03
4.475000000000000000e+03 2.134000000000000000e+03
4.500000000000000000e+03 2.169000000000000000e+03
4.525000000000000000e+03 2.297000000000000000e+03
4.550000000000000000e+03 2.382000000000000000e+03
4.575000000000000000e+03 2.500000000000000000e+03
4.600000000000000000e+03 2.617000000000000000e+03
4.625000000000000000e+03 2.846000000000000000e+03
4.650000000000000000e+03 2.768000000000000000e+03
4.675000000000000000e+03 2.964000000000000000e+03
4.700000000000000000e+03 3.188000000000000000e+03
4.725000000000000000e+03 3.305000000000000000e+03
4.750000000000000000e+03 3.384000000000000000e+03
4.775000000000000000e+03 3.581000000000000000e+03
4.800000000000000000e+03 3.727000000000000000e+03
4.825000000000000000e+03 3.890000000000000000e+03
4.850000000000000000e+03 4.074000000000000000e+03
4.875000000000000000e+03 4.106000000000000000e+03
4.900000000000000000e+03 4.383000000000000000e+03
4.925000000000000000e+03 4.636000000000000000e+03
4.950000000000000000e+03 4.814000000000000000e+03
4.975000000000000000e+03 4.956000000000000000e+03
