0.000000000000000000e+00 6.138000000000000000e+03
3.330000000000000000e+02 6.184000000000000000e+03
6.660000000000000000e+02 6.425000000000000000e+03
9.990000000000000000e+02 6.425000000000000000e+03
1.332000000000000000e+03 6.553000000000000000e+03
1.665000000000000000e+03 6.620000000000000000e+03
1.998000000000000000e+03 6.795000000000000000e+03
2.331000000000000000e+03 6.734000000000000000e+03
2.664000000000000000e+03 6.871000000000000000e+03
2.997000000000000000e+03 6.901000000000000000e+03
3.330000000000000000e+03 7.211000000000000000e+03
3.663000000000000000e+03 7.135000000000000000e+03
3.996000000000000000e+03 7.152000000000000000e+03
4.329000000000000000e+03 7.174000000000000000e+03
4.662000000000000000e+03 7.201000000000000000e+03
4.995000000000000000e+03 6.966000000000000000e+03
5.328000000000000000e+03 7.091000000000000000e+03
5.661000000000000000e+03 7.100000000000000000e+03
5.994000000000000000e+03 7.162000000000000000e+03
6.327000000000000000e+03 6.973000000000000000e+03
6.660000000000000000e+03 7.082000000000000000e+03
6.993000000000000000e+03 7.076000000000000000e+03
7.326000000000000000e+03 7.060000000000000000e+03
7.659000000000000000e+03 7.100000000000000000e+03
7.992000000000000000e+03 7.138000000000000000e+03
8.325000000000000000e+03 7.145000000000000000e+03
8.658000000000000000e+03 7.083000000000000000e+03
8.991000000000000000e+03 7.130000000000000000e+03
9.324000000000000000e+03 6.823000000000000000e+03
9.657000000000000000e+03 6.700000000000000000e+03
9.990000000000000000e+03 6.710000000000000000e+03
1.032300000000000000e+04 6.614000000000000000e+03
1.065600000000000000e+04 6.808000000000000000e+03
1.098900000000000000e+04 6.653000000000000000e+03
1.132200000000000000e+04 6.430000000000000000e+03
1.165500000000000000e+04 6.583000000000000000e+03
1.198800000000000000e+04 6.591000000000000000e+03
1.232100000000000000e+04 6.267000000000000000e+03
1.265400000000000000e+04 6.234000000000000000e+03
1.298700000000000000e+04 6.229000000000000000e+03
1.332000000000000000e+04 6.242000000000000000e+03
1.365300000000000000e+04 5.920000000000000000e+03
1.398600000000000000e+04 6.029000000000000000e+03
1.431900000000000000e+04 5.660000000000000000e+03
1.465200000000000000e+04 5.552000000000000000e+03
1.498500000000000000e+04 5.338000000000000000e+03
1.531800000000000000e+04 4.921000000000000000e+03
1.565100000000000000e+04 4.984000000000000000e+03
1.598400000000000000e+04 4.935000000000000000e+03
1.631700000000000000e+04 4.863000000000000000e+03
1.665000000000000000e+04 4.696000000000000000e+03
1.698300000000000000e+04 4.598000000000000000e+03
1.731600000000000000e+04 4.414000000000000000e+03
1.764900000000000000e+04 4.127000000000000000e+03
1.798200000000000000e+04 3.877000000000000000e+03
1.831500000000000000e+04 3.829000000000000000e+03
1.864800000000000000e+04 3.699000000000000000e+03
1.898100000000000000e+04 3.504000000000000000e+03
1.931400000000000000e+04 3.467000000000000000e+03
1.964700000000000000e+04 3.251000000000000000e+03
1.998000000000000000e+04 3.128000000000000000e+03
2.031300000000000000e+04 2.994000000000000000e+03
2.064600000000000000e+04 2.760000000000000000e+03
2.097900000000000000e+04 2.662000000000000000e+03
2.131200000000000000e+04 2.608000000000000000e+03
2.164500000000000000e+04 2.658000000000000000e+03
2.197800000000000000e+04 2.476000000000000000e+03
2.231100000000000000e+04 2.390000000000000000e+03
2.264400000000000000e+04 2.342000000000000000e+03
2.297700000000000000e+04 2.342000000000000000e+03
2.331000000000000000e+04 2.292000000000000000e+03
2.364300000000000000e+04 2.352000000000000000e+03
2.397600000000000000e+04 2.365000000000000000e+03
2.430900000000000000e+04 2.502000000000000000e+03
2.464200000000000000e+04 2.456000000000000000e+03
2.497500000000000000e+04 2.638000000000000000e+03
2.530800000000000000e+04 2.767000000000000000e+03
2.564100000000000000e+04 2.756000000000000000e+03
2.597400000000000000e+04 2.816000000000000000e+03
2.630700000000000000e+04 2.979000000000000000e+03
2.664000000000000000e+04 3.237000000000000000e+03
2.697300000000000000e+04 3.459000000000000000e+03
2.730600000000000000e+04 3.476000000000000000e+03
2.763900000000000000e+04 3.680000000000000000e+03
2.797200000000000000e+04 3.838000000000000000e+03
2.830500000000000000e+04 3.940000000000000000e+03
2.863800000000000000e+04 4.130000000000000000e+03
2.897100000000000000e+04 4.226000000000000000e+03
2.930400000000000000e+04 4.564000000000000000e+03
2.963700000000000000e+04 4.831000000000000000e+03
2.997000000000000000e+04 4.841000000000000000e+03
3.030300000000000000e+04 4.857000000000000000e+03
3.063600000000000000e+04 5.202000000000000000e+03
3.096900000000000000e+04 5.121000000000000000e+03
3.130200000000000000e+04 5.396000000000000000e+03
3.163500000000000000e+04 5.594000000000000000e+03
3.196800000000000000e+04 5.648000000000000000e+03
3.230100000000000000e+04 5.917000000000000000e+03
3.263400000000000000e+04 5.997000000000000000e+03
3.296700000000000000e+04 6.101000000000000000e+03
3.330000000000000000e+04 6.217000000000000000e+03
3.363300000000000000e+04 6.220000000000000000e+03
3.396600000000000000e+04 6.479000000000000000e+03
3.429900000000000000e+04 6.488000000000000000e+03
3.463200000000000000e+04 6.654000000000000000e+03
3.496500000000000000e+04 6.823000000000000000e+03
3.529800000000000000e+04 6.689000000000000000e+03
3.563100000000000000e+04 6.865000000000000000e+03
3.596400000000000000e+04 6.676000000000000000e+03
3.629700000000000000e+04 6.929000000000000000e+03
3.663000000000000000e+04 6.833000000000000000e+03
3.696300000000000000e+04 6.951000000000000000e+03
3.729600000000000000e+04 7.081000000000000000e+03
3.762900000000000000e+04 7.100000000000000000e+03
3.796200000000000000e+04 7.134000000000000000e+03
3.829500000000000000e+04 6.997000000000000000e+03
3.862800000000000000e+04 7.004000000000000000e+03
3.896100000000000000e+04 7.174000000000000000e+03
3.929400000000000000e+04 7.188000000000000000e+03
3.962700000000000000e+04 7.074000000000000000e+03
3.996000000000000000e+04 7.036000000000000000e+03
4.029300000000000000e+04 6.966000000000000000e+03
4.062600000000000000e+04 7.012000000000000000e+03
4.095900000000000000e+04 6.937000000000000000e+03
4.129200000000000000e+04 7.010000000000000000e+03
4.162500000000000000e+04 6.978000000000000000e+03
4.195800000000000000e+04 6.831000000000000000e+03
4.229100000000000000e+04 7.063000000000000000e+03
4.262400000000000000e+04 7.073000000000000000e+03
4.295700000000000000e+04 6.807000000000000000e+03
4.329000000000000000e+04 6.982000000000000000e+03
4.362300000000000000e+04 6.679000000000000000e+03
4.395600000000000000e+04 6.661000000000000000e+03
4.428900000000000000e+04 6.707000000000000000e+03
4.462200000000000000e+04 6.676000000000000000e+03
4.495500000000000000e+04 6.438000000000000000e+03
4.528800000000000000e+04 6.390000000000000000e+03
4.562100000000000000e+04 6.396000000000000000e+03
4.595400000000000000e+04 6.402000000000000000e+03
4.628700000000000000e+04 6.348000000000000000e+03
4.662000000000000000e+04 6.120000000000000000e+03
4.695300000000000000e+04 5.851000000000000000e+03
4.728600000000000000e+04 5.872000000000000000e+03
4.761900000000000000e+04 5.735000000000000000e+03
4.795200000000000000e+04 5.542000000000000000e+03
4.828500000000000000e+04 5.330000000000000000e+03
4.861800000000000000e+04 5.179000000000000000e+03
4.895100000000000000e+04 5.136000000000000000e+03
4.928400000000000000e+04 4.975000000000000000e+03
4.961700000000000000e+04 4.750000000000000000e+03
4.995000000000000000e+04 4.781000000000000000e+03
5.028300000000000000e+04 4.483000000000000000e+03
5.061600000000000000e+04 4.372000000000000000e+03
5.094900000000000000e+04 4.152000000000000000e+03
5.128200000000000000e+04 3.933000000000000000e+03
5.161500000000000000e+04 3.889000000000000000e+03
5.194800000000000000e+04 3.540000000000000000e+03
5.228100000000000000e+04 3.630000000000000000e+03
5.261400000000000000e+04 3.445000000000000000e+03
5.294700000000000000e+04 3.257000000000000000e+03
5.328000000000000000e+04 3.105000000000000000e+03
5.361300000000000000e+04 2.858000000000000000e+03
5.394600000000000000e+04 2.770000000000000000e+03
5.427900000000000000e+04 2.738000000000000000e+03
5.461200000000000000e+04 2.572000000000000000e+03
5.494500000000000000e+04 2.626000000000000000e+03
5.527800000000000000e+04 2.518000000000000000e+03
5.561100000000000000e+04 2.529000000000000000e+03
5.594400000000000000e+04 2.391000000000000000e+03
5.627700000000000000e+04 2.332000000000000000e+03
5.661000000000000000e+04 2.355000000000000000e+03
5.694300000000000000e+04 2.293000000000000000e+03
5.727600000000000000e+04 2.327000000000000000e+03
5.760900000000000000e+04 2.388000000000000000e+03
5.794200000000000000e+04 2.560000000000000000e+03
5.827500000000000000e+04 2.560000000000000000e+03
5.860800000000000000e+04 2.648000000000000000e+03
5.894100000000000000e+04 2.813000000000000000e+03
5.927400000000000000e+04 2.724000000000000000e+03
5.960700000000000000e+04 3.069000000000000000e+03
5.994000000000000000e+04 3.172000000000000000e+03
6.027300000000000000e+04 3.277000000000000000e+03
6.060600000000000000e+04 3.402000000000000000e+03
6.093900000000000000e+04 3.629000000000000000e+03
6.127200000000000000e+04 3.804000000000000000e+03
6.160500000000000000e+04 4.099000000000000000e+03
6.193800000000000000e+04 4.140000000000000000e+03
6.227100000000000000e+04 4.354000000000000000e+03
6.260400000000000000e+04 4.517000000000000000e+03
6.293700000000000000e+04 4.637000000000000000e+03
6.327000000000000000e+04 4.751000000000000000e+03
6.360300000000000000e+04 4.777000000000000000e+03
6.393600000000000000e+04 4.869000000000000000e+03
6.426900000000000000e+04 5.223000000000000000e+03
6.460200000000000000e+04 5.451000000000000000e+03
6.493500000000000000e+04 5.612000000000000000e+03
6.526800000000000000e+04 5.780000000000000000e+03
6.560100000000000000e+04 5.798000000000000000e+03
6.593400000000000000e+04 6.031000000000000000e+03
6.626700000000000000e+04 6.023000000000000000e+03
