0.000000000000000000e+00 1.175300000000000000e+04
3.333000000000000000e+03 1.197900000000000000e+04
6.666000000000000000e+03 1.223300000000000000e+04
9.999000000000000000e+03 1.218400000000000000e+04
1.333200000000000000e+04 1.264100000000000000e+04
1.666500000000000000e+04 1.264000000000000000e+04
1.999800000000000000e+04 1.290000000000000000e+04
2.333100000000000000e+04 1.275100000000000000e+04
2.666400000000000000e+04 1.305600000000000000e+04
2.999700000000000000e+04 1.327000000000000000e+04
3.333000000000000000e+04 1.310000000000000000e+04
3.666300000000000000e+04 1.306300000000000000e+04
3.999600000000000000e+04 1.314100000000000000e+04
4.332900000000000000e+04 1.315600000000000000e+04
4.666200000000000000e+04 1.354000000000000000e+04
4.999500000000000000e+04 1.336500000000000000e+04
5.332800000000000000e+04 1.344200000000000000e+04
5.666100000000000000e+04 1.353500000000000000e+04
5.999400000000000000e+04 1.325700000000000000e+04
6.332700000000000000e+04 1.347200000000000000e+04
6.666000000000000000e+04 1.354300000000000000e+04
6.999300000000000000e+04 1.346500000000000000e+04
7.332600000000000000e+04 1.337700000000000000e+04
7.665900000000000000e+04 1.347000000000000000e+04
7.999200000000000000e+04 1.348000000000000000e+04
8.332500000000000000e+04 1.346000000000000000e+04
8.665800000000000000e+04 1.340300000000000000e+04
8.999100000000000000e+04 1.323500000000000000e+04
9.332400000000000000e+04 1.309800000000000000e+04
9.665700000000000000e+04 1.339200000000000000e+04
9.999000000000000000e+04 1.290000000000000000e+04
1.033230000000000000e+05 1.294000000000000000e+04
1.066560000000000000e+05 1.285300000000000000e+04
1.099890000000000000e+05 1.281900000000000000e+04
1.133220000000000000e+05 1.286900000000000000e+04
1.166550000000000000e+05 1.227800000000000000e+04
1.199880000000000000e+05 1.225600000000000000e+04
1.233210000000000000e+05 1.204700000000000000e+04
1.266540000000000000e+05 1.208800000000000000e+04
1.299870000000000000e+05 1.184500000000000000e+04
1.333200000000000000e+05 1.152900000000000000e+04
1.366530000000000000e+05 1.141200000000000000e+04
1.399860000000000000e+05 1.102000000000000000e+04
1.433190000000000000e+05 1.083100000000000000e+04
1.466520000000000000e+05 1.072400000000000000e+04
1.499850000000000000e+05 1.039700000000000000e+04
1.533180000000000000e+05 1.010900000000000000e+04
1.566510000000000000e+05 9.621000000000000000e+03
1.599840000000000000e+05 9.549000000000000000e+03
1.633170000000000000e+05 9.234000000000000000e+03
1.666500000000000000e+05 8.788000000000000000e+03
1.699830000000000000e+05 8.502000000000000000e+03
1.733160000000000000e+05 8.185000000000000000e+03
1.766490000000000000e+05 7.864000000000000000e+03
1.799820000000000000e+05 7.604000000000000000e+03
1.833150000000000000e+05 7.225000000000000000e+03
1.866480000000000000e+05 7.027000000000000000e+03
1.899810000000000000e+05 6.855000000000000000e+03
1.933140000000000000e+05 6.410000000000000000e+03
1.966470000000000000e+05 6.173000000000000000e+03
1.999800000000000000e+05 5.735000000000000000e+03
2.033130000000000000e+05 5.681000000000000000e+03
2.066460000000000000e+05 5.443000000000000000e+03
2.099790000000000000e+05 5.293000000000000000e+03
2.133120000000000000e+05 5.051000000000000000e+03
2.166450000000000000e+05 4.864000000000000000e+03
2.199780000000000000e+05 4.729000000000000000e+03
2.233110000000000000e+05 4.648000000000000000e+03
2.266440000000000000e+05 4.570000000000000000e+03
2.299770000000000000e+05 4.694000000000000000e+03
2.333100000000000000e+05 4.700000000000000000e+03
2.366430000000000000e+05 4.743000000000000000e+03
2.399760000000000000e+05 4.821000000000000000e+03
2.433090000000000000e+05 4.844000000000000000e+03
2.466420000000000000e+05 5.124000000000000000e+03
2.499750000000000000e+05 5.133000000000000000e+03
2.533080000000000000e+05 5.331000000000000000e+03
2.566410000000000000e+05 5.547000000000000000e+03
2.599740000000000000e+05 5.889000000000000000e+03
2.633070000000000000e+05 6.180000000000000000e+03
2.666400000000000000e+05 6.184000000000000000e+03
2.699730000000000000e+05 6.516000000000000000e+03
2.733060000000000000e+05 6.809000000000000000e+03
2.766390000000000000e+05 7.027000000000000000e+03
2.799720000000000000e+05 7.458000000000000000e+03
2.833050000000000000e+05 7.708000000000000000e+03
2.866380000000000000e+05 8.220000000000000000e+03
2.899710000000000000e+05 8.323000000000000000e+03
2.933040000000000000e+05 8.682000000000000000e+03
2.966370000000000000e+05 9.083000000000000000e+03
2.999700000000000000e+05 9.370000000000000000e+03
3.033030000000000000e+05 9.388000000000000000e+03
3.066360000000000000e+05 1.011000000000000000e+04
3.099690000000000000e+05 1.018200000000000000e+04
3.133020000000000000e+05 1.053200000000000000e+04
3.166350000000000000e+05 1.080400000000000000e+04
3.199680000000000000e+05 1.094900000000000000e+04
3.233010000000000000e+05 1.117300000000000000e+04
3.266340000000000000e+05 1.137300000000000000e+04
3.299670000000000000e+05 1.179400000000000000e+04
3.333000000000000000e+05 1.197500000000000000e+04
3.366330000000000000e+05 1.203500000000000000e+04
3.399660000000000000e+05 1.218600000000000000e+04
3.432990000000000000e+05 1.238200000000000000e+04
3.466320000000000000e+05 1.258800000000000000e+04
3.499650000000000000e+05 1.260800000000000000e+04
3.532980000000000000e+05 1.293000000000000000e+04
3.566310000000000000e+05 1.272700000000000000e+04
3.599640000000000000e+05 1.295300000000000000e+04
3.632970000000000000e+05 1.297200000000000000e+04
3.666300000000000000e+05 1.302200000000000000e+04
3.699630000000000000e+05 1.305000000000000000e+04
3.732960000000000000e+05 1.335200000000000000e+04
3.766290000000000000e+05 1.342000000000000000e+04
3.799620000000000000e+05 1.341300000000000000e+04
3.832950000000000000e+05 1.316900000000000000e+04
3.866280000000000000e+05 1.361500000000000000e+04
3.899610000000000000e+05 1.344200000000000000e+04
3.932940000000000000e+05 1.351400000000000000e+04
3.966270000000000000e+05 1.335700000000000000e+04
3.999600000000000000e+05 1.353500000000000000e+04
4.032930000000000000e+05 1.357400000000000000e+04
4.066260000000000000e+05 1.346500000000000000e+04
4.099590000000000000e+05 1.354000000000000000e+04
4.132920000000000000e+05 1.357500000000000000e+04
4.166250000000000000e+05 1.328300000000000000e+04
4.199580000000000000e+05 1.330000000000000000e+04
4.232910000000000000e+05 1.331500000000000000e+04
4.266240000000000000e+05 1.304200000000000000e+04
4.299570000000000000e+05 1.310900000000000000e+04
4.332900000000000000e+05 1.292100000000000000e+04
4.366230000000000000e+05 1.288500000000000000e+04
4.399560000000000000e+05 1.267700000000000000e+04
4.432890000000000000e+05 1.239000000000000000e+04
4.466220000000000000e+05 1.234600000000000000e+04
4.499550000000000000e+05 1.248600000000000000e+04
4.532880000000000000e+05 1.234200000000000000e+04
4.566210000000000000e+05 1.210000000000000000e+04
4.599540000000000000e+05 1.204600000000000000e+04
4.632870000000000000e+05 1.189500000000000000e+04
4.666200000000000000e+05 1.136100000000000000e+04
4.699530000000000000e+05 1.129000000000000000e+04
4.732860000000000000e+05 1.119900000000000000e+04
4.766190000000000000e+05 1.067100000000000000e+04
4.799520000000000000e+05 1.071100000000000000e+04
4.832850000000000000e+05 1.041700000000000000e+04
4.866180000000000000e+05 1.015500000000000000e+04
4.899510000000000000e+05 9.714000000000000000e+03
4.932840000000000000e+05 9.575000000000000000e+03
4.966170000000000000e+05 9.334000000000000000e+03
4.999500000000000000e+05 8.851000000000000000e+03
5.032830000000000000e+05 8.471000000000000000e+03
5.066160000000000000e+05 8.078000000000000000e+03
5.099490000000000000e+05 7.789000000000000000e+03
5.132820000000000000e+05 7.709000000000000000e+03
5.166150000000000000e+05 7.292000000000000000e+03
5.199480000000000000e+05 6.953000000000000000e+03
5.232810000000000000e+05 6.679000000000000000e+03
5.266140000000000000e+05 6.300000000000000000e+03
5.299470000000000000e+05 6.165000000000000000e+03
5.332800000000000000e+05 5.761000000000000000e+03
5.366130000000000000e+05 5.682000000000000000e+03
5.399460000000000000e+05 5.572000000000000000e+03
5.432790000000000000e+05 5.094000000000000000e+03
5.466120000000000000e+05 5.148000000000000000e+03
5.499450000000000000e+05 4.788000000000000000e+03
5.532780000000000000e+05 4.863000000000000000e+03
5.566110000000000000e+05 4.729000000000000000e+03
5.599440000000000000e+05 4.711000000000000000e+03
5.632770000000000000e+05 4.715000000000000000e+03
5.666100000000000000e+05 4.736000000000000000e+03
5.699430000000000000e+05 4.743000000000000000e+03
5.732760000000000000e+05 4.781000000000000000e+03
5.766090000000000000e+05 4.800000000000000000e+03
5.799420000000000000e+05 5.035000000000000000e+03
5.832750000000000000e+05 5.082000000000000000e+03
5.866080000000000000e+05 5.388000000000000000e+03
5.899410000000000000e+05 5.611000000000000000e+03
5.932740000000000000e+05 5.542000000000000000e+03
5.966070000000000000e+05 6.009000000000000000e+03
5.999400000000000000e+05 6.055000000000000000e+03
6.032730000000000000e+05 6.517000000000000000e+03
6.066060000000000000e+05 6.772000000000000000e+03
6.099390000000000000e+05 7.192000000000000000e+03
6.132720000000000000e+05 7.654000000000000000e+03
6.166050000000000000e+05 7.642000000000000000e+03
6.199380000000000000e+05 7.919000000000000000e+03
6.232710000000000000e+05 8.480000000000000000e+03
6.266040000000000000e+05 8.637000000000000000e+03
6.299370000000000000e+05 9.062000000000000000e+03
6.332700000000000000e+05 9.240000000000000000e+03
6.366030000000000000e+05 9.555000000000000000e+03
6.399360000000000000e+05 9.939000000000000000e+03
6.432690000000000000e+05 1.027000000000000000e+04
6.466020000000000000e+05 1.064300000000000000e+04
6.499350000000000000e+05 1.074800000000000000e+04
6.532680000000000000e+05 1.088000000000000000e+04
6.566010000000000000e+05 1.121600000000000000e+04
6.599340000000000000e+05 1.146600000000000000e+04
6.632670000000000000e+05 1.173000000000000000e+04
