0.000000000000000000e+00 8.219000000000000000e+03
1.667000000000000000e+03 8.571000000000000000e+03
3.334000000000000000e+03 8.689000000000000000e+03
5.001000000000000000e+03 8.834000000000000000e+03
6.668000000000000000e+03 9.246000000000000000e+03
8.335000000000000000e+03 9.229000000000000000e+03
1.000200000000000000e+04 9.464000000000000000e+03
1.166900000000000000e+04 9.559000000000000000e+03
1.333600000000000000e+04 9.505000000000000000e+03
1.500300000000000000e+04 1.008300000000000000e+04
1.667000000000000000e+04 9.752000000000000000e+03
1.833700000000000000e+04 1.030500000000000000e+04
2.000400000000000000e+04 1.044900000000000000e+04
2.167100000000000000e+04 1.011900000000000000e+04
2.333800000000000000e+04 1.023500000000000000e+04
2.500500000000000000e+04 1.011900000000000000e+04
2.667200000000000000e+04 1.042500000000000000e+04
2.833900000000000000e+04 1.034300000000000000e+04
3.000600000000000000e+04 1.034800000000000000e+04
3.167300000000000000e+04 1.066300000000000000e+04
3.334000000000000000e+04 1.049100000000000000e+04
3.500700000000000000e+04 1.052700000000000000e+04
3.667400000000000000e+04 1.047500000000000000e+04
3.834100000000000000e+04 1.033500000000000000e+04
4.000800000000000000e+04 1.023000000000000000e+04
4.167500000000000000e+04 1.027600000000000000e+04
4.334200000000000000e+04 1.032000000000000000e+04
4.500900000000000000e+04 1.028000000000000000e+04
4.667600000000000000e+04 1.024200000000000000e+04
4.834300000000000000e+04 9.998000000000000000e+03
5.001000000000000000e+04 9.870000000000000000e+03
5.167700000000000000e+04 9.789000000000000000e+03
5.334400000000000000e+04 9.580000000000000000e+03
5.501100000000000000e+04 9.599000000000000000e+03
5.667800000000000000e+04 9.393000000000000000e+03
5.834500000000000000e+04 9.179000000000000000e+03
6.001200000000000000e+04 9.117000000000000000e+03
6.167900000000000000e+04 8.799000000000000000e+03
6.334600000000000000e+04 8.569000000000000000e+03
6.501300000000000000e+04 8.374000000000000000e+03
6.668000000000000000e+04 8.009000000000000000e+03
6.834700000000000000e+04 7.839000000000000000e+03
7.001400000000000000e+04 7.578000000000000000e+03
7.168100000000000000e+04 7.289000000000000000e+03
7.334800000000000000e+04 7.070000000000000000e+03
7.501500000000000000e+04 6.644000000000000000e+03
7.668200000000000000e+04 6.335000000000000000e+03
7.834900000000000000e+04 6.039000000000000000e+03
8.001600000000000000e+04 5.786000000000000000e+03
8.168300000000000000e+04 5.418000000000000000e+03
8.335000000000000000e+04 5.260000000000000000e+03
8.501700000000000000e+04 4.880000000000000000e+03
8.668400000000000000e+04 4.511000000000000000e+03
8.835100000000000000e+04 4.214000000000000000e+03
9.001800000000000000e+04 4.114000000000000000e+03
9.168500000000000000e+04 3.800000000000000000e+03
9.335200000000000000e+04 3.370000000000000000e+03
9.501900000000000000e+04 3.155000000000000000e+03
9.668600000000000000e+04 2.816000000000000000e+03
9.835300000000000000e+04 2.777000000000000000e+03
1.000200000000000000e+05 2.540000000000000000e+03
1.016870000000000000e+05 2.331000000000000000e+03
1.033540000000000000e+05 2.265000000000000000e+03
1.050210000000000000e+05 2.144000000000000000e+03
1.066880000000000000e+05 2.019000000000000000e+03
1.083550000000000000e+05 1.824000000000000000e+03
1.100220000000000000e+05 1.779000000000000000e+03
1.116890000000000000e+05 1.704000000000000000e+03
1.133560000000000000e+05 1.739000000000000000e+03
1.150230000000000000e+05 1.791000000000000000e+03
1.166900000000000000e+05 1.675000000000000000e+03
1.183570000000000000e+05 1.756000000000000000e+03
1.200240000000000000e+05 1.793000000000000000e+03
1.216910000000000000e+05 1.847000000000000000e+03
1.233580000000000000e+05 1.844000000000000000e+03
1.250250000000000000e+05 1.951000000000000000e+03
1.266920000000000000e+05 2.018000000000000000e+03
1.283590000000000000e+05 2.115000000000000000e+03
1.300260000000000000e+05 2.356000000000000000e+03
1.316930000000000000e+05 2.553000000000000000e+03
1.333600000000000000e+05 2.730000000000000000e+03
1.350270000000000000e+05 2.947000000000000000e+03
1.366940000000000000e+05 3.193000000000000000e+03
1.383610000000000000e+05 3.410000000000000000e+03
1.400280000000000000e+05 3.616000000000000000e+03
1.416950000000000000e+05 3.902000000000000000e+03
1.433620000000000000e+05 4.099000000000000000e+03
1.450290000000000000e+05 4.619000000000000000e+03
1.466960000000000000e+05 4.768000000000000000e+03
1.483630000000000000e+05 5.305000000000000000e+03
1.500300000000000000e+05 5.368000000000000000e+03
1.516970000000000000e+05 5.815000000000000000e+03
1.533640000000000000e+05 6.001000000000000000e+03
1.550310000000000000e+05 6.508000000000000000e+03
1.566980000000000000e+05 6.661000000000000000e+03
1.583650000000000000e+05 7.050000000000000000e+03
1.600320000000000000e+05 7.157000000000000000e+03
1.616990000000000000e+05 7.705000000000000000e+03
1.633660000000000000e+05 7.946000000000000000e+03
1.650330000000000000e+05 8.214000000000000000e+03
1.667000000000000000e+05 8.253000000000000000e+03
1.683670000000000000e+05 8.732000000000000000e+03
1.700340000000000000e+05 8.739000000000000000e+03
1.717010000000000000e+05 9.224000000000000000e+03
1.733680000000000000e+05 9.378000000000000000e+03
1.750350000000000000e+05 9.242000000000000000e+03
1.767020000000000000e+05 9.584000000000000000e+03
1.783690000000000000e+05 9.702000000000000000e+03
1.800360000000000000e+05 9.681000000000000000e+03
1.817030000000000000e+05 9.976000000000000000e+03
1.833700000000000000e+05 9.905000000000000000e+03
1.850370000000000000e+05 1.010800000000000000e+04
1.867040000000000000e+05 1.012000000000000000e+04
1.883710000000000000e+05 1.034600000000000000e+04
1.900380000000000000e+05 1.023800000000000000e+04
1.917050000000000000e+05 1.060900000000000000e+04
1.933720000000000000e+05 1.045900000000000000e+04
1.950390000000000000e+05 1.057000000000000000e+04
1.967060000000000000e+05 1.043300000000000000e+04
1.983730000000000000e+05 1.043800000000000000e+04
2.000400000000000000e+05 1.063600000000000000e+04
2.017070000000000000e+05 1.039900000000000000e+04
2.033740000000000000e+05 1.031500000000000000e+04
2.050410000000000000e+05 1.048300000000000000e+04
2.067080000000000000e+05 1.043000000000000000e+04
2.083750000000000000e+05 1.010400000000000000e+04
2.100420000000000000e+05 9.987000000000000000e+03
2.117090000000000000e+05 1.016600000000000000e+04
2.133760000000000000e+05 1.025300000000000000e+04
2.150430000000000000e+05 9.923000000000000000e+03
2.167100000000000000e+05 9.722000000000000000e+03
2.183770000000000000e+05 9.961000000000000000e+03
2.200440000000000000e+05 9.688000000000000000e+03
2.217110000000000000e+05 9.454000000000000000e+03
2.233780000000000000e+05 9.498000000000000000e+03
2.250450000000000000e+05 9.007000000000000000e+03
2.267120000000000000e+05 8.811000000000000000e+03
2.283790000000000000e+05 8.735000000000000000e+03
2.300460000000000000e+05 8.501000000000000000e+03
2.317130000000000000e+05 8.326000000000000000e+03
2.333800000000000000e+05 8.135000000000000000e+03
2.350470000000000000e+05 7.697000000000000000e+03
2.367140000000000000e+05 7.646000000000000000e+03
2.383810000000000000e+05 7.247000000000000000e+03
2.400480000000000000e+05 7.074000000000000000e+03
2.417150000000000000e+05 6.747000000000000000e+03
2.433820000000000000e+05 6.234000000000000000e+03
2.450490000000000000e+05 6.217000000000000000e+03
2.467160000000000000e+05 5.624000000000000000e+03
2.483830000000000000e+05 5.412000000000000000e+03
2.500500000000000000e+05 5.084000000000000000e+03
2.517170000000000000e+05 4.891000000000000000e+03
2.533840000000000000e+05 4.427000000000000000e+03
2.550510000000000000e+05 4.042000000000000000e+03
2.567180000000000000e+05 3.989000000000000000e+03
2.583850000000000000e+05 3.600000000000000000e+03
2.600520000000000000e+05 3.261000000000000000e+03
2.617190000000000000e+05 3.161000000000000000e+03
2.633860000000000000e+05 2.921000000000000000e+03
2.650530000000000000e+05 2.644000000000000000e+03
2.667200000000000000e+05 2.402000000000000000e+03
2.683870000000000000e+05 2.346000000000000000e+03
2.700540000000000000e+05 2.217000000000000000e+03
2.717210000000000000e+05 2.080000000000000000e+03
2.733880000000000000e+05 1.961000000000000000e+03
2.750550000000000000e+05 1.816000000000000000e+03
2.767220000000000000e+05 1.759000000000000000e+03
2.783890000000000000e+05 1.758000000000000000e+03
2.800560000000000000e+05 1.594000000000000000e+03
2.817230000000000000e+05 1.720000000000000000e+03
2.833900000000000000e+05 1.733000000000000000e+03
2.850570000000000000e+05 1.690000000000000000e+03
2.867240000000000000e+05 1.717000000000000000e+03
2.883910000000000000e+05 1.815000000000000000e+03
2.900580000000000000e+05 1.841000000000000000e+03
2.917250000000000000e+05 1.862000000000000000e+03
2.933920000000000000e+05 2.066000000000000000e+03
2.950590000000000000e+05 2.200000000000000000e+03
2.967260000000000000e+05 2.290000000000000000e+03
2.983930000000000000e+05 2.409000000000000000e+03
3.000600000000000000e+05 2.690000000000000000e+03
3.017270000000000000e+05 2.920000000000000000e+03
3.033940000000000000e+05 3.110000000000000000e+03
3.050610000000000000e+05 3.352000000000000000e+03
3.067280000000000000e+05 3.618000000000000000e+03
3.083950000000000000e+05 3.916000000000000000e+03
3.100620000000000000e+05 4.141000000000000000e+03
3.117290000000000000e+05 4.592000000000000000e+03
3.133960000000000000e+05 4.944000000000000000e+03
3.150630000000000000e+05 5.172000000000000000e+03
3.167300000000000000e+05 5.610000000000000000e+03
3.183970000000000000e+05 5.810000000000000000e+03
3.200640000000000000e+05 6.161000000000000000e+03
3.217310000000000000e+05 6.265000000000000000e+03
3.233980000000000000e+05 6.641000000000000000e+03
3.250650000000000000e+05 7.176000000000000000e+03
3.267320000000000000e+05 7.270000000000000000e+03
3.283990000000000000e+05 7.528000000000000000e+03
3.300660000000000000e+05 7.915000000000000000e+03
3.317330000000000000e+05 8.043000000000000000e+03
