0.000000000000000000e+00 5.903000000000000000e+03
1.670000000000000000e+02 5.951000000000000000e+03
3.340000000000000000e+02 6.351000000000000000e+03
5.010000000000000000e+02 6.508000000000000000e+03
6.680000000000000000e+02 6.693000000000000000e+03
8.350000000000000000e+02 7.029000000000000000e+03
1.002000000000000000e+03 7.134000000000000000e+03
1.169000000000000000e+03 7.116000000000000000e+03
1.336000000000000000e+03 7.339000000000000000e+03
1.503000000000000000e+03 7.689000000000000000e+03
1.670000000000000000e+03 7.446000000000000000e+03
1.837000000000000000e+03 7.633000000000000000e+03
2.004000000000000000e+03 7.703000000000000000e+03
2.171000000000000000e+03 7.835000000000000000e+03
2.338000000000000000e+03 7.877000000000000000e+03
2.505000000000000000e+03 7.800000000000000000e+03
2.672000000000000000e+03 8.039000000000000000e+03
2.839000000000000000e+03 8.001000000000000000e+03
3.006000000000000000e+03 7.961000000000000000e+03
3.173000000000000000e+03 8.021000000000000000e+03
3.340000000000000000e+03 8.179000000000000000e+03
3.507000000000000000e+03 7.906000000000000000e+03
3.674000000000000000e+03 8.020000000000000000e+03
3.841000000000000000e+03 8.076000000000000000e+03
4.008000000000000000e+03 8.046000000000000000e+03
4.175000000000000000e+03 8.069000000000000000e+03
4.342000000000000000e+03 7.965000000000000000e+03
4.509000000000000000e+03 7.854000000000000000e+03
4.676000000000000000e+03 7.799000000000000000e+03
4.843000000000000000e+03 7.806000000000000000e+03
5.010000000000000000e+03 7.924000000000000000e+03
5.177000000000000000e+03 7.562000000000000000e+03
5.344000000000000000e+03 7.676000000000000000e+03
5.511000000000000000e+03 7.424000000000000000e+03
5.678000000000000000e+03 7.424000000000000000e+03
5.845000000000000000e+03 7.231000000000000000e+03
6.012000000000000000e+03 7.070000000000000000e+03
6.179000000000000000e+03 7.080000000000000000e+03
6.346000000000000000e+03 6.933000000000000000e+03
6.513000000000000000e+03 6.629000000000000000e+03
6.680000000000000000e+03 6.724000000000000000e+03
6.847000000000000000e+03 6.358000000000000000e+03
7.014000000000000000e+03 6.182000000000000000e+03
7.181000000000000000e+03 6.118000000000000000e+03
7.348000000000000000e+03 5.845000000000000000e+03
7.515000000000000000e+03 5.597000000000000000e+03
7.682000000000000000e+03 5.374000000000000000e+03
7.849000000000000000e+03 5.322000000000000000e+03
8.016000000000000000e+03 4.777000000000000000e+03
8.183000000000000000e+03 4.625000000000000000e+03
8.350000000000000000e+03 4.449000000000000000e+03
8.517000000000000000e+03 4.330000000000000000e+03
8.684000000000000000e+03 4.148000000000000000e+03
8.851000000000000000e+03 3.782000000000000000e+03
9.018000000000000000e+03 3.633000000000000000e+03
9.185000000000000000e+03 3.405000000000000000e+03
9.352000000000000000e+03 3.124000000000000000e+03
9.519000000000000000e+03 2.958000000000000000e+03
9.686000000000000000e+03 2.760000000000000000e+03
9.853000000000000000e+03 2.671000000000000000e+03
1.002000000000000000e+04 2.470000000000000000e+03
1.018700000000000000e+04 2.297000000000000000e+03
1.035400000000000000e+04 2.175000000000000000e+03
1.052100000000000000e+04 2.061000000000000000e+03
1.068800000000000000e+04 1.880000000000000000e+03
1.085500000000000000e+04 1.875000000000000000e+03
1.102200000000000000e+04 1.731000000000000000e+03
1.118900000000000000e+04 1.646000000000000000e+03
1.135600000000000000e+04 1.544000000000000000e+03
1.152300000000000000e+04 1.545000000000000000e+03
1.169000000000000000e+04 1.451000000000000000e+03
1.185700000000000000e+04 1.450000000000000000e+03
1.202400000000000000e+04 1.480000000000000000e+03
1.219100000000000000e+04 1.331000000000000000e+03
1.235800000000000000e+04 1.438000000000000000e+03
1.252500000000000000e+04 1.448000000000000000e+03
1.269200000000000000e+04 1.426000000000000000e+03
1.285900000000000000e+04 1.481000000000000000e+03
1.302600000000000000e+04 1.607000000000000000e+03
1.319300000000000000e+04 1.705000000000000000e+03
1.336000000000000000e+04 1.766000000000000000e+03
1.352700000000000000e+04 1.872000000000000000e+03
1.369400000000000000e+04 1.916000000000000000e+03
1.386100000000000000e+04 2.051000000000000000e+03
1.402800000000000000e+04 2.198000000000000000e+03
1.419500000000000000e+04 2.455000000000000000e+03
1.436200000000000000e+04 2.596000000000000000e+03
1.452900000000000000e+04 2.863000000000000000e+03
1.469600000000000000e+04 2.899000000000000000e+03
1.486300000000000000e+04 3.296000000000000000e+03
1.503000000000000000e+04 3.567000000000000000e+03
1.519700000000000000e+04 3.768000000000000000e+03
1.536400000000000000e+04 4.145000000000000000e+03
1.553100000000000000e+04 4.373000000000000000e+03
1.569800000000000000e+04 4.485000000000000000e+03
1.586500000000000000e+04 4.828000000000000000e+03
1.603200000000000000e+04 4.985000000000000000e+03
1.619900000000000000e+04 5.381000000000000000e+03
1.636600000000000000e+04 5.476000000000000000e+03
1.653300000000000000e+04 5.662000000000000000e+03
1.670000000000000000e+04 6.128000000000000000e+03
1.686700000000000000e+04 6.009000000000000000e+03
1.703400000000000000e+04 6.421000000000000000e+03
1.720100000000000000e+04 6.564000000000000000e+03
1.736800000000000000e+04 6.609000000000000000e+03
1.753500000000000000e+04 6.881000000000000000e+03
1.770200000000000000e+04 7.088000000000000000e+03
1.786900000000000000e+04 7.075000000000000000e+03
1.803600000000000000e+04 7.318000000000000000e+03
1.820300000000000000e+04 7.482000000000000000e+03
1.837000000000000000e+04 7.581000000000000000e+03
1.853700000000000000e+04 7.580000000000000000e+03
1.870400000000000000e+04 7.689000000000000000e+03
1.887100000000000000e+04 7.867000000000000000e+03
1.903800000000000000e+04 7.825000000000000000e+03
1.920500000000000000e+04 7.757000000000000000e+03
1.937200000000000000e+04 7.924000000000000000e+03
1.953900000000000000e+04 8.008000000000000000e+03
1.970600000000000000e+04 7.939000000000000000e+03
1.987300000000000000e+04 7.925000000000000000e+03
2.004000000000000000e+04 8.168000000000000000e+03
2.020700000000000000e+04 7.906000000000000000e+03
2.037400000000000000e+04 8.144000000000000000e+03
2.054100000000000000e+04 8.007000000000000000e+03
2.070800000000000000e+04 8.076000000000000000e+03
2.087500000000000000e+04 8.299000000000000000e+03
2.104200000000000000e+04 7.999000000000000000e+03
2.120900000000000000e+04 8.076000000000000000e+03
2.137600000000000000e+04 8.005000000000000000e+03
2.154300000000000000e+04 7.821000000000000000e+03
2.171000000000000000e+04 7.700000000000000000e+03
2.187700000000000000e+04 7.824000000000000000e+03
2.204400000000000000e+04 7.593000000000000000e+03
2.221100000000000000e+04 7.300000000000000000e+03
2.237800000000000000e+04 7.406000000000000000e+03
2.254500000000000000e+04 7.198000000000000000e+03
2.271200000000000000e+04 7.021000000000000000e+03
2.287900000000000000e+04 7.136000000000000000e+03
2.304600000000000000e+04 6.853000000000000000e+03
2.321300000000000000e+04 6.852000000000000000e+03
2.338000000000000000e+04 6.682000000000000000e+03
2.354700000000000000e+04 6.326000000000000000e+03
2.371400000000000000e+04 6.160000000000000000e+03
2.388100000000000000e+04 5.926000000000000000e+03
2.404800000000000000e+04 5.797000000000000000e+03
2.421500000000000000e+04 5.623000000000000000e+03
2.438200000000000000e+04 5.343000000000000000e+03
2.454900000000000000e+04 4.988000000000000000e+03
2.471600000000000000e+04 4.842000000000000000e+03
2.488300000000000000e+04 4.673000000000000000e+03
2.505000000000000000e+04 4.355000000000000000e+03
2.521700000000000000e+04 4.222000000000000000e+03
2.538400000000000000e+04 3.934000000000000000e+03
2.555100000000000000e+04 3.897000000000000000e+03
2.571800000000000000e+04 3.564000000000000000e+03
2.588500000000000000e+04 3.372000000000000000e+03
2.605200000000000000e+04 3.161000000000000000e+03
2.621900000000000000e+04 2.958000000000000000e+03
2.638600000000000000e+04 2.803000000000000000e+03
2.655300000000000000e+04 2.595000000000000000e+03
2.672000000000000000e+04 2.481000000000000000e+03
2.688700000000000000e+04 2.298000000000000000e+03
2.705400000000000000e+04 2.145000000000000000e+03
2.722100000000000000e+04 2.009000000000000000e+03
2.738800000000000000e+04 1.875000000000000000e+03
2.755500000000000000e+04 1.843000000000000000e+03
2.772200000000000000e+04 1.716000000000000000e+03
2.788900000000000000e+04 1.541000000000000000e+03
2.805600000000000000e+04 1.643000000000000000e+03
2.822300000000000000e+04 1.419000000000000000e+03
2.839000000000000000e+04 1.422000000000000000e+03
2.855700000000000000e+04 1.450000000000000000e+03
2.872400000000000000e+04 1.420000000000000000e+03
2.889100000000000000e+04 1.419000000000000000e+03
2.905800000000000000e+04 1.399000000000000000e+03
2.922500000000000000e+04 1.417000000000000000e+03
2.939200000000000000e+04 1.494000000000000000e+03
2.955900000000000000e+04 1.430000000000000000e+03
2.972600000000000000e+04 1.612000000000000000e+03
2.989300000000000000e+04 1.615000000000000000e+03
3.006000000000000000e+04 1.732000000000000000e+03
3.022700000000000000e+04 1.862000000000000000e+03
3.039400000000000000e+04 1.976000000000000000e+03
3.056100000000000000e+04 2.192000000000000000e+03
3.072800000000000000e+04 2.287000000000000000e+03
3.089500000000000000e+04 2.476000000000000000e+03
3.106200000000000000e+04 2.567000000000000000e+03
3.122900000000000000e+04 2.807000000000000000e+03
3.139600000000000000e+04 3.046000000000000000e+03
3.156300000000000000e+04 3.446000000000000000e+03
3.173000000000000000e+04 3.551000000000000000e+03
3.189700000000000000e+04 3.769000000000000000e+03
3.206400000000000000e+04 4.015000000000000000e+03
3.223100000000000000e+04 4.433000000000000000e+03
3.239800000000000000e+04 4.517000000000000000e+03
3.256500000000000000e+04 4.761000000000000000e+03
3.273200000000000000e+04 4.984000000000000000e+03
3.289900000000000000e+04 5.378000000000000000e+03
3.306600000000000000e+04 5.364000000000000000e+03
