0.000000000000000000e+00 3.962000000000000000e+03
1.700000000000000000e+01 4.161000000000000000e+03
3.400000000000000000e+01 4.238000000000000000e+03
5.100000000000000000e+01 4.255000000000000000e+03
6.800000000000000000e+01 4.332000000000000000e+03
8.500000000000000000e+01 4.635000000000000000e+03
1.020000000000000000e+02 4.600000000000000000e+03
1.190000000000000000e+02 4.864000000000000000e+03
1.360000000000000000e+02 4.869000000000000000e+03
1.530000000000000000e+02 4.992000000000000000e+03
1.700000000000000000e+02 5.192000000000000000e+03
1.870000000000000000e+02 5.196000000000000000e+03
2.040000000000000000e+02 5.343000000000000000e+03
2.210000000000000000e+02 5.522000000000000000e+03
2.380000000000000000e+02 5.499000000000000000e+03
2.550000000000000000e+02 5.773000000000000000e+03
2.720000000000000000e+02 5.870000000000000000e+03
2.890000000000000000e+02 5.851000000000000000e+03
3.060000000000000000e+02 5.922000000000000000e+03
3.230000000000000000e+02 6.137000000000000000e+03
3.400000000000000000e+02 6.217000000000000000e+03
3.570000000000000000e+02 6.291000000000000000e+03
3.740000000000000000e+02 6.485000000000000000e+03
3.910000000000000000e+02 6.427000000000000000e+03
4.080000000000000000e+02 6.269000000000000000e+03
4.250000000000000000e+02 6.554000000000000000e+03
4.420000000000000000e+02 6.521000000000000000e+03
4.590000000000000000e+02 6.635000000000000000e+03
4.760000000000000000e+02 6.684000000000000000e+03
4.930000000000000000e+02 6.693000000000000000e+03
5.100000000000000000e+02 6.877000000000000000e+03
5.270000000000000000e+02 6.917000000000000000e+03
5.440000000000000000e+02 6.950000000000000000e+03
5.610000000000000000e+02 6.804000000000000000e+03
5.780000000000000000e+02 6.835000000000000000e+03
5.950000000000000000e+02 6.951000000000000000e+03
6.120000000000000000e+02 6.828000000000000000e+03
6.290000000000000000e+02 6.810000000000000000e+03
6.460000000000000000e+02 6.972000000000000000e+03
6.630000000000000000e+02 6.738000000000000000e+03
6.800000000000000000e+02 6.554000000000000000e+03
6.970000000000000000e+02 6.499000000000000000e+03
7.140000000000000000e+02 6.848000000000000000e+03
7.310000000000000000e+02 6.642000000000000000e+03
7.480000000000000000e+02 6.505000000000000000e+03
7.650000000000000000e+02 6.440000000000000000e+03
7.820000000000000000e+02 6.474000000000000000e+03
7.990000000000000000e+02 6.273000000000000000e+03
8.160000000000000000e+02 6.210000000000000000e+03
8.330000000000000000e+02 6.067000000000000000e+03
8.500000000000000000e+02 6.179000000000000000e+03
8.670000000000000000e+02 6.020000000000000000e+03
8.840000000000000000e+02 5.902000000000000000e+03
9.010000000000000000e+02 5.722000000000000000e+03
9.180000000000000000e+02 5.874000000000000000e+03
9.350000000000000000e+02 5.665000000000000000e+03
9.520000000000000000e+02 5.464000000000000000e+03
9.690000000000000000e+02 5.354000000000000000e+03
9.860000000000000000e+02 5.317000000000000000e+03
1.003000000000000000e+03 5.069000000000000000e+03
1.020000000000000000e+03 4.857000000000000000e+03
1.037000000000000000e+03 4.895000000000000000e+03
1.054000000000000000e+03 4.721000000000000000e+03
1.071000000000000000e+03 4.640000000000000000e+03
1.088000000000000000e+03 4.627000000000000000e+03
1.105000000000000000e+03 4.322000000000000000e+03
1.122000000000000000e+03 4.290000000000000000e+03
1.139000000000000000e+03 4.202000000000000000e+03
1.156000000000000000e+03 4.248000000000000000e+03
1.173000000000000000e+03 3.983000000000000000e+03
1.190000000000000000e+03 4.099000000000000000e+03
1.207000000000000000e+03 3.837000000000000000e+03
1.224000000000000000e+03 3.768000000000000000e+03
1.241000000000000000e+03 3.701000000000000000e+03
1.258000000000000000e+03 3.558000000000000000e+03
1.275000000000000000e+03 3.517000000000000000e+03
1.292000000000000000e+03 3.468000000000000000e+03
1.309000000000000000e+03 3.481000000000000000e+03
1.326000000000000000e+03 3.363000000000000000e+03
1.343000000000000000e+03 3.293000000000000000e+03
1.360000000000000000e+03 3.352000000000000000e+03
1.377000000000000000e+03 3.343000000000000000e+03
1.394000000000000000e+03 3.287000000000000000e+03
1.411000000000000000e+03 3.292000000000000000e+03
1.428000000000000000e+03 3.272000000000000000e+03
1.445000000000000000e+03 3.294000000000000000e+03
1.462000000000000000e+03 3.411000000000000000e+03
1.479000000000000000e+03 3.355000000000000000e+03
1.496000000000000000e+03 3.391000000000000000e+03
1.513000000000000000e+03 3.249000000000000000e+03
1.530000000000000000e+03 3.452000000000000000e+03
1.547000000000000000e+03 3.436000000000000000e+03
1.564000000000000000e+03 3.528000000000000000e+03
1.581000000000000000e+03 3.612000000000000000e+03
1.598000000000000000e+03 3.817000000000000000e+03
1.615000000000000000e+03 3.807000000000000000e+03
1.632000000000000000e+03 3.933000000000000000e+03
1.649000000000000000e+03 3.978000000000000000e+03
1.666000000000000000e+03 4.059000000000000000e+03
1.683000000000000000e+03 4.253000000000000000e+03
1.700000000000000000e+03 4.360000000000000000e+03
1.717000000000000000e+03 4.289000000000000000e+03
1.734000000000000000e+03 4.454000000000000000e+03
1.751000000000000000e+03 4.434000000000000000e+03
1.768000000000000000e+03 4.704000000000000000e+03
1.785000000000000000e+03 4.731000000000000000e+03
1.802000000000000000e+03 4.834000000000000000e+03
1.819000000000000000e+03 5.125000000000000000e+03
1.836000000000000000e+03 5.107000000000000000e+03
1.853000000000000000e+03 5.246000000000000000e+03
1.870000000000000000e+03 5.291000000000000000e+03
1.887000000000000000e+03 5.404000000000000000e+03
1.904000000000000000e+03 5.525000000000000000e+03
1.921000000000000000e+03 5.585000000000000000e+03
1.938000000000000000e+03 5.780000000000000000e+03
1.955000000000000000e+03 5.798000000000000000e+03
1.972000000000000000e+03 6.008000000000000000e+03
1.989000000000000000e+03 6.013000000000000000e+03
2.006000000000000000e+03 6.117000000000000000e+03
2.023000000000000000e+03 6.378000000000000000e+03
2.040000000000000000e+03 6.503000000000000000e+03
2.057000000000000000e+03 6.440000000000000000e+03
2.074000000000000000e+03 6.385000000000000000e+03
2.091000000000000000e+03 6.431000000000000000e+03
2.108000000000000000e+03 6.685000000000000000e+03
2.125000000000000000e+03 6.724000000000000000e+03
2.142000000000000000e+03 6.824000000000000000e+03
2.159000000000000000e+03 6.805000000000000000e+03
2.176000000000000000e+03 6.844000000000000000e+03
2.193000000000000000e+03 6.903000000000000000e+03
2.210000000000000000e+03 6.851000000000000000e+03
2.227000000000000000e+03 6.852000000000000000e+03
2.244000000000000000e+03 6.821000000000000000e+03
2.261000000000000000e+03 6.872000000000000000e+03
2.278000000000000000e+03 6.935000000000000000e+03
2.295000000000000000e+03 6.823000000000000000e+03
2.312000000000000000e+03 6.792000000000000000e+03
2.329000000000000000e+03 6.748000000000000000e+03
2.346000000000000000e+03 6.846000000000000000e+03
2.363000000000000000e+03 6.703000000000000000e+03
2.380000000000000000e+03 6.560000000000000000e+03
2.397000000000000000e+03 6.727000000000000000e+03
2.414000000000000000e+03 6.530000000000000000e+03
2.431000000000000000e+03 6.578000000000000000e+03
2.448000000000000000e+03 6.463000000000000000e+03
2.465000000000000000e+03 6.498000000000000000e+03
2.482000000000000000e+03 6.245000000000000000e+03
2.499000000000000000e+03 6.069000000000000000e+03
2.516000000000000000e+03 5.962000000000000000e+03
2.533000000000000000e+03 6.025000000000000000e+03
2.550000000000000000e+03 5.920000000000000000e+03
2.567000000000000000e+03 5.728000000000000000e+03
2.584000000000000000e+03 5.829000000000000000e+03
2.601000000000000000e+03 5.586000000000000000e+03
2.618000000000000000e+03 5.448000000000000000e+03
2.635000000000000000e+03 5.264000000000000000e+03
2.652000000000000000e+03 5.156000000000000000e+03
2.669000000000000000e+03 5.163000000000000000e+03
2.686000000000000000e+03 4.933000000000000000e+03
2.703000000000000000e+03 4.881000000000000000e+03
2.720000000000000000e+03 4.755000000000000000e+03
2.737000000000000000e+03 4.583000000000000000e+03
2.754000000000000000e+03 4.552000000000000000e+03
2.771000000000000000e+03 4.455000000000000000e+03
2.788000000000000000e+03 4.212000000000000000e+03
2.805000000000000000e+03 4.205000000000000000e+03
2.822000000000000000e+03 4.052000000000000000e+03
2.839000000000000000e+03 3.933000000000000000e+03
2.856000000000000000e+03 3.964000000000000000e+03
2.873000000000000000e+03 3.914000000000000000e+03
2.890000000000000000e+03 3.778000000000000000e+03
2.907000000000000000e+03 3.815000000000000000e+03
2.924000000000000000e+03 3.703000000000000000e+03
2.941000000000000000e+03 3.626000000000000000e+03
2.958000000000000000e+03 3.399000000000000000e+03
2.975000000000000000e+03 3.554000000000000000e+03
2.992000000000000000e+03 3.441000000000000000e+03
3.009000000000000000e+03 3.485000000000000000e+03
3.026000000000000000e+03 3.395000000000000000e+03
3.043000000000000000e+03 3.372000000000000000e+03
3.060000000000000000e+03 3.348000000000000000e+03
3.077000000000000000e+03 3.489000000000000000e+03
3.094000000000000000e+03 3.233000000000000000e+03
3.111000000000000000e+03 3.230000000000000000e+03
3.128000000000000000e+03 3.232000000000000000e+03
3.145000000000000000e+03 3.345000000000000000e+03
3.162000000000000000e+03 3.328000000000000000e+03
3.179000000000000000e+03 3.327000000000000000e+03
3.196000000000000000e+03 3.440000000000000000e+03
3.213000000000000000e+03 3.597000000000000000e+03
3.230000000000000000e+03 3.521000000000000000e+03
3.247000000000000000e+03 3.625000000000000000e+03
3.264000000000000000e+03 3.741000000000000000e+03
3.281000000000000000e+03 3.764000000000000000e+03
3.298000000000000000e+03 3.851000000000000000e+03
3.315000000000000000e+03 3.937000000000000000e+03
