0.000000000000000000e+00 6.926000000000000000e+03
5.000000000000000000e+03 6.991000000000000000e+03
1.000000000000000000e+04 7.233000000000000000e+03
1.500000000000000000e+04 7.411000000000000000e+03
2.000000000000000000e+04 7.520000000000000000e+03
2.500000000000000000e+04 7.702000000000000000e+03
3.000000000000000000e+04 7.826000000000000000e+03
3.500000000000000000e+04 7.938000000000000000e+03
4.000000000000000000e+04 7.971000000000000000e+03
4.500000000000000000e+04 7.986000000000000000e+03
5.000000000000000000e+04 8.132000000000000000e+03
5.500000000000000000e+04 8.195000000000000000e+03
6.000000000000000000e+04 8.168000000000000000e+03
6.500000000000000000e+04 8.241000000000000000e+03
7.000000000000000000e+04 8.386000000000000000e+03
7.500000000000000000e+04 8.113000000000000000e+03
8.000000000000000000e+04 8.458000000000000000e+03
8.500000000000000000e+04 8.369000000000000000e+03
9.000000000000000000e+04 8.619000000000000000e+03
9.500000000000000000e+04 8.458000000000000000e+03
1.000000000000000000e+05 8.280000000000000000e+03
1.050000000000000000e+05 8.308000000000000000e+03
1.100000000000000000e+05 8.471000000000000000e+03
1.150000000000000000e+05 8.207000000000000000e+03
1.200000000000000000e+05 8.256000000000000000e+03
1.250000000000000000e+05 8.391000000000000000e+03
1.300000000000000000e+05 8.195000000000000000e+03
1.350000000000000000e+05 8.166000000000000000e+03
1.400000000000000000e+05 8.095000000000000000e+03
1.450000000000000000e+05 8.031000000000000000e+03
1.500000000000000000e+05 7.987000000000000000e+03
1.550000000000000000e+05 8.080000000000000000e+03
1.600000000000000000e+05 7.750000000000000000e+03
1.650000000000000000e+05 7.656000000000000000e+03
1.700000000000000000e+05 7.317000000000000000e+03
1.750000000000000000e+05 7.485000000000000000e+03
1.800000000000000000e+05 7.289000000000000000e+03
1.850000000000000000e+05 7.205000000000000000e+03
1.900000000000000000e+05 6.933000000000000000e+03
1.950000000000000000e+05 6.730000000000000000e+03
2.000000000000000000e+05 6.576000000000000000e+03
2.050000000000000000e+05 6.495000000000000000e+03
2.100000000000000000e+05 6.154000000000000000e+03
2.150000000000000000e+05 6.041000000000000000e+03
2.200000000000000000e+05 5.811000000000000000e+03
2.250000000000000000e+05 5.463000000000000000e+03
2.300000000000000000e+05 5.300000000000000000e+03
2.350000000000000000e+05 5.012000000000000000e+03
2.400000000000000000e+05 4.676000000000000000e+03
2.450000000000000000e+05 4.657000000000000000e+03
2.500000000000000000e+05 4.467000000000000000e+03
2.550000000000000000e+05 3.988000000000000000e+03
2.600000000000000000e+05 3.840000000000000000e+03
2.650000000000000000e+05 3.800000000000000000e+03
2.700000000000000000e+05 3.391000000000000000e+03
2.750000000000000000e+05 3.278000000000000000e+03
2.800000000000000000e+05 3.059000000000000000e+03
2.850000000000000000e+05 2.855000000000000000e+03
2.900000000000000000e+05 2.592000000000000000e+03
2.950000000000000000e+05 2.445000000000000000e+03
3.000000000000000000e+05 2.337000000000000000e+03
3.050000000000000000e+05 2.195000000000000000e+03
3.100000000000000000e+05 2.064000000000000000e+03
3.150000000000000000e+05 1.856000000000000000e+03
3.200000000000000000e+05 1.850000000000000000e+03
3.250000000000000000e+05 1.761000000000000000e+03
3.300000000000000000e+05 1.747000000000000000e+03
3.350000000000000000e+05 1.658000000000000000e+03
3.400000000000000000e+05 1.654000000000000000e+03
3.450000000000000000e+05 1.675000000000000000e+03
3.500000000000000000e+05 1.662000000000000000e+03
3.550000000000000000e+05 1.680000000000000000e+03
3.600000000000000000e+05 1.712000000000000000e+03
3.650000000000000000e+05 1.722000000000000000e+03
3.700000000000000000e+05 1.844000000000000000e+03
3.750000000000000000e+05 1.890000000000000000e+03
3.800000000000000000e+05 2.063000000000000000e+03
3.850000000000000000e+05 2.144000000000000000e+03
3.900000000000000000e+05 2.363000000000000000e+03
3.950000000000000000e+05 2.347000000000000000e+03
4.000000000000000000e+05 2.502000000000000000e+03
4.050000000000000000e+05 2.787000000000000000e+03
4.100000000000000000e+05 2.918000000000000000e+03
4.150000000000000000e+05 3.157000000000000000e+03
4.200000000000000000e+05 3.361000000000000000e+03
4.250000000000000000e+05 3.504000000000000000e+03
4.300000000000000000e+05 3.831000000000000000e+03
4.350000000000000000e+05 4.026000000000000000e+03
4.400000000000000000e+05 4.290000000000000000e+03
4.450000000000000000e+05 4.599000000000000000e+03
4.500000000000000000e+05 4.776000000000000000e+03
4.550000000000000000e+05 5.138000000000000000e+03
4.600000000000000000e+05 5.222000000000000000e+03
4.650000000000000000e+05 5.538000000000000000e+03
4.700000000000000000e+05 5.927000000000000000e+03
4.750000000000000000e+05 5.803000000000000000e+03
4.800000000000000000e+05 6.204000000000000000e+03
4.850000000000000000e+05 6.472000000000000000e+03
4.900000000000000000e+05 6.691000000000000000e+03
4.950000000000000000e+05 6.767000000000000000e+03
5.000000000000000000e+05 6.945000000000000000e+03
5.050000000000000000e+05 6.911000000000000000e+03
5.100000000000000000e+05 7.239000000000000000e+03
5.150000000000000000e+05 7.426000000000000000e+03
5.200000000000000000e+05 7.566000000000000000e+03
5.250000000000000000e+05 7.623000000000000000e+03
5.300000000000000000e+05 7.824000000000000000e+03
5.350000000000000000e+05 8.013000000000000000e+03
5.400000000000000000e+05 7.807000000000000000e+03
5.450000000000000000e+05 8.019000000000000000e+03
5.500000000000000000e+05 8.142000000000000000e+03
5.550000000000000000e+05 8.118000000000000000e+03
5.600000000000000000e+05 8.057000000000000000e+03
5.650000000000000000e+05 8.487000000000000000e+03
5.700000000000000000e+05 8.484000000000000000e+03
5.750000000000000000e+05 8.351000000000000000e+03
5.800000000000000000e+05 8.380000000000000000e+03
5.850000000000000000e+05 8.424000000000000000e+03
5.900000000000000000e+05 8.450000000000000000e+03
5.950000000000000000e+05 8.392000000000000000e+03
6.000000000000000000e+05 8.431000000000000000e+03
6.050000000000000000e+05 8.309000000000000000e+03
6.100000000000000000e+05 8.263000000000000000e+03
6.150000000000000000e+05 8.387000000000000000e+03
6.200000000000000000e+05 8.439000000000000000e+03
6.250000000000000000e+05 8.256000000000000000e+03
6.300000000000000000e+05 8.150000000000000000e+03
6.350000000000000000e+05 8.300000000000000000e+03
6.400000000000000000e+05 8.023000000000000000e+03
6.450000000000000000e+05 8.093000000000000000e+03
6.500000000000000000e+05 7.985000000000000000e+03
6.550000000000000000e+05 7.889000000000000000e+03
6.600000000000000000e+05 7.691000000000000000e+03
6.650000000000000000e+05 7.667000000000000000e+03
6.700000000000000000e+05 7.688000000000000000e+03
6.750000000000000000e+05 7.342000000000000000e+03
6.800000000000000000e+05 7.269000000000000000e+03
6.850000000000000000e+05 7.194000000000000000e+03
6.900000000000000000e+05 7.033000000000000000e+03
6.950000000000000000e+05 6.851000000000000000e+03
7.000000000000000000e+05 6.490000000000000000e+03
7.050000000000000000e+05 6.342000000000000000e+03
7.100000000000000000e+05 6.179000000000000000e+03
7.150000000000000000e+05 6.019000000000000000e+03
7.200000000000000000e+05 5.719000000000000000e+03
7.250000000000000000e+05 5.535000000000000000e+03
7.300000000000000000e+05 5.367000000000000000e+03
7.350000000000000000e+05 5.101000000000000000e+03
7.400000000000000000e+05 4.766000000000000000e+03
7.450000000000000000e+05 4.603000000000000000e+03
7.500000000000000000e+05 4.325000000000000000e+03
7.550000000000000000e+05 4.232000000000000000e+03
7.600000000000000000e+05 3.941000000000000000e+03
7.650000000000000000e+05 3.764000000000000000e+03
7.700000000000000000e+05 3.516000000000000000e+03
7.750000000000000000e+05 3.148000000000000000e+03
7.800000000000000000e+05 3.080000000000000000e+03
7.850000000000000000e+05 2.743000000000000000e+03
7.900000000000000000e+05 2.758000000000000000e+03
7.950000000000000000e+05 2.510000000000000000e+03
8.000000000000000000e+05 2.372000000000000000e+03
8.050000000000000000e+05 2.181000000000000000e+03
8.100000000000000000e+05 2.018000000000000000e+03
8.150000000000000000e+05 2.042000000000000000e+03
8.200000000000000000e+05 1.866000000000000000e+03
8.250000000000000000e+05 1.834000000000000000e+03
8.300000000000000000e+05 1.686000000000000000e+03
8.350000000000000000e+05 1.686000000000000000e+03
8.400000000000000000e+05 1.685000000000000000e+03
8.450000000000000000e+05 1.631000000000000000e+03
8.500000000000000000e+05 1.689000000000000000e+03
8.550000000000000000e+05 1.626000000000000000e+03
8.600000000000000000e+05 1.695000000000000000e+03
8.650000000000000000e+05 1.786000000000000000e+03
8.700000000000000000e+05 1.815000000000000000e+03
8.750000000000000000e+05 1.926000000000000000e+03
8.800000000000000000e+05 2.027000000000000000e+03
8.850000000000000000e+05 2.172000000000000000e+03
8.900000000000000000e+05 2.185000000000000000e+03
8.950000000000000000e+05 2.424000000000000000e+03
9.000000000000000000e+05 2.630000000000000000e+03
9.050000000000000000e+05 2.640000000000000000e+03
9.100000000000000000e+05 2.881000000000000000e+03
9.150000000000000000e+05 3.109000000000000000e+03
9.200000000000000000e+05 3.338000000000000000e+03
9.250000000000000000e+05 3.463000000000000000e+03
9.300000000000000000e+05 3.906000000000000000e+03
9.350000000000000000e+05 4.106000000000000000e+03
9.400000000000000000e+05 4.290000000000000000e+03
9.450000000000000000e+05 4.562000000000000000e+03
9.500000000000000000e+05 4.703000000000000000e+03
9.550000000000000000e+05 4.911000000000000000e+03
9.600000000000000000e+05 5.251000000000000000e+03
9.650000000000000000e+05 5.468000000000000000e+03
9.700000000000000000e+05 5.809000000000000000e+03
9.750000000000000000e+05 6.068000000000000000e+03
9.800000000000000000e+05 6.133000000000000000e+03
9.850000000000000000e+05 6.361000000000000000e+03
9.900000000000000000e+05 6.561000000000000000e+03
9.950000000000000000e+05 6.813000000000000000e+03
