0.000000000000000000e+00 1.228000000000000000e+03
3.330000000000000000e+02 1.150000000000000000e+03
6.660000000000000000e+02 1.268000000000000000e+03
9.990000000000000000e+02 1.463000000000000000e+03
1.332000000000000000e+03 1.430000000000000000e+03
1.665000000000000000e+03 1.402000000000000000e+03
1.998000000000000000e+03 1.479000000000000000e+03
2.331000000000000000e+03 1.437000000000000000e+03
2.664000000000000000e+03 1.371000000000000000e+03
2.997000000000000000e+03 1.439000000000000000e+03
3.330000000000000000e+03 1.483000000000000000e+03
3.663000000000000000e+03 1.495000000000000000e+03
3.996000000000000000e+03 1.556000000000000000e+03
4.329000000000000000e+03 1.586000000000000000e+03
4.662000000000000000e+03 1.562000000000000000e+03
4.995000000000000000e+03 1.574000000000000000e+03
5.328000000000000000e+03 1.536000000000000000e+03
5.661000000000000000e+03 1.536000000000000000e+03
5.994000000000000000e+03 1.557000000000000000e+03
6.327000000000000000e+03 1.572000000000000000e+03
6.660000000000000000e+03 1.580000000000000000e+03
6.993000000000000000e+03 1.495000000000000000e+03
7.326000000000000000e+03 1.495000000000000000e+03
7.659000000000000000e+03 1.578000000000000000e+03
7.992000000000000000e+03 1.502000000000000000e+03
8.325000000000000000e+03 1.571000000000000000e+03
8.658000000000000000e+03 1.524000000000000000e+03
8.991000000000000000e+03 1.534000000000000000e+03
9.324000000000000000e+03 1.590000000000000000e+03
9.657000000000000000e+03 1.511000000000000000e+03
9.990000000000000000e+03 1.496000000000000000e+03
1.032300000000000000e+04 1.417000000000000000e+03
1.065600000000000000e+04 1.374000000000000000e+03
1.098900000000000000e+04 1.370000000000000000e+03
1.132200000000000000e+04 1.393000000000000000e+03
1.165500000000000000e+04 1.351000000000000000e+03
1.198800000000000000e+04 1.296000000000000000e+03
1.232100000000000000e+04 1.355000000000000000e+03
1.265400000000000000e+04 1.375000000000000000e+03
1.298700000000000000e+04 1.337000000000000000e+03
1.332000000000000000e+04 1.247000000000000000e+03
1.365300000000000000e+04 1.264000000000000000e+03
1.398600000000000000e+04 1.262000000000000000e+03
1.431900000000000000e+04 1.111000000000000000e+03
1.465200000000000000e+04 1.136000000000000000e+03
1.498500000000000000e+04 1.085000000000000000e+03
1.531800000000000000e+04 9.800000000000000000e+02
1.565100000000000000e+04 9.540000000000000000e+02
1.598400000000000000e+04 9.250000000000000000e+02
1.631700000000000000e+04 8.850000000000000000e+02
1.665000000000000000e+04 8.300000000000000000e+02
1.698300000000000000e+04 8.170000000000000000e+02
1.731600000000000000e+04 8.710000000000000000e+02
1.764900000000000000e+04 7.250000000000000000e+02
1.798200000000000000e+04 6.670000000000000000e+02
1.831500000000000000e+04 7.250000000000000000e+02
1.864800000000000000e+04 6.310000000000000000e+02
1.898100000000000000e+04 6.250000000000000000e+02
1.931400000000000000e+04 5.740000000000000000e+02
1.964700000000000000e+04 5.530000000000000000e+02
1.998000000000000000e+04 5.190000000000000000e+02
2.031300000000000000e+04 5.090000000000000000e+02
2.064600000000000000e+04 4.160000000000000000e+02
2.097900000000000000e+04 4.510000000000000000e+02
2.131200000000000000e+04 4.570000000000000000e+02
2.164500000000000000e+04 3.940000000000000000e+02
2.197800000000000000e+04 4.120000000000000000e+02
2.231100000000000000e+04 4.380000000000000000e+02
2.264400000000000000e+04 4.310000000000000000e+02
2.297700000000000000e+04 3.880000000000000000e+02
2.331000000000000000e+04 4.120000000000000000e+02
2.364300000000000000e+04 3.990000000000000000e+02
2.397600000000000000e+04 3.990000000000000000e+02
2.430900000000000000e+04 4.150000000000000000e+02
2.464200000000000000e+04 4.170000000000000000e+02
2.497500000000000000e+04 4.190000000000000000e+02
2.530800000000000000e+04 4.190000000000000000e+02
2.564100000000000000e+04 4.600000000000000000e+02
2.597400000000000000e+04 4.720000000000000000e+02
2.630700000000000000e+04 5.020000000000000000e+02
2.664000000000000000e+04 5.100000000000000000e+02
2.697300000000000000e+04 5.460000000000000000e+02
2.730600000000000000e+04 5.550000000000000000e+02
2.763900000000000000e+04 5.810000000000000000e+02
2.797200000000000000e+04 6.460000000000000000e+02
2.830500000000000000e+04 6.480000000000000000e+02
2.863800000000000000e+04 7.070000000000000000e+02
2.897100000000000000e+04 7.130000000000000000e+02
2.930400000000000000e+04 7.920000000000000000e+02
2.963700000000000000e+04 7.530000000000000000e+02
2.997000000000000000e+04 8.740000000000000000e+02
3.030300000000000000e+04 9.640000000000000000e+02
3.063600000000000000e+04 9.800000000000000000e+02
3.096900000000000000e+04 9.810000000000000000e+02
3.130200000000000000e+04 1.020000000000000000e+03
3.163500000000000000e+04 1.087000000000000000e+03
3.196800000000000000e+04 1.135000000000000000e+03
3.230100000000000000e+04 1.197000000000000000e+03
3.263400000000000000e+04 1.205000000000000000e+03
3.296700000000000000e+04 1.261000000000000000e+03
3.330000000000000000e+04 1.308000000000000000e+03
3.363300000000000000e+04 1.258000000000000000e+03
3.396600000000000000e+04 1.284000000000000000e+03
3.429900000000000000e+04 1.320000000000000000e+03
3.463200000000000000e+04 1.401000000000000000e+03
3.496500000000000000e+04 1.450000000000000000e+03
3.529800000000000000e+04 1.437000000000000000e+03
3.563100000000000000e+04 1.445000000000000000e+03
3.596400000000000000e+04 1.479000000000000000e+03
3.629700000000000000e+04 1.469000000000000000e+03
3.663000000000000000e+04 1.483000000000000000e+03
3.696300000000000000e+04 1.543000000000000000e+03
3.729600000000000000e+04 1.477000000000000000e+03
3.762900000000000000e+04 1.586000000000000000e+03
3.796200000000000000e+04 1.520000000000000000e+03
3.829500000000000000e+04 1.565000000000000000e+03
3.862800000000000000e+04 1.508000000000000000e+03
3.896100000000000000e+04 1.541000000000000000e+03
3.929400000000000000e+04 1.537000000000000000e+03
3.962700000000000000e+04 1.522000000000000000e+03
3.996000000000000000e+04 1.628000000000000000e+03
4.029300000000000000e+04 1.623000000000000000e+03
4.062600000000000000e+04 1.486000000000000000e+03
4.095900000000000000e+04 1.497000000000000000e+03
4.129200000000000000e+04 1.606000000000000000e+03
4.162500000000000000e+04 1.610000000000000000e+03
4.195800000000000000e+04 1.610000000000000000e+03
4.229100000000000000e+04 1.513000000000000000e+03
4.262400000000000000e+04 1.559000000000000000e+03
4.295700000000000000e+04 1.632000000000000000e+03
4.329000000000000000e+04 1.525000000000000000e+03
4.362300000000000000e+04 1.455000000000000000e+03
4.395600000000000000e+04 1.489000000000000000e+03
4.428900000000000000e+04 1.324000000000000000e+03
4.462200000000000000e+04 1.408000000000000000e+03
4.495500000000000000e+04 1.353000000000000000e+03
4.528800000000000000e+04 1.401000000000000000e+03
4.562100000000000000e+04 1.361000000000000000e+03
4.595400000000000000e+04 1.337000000000000000e+03
4.628700000000000000e+04 1.305000000000000000e+03
4.662000000000000000e+04 1.226000000000000000e+03
4.695300000000000000e+04 1.250000000000000000e+03
4.728600000000000000e+04 1.207000000000000000e+03
4.761900000000000000e+04 1.232000000000000000e+03
4.795200000000000000e+04 1.098000000000000000e+03
4.828500000000000000e+04 1.052000000000000000e+03
4.861800000000000000e+04 1.089000000000000000e+03
4.895100000000000000e+04 1.024000000000000000e+03
4.928400000000000000e+04 9.500000000000000000e+02
4.961700000000000000e+04 8.720000000000000000e+02
4.995000000000000000e+04 8.040000000000000000e+02
5.028300000000000000e+04 8.430000000000000000e+02
5.061600000000000000e+04 8.190000000000000000e+02
5.094900000000000000e+04 7.620000000000000000e+02
5.128200000000000000e+04 6.950000000000000000e+02
5.161500000000000000e+04 6.650000000000000000e+02
5.194800000000000000e+04 6.440000000000000000e+02
5.228100000000000000e+04 5.760000000000000000e+02
5.261400000000000000e+04 5.630000000000000000e+02
5.294700000000000000e+04 6.060000000000000000e+02
5.328000000000000000e+04 5.440000000000000000e+02
5.361300000000000000e+04 4.920000000000000000e+02
5.394600000000000000e+04 4.690000000000000000e+02
5.427900000000000000e+04 4.410000000000000000e+02
5.461200000000000000e+04 4.480000000000000000e+02
5.494500000000000000e+04 4.290000000000000000e+02
5.527800000000000000e+04 4.500000000000000000e+02
5.561100000000000000e+04 4.180000000000000000e+02
5.594400000000000000e+04 4.340000000000000000e+02
5.627700000000000000e+04 4.370000000000000000e+02
5.661000000000000000e+04 4.230000000000000000e+02
5.694300000000000000e+04 4.250000000000000000e+02
5.727600000000000000e+04 4.110000000000000000e+02
5.760900000000000000e+04 4.240000000000000000e+02
5.794200000000000000e+04 4.430000000000000000e+02
5.827500000000000000e+04 4.130000000000000000e+02
5.860800000000000000e+04 4.740000000000000000e+02
5.894100000000000000e+04 4.470000000000000000e+02
5.927400000000000000e+04 4.310000000000000000e+02
5.960700000000000000e+04 5.300000000000000000e+02
5.994000000000000000e+04 4.990000000000000000e+02
6.027300000000000000e+04 5.910000000000000000e+02
6.060600000000000000e+04 6.180000000000000000e+02
6.093900000000000000e+04 5.920000000000000000e+02
6.127200000000000000e+04 6.070000000000000000e+02
6.160500000000000000e+04 6.740000000000000000e+02
6.193800000000000000e+04 7.080000000000000000e+02
6.227100000000000000e+04 7.620000000000000000e+02
6.260400000000000000e+04 7.860000000000000000e+02
6.293700000000000000e+04 8.390000000000000000e+02
6.327000000000000000e+04 8.530000000000000000e+02
6.360300000000000000e+04 9.130000000000000000e+02
6.393600000000000000e+04 9.800000000000000000e+02
6.426900000000000000e+04 1.043000000000000000e+03
6.460200000000000000e+04 1.053000000000000000e+03
6.493500000000000000e+04 1.050000000000000000e+03
6.526800000000000000e+04 1.177000000000000000e+03
6.560100000000000000e+04 1.222000000000000000e+03
6.593400000000000000e+04 1.232000000000000000e+03
6.626700000000000000e+04 1.226000000000000000e+03
