0.000000000000000000e+00 1.512000000000000000e+03
1.667000000000000000e+03 1.448000000000000000e+03
3.334000000000000000e+03 1.596000000000000000e+03
5.001000000000000000e+03 1.552000000000000000e+03
6.668000000000000000e+03 1.546000000000000000e+03
8.335000000000000000e+03 1.613000000000000000e+03
1.000200000000000000e+04 1.616000000000000000e+03
1.166900000000000000e+04 1.651000000000000000e+03
1.333600000000000000e+04 1.655000000000000000e+03
1.500300000000000000e+04 1.797000000000000000e+03
1.667000000000000000e+04 1.742000000000000000e+03
1.833700000000000000e+04 1.760000000000000000e+03
2.000400000000000000e+04 1.732000000000000000e+03
2.167100000000000000e+04 1.767000000000000000e+03
2.333800000000000000e+04 1.761000000000000000e+03
2.500500000000000000e+04 1.718000000000000000e+03
2.667200000000000000e+04 1.808000000000000000e+03
2.833900000000000000e+04 1.783000000000000000e+03
3.000600000000000000e+04 1.812000000000000000e+03
3.167300000000000000e+04 1.804000000000000000e+03
3.334000000000000000e+04 1.825000000000000000e+03
3.500700000000000000e+04 1.823000000000000000e+03
3.667400000000000000e+04 1.873000000000000000e+03
3.834100000000000000e+04 1.876000000000000000e+03
4.000800000000000000e+04 1.860000000000000000e+03
4.167500000000000000e+04 1.797000000000000000e+03
4.334200000000000000e+04 1.786000000000000000e+03
4.500900000000000000e+04 1.802000000000000000e+03
4.667600000000000000e+04 1.787000000000000000e+03
4.834300000000000000e+04 1.734000000000000000e+03
5.001000000000000000e+04 1.799000000000000000e+03
5.167700000000000000e+04 1.750000000000000000e+03
5.334400000000000000e+04 1.725000000000000000e+03
5.501100000000000000e+04 1.589000000000000000e+03
5.667800000000000000e+04 1.635000000000000000e+03
5.834500000000000000e+04 1.507000000000000000e+03
6.001200000000000000e+04 1.552000000000000000e+03
6.167900000000000000e+04 1.572000000000000000e+03
6.334600000000000000e+04 1.486000000000000000e+03
6.501300000000000000e+04 1.465000000000000000e+03
6.668000000000000000e+04 1.437000000000000000e+03
6.834700000000000000e+04 1.360000000000000000e+03
7.001400000000000000e+04 1.353000000000000000e+03
7.168100000000000000e+04 1.335000000000000000e+03
7.334800000000000000e+04 1.252000000000000000e+03
7.501500000000000000e+04 1.122000000000000000e+03
7.668200000000000000e+04 1.134000000000000000e+03
7.834900000000000000e+04 1.087000000000000000e+03
8.001600000000000000e+04 1.056000000000000000e+03
8.168300000000000000e+04 1.028000000000000000e+03
8.335000000000000000e+04 1.019000000000000000e+03
8.501700000000000000e+04 9.560000000000000000e+02
8.668400000000000000e+04 8.880000000000000000e+02
8.835100000000000000e+04 8.460000000000000000e+02
9.001800000000000000e+04 7.420000000000000000e+02
9.168500000000000000e+04 6.830000000000000000e+02
9.335200000000000000e+04 6.750000000000000000e+02
9.501900000000000000e+04 7.020000000000000000e+02
9.668600000000000000e+04 6.580000000000000000e+02
9.835300000000000000e+04 6.370000000000000000e+02
1.000200000000000000e+05 5.730000000000000000e+02
1.016870000000000000e+05 5.530000000000000000e+02
1.033540000000000000e+05 4.920000000000000000e+02
1.050210000000000000e+05 5.620000000000000000e+02
1.066880000000000000e+05 5.160000000000000000e+02
1.083550000000000000e+05 4.820000000000000000e+02
1.100220000000000000e+05 4.570000000000000000e+02
1.116890000000000000e+05 4.620000000000000000e+02
1.133560000000000000e+05 5.020000000000000000e+02
1.150230000000000000e+05 4.800000000000000000e+02
1.166900000000000000e+05 5.070000000000000000e+02
1.183570000000000000e+05 4.300000000000000000e+02
1.200240000000000000e+05 4.500000000000000000e+02
1.216910000000000000e+05 4.930000000000000000e+02
1.233580000000000000e+05 4.910000000000000000e+02
1.250250000000000000e+05 5.070000000000000000e+02
1.266920000000000000e+05 5.300000000000000000e+02
1.283590000000000000e+05 5.750000000000000000e+02
1.300260000000000000e+05 5.810000000000000000e+02
1.316930000000000000e+05 5.900000000000000000e+02
1.333600000000000000e+05 6.060000000000000000e+02
1.350270000000000000e+05 6.790000000000000000e+02
1.366940000000000000e+05 6.950000000000000000e+02
1.383610000000000000e+05 7.520000000000000000e+02
1.400280000000000000e+05 7.710000000000000000e+02
1.416950000000000000e+05 8.060000000000000000e+02
1.433620000000000000e+05 8.550000000000000000e+02
1.450290000000000000e+05 8.790000000000000000e+02
1.466960000000000000e+05 9.010000000000000000e+02
1.483630000000000000e+05 9.990000000000000000e+02
1.500300000000000000e+05 1.028000000000000000e+03
1.516970000000000000e+05 1.114000000000000000e+03
1.533640000000000000e+05 1.155000000000000000e+03
1.550310000000000000e+05 1.217000000000000000e+03
1.566980000000000000e+05 1.209000000000000000e+03
1.583650000000000000e+05 1.206000000000000000e+03
1.600320000000000000e+05 1.291000000000000000e+03
1.616990000000000000e+05 1.261000000000000000e+03
1.633660000000000000e+05 1.485000000000000000e+03
1.650330000000000000e+05 1.415000000000000000e+03
1.667000000000000000e+05 1.459000000000000000e+03
1.683670000000000000e+05 1.538000000000000000e+03
1.700340000000000000e+05 1.480000000000000000e+03
1.717010000000000000e+05 1.600000000000000000e+03
1.733680000000000000e+05 1.574000000000000000e+03
1.750350000000000000e+05 1.642000000000000000e+03
1.767020000000000000e+05 1.681000000000000000e+03
1.783690000000000000e+05 1.641000000000000000e+03
1.800360000000000000e+05 1.766000000000000000e+03
1.817030000000000000e+05 1.695000000000000000e+03
1.833700000000000000e+05 1.680000000000000000e+03
1.850370000000000000e+05 1.718000000000000000e+03
1.867040000000000000e+05 1.800000000000000000e+03
1.883710000000000000e+05 1.804000000000000000e+03
1.900380000000000000e+05 1.818000000000000000e+03
1.917050000000000000e+05 1.811000000000000000e+03
1.933720000000000000e+05 1.777000000000000000e+03
1.950390000000000000e+05 1.854000000000000000e+03
1.967060000000000000e+05 1.791000000000000000e+03
1.983730000000000000e+05 1.846000000000000000e+03
2.000400000000000000e+05 1.867000000000000000e+03
2.017070000000000000e+05 1.763000000000000000e+03
2.033740000000000000e+05 1.824000000000000000e+03
2.050410000000000000e+05 1.824000000000000000e+03
2.067080000000000000e+05 1.837000000000000000e+03
2.083750000000000000e+05 1.849000000000000000e+03
2.100420000000000000e+05 1.758000000000000000e+03
2.117090000000000000e+05 1.790000000000000000e+03
2.133760000000000000e+05 1.774000000000000000e+03
2.150430000000000000e+05 1.793000000000000000e+03
2.167100000000000000e+05 1.748000000000000000e+03
2.183770000000000000e+05 1.707000000000000000e+03
2.200440000000000000e+05 1.643000000000000000e+03
2.217110000000000000e+05 1.675000000000000000e+03
2.233780000000000000e+05 1.656000000000000000e+03
2.250450000000000000e+05 1.609000000000000000e+03
2.267120000000000000e+05 1.489000000000000000e+03
2.283790000000000000e+05 1.558000000000000000e+03
2.300460000000000000e+05 1.503000000000000000e+03
2.317130000000000000e+05 1.507000000000000000e+03
2.333800000000000000e+05 1.407000000000000000e+03
2.350470000000000000e+05 1.328000000000000000e+03
2.367140000000000000e+05 1.336000000000000000e+03
2.383810000000000000e+05 1.258000000000000000e+03
2.400480000000000000e+05 1.262000000000000000e+03
2.417150000000000000e+05 1.267000000000000000e+03
2.433820000000000000e+05 1.158000000000000000e+03
2.450490000000000000e+05 1.090000000000000000e+03
2.467160000000000000e+05 1.042000000000000000e+03
2.483830000000000000e+05 1.009000000000000000e+03
2.500500000000000000e+05 9.530000000000000000e+02
2.517170000000000000e+05 9.760000000000000000e+02
2.533840000000000000e+05 9.330000000000000000e+02
2.550510000000000000e+05 8.630000000000000000e+02
2.567180000000000000e+05 8.300000000000000000e+02
2.583850000000000000e+05 7.290000000000000000e+02
2.600520000000000000e+05 7.060000000000000000e+02
2.617190000000000000e+05 7.220000000000000000e+02
2.633860000000000000e+05 6.370000000000000000e+02
2.650530000000000000e+05 6.150000000000000000e+02
2.667200000000000000e+05 6.120000000000000000e+02
2.683870000000000000e+05 5.590000000000000000e+02
2.700540000000000000e+05 5.130000000000000000e+02
2.717210000000000000e+05 4.890000000000000000e+02
2.733880000000000000e+05 5.220000000000000000e+02
2.750550000000000000e+05 5.560000000000000000e+02
2.767220000000000000e+05 4.920000000000000000e+02
2.783890000000000000e+05 4.690000000000000000e+02
2.800560000000000000e+05 4.850000000000000000e+02
2.817230000000000000e+05 4.950000000000000000e+02
2.833900000000000000e+05 4.370000000000000000e+02
2.850570000000000000e+05 4.910000000000000000e+02
2.867240000000000000e+05 4.640000000000000000e+02
2.883910000000000000e+05 4.540000000000000000e+02
2.900580000000000000e+05 5.380000000000000000e+02
2.917250000000000000e+05 4.840000000000000000e+02
2.933920000000000000e+05 5.090000000000000000e+02
2.950590000000000000e+05 5.350000000000000000e+02
2.967260000000000000e+05 5.760000000000000000e+02
2.983930000000000000e+05 6.180000000000000000e+02
3.000600000000000000e+05 6.460000000000000000e+02
3.017270000000000000e+05 6.600000000000000000e+02
3.033940000000000000e+05 7.150000000000000000e+02
3.050610000000000000e+05 7.150000000000000000e+02
3.067280000000000000e+05 7.790000000000000000e+02
3.083950000000000000e+05 8.150000000000000000e+02
3.100620000000000000e+05 8.310000000000000000e+02
3.117290000000000000e+05 9.260000000000000000e+02
3.133960000000000000e+05 9.920000000000000000e+02
3.150630000000000000e+05 1.023000000000000000e+03
3.167300000000000000e+05 1.097000000000000000e+03
3.183970000000000000e+05 1.072000000000000000e+03
3.200640000000000000e+05 1.200000000000000000e+03
3.217310000000000000e+05 1.237000000000000000e+03
3.233980000000000000e+05 1.240000000000000000e+03
3.250650000000000000e+05 1.273000000000000000e+03
3.267320000000000000e+05 1.256000000000000000e+03
3.283990000000000000e+05 1.332000000000000000e+03
3.300660000000000000e+05 1.397000000000000000e+03
3.317330000000000000e+05 1.433000000000000000e+03
