0.000000000000000000e+00 6.320000000000000000e+02
1.700000000000000000e+01 6.700000000000000000e+02
3.400000000000000000e+01 7.000000000000000000e+02
5.100000000000000000e+01 6.750000000000000000e+02
6.800000000000000000e+01 7.020000000000000000e+02
8.500000000000000000e+01 7.220000000000000000e+02
1.020000000000000000e+02 7.530000000000000000e+02
1.190000000000000000e+02 7.770000000000000000e+02
1.360000000000000000e+02 8.100000000000000000e+02
1.530000000000000000e+02 7.800000000000000000e+02
1.700000000000000000e+02 8.700000000000000000e+02
1.870000000000000000e+02 8.530000000000000000e+02
2.040000000000000000e+02 9.270000000000000000e+02
2.210000000000000000e+02 9.530000000000000000e+02
2.380000000000000000e+02 9.790000000000000000e+02
2.550000000000000000e+02 9.480000000000000000e+02
2.720000000000000000e+02 9.220000000000000000e+02
2.890000000000000000e+02 9.560000000000000000e+02
3.060000000000000000e+02 9.740000000000000000e+02
3.230000000000000000e+02 1.020000000000000000e+03
3.400000000000000000e+02 1.007000000000000000e+03
3.570000000000000000e+02 1.029000000000000000e+03
3.740000000000000000e+02 1.014000000000000000e+03
3.910000000000000000e+02 1.081000000000000000e+03
4.080000000000000000e+02 1.066000000000000000e+03
4.250000000000000000e+02 1.027000000000000000e+03
4.420000000000000000e+02 1.117000000000000000e+03
4.590000000000000000e+02 1.053000000000000000e+03
4.760000000000000000e+02 1.060000000000000000e+03
4.930000000000000000e+02 1.076000000000000000e+03
5.100000000000000000e+02 1.098000000000000000e+03
5.270000000000000000e+02 1.067000000000000000e+03
5.440000000000000000e+02 1.074000000000000000e+03
5.610000000000000000e+02 1.079000000000000000e+03
5.780000000000000000e+02 1.033000000000000000e+03
5.950000000000000000e+02 1.017000000000000000e+03
6.120000000000000000e+02 1.056000000000000000e+03
6.290000000000000000e+02 1.012000000000000000e+03
6.460000000000000000e+02 9.940000000000000000e+02
6.630000000000000000e+02 9.930000000000000000e+02
6.800000000000000000e+02 9.440000000000000000e+02
6.970000000000000000e+02 1.001000000000000000e+03
7.140000000000000000e+02 9.680000000000000000e+02
7.310000000000000000e+02 9.610000000000000000e+02
7.480000000000000000e+02 8.830000000000000000e+02
7.650000000000000000e+02 9.020000000000000000e+02
7.820000000000000000e+02 9.090000000000000000e+02
7.990000000000000000e+02 9.220000000000000000e+02
8.160000000000000000e+02 8.880000000000000000e+02
8.330000000000000000e+02 8.330000000000000000e+02
8.500000000000000000e+02 7.970000000000000000e+02
8.670000000000000000e+02 7.810000000000000000e+02
8.840000000000000000e+02 8.720000000000000000e+02
9.010000000000000000e+02 7.450000000000000000e+02
9.180000000000000000e+02 7.230000000000000000e+02
9.350000000000000000e+02 7.060000000000000000e+02
9.520000000000000000e+02 6.750000000000000000e+02
9.690000000000000000e+02 7.410000000000000000e+02
9.860000000000000000e+02 6.410000000000000000e+02
1.003000000000000000e+03 6.850000000000000000e+02
1.020000000000000000e+03 6.550000000000000000e+02
1.037000000000000000e+03 6.310000000000000000e+02
1.054000000000000000e+03 6.450000000000000000e+02
1.071000000000000000e+03 5.880000000000000000e+02
1.088000000000000000e+03 5.970000000000000000e+02
1.105000000000000000e+03 5.770000000000000000e+02
1.122000000000000000e+03 5.520000000000000000e+02
1.139000000000000000e+03 5.120000000000000000e+02
1.156000000000000000e+03 5.150000000000000000e+02
1.173000000000000000e+03 4.830000000000000000e+02
1.190000000000000000e+03 4.780000000000000000e+02
1.207000000000000000e+03 5.180000000000000000e+02
1.224000000000000000e+03 4.370000000000000000e+02
1.241000000000000000e+03 4.590000000000000000e+02
1.258000000000000000e+03 4.000000000000000000e+02
1.275000000000000000e+03 4.520000000000000000e+02
1.292000000000000000e+03 4.720000000000000000e+02
1.309000000000000000e+03 4.560000000000000000e+02
1.326000000000000000e+03 4.770000000000000000e+02
1.343000000000000000e+03 4.530000000000000000e+02
1.360000000000000000e+03 4.090000000000000000e+02
1.377000000000000000e+03 4.250000000000000000e+02
1.394000000000000000e+03 4.490000000000000000e+02
1.411000000000000000e+03 4.400000000000000000e+02
1.428000000000000000e+03 4.590000000000000000e+02
1.445000000000000000e+03 4.000000000000000000e+02
1.462000000000000000e+03 4.590000000000000000e+02
1.479000000000000000e+03 4.920000000000000000e+02
1.496000000000000000e+03 4.760000000000000000e+02
1.513000000000000000e+03 4.750000000000000000e+02
1.530000000000000000e+03 5.040000000000000000e+02
1.547000000000000000e+03 4.950000000000000000e+02
1.564000000000000000e+03 5.490000000000000000e+02
1.581000000000000000e+03 5.270000000000000000e+02
1.598000000000000000e+03 5.390000000000000000e+02
1.615000000000000000e+03 5.790000000000000000e+02
1.632000000000000000e+03 6.190000000000000000e+02
1.649000000000000000e+03 5.580000000000000000e+02
1.666000000000000000e+03 6.000000000000000000e+02
1.683000000000000000e+03 6.060000000000000000e+02
1.700000000000000000e+03 6.890000000000000000e+02
1.717000000000000000e+03 6.590000000000000000e+02
1.734000000000000000e+03 6.750000000000000000e+02
1.751000000000000000e+03 7.350000000000000000e+02
1.768000000000000000e+03 7.670000000000000000e+02
1.785000000000000000e+03 7.550000000000000000e+02
1.802000000000000000e+03 7.740000000000000000e+02
1.819000000000000000e+03 8.640000000000000000e+02
1.836000000000000000e+03 8.030000000000000000e+02
1.853000000000000000e+03 8.410000000000000000e+02
1.870000000000000000e+03 8.670000000000000000e+02
1.887000000000000000e+03 9.210000000000000000e+02
1.904000000000000000e+03 9.360000000000000000e+02
1.921000000000000000e+03 9.170000000000000000e+02
1.938000000000000000e+03 9.490000000000000000e+02
1.955000000000000000e+03 9.050000000000000000e+02
1.972000000000000000e+03 9.540000000000000000e+02
1.989000000000000000e+03 9.440000000000000000e+02
2.006000000000000000e+03 9.930000000000000000e+02
2.023000000000000000e+03 9.990000000000000000e+02
2.040000000000000000e+03 1.023000000000000000e+03
2.057000000000000000e+03 1.045000000000000000e+03
2.074000000000000000e+03 1.001000000000000000e+03
2.091000000000000000e+03 9.940000000000000000e+02
2.108000000000000000e+03 1.093000000000000000e+03
2.125000000000000000e+03 1.062000000000000000e+03
2.142000000000000000e+03 1.038000000000000000e+03
2.159000000000000000e+03 1.113000000000000000e+03
2.176000000000000000e+03 1.087000000000000000e+03
2.193000000000000000e+03 9.780000000000000000e+02
2.210000000000000000e+03 1.059000000000000000e+03
2.227000000000000000e+03 1.038000000000000000e+03
2.244000000000000000e+03 1.094000000000000000e+03
2.261000000000000000e+03 1.081000000000000000e+03
2.278000000000000000e+03 1.030000000000000000e+03
2.295000000000000000e+03 1.032000000000000000e+03
2.312000000000000000e+03 1.097000000000000000e+03
2.329000000000000000e+03 1.043000000000000000e+03
2.346000000000000000e+03 9.790000000000000000e+02
2.363000000000000000e+03 1.002000000000000000e+03
2.380000000000000000e+03 9.270000000000000000e+02
2.397000000000000000e+03 9.820000000000000000e+02
2.414000000000000000e+03 1.000000000000000000e+03
2.431000000000000000e+03 9.560000000000000000e+02
2.448000000000000000e+03 9.570000000000000000e+02
2.465000000000000000e+03 8.800000000000000000e+02
2.482000000000000000e+03 9.050000000000000000e+02
2.499000000000000000e+03 8.590000000000000000e+02
2.516000000000000000e+03 7.930000000000000000e+02
2.533000000000000000e+03 8.660000000000000000e+02
2.550000000000000000e+03 8.550000000000000000e+02
2.567000000000000000e+03 7.810000000000000000e+02
2.584000000000000000e+03 8.010000000000000000e+02
2.601000000000000000e+03 7.540000000000000000e+02
2.618000000000000000e+03 7.360000000000000000e+02
2.635000000000000000e+03 6.930000000000000000e+02
2.652000000000000000e+03 6.950000000000000000e+02
2.669000000000000000e+03 6.700000000000000000e+02
2.686000000000000000e+03 6.850000000000000000e+02
2.703000000000000000e+03 5.710000000000000000e+02
2.720000000000000000e+03 6.200000000000000000e+02
2.737000000000000000e+03 5.920000000000000000e+02
2.754000000000000000e+03 5.930000000000000000e+02
2.771000000000000000e+03 6.080000000000000000e+02
2.788000000000000000e+03 5.780000000000000000e+02
2.805000000000000000e+03 5.900000000000000000e+02
2.822000000000000000e+03 5.230000000000000000e+02
2.839000000000000000e+03 5.420000000000000000e+02
2.856000000000000000e+03 4.840000000000000000e+02
2.873000000000000000e+03 5.240000000000000000e+02
2.890000000000000000e+03 5.160000000000000000e+02
2.907000000000000000e+03 4.910000000000000000e+02
2.924000000000000000e+03 4.920000000000000000e+02
2.941000000000000000e+03 4.770000000000000000e+02
2.958000000000000000e+03 4.680000000000000000e+02
2.975000000000000000e+03 4.770000000000000000e+02
2.992000000000000000e+03 4.620000000000000000e+02
3.009000000000000000e+03 4.390000000000000000e+02
3.026000000000000000e+03 4.480000000000000000e+02
3.043000000000000000e+03 4.270000000000000000e+02
3.060000000000000000e+03 4.410000000000000000e+02
3.077000000000000000e+03 4.690000000000000000e+02
3.094000000000000000e+03 4.660000000000000000e+02
3.111000000000000000e+03 4.650000000000000000e+02
3.128000000000000000e+03 4.760000000000000000e+02
3.145000000000000000e+03 4.400000000000000000e+02
3.162000000000000000e+03 5.180000000000000000e+02
3.179000000000000000e+03 5.060000000000000000e+02
3.196000000000000000e+03 5.190000000000000000e+02
3.213000000000000000e+03 5.770000000000000000e+02
3.230000000000000000e+03 4.890000000000000000e+02
3.247000000000000000e+03 5.440000000000000000e+02
3.264000000000000000e+03 5.640000000000000000e+02
3.281000000000000000e+03 5.390000000000000000e+02
3.298000000000000000e+03 5.650000000000000000e+02
3.315000000000000000e+03 5.550000000000000000e+02
