0.000000000000000000e+00 1.005000000000000000e+03
5.000000000000000000e+01 1.026000000000000000e+03
1.000000000000000000e+02 1.050000000000000000e+03
1.500000000000000000e+02 1.170000000000000000e+03
2.000000000000000000e+02 1.202000000000000000e+03
2.500000000000000000e+02 1.175000000000000000e+03
3.000000000000000000e+02 1.221000000000000000e+03
3.500000000000000000e+02 1.188000000000000000e+03
4.000000000000000000e+02 1.252000000000000000e+03
4.500000000000000000e+02 1.219000000000000000e+03
5.000000000000000000e+02 1.273000000000000000e+03
5.500000000000000000e+02 1.277000000000000000e+03
6.000000000000000000e+02 1.282000000000000000e+03
6.500000000000000000e+02 1.328000000000000000e+03
7.000000000000000000e+02 1.336000000000000000e+03
7.500000000000000000e+02 1.333000000000000000e+03
8.000000000000000000e+02 1.408000000000000000e+03
8.500000000000000000e+02 1.385000000000000000e+03
9.000000000000000000e+02 1.356000000000000000e+03
9.500000000000000000e+02 1.379000000000000000e+03
1.000000000000000000e+03 1.478000000000000000e+03
1.050000000000000000e+03 1.375000000000000000e+03
1.100000000000000000e+03 1.444000000000000000e+03
1.150000000000000000e+03 1.369000000000000000e+03
1.200000000000000000e+03 1.396000000000000000e+03
1.250000000000000000e+03 1.423000000000000000e+03
1.300000000000000000e+03 1.402000000000000000e+03
1.350000000000000000e+03 1.310000000000000000e+03
1.400000000000000000e+03 1.354000000000000000e+03
1.450000000000000000e+03 1.417000000000000000e+03
1.500000000000000000e+03 1.353000000000000000e+03
1.550000000000000000e+03 1.482000000000000000e+03
1.600000000000000000e+03 1.291000000000000000e+03
1.650000000000000000e+03 1.378000000000000000e+03
1.700000000000000000e+03 1.282000000000000000e+03
1.750000000000000000e+03 1.425000000000000000e+03
1.800000000000000000e+03 1.193000000000000000e+03
1.850000000000000000e+03 1.281000000000000000e+03
1.900000000000000000e+03 1.310000000000000000e+03
1.950000000000000000e+03 1.169000000000000000e+03
2.000000000000000000e+03 1.128000000000000000e+03
2.050000000000000000e+03 1.250000000000000000e+03
2.100000000000000000e+03 1.128000000000000000e+03
2.150000000000000000e+03 1.150000000000000000e+03
2.200000000000000000e+03 1.036000000000000000e+03
2.250000000000000000e+03 1.052000000000000000e+03
2.300000000000000000e+03 1.063000000000000000e+03
2.350000000000000000e+03 1.023000000000000000e+03
2.400000000000000000e+03 9.610000000000000000e+02
2.450000000000000000e+03 8.860000000000000000e+02
2.500000000000000000e+03 8.990000000000000000e+02
2.550000000000000000e+03 9.060000000000000000e+02
2.600000000000000000e+03 8.190000000000000000e+02
2.650000000000000000e+03 7.380000000000000000e+02
2.700000000000000000e+03 7.760000000000000000e+02
2.750000000000000000e+03 7.260000000000000000e+02
2.800000000000000000e+03 7.110000000000000000e+02
2.850000000000000000e+03 6.670000000000000000e+02
2.900000000000000000e+03 6.890000000000000000e+02
2.950000000000000000e+03 6.380000000000000000e+02
3.000000000000000000e+03 6.230000000000000000e+02
3.050000000000000000e+03 5.630000000000000000e+02
3.100000000000000000e+03 5.480000000000000000e+02
3.150000000000000000e+03 5.640000000000000000e+02
3.200000000000000000e+03 5.200000000000000000e+02
3.250000000000000000e+03 5.030000000000000000e+02
3.300000000000000000e+03 4.750000000000000000e+02
3.350000000000000000e+03 4.950000000000000000e+02
3.400000000000000000e+03 4.400000000000000000e+02
3.450000000000000000e+03 4.400000000000000000e+02
3.500000000000000000e+03 4.460000000000000000e+02
3.550000000000000000e+03 4.090000000000000000e+02
3.600000000000000000e+03 4.490000000000000000e+02
3.650000000000000000e+03 3.780000000000000000e+02
3.700000000000000000e+03 4.330000000000000000e+02
3.750000000000000000e+03 3.860000000000000000e+02
3.800000000000000000e+03 4.050000000000000000e+02
3.850000000000000000e+03 4.090000000000000000e+02
3.900000000000000000e+03 3.900000000000000000e+02
3.950000000000000000e+03 4.010000000000000000e+02
4.000000000000000000e+03 4.040000000000000000e+02
4.050000000000000000e+03 4.380000000000000000e+02
4.100000000000000000e+03 4.480000000000000000e+02
4.150000000000000000e+03 4.450000000000000000e+02
4.200000000000000000e+03 4.720000000000000000e+02
4.250000000000000000e+03 4.440000000000000000e+02
4.300000000000000000e+03 5.200000000000000000e+02
4.350000000000000000e+03 5.630000000000000000e+02
4.400000000000000000e+03 5.770000000000000000e+02
4.450000000000000000e+03 6.000000000000000000e+02
4.500000000000000000e+03 6.170000000000000000e+02
4.550000000000000000e+03 6.670000000000000000e+02
4.600000000000000000e+03 6.610000000000000000e+02
4.650000000000000000e+03 7.600000000000000000e+02
4.700000000000000000e+03 7.730000000000000000e+02
4.750000000000000000e+03 7.680000000000000000e+02
4.800000000000000000e+03 8.860000000000000000e+02
4.850000000000000000e+03 8.450000000000000000e+02
4.900000000000000000e+03 8.960000000000000000e+02
4.950000000000000000e+03 9.300000000000000000e+02
5.000000000000000000e+03 9.890000000000000000e+02
5.050000000000000000e+03 1.052000000000000000e+03
5.100000000000000000e+03 1.064000000000000000e+03
5.150000000000000000e+03 1.069000000000000000e+03
5.200000000000000000e+03 1.061000000000000000e+03
5.250000000000000000e+03 1.166000000000000000e+03
5.300000000000000000e+03 1.185000000000000000e+03
5.350000000000000000e+03 1.198000000000000000e+03
5.400000000000000000e+03 1.211000000000000000e+03
5.450000000000000000e+03 1.248000000000000000e+03
5.500000000000000000e+03 1.236000000000000000e+03
5.550000000000000000e+03 1.293000000000000000e+03
5.600000000000000000e+03 1.279000000000000000e+03
5.650000000000000000e+03 1.314000000000000000e+03
5.700000000000000000e+03 1.363000000000000000e+03
5.750000000000000000e+03 1.309000000000000000e+03
5.800000000000000000e+03 1.421000000000000000e+03
5.850000000000000000e+03 1.388000000000000000e+03
5.900000000000000000e+03 1.369000000000000000e+03
5.950000000000000000e+03 1.370000000000000000e+03
6.000000000000000000e+03 1.402000000000000000e+03
6.050000000000000000e+03 1.388000000000000000e+03
6.100000000000000000e+03 1.409000000000000000e+03
6.150000000000000000e+03 1.376000000000000000e+03
6.200000000000000000e+03 1.458000000000000000e+03
6.250000000000000000e+03 1.349000000000000000e+03
6.300000000000000000e+03 1.405000000000000000e+03
6.350000000000000000e+03 1.376000000000000000e+03
6.400000000000000000e+03 1.421000000000000000e+03
6.450000000000000000e+03 1.393000000000000000e+03
6.500000000000000000e+03 1.365000000000000000e+03
6.550000000000000000e+03 1.318000000000000000e+03
6.600000000000000000e+03 1.406000000000000000e+03
6.650000000000000000e+03 1.351000000000000000e+03
6.700000000000000000e+03 1.339000000000000000e+03
6.750000000000000000e+03 1.364000000000000000e+03
6.800000000000000000e+03 1.244000000000000000e+03
6.850000000000000000e+03 1.268000000000000000e+03
6.900000000000000000e+03 1.254000000000000000e+03
6.950000000000000000e+03 1.251000000000000000e+03
7.000000000000000000e+03 1.207000000000000000e+03
7.050000000000000000e+03 1.204000000000000000e+03
7.100000000000000000e+03 1.199000000000000000e+03
7.150000000000000000e+03 1.078000000000000000e+03
7.200000000000000000e+03 1.087000000000000000e+03
7.250000000000000000e+03 1.009000000000000000e+03
7.300000000000000000e+03 1.036000000000000000e+03
7.350000000000000000e+03 9.780000000000000000e+02
7.400000000000000000e+03 9.290000000000000000e+02
7.450000000000000000e+03 9.210000000000000000e+02
7.500000000000000000e+03 9.690000000000000000e+02
7.550000000000000000e+03 8.960000000000000000e+02
7.600000000000000000e+03 8.480000000000000000e+02
7.650000000000000000e+03 7.970000000000000000e+02
7.700000000000000000e+03 7.560000000000000000e+02
7.750000000000000000e+03 7.100000000000000000e+02
7.800000000000000000e+03 6.910000000000000000e+02
7.850000000000000000e+03 6.620000000000000000e+02
7.900000000000000000e+03 6.530000000000000000e+02
7.950000000000000000e+03 6.930000000000000000e+02
8.000000000000000000e+03 5.920000000000000000e+02
8.050000000000000000e+03 6.160000000000000000e+02
8.100000000000000000e+03 5.400000000000000000e+02
8.150000000000000000e+03 6.080000000000000000e+02
8.200000000000000000e+03 5.060000000000000000e+02
8.250000000000000000e+03 5.060000000000000000e+02
8.300000000000000000e+03 4.810000000000000000e+02
8.350000000000000000e+03 4.460000000000000000e+02
8.400000000000000000e+03 4.700000000000000000e+02
8.450000000000000000e+03 4.380000000000000000e+02
8.500000000000000000e+03 4.180000000000000000e+02
8.550000000000000000e+03 4.190000000000000000e+02
8.600000000000000000e+03 4.240000000000000000e+02
8.650000000000000000e+03 4.160000000000000000e+02
8.700000000000000000e+03 4.090000000000000000e+02
8.750000000000000000e+03 3.860000000000000000e+02
8.800000000000000000e+03 3.780000000000000000e+02
8.850000000000000000e+03 3.710000000000000000e+02
8.900000000000000000e+03 4.100000000000000000e+02
8.950000000000000000e+03 3.800000000000000000e+02
9.000000000000000000e+03 4.400000000000000000e+02
9.050000000000000000e+03 4.240000000000000000e+02
9.100000000000000000e+03 4.800000000000000000e+02
9.150000000000000000e+03 4.670000000000000000e+02
9.200000000000000000e+03 4.930000000000000000e+02
9.250000000000000000e+03 4.700000000000000000e+02
9.300000000000000000e+03 5.220000000000000000e+02
9.350000000000000000e+03 5.280000000000000000e+02
9.400000000000000000e+03 5.930000000000000000e+02
9.450000000000000000e+03 5.610000000000000000e+02
9.500000000000000000e+03 6.290000000000000000e+02
9.550000000000000000e+03 6.830000000000000000e+02
9.600000000000000000e+03 7.690000000000000000e+02
9.650000000000000000e+03 7.250000000000000000e+02
9.700000000000000000e+03 7.580000000000000000e+02
9.750000000000000000e+03 8.020000000000000000e+02
9.800000000000000000e+03 8.560000000000000000e+02
9.850000000000000000e+03 8.640000000000000000e+02
9.900000000000000000e+03 9.120000000000000000e+02
9.950000000000000000e+03 9.610000000000000000e+02
