0.000000000000000000e+00 9.560000000000000000e+02
2.500000000000000000e+01 1.031000000000000000e+03
5.000000000000000000e+01 1.060000000000000000e+03
7.500000000000000000e+01 1.181000000000000000e+03
1.000000000000000000e+02 1.144000000000000000e+03
1.250000000000000000e+02 1.141000000000000000e+03
1.500000000000000000e+02 1.183000000000000000e+03
1.750000000000000000e+02 1.318000000000000000e+03
2.000000000000000000e+02 1.323000000000000000e+03
2.250000000000000000e+02 1.398000000000000000e+03
2.500000000000000000e+02 1.341000000000000000e+03
2.750000000000000000e+02 1.450000000000000000e+03
3.000000000000000000e+02 1.417000000000000000e+03
3.250000000000000000e+02 1.492000000000000000e+03
3.500000000000000000e+02 1.530000000000000000e+03
3.750000000000000000e+02 1.492000000000000000e+03
4.000000000000000000e+02 1.515000000000000000e+03
4.250000000000000000e+02 1.532000000000000000e+03
4.500000000000000000e+02 1.561000000000000000e+03
4.750000000000000000e+02 1.595000000000000000e+03
5.000000000000000000e+02 1.606000000000000000e+03
5.250000000000000000e+02 1.648000000000000000e+03
5.500000000000000000e+02 1.657000000000000000e+03
5.750000000000000000e+02 1.620000000000000000e+03
6.000000000000000000e+02 1.625000000000000000e+03
6.250000000000000000e+02 1.647000000000000000e+03
6.500000000000000000e+02 1.615000000000000000e+03
6.750000000000000000e+02 1.669000000000000000e+03
7.000000000000000000e+02 1.616000000000000000e+03
7.250000000000000000e+02 1.471000000000000000e+03
7.500000000000000000e+02 1.544000000000000000e+03
7.750000000000000000e+02 1.571000000000000000e+03
8.000000000000000000e+02 1.524000000000000000e+03
8.250000000000000000e+02 1.591000000000000000e+03
8.500000000000000000e+02 1.524000000000000000e+03
8.750000000000000000e+02 1.458000000000000000e+03
9.000000000000000000e+02 1.450000000000000000e+03
9.250000000000000000e+02 1.540000000000000000e+03
9.500000000000000000e+02 1.456000000000000000e+03
9.750000000000000000e+02 1.380000000000000000e+03
1.000000000000000000e+03 1.430000000000000000e+03
1.025000000000000000e+03 1.321000000000000000e+03
1.050000000000000000e+03 1.286000000000000000e+03
1.075000000000000000e+03 1.322000000000000000e+03
1.100000000000000000e+03 1.344000000000000000e+03
1.125000000000000000e+03 1.291000000000000000e+03
1.150000000000000000e+03 1.192000000000000000e+03
1.175000000000000000e+03 1.214000000000000000e+03
1.200000000000000000e+03 1.128000000000000000e+03
1.225000000000000000e+03 1.104000000000000000e+03
1.250000000000000000e+03 1.070000000000000000e+03
1.275000000000000000e+03 1.043000000000000000e+03
1.300000000000000000e+03 9.980000000000000000e+02
1.325000000000000000e+03 9.390000000000000000e+02
1.350000000000000000e+03 8.920000000000000000e+02
1.375000000000000000e+03 9.320000000000000000e+02
1.400000000000000000e+03 8.750000000000000000e+02
1.425000000000000000e+03 8.430000000000000000e+02
1.450000000000000000e+03 7.860000000000000000e+02
1.475000000000000000e+03 8.070000000000000000e+02
1.500000000000000000e+03 8.090000000000000000e+02
1.525000000000000000e+03 7.700000000000000000e+02
1.550000000000000000e+03 7.150000000000000000e+02
1.575000000000000000e+03 6.560000000000000000e+02
1.600000000000000000e+03 6.780000000000000000e+02
1.625000000000000000e+03 6.630000000000000000e+02
1.650000000000000000e+03 6.510000000000000000e+02
1.675000000000000000e+03 5.860000000000000000e+02
1.700000000000000000e+03 5.530000000000000000e+02
1.725000000000000000e+03 5.910000000000000000e+02
1.750000000000000000e+03 5.490000000000000000e+02
1.775000000000000000e+03 5.170000000000000000e+02
1.800000000000000000e+03 5.210000000000000000e+02
1.825000000000000000e+03 4.820000000000000000e+02
1.850000000000000000e+03 5.670000000000000000e+02
1.875000000000000000e+03 5.140000000000000000e+02
1.900000000000000000e+03 4.900000000000000000e+02
1.925000000000000000e+03 4.940000000000000000e+02
1.950000000000000000e+03 5.270000000000000000e+02
1.975000000000000000e+03 4.910000000000000000e+02
2.000000000000000000e+03 5.450000000000000000e+02
2.025000000000000000e+03 5.070000000000000000e+02
2.050000000000000000e+03 5.060000000000000000e+02
2.075000000000000000e+03 5.080000000000000000e+02
2.100000000000000000e+03 5.350000000000000000e+02
2.125000000000000000e+03 5.390000000000000000e+02
2.150000000000000000e+03 5.410000000000000000e+02
2.175000000000000000e+03 5.500000000000000000e+02
2.200000000000000000e+03 5.830000000000000000e+02
2.225000000000000000e+03 5.970000000000000000e+02
2.250000000000000000e+03 6.390000000000000000e+02
2.275000000000000000e+03 6.330000000000000000e+02
2.300000000000000000e+03 6.850000000000000000e+02
2.325000000000000000e+03 7.210000000000000000e+02
2.350000000000000000e+03 7.770000000000000000e+02
2.375000000000000000e+03 7.980000000000000000e+02
2.400000000000000000e+03 8.720000000000000000e+02
2.425000000000000000e+03 8.650000000000000000e+02
2.450000000000000000e+03 8.840000000000000000e+02
2.475000000000000000e+03 9.510000000000000000e+02
2.500000000000000000e+03 9.970000000000000000e+02
2.525000000000000000e+03 1.000000000000000000e+03
2.550000000000000000e+03 1.087000000000000000e+03
2.575000000000000000e+03 1.134000000000000000e+03
2.600000000000000000e+03 1.124000000000000000e+03
2.625000000000000000e+03 1.217000000000000000e+03
2.650000000000000000e+03 1.208000000000000000e+03
2.675000000000000000e+03 1.261000000000000000e+03
2.700000000000000000e+03 1.322000000000000000e+03
2.725000000000000000e+03 1.301000000000000000e+03
2.750000000000000000e+03 1.404000000000000000e+03
2.775000000000000000e+03 1.406000000000000000e+03
2.800000000000000000e+03 1.449000000000000000e+03
2.825000000000000000e+03 1.446000000000000000e+03
2.850000000000000000e+03 1.472000000000000000e+03
2.875000000000000000e+03 1.549000000000000000e+03
2.900000000000000000e+03 1.577000000000000000e+03
2.925000000000000000e+03 1.568000000000000000e+03
2.950000000000000000e+03 1.554000000000000000e+03
2.975000000000000000e+03 1.588000000000000000e+03
3.000000000000000000e+03 1.528000000000000000e+03
3.025000000000000000e+03 1.680000000000000000e+03
3.050000000000000000e+03 1.563000000000000000e+03
3.075000000000000000e+03 1.557000000000000000e+03
3.100000000000000000e+03 1.449000000000000000e+03
3.125000000000000000e+03 1.648000000000000000e+03
3.150000000000000000e+03 1.678000000000000000e+03
3.175000000000000000e+03 1.592000000000000000e+03
3.200000000000000000e+03 1.578000000000000000e+03
3.225000000000000000e+03 1.575000000000000000e+03
3.250000000000000000e+03 1.560000000000000000e+03
3.275000000000000000e+03 1.532000000000000000e+03
3.300000000000000000e+03 1.565000000000000000e+03
3.325000000000000000e+03 1.562000000000000000e+03
3.350000000000000000e+03 1.577000000000000000e+03
3.375000000000000000e+03 1.525000000000000000e+03
3.400000000000000000e+03 1.456000000000000000e+03
3.425000000000000000e+03 1.528000000000000000e+03
3.450000000000000000e+03 1.419000000000000000e+03
3.475000000000000000e+03 1.491000000000000000e+03
3.500000000000000000e+03 1.349000000000000000e+03
3.525000000000000000e+03 1.333000000000000000e+03
3.550000000000000000e+03 1.427000000000000000e+03
3.575000000000000000e+03 1.257000000000000000e+03
3.600000000000000000e+03 1.281000000000000000e+03
3.625000000000000000e+03 1.246000000000000000e+03
3.650000000000000000e+03 1.207000000000000000e+03
3.675000000000000000e+03 1.113000000000000000e+03
3.700000000000000000e+03 1.144000000000000000e+03
3.725000000000000000e+03 1.148000000000000000e+03
3.750000000000000000e+03 1.073000000000000000e+03
3.775000000000000000e+03 1.054000000000000000e+03
3.800000000000000000e+03 9.860000000000000000e+02
3.825000000000000000e+03 9.990000000000000000e+02
3.850000000000000000e+03 9.090000000000000000e+02
3.875000000000000000e+03 8.990000000000000000e+02
3.900000000000000000e+03 9.130000000000000000e+02
3.925000000000000000e+03 7.980000000000000000e+02
3.950000000000000000e+03 8.390000000000000000e+02
3.975000000000000000e+03 7.920000000000000000e+02
4.000000000000000000e+03 7.770000000000000000e+02
4.025000000000000000e+03 7.320000000000000000e+02
4.050000000000000000e+03 7.240000000000000000e+02
4.075000000000000000e+03 7.100000000000000000e+02
4.100000000000000000e+03 6.330000000000000000e+02
4.125000000000000000e+03 6.680000000000000000e+02
4.150000000000000000e+03 6.690000000000000000e+02
4.175000000000000000e+03 6.030000000000000000e+02
4.200000000000000000e+03 6.220000000000000000e+02
4.225000000000000000e+03 5.470000000000000000e+02
4.250000000000000000e+03 6.090000000000000000e+02
4.275000000000000000e+03 5.360000000000000000e+02
4.300000000000000000e+03 5.690000000000000000e+02
4.325000000000000000e+03 5.490000000000000000e+02
4.350000000000000000e+03 5.370000000000000000e+02
4.375000000000000000e+03 5.110000000000000000e+02
4.400000000000000000e+03 5.050000000000000000e+02
4.425000000000000000e+03 4.890000000000000000e+02
4.450000000000000000e+03 4.880000000000000000e+02
4.475000000000000000e+03 4.690000000000000000e+02
4.500000000000000000e+03 4.800000000000000000e+02
4.525000000000000000e+03 4.670000000000000000e+02
4.550000000000000000e+03 4.960000000000000000e+02
4.575000000000000000e+03 5.200000000000000000e+02
4.600000000000000000e+03 5.040000000000000000e+02
4.625000000000000000e+03 5.720000000000000000e+02
4.650000000000000000e+03 5.670000000000000000e+02
4.675000000000000000e+03 5.920000000000000000e+02
4.700000000000000000e+03 6.150000000000000000e+02
4.725000000000000000e+03 6.250000000000000000e+02
4.750000000000000000e+03 6.450000000000000000e+02
4.775000000000000000e+03 6.440000000000000000e+02
4.800000000000000000e+03 6.250000000000000000e+02
4.825000000000000000e+03 7.390000000000000000e+02
4.850000000000000000e+03 7.590000000000000000e+02
4.875000000000000000e+03 7.760000000000000000e+02
4.900000000000000000e+03 8.560000000000000000e+02
4.925000000000000000e+03 8.840000000000000000e+02
4.950000000000000000e+03 8.880000000000000000e+02
4.975000000000000000e+03 9.370000000000000000e+02
