0.000000000000000000e+00 1.330000000000000000e+03
2.500000000000000000e+02 1.356000000000000000e+03
5.000000000000000000e+02 1.434000000000000000e+03
7.500000000000000000e+02 1.445000000000000000e+03
1.000000000000000000e+03 1.513000000000000000e+03
1.250000000000000000e+03 1.547000000000000000e+03
1.500000000000000000e+03 1.453000000000000000e+03
1.750000000000000000e+03 1.525000000000000000e+03
2.000000000000000000e+03 1.528000000000000000e+03
2.250000000000000000e+03 1.642000000000000000e+03
2.500000000000000000e+03 1.657000000000000000e+03
2.750000000000000000e+03 1.651000000000000000e+03
3.000000000000000000e+03 1.642000000000000000e+03
3.250000000000000000e+03 1.614000000000000000e+03
3.500000000000000000e+03 1.691000000000000000e+03
3.750000000000000000e+03 1.671000000000000000e+03
4.000000000000000000e+03 1.690000000000000000e+03
4.250000000000000000e+03 1.612000000000000000e+03
4.500000000000000000e+03 1.636000000000000000e+03
4.750000000000000000e+03 1.698000000000000000e+03
5.000000000000000000e+03 1.733000000000000000e+03
5.250000000000000000e+03 1.657000000000000000e+03
5.500000000000000000e+03 1.658000000000000000e+03
5.750000000000000000e+03 1.631000000000000000e+03
6.000000000000000000e+03 1.667000000000000000e+03
6.250000000000000000e+03 1.679000000000000000e+03
6.500000000000000000e+03 1.545000000000000000e+03
6.750000000000000000e+03 1.618000000000000000e+03
7.000000000000000000e+03 1.609000000000000000e+03
7.250000000000000000e+03 1.665000000000000000e+03
7.500000000000000000e+03 1.611000000000000000e+03
7.750000000000000000e+03 1.585000000000000000e+03
8.000000000000000000e+03 1.617000000000000000e+03
8.250000000000000000e+03 1.491000000000000000e+03
8.500000000000000000e+03 1.540000000000000000e+03
8.750000000000000000e+03 1.526000000000000000e+03
9.000000000000000000e+03 1.496000000000000000e+03
9.250000000000000000e+03 1.374000000000000000e+03
9.500000000000000000e+03 1.452000000000000000e+03
9.750000000000000000e+03 1.399000000000000000e+03
1.000000000000000000e+04 1.336000000000000000e+03
1.025000000000000000e+04 1.318000000000000000e+03
1.050000000000000000e+04 1.275000000000000000e+03
1.075000000000000000e+04 1.259000000000000000e+03
1.100000000000000000e+04 1.172000000000000000e+03
1.125000000000000000e+04 1.146000000000000000e+03
1.150000000000000000e+04 1.116000000000000000e+03
1.175000000000000000e+04 1.068000000000000000e+03
1.200000000000000000e+04 9.990000000000000000e+02
1.225000000000000000e+04 9.750000000000000000e+02
1.250000000000000000e+04 9.430000000000000000e+02
1.275000000000000000e+04 9.280000000000000000e+02
1.300000000000000000e+04 8.400000000000000000e+02
1.325000000000000000e+04 7.730000000000000000e+02
1.350000000000000000e+04 7.870000000000000000e+02
1.375000000000000000e+04 7.100000000000000000e+02
1.400000000000000000e+04 7.360000000000000000e+02
1.425000000000000000e+04 6.490000000000000000e+02
1.450000000000000000e+04 5.670000000000000000e+02
1.475000000000000000e+04 6.300000000000000000e+02
1.500000000000000000e+04 5.500000000000000000e+02
1.525000000000000000e+04 5.360000000000000000e+02
1.550000000000000000e+04 5.130000000000000000e+02
1.575000000000000000e+04 5.110000000000000000e+02
1.600000000000000000e+04 4.810000000000000000e+02
1.625000000000000000e+04 4.370000000000000000e+02
1.650000000000000000e+04 4.420000000000000000e+02
1.675000000000000000e+04 4.460000000000000000e+02
1.700000000000000000e+04 4.310000000000000000e+02
1.725000000000000000e+04 4.040000000000000000e+02
1.750000000000000000e+04 4.050000000000000000e+02
1.775000000000000000e+04 4.550000000000000000e+02
1.800000000000000000e+04 3.980000000000000000e+02
1.825000000000000000e+04 4.170000000000000000e+02
1.850000000000000000e+04 4.310000000000000000e+02
1.875000000000000000e+04 4.510000000000000000e+02
1.900000000000000000e+04 4.270000000000000000e+02
1.925000000000000000e+04 4.810000000000000000e+02
1.950000000000000000e+04 5.240000000000000000e+02
1.975000000000000000e+04 5.160000000000000000e+02
2.000000000000000000e+04 5.410000000000000000e+02
2.025000000000000000e+04 4.960000000000000000e+02
2.050000000000000000e+04 5.670000000000000000e+02
2.075000000000000000e+04 6.440000000000000000e+02
2.100000000000000000e+04 7.130000000000000000e+02
2.125000000000000000e+04 6.560000000000000000e+02
2.150000000000000000e+04 7.810000000000000000e+02
2.175000000000000000e+04 8.050000000000000000e+02
2.200000000000000000e+04 8.190000000000000000e+02
2.225000000000000000e+04 8.140000000000000000e+02
2.250000000000000000e+04 9.440000000000000000e+02
2.275000000000000000e+04 9.520000000000000000e+02
2.300000000000000000e+04 9.680000000000000000e+02
2.325000000000000000e+04 1.039000000000000000e+03
2.350000000000000000e+04 1.069000000000000000e+03
2.375000000000000000e+04 1.113000000000000000e+03
2.400000000000000000e+04 1.239000000000000000e+03
2.425000000000000000e+04 1.187000000000000000e+03
2.450000000000000000e+04 1.244000000000000000e+03
2.475000000000000000e+04 1.189000000000000000e+03
2.500000000000000000e+04 1.296000000000000000e+03
2.525000000000000000e+04 1.372000000000000000e+03
2.550000000000000000e+04 1.383000000000000000e+03
2.575000000000000000e+04 1.471000000000000000e+03
2.600000000000000000e+04 1.460000000000000000e+03
2.625000000000000000e+04 1.498000000000000000e+03
2.650000000000000000e+04 1.523000000000000000e+03
2.675000000000000000e+04 1.514000000000000000e+03
2.700000000000000000e+04 1.555000000000000000e+03
2.725000000000000000e+04 1.606000000000000000e+03
2.750000000000000000e+04 1.614000000000000000e+03
2.775000000000000000e+04 1.567000000000000000e+03
2.800000000000000000e+04 1.671000000000000000e+03
2.825000000000000000e+04 1.611000000000000000e+03
2.850000000000000000e+04 1.627000000000000000e+03
2.875000000000000000e+04 1.600000000000000000e+03
2.900000000000000000e+04 1.687000000000000000e+03
2.925000000000000000e+04 1.732000000000000000e+03
2.950000000000000000e+04 1.644000000000000000e+03
2.975000000000000000e+04 1.581000000000000000e+03
3.000000000000000000e+04 1.750000000000000000e+03
3.025000000000000000e+04 1.693000000000000000e+03
3.050000000000000000e+04 1.666000000000000000e+03
3.075000000000000000e+04 1.674000000000000000e+03
3.100000000000000000e+04 1.711000000000000000e+03
3.125000000000000000e+04 1.697000000000000000e+03
3.150000000000000000e+04 1.614000000000000000e+03
3.175000000000000000e+04 1.617000000000000000e+03
3.200000000000000000e+04 1.531000000000000000e+03
3.225000000000000000e+04 1.577000000000000000e+03
3.250000000000000000e+04 1.603000000000000000e+03
3.275000000000000000e+04 1.559000000000000000e+03
3.300000000000000000e+04 1.619000000000000000e+03
3.325000000000000000e+04 1.563000000000000000e+03
3.350000000000000000e+04 1.579000000000000000e+03
3.375000000000000000e+04 1.546000000000000000e+03
3.400000000000000000e+04 1.527000000000000000e+03
3.425000000000000000e+04 1.393000000000000000e+03
3.450000000000000000e+04 1.382000000000000000e+03
3.475000000000000000e+04 1.354000000000000000e+03
3.500000000000000000e+04 1.298000000000000000e+03
3.525000000000000000e+04 1.336000000000000000e+03
3.550000000000000000e+04 1.273000000000000000e+03
3.575000000000000000e+04 1.232000000000000000e+03
3.600000000000000000e+04 1.112000000000000000e+03
3.625000000000000000e+04 1.186000000000000000e+03
3.650000000000000000e+04 1.094000000000000000e+03
3.675000000000000000e+04 1.021000000000000000e+03
3.700000000000000000e+04 1.082000000000000000e+03
3.725000000000000000e+04 1.030000000000000000e+03
3.750000000000000000e+04 9.290000000000000000e+02
3.775000000000000000e+04 9.110000000000000000e+02
3.800000000000000000e+04 8.030000000000000000e+02
3.825000000000000000e+04 7.550000000000000000e+02
3.850000000000000000e+04 7.940000000000000000e+02
3.875000000000000000e+04 7.530000000000000000e+02
3.900000000000000000e+04 7.010000000000000000e+02
3.925000000000000000e+04 6.340000000000000000e+02
3.950000000000000000e+04 6.220000000000000000e+02
3.975000000000000000e+04 6.240000000000000000e+02
4.000000000000000000e+04 5.620000000000000000e+02
4.025000000000000000e+04 5.250000000000000000e+02
4.050000000000000000e+04 5.520000000000000000e+02
4.075000000000000000e+04 4.910000000000000000e+02
4.100000000000000000e+04 5.160000000000000000e+02
4.125000000000000000e+04 4.700000000000000000e+02
4.150000000000000000e+04 4.880000000000000000e+02
4.175000000000000000e+04 4.120000000000000000e+02
4.200000000000000000e+04 4.120000000000000000e+02
4.225000000000000000e+04 4.210000000000000000e+02
4.250000000000000000e+04 4.400000000000000000e+02
4.275000000000000000e+04 4.190000000000000000e+02
4.300000000000000000e+04 4.060000000000000000e+02
4.325000000000000000e+04 4.160000000000000000e+02
4.350000000000000000e+04 4.040000000000000000e+02
4.375000000000000000e+04 4.890000000000000000e+02
4.400000000000000000e+04 4.630000000000000000e+02
4.425000000000000000e+04 4.880000000000000000e+02
4.450000000000000000e+04 5.400000000000000000e+02
4.475000000000000000e+04 5.290000000000000000e+02
4.500000000000000000e+04 5.190000000000000000e+02
4.525000000000000000e+04 5.480000000000000000e+02
4.550000000000000000e+04 5.950000000000000000e+02
4.575000000000000000e+04 6.300000000000000000e+02
4.600000000000000000e+04 7.230000000000000000e+02
4.625000000000000000e+04 7.090000000000000000e+02
4.650000000000000000e+04 7.260000000000000000e+02
4.675000000000000000e+04 8.280000000000000000e+02
4.700000000000000000e+04 8.360000000000000000e+02
4.725000000000000000e+04 8.840000000000000000e+02
4.750000000000000000e+04 8.390000000000000000e+02
4.775000000000000000e+04 9.560000000000000000e+02
4.800000000000000000e+04 9.790000000000000000e+02
4.825000000000000000e+04 1.078000000000000000e+03
4.850000000000000000e+04 1.113000000000000000e+03
4.875000000000000000e+04 1.185000000000000000e+03
4.900000000000000000e+04 1.224000000000000000e+03
4.925000000000000000e+04 1.234000000000000000e+03
4.950000000000000000e+04 1.262000000000000000e+03
4.975000000000000000e+04 1.387000000000000000e+03
