0.000000000000000000e+00 6.252000000000000000e+03
1.000000000000000000e+02 6.417000000000000000e+03
2.000000000000000000e+02 6.486000000000000000e+03
3.000000000000000000e+02 6.771000000000000000e+03
4.000000000000000000e+02 6.885000000000000000e+03
5.000000000000000000e+02 7.065000000000000000e+03
6.000000000000000000e+02 6.892000000000000000e+03
7.000000000000000000e+02 7.176000000000000000e+03
8.000000000000000000e+02 7.167000000000000000e+03
9.000000000000000000e+02 7.269000000000000000e+03
1.000000000000000000e+03 7.284000000000000000e+03
1.100000000000000000e+03 7.215000000000000000e+03
1.200000000000000000e+03 7.423000000000000000e+03
1.300000000000000000e+03 7.228000000000000000e+03
1.400000000000000000e+03 7.243000000000000000e+03
1.500000000000000000e+03 7.297000000000000000e+03
1.600000000000000000e+03 7.305000000000000000e+03
1.700000000000000000e+03 7.394000000000000000e+03
1.800000000000000000e+03 7.575000000000000000e+03
1.900000000000000000e+03 7.639000000000000000e+03
2.000000000000000000e+03 7.564000000000000000e+03
2.100000000000000000e+03 7.322000000000000000e+03
2.200000000000000000e+03 7.484000000000000000e+03
2.300000000000000000e+03 7.417000000000000000e+03
2.400000000000000000e+03 7.380000000000000000e+03
2.500000000000000000e+03 7.416000000000000000e+03
2.600000000000000000e+03 7.221000000000000000e+03
2.700000000000000000e+03 7.368000000000000000e+03
2.800000000000000000e+03 7.255000000000000000e+03
2.900000000000000000e+03 6.999000000000000000e+03
3.000000000000000000e+03 6.968000000000000000e+03
3.100000000000000000e+03 6.921000000000000000e+03
3.200000000000000000e+03 6.909000000000000000e+03
3.300000000000000000e+03 6.720000000000000000e+03
3.400000000000000000e+03 6.628000000000000000e+03
3.500000000000000000e+03 6.755000000000000000e+03
3.600000000000000000e+03 6.527000000000000000e+03
3.700000000000000000e+03 6.638000000000000000e+03
3.800000000000000000e+03 6.401000000000000000e+03
3.900000000000000000e+03 6.198000000000000000e+03
4.000000000000000000e+03 6.248000000000000000e+03
4.100000000000000000e+03 6.110000000000000000e+03
4.200000000000000000e+03 5.944000000000000000e+03
4.300000000000000000e+03 5.787000000000000000e+03
4.400000000000000000e+03 5.669000000000000000e+03
4.500000000000000000e+03 5.592000000000000000e+03
4.600000000000000000e+03 5.407000000000000000e+03
4.700000000000000000e+03 5.317000000000000000e+03
4.800000000000000000e+03 5.022000000000000000e+03
4.900000000000000000e+03 4.811000000000000000e+03
5.000000000000000000e+03 4.666000000000000000e+03
5.100000000000000000e+03 4.485000000000000000e+03
5.200000000000000000e+03 4.229000000000000000e+03
5.300000000000000000e+03 3.983000000000000000e+03
5.400000000000000000e+03 3.852000000000000000e+03
5.500000000000000000e+03 3.553000000000000000e+03
5.600000000000000000e+03 3.402000000000000000e+03
5.700000000000000000e+03 3.329000000000000000e+03
5.800000000000000000e+03 3.174000000000000000e+03
5.900000000000000000e+03 2.992000000000000000e+03
6.000000000000000000e+03 2.761000000000000000e+03
6.100000000000000000e+03 2.703000000000000000e+03
6.200000000000000000e+03 2.576000000000000000e+03
6.300000000000000000e+03 2.436000000000000000e+03
6.400000000000000000e+03 2.282000000000000000e+03
6.500000000000000000e+03 2.334000000000000000e+03
6.600000000000000000e+03 2.210000000000000000e+03
6.700000000000000000e+03 2.131000000000000000e+03
6.800000000000000000e+03 2.121000000000000000e+03
6.900000000000000000e+03 2.008000000000000000e+03
7.000000000000000000e+03 1.959000000000000000e+03
7.100000000000000000e+03 2.007000000000000000e+03
7.200000000000000000e+03 1.978000000000000000e+03
7.300000000000000000e+03 1.994000000000000000e+03
7.400000000000000000e+03 2.042000000000000000e+03
7.500000000000000000e+03 2.151000000000000000e+03
7.600000000000000000e+03 2.251000000000000000e+03
7.700000000000000000e+03 2.351000000000000000e+03
7.800000000000000000e+03 2.473000000000000000e+03
7.900000000000000000e+03 2.645000000000000000e+03
8.000000000000000000e+03 2.793000000000000000e+03
8.100000000000000000e+03 2.889000000000000000e+03
8.200000000000000000e+03 3.182000000000000000e+03
8.300000000000000000e+03 3.244000000000000000e+03
8.400000000000000000e+03 3.477000000000000000e+03
8.500000000000000000e+03 3.741000000000000000e+03
8.600000000000000000e+03 3.945000000000000000e+03
8.700000000000000000e+03 4.095000000000000000e+03
8.800000000000000000e+03 4.165000000000000000e+03
8.900000000000000000e+03 4.488000000000000000e+03
9.000000000000000000e+03 4.814000000000000000e+03
9.100000000000000000e+03 5.047000000000000000e+03
9.200000000000000000e+03 5.094000000000000000e+03
9.300000000000000000e+03 5.123000000000000000e+03
9.400000000000000000e+03 5.332000000000000000e+03
9.500000000000000000e+03 5.427000000000000000e+03
9.600000000000000000e+03 5.520000000000000000e+03
9.700000000000000000e+03 5.736000000000000000e+03
9.800000000000000000e+03 5.970000000000000000e+03
9.900000000000000000e+03 6.132000000000000000e+03
1.000000000000000000e+04 6.207000000000000000e+03
1.010000000000000000e+04 6.473000000000000000e+03
1.020000000000000000e+04 6.608000000000000000e+03
1.030000000000000000e+04 6.779000000000000000e+03
1.040000000000000000e+04 6.725000000000000000e+03
1.050000000000000000e+04 6.905000000000000000e+03
1.060000000000000000e+04 7.044000000000000000e+03
1.070000000000000000e+04 7.164000000000000000e+03
1.080000000000000000e+04 7.099000000000000000e+03
1.090000000000000000e+04 7.197000000000000000e+03
1.100000000000000000e+04 7.345000000000000000e+03
1.110000000000000000e+04 7.250000000000000000e+03
1.120000000000000000e+04 7.199000000000000000e+03
1.130000000000000000e+04 7.194000000000000000e+03
1.140000000000000000e+04 7.305000000000000000e+03
1.150000000000000000e+04 7.232000000000000000e+03
1.160000000000000000e+04 7.612000000000000000e+03
1.170000000000000000e+04 7.337000000000000000e+03
1.180000000000000000e+04 7.357000000000000000e+03
1.190000000000000000e+04 7.410000000000000000e+03
1.200000000000000000e+04 7.413000000000000000e+03
1.210000000000000000e+04 7.412000000000000000e+03
1.220000000000000000e+04 7.374000000000000000e+03
1.230000000000000000e+04 7.456000000000000000e+03
1.240000000000000000e+04 7.413000000000000000e+03
1.250000000000000000e+04 7.476000000000000000e+03
1.260000000000000000e+04 7.354000000000000000e+03
1.270000000000000000e+04 7.277000000000000000e+03
1.280000000000000000e+04 7.099000000000000000e+03
1.290000000000000000e+04 7.082000000000000000e+03
1.300000000000000000e+04 7.031000000000000000e+03
1.310000000000000000e+04 6.967000000000000000e+03
1.320000000000000000e+04 6.969000000000000000e+03
1.330000000000000000e+04 6.910000000000000000e+03
1.340000000000000000e+04 6.798000000000000000e+03
1.350000000000000000e+04 6.649000000000000000e+03
1.360000000000000000e+04 6.629000000000000000e+03
1.370000000000000000e+04 6.590000000000000000e+03
1.380000000000000000e+04 6.479000000000000000e+03
1.390000000000000000e+04 6.484000000000000000e+03
1.400000000000000000e+04 6.420000000000000000e+03
1.410000000000000000e+04 6.149000000000000000e+03
1.420000000000000000e+04 5.893000000000000000e+03
1.430000000000000000e+04 5.900000000000000000e+03
1.440000000000000000e+04 5.772000000000000000e+03
1.450000000000000000e+04 5.540000000000000000e+03
1.460000000000000000e+04 5.284000000000000000e+03
1.470000000000000000e+04 5.230000000000000000e+03
1.480000000000000000e+04 5.107000000000000000e+03
1.490000000000000000e+04 4.868000000000000000e+03
1.500000000000000000e+04 4.570000000000000000e+03
1.510000000000000000e+04 4.340000000000000000e+03
1.520000000000000000e+04 4.306000000000000000e+03
1.530000000000000000e+04 4.013000000000000000e+03
1.540000000000000000e+04 3.804000000000000000e+03
1.550000000000000000e+04 3.530000000000000000e+03
1.560000000000000000e+04 3.634000000000000000e+03
1.570000000000000000e+04 3.296000000000000000e+03
1.580000000000000000e+04 3.133000000000000000e+03
1.590000000000000000e+04 2.910000000000000000e+03
1.600000000000000000e+04 2.714000000000000000e+03
1.610000000000000000e+04 2.659000000000000000e+03
1.620000000000000000e+04 2.564000000000000000e+03
1.630000000000000000e+04 2.409000000000000000e+03
1.640000000000000000e+04 2.385000000000000000e+03
1.650000000000000000e+04 2.376000000000000000e+03
1.660000000000000000e+04 2.243000000000000000e+03
1.670000000000000000e+04 2.137000000000000000e+03
1.680000000000000000e+04 2.135000000000000000e+03
1.690000000000000000e+04 1.984000000000000000e+03
1.700000000000000000e+04 1.960000000000000000e+03
1.710000000000000000e+04 2.044000000000000000e+03
1.720000000000000000e+04 1.949000000000000000e+03
1.730000000000000000e+04 2.016000000000000000e+03
1.740000000000000000e+04 2.156000000000000000e+03
1.750000000000000000e+04 2.153000000000000000e+03
1.760000000000000000e+04 2.311000000000000000e+03
1.770000000000000000e+04 2.376000000000000000e+03
1.780000000000000000e+04 2.407000000000000000e+03
1.790000000000000000e+04 2.626000000000000000e+03
1.800000000000000000e+04 2.800000000000000000e+03
1.810000000000000000e+04 2.976000000000000000e+03
1.820000000000000000e+04 3.104000000000000000e+03
1.830000000000000000e+04 3.336000000000000000e+03
1.840000000000000000e+04 3.479000000000000000e+03
1.850000000000000000e+04 3.738000000000000000e+03
1.860000000000000000e+04 3.854000000000000000e+03
1.870000000000000000e+04 4.152000000000000000e+03
1.880000000000000000e+04 4.344000000000000000e+03
1.890000000000000000e+04 4.531000000000000000e+03
1.900000000000000000e+04 4.590000000000000000e+03
1.910000000000000000e+04 4.801000000000000000e+03
1.920000000000000000e+04 5.068000000000000000e+03
1.930000000000000000e+04 5.158000000000000000e+03
1.940000000000000000e+04 5.374000000000000000e+03
1.950000000000000000e+04 5.561000000000000000e+03
1.960000000000000000e+04 5.692000000000000000e+03
1.970000000000000000e+04 5.834000000000000000e+03
1.980000000000000000e+04 6.037000000000000000e+03
1.990000000000000000e+04 6.182000000000000000e+03
