0.000000000000000000e+00 9.999000000000000000e+03
1.000000000000000000e+04 1.085800000000000000e+04
2.000000000000000000e+04 1.125800000000000000e+04
3.000000000000000000e+04 1.123500000000000000e+04
4.000000000000000000e+04 1.140400000000000000e+04
5.000000000000000000e+04 1.161300000000000000e+04
6.000000000000000000e+04 1.165700000000000000e+04
7.000000000000000000e+04 1.180000000000000000e+04
8.000000000000000000e+04 1.198300000000000000e+04
9.000000000000000000e+04 1.210100000000000000e+04
1.000000000000000000e+05 1.227300000000000000e+04
1.100000000000000000e+05 1.240000000000000000e+04
1.200000000000000000e+05 1.248700000000000000e+04
1.300000000000000000e+05 1.240900000000000000e+04
1.400000000000000000e+05 1.261300000000000000e+04
1.500000000000000000e+05 1.251300000000000000e+04
1.600000000000000000e+05 1.292000000000000000e+04
1.700000000000000000e+05 1.270900000000000000e+04
1.800000000000000000e+05 1.269500000000000000e+04
1.900000000000000000e+05 1.280700000000000000e+04
2.000000000000000000e+05 1.267400000000000000e+04
2.100000000000000000e+05 1.264900000000000000e+04
2.200000000000000000e+05 1.273400000000000000e+04
2.300000000000000000e+05 1.253200000000000000e+04
2.400000000000000000e+05 1.250800000000000000e+04
2.500000000000000000e+05 1.250900000000000000e+04
2.600000000000000000e+05 1.234000000000000000e+04
2.700000000000000000e+05 1.230700000000000000e+04
2.800000000000000000e+05 1.224100000000000000e+04
2.900000000000000000e+05 1.227900000000000000e+04
3.000000000000000000e+05 1.234100000000000000e+04
3.100000000000000000e+05 1.181000000000000000e+04
3.200000000000000000e+05 1.195400000000000000e+04
3.300000000000000000e+05 1.175300000000000000e+04
3.400000000000000000e+05 1.139800000000000000e+04
3.500000000000000000e+05 1.133000000000000000e+04
3.600000000000000000e+05 1.110200000000000000e+04
3.700000000000000000e+05 1.099600000000000000e+04
3.800000000000000000e+05 1.065800000000000000e+04
3.900000000000000000e+05 1.023900000000000000e+04
4.000000000000000000e+05 1.021900000000000000e+04
4.100000000000000000e+05 9.984000000000000000e+03
4.200000000000000000e+05 9.607000000000000000e+03
4.300000000000000000e+05 9.400000000000000000e+03
4.400000000000000000e+05 9.073000000000000000e+03
4.500000000000000000e+05 8.602000000000000000e+03
4.600000000000000000e+05 8.262000000000000000e+03
4.700000000000000000e+05 7.993000000000000000e+03
4.800000000000000000e+05 7.563000000000000000e+03
4.900000000000000000e+05 7.403000000000000000e+03
5.000000000000000000e+05 6.803000000000000000e+03
5.100000000000000000e+05 6.556000000000000000e+03
5.200000000000000000e+05 6.401000000000000000e+03
5.300000000000000000e+05 6.024000000000000000e+03
5.400000000000000000e+05 5.623000000000000000e+03
5.500000000000000000e+05 5.204000000000000000e+03
5.600000000000000000e+05 4.928000000000000000e+03
5.700000000000000000e+05 4.596000000000000000e+03
5.800000000000000000e+05 4.239000000000000000e+03
5.900000000000000000e+05 4.066000000000000000e+03
6.000000000000000000e+05 3.875000000000000000e+03
6.100000000000000000e+05 3.578000000000000000e+03
6.200000000000000000e+05 3.329000000000000000e+03
6.300000000000000000e+05 3.340000000000000000e+03
6.400000000000000000e+05 2.962000000000000000e+03
6.500000000000000000e+05 3.090000000000000000e+03
6.600000000000000000e+05 2.932000000000000000e+03
6.700000000000000000e+05 2.862000000000000000e+03
6.800000000000000000e+05 2.754000000000000000e+03
6.900000000000000000e+05 2.875000000000000000e+03
7.000000000000000000e+05 2.696000000000000000e+03
7.100000000000000000e+05 2.788000000000000000e+03
7.200000000000000000e+05 2.922000000000000000e+03
7.300000000000000000e+05 3.025000000000000000e+03
7.400000000000000000e+05 3.013000000000000000e+03
7.500000000000000000e+05 3.199000000000000000e+03
7.600000000000000000e+05 3.350000000000000000e+03
7.700000000000000000e+05 3.495000000000000000e+03
7.800000000000000000e+05 3.635000000000000000e+03
7.900000000000000000e+05 3.979000000000000000e+03
8.000000000000000000e+05 4.306000000000000000e+03
8.100000000000000000e+05 4.555000000000000000e+03
8.200000000000000000e+05 4.803000000000000000e+03
8.300000000000000000e+05 5.091000000000000000e+03
8.400000000000000000e+05 5.475000000000000000e+03
8.500000000000000000e+05 5.833000000000000000e+03
8.600000000000000000e+05 6.032000000000000000e+03
8.700000000000000000e+05 6.688000000000000000e+03
8.800000000000000000e+05 6.947000000000000000e+03
8.900000000000000000e+05 7.264000000000000000e+03
9.000000000000000000e+05 7.502000000000000000e+03
9.100000000000000000e+05 7.915000000000000000e+03
9.200000000000000000e+05 8.448000000000000000e+03
9.300000000000000000e+05 8.540000000000000000e+03
9.400000000000000000e+05 8.976000000000000000e+03
9.500000000000000000e+05 9.133000000000000000e+03
9.600000000000000000e+05 9.610000000000000000e+03
9.700000000000000000e+05 1.003800000000000000e+04
9.800000000000000000e+05 1.009600000000000000e+04
9.900000000000000000e+05 1.043100000000000000e+04
1.000000000000000000e+06 1.072500000000000000e+04
1.010000000000000000e+06 1.092900000000000000e+04
1.020000000000000000e+06 1.118900000000000000e+04
1.030000000000000000e+06 1.133500000000000000e+04
1.040000000000000000e+06 1.142500000000000000e+04
1.050000000000000000e+06 1.153800000000000000e+04
1.060000000000000000e+06 1.176300000000000000e+04
1.070000000000000000e+06 1.200500000000000000e+04
1.080000000000000000e+06 1.219700000000000000e+04
1.090000000000000000e+06 1.232800000000000000e+04
1.100000000000000000e+06 1.224900000000000000e+04
1.110000000000000000e+06 1.246200000000000000e+04
1.120000000000000000e+06 1.241300000000000000e+04
1.130000000000000000e+06 1.278600000000000000e+04
1.140000000000000000e+06 1.256100000000000000e+04
1.150000000000000000e+06 1.279900000000000000e+04
1.160000000000000000e+06 1.288400000000000000e+04
1.170000000000000000e+06 1.274300000000000000e+04
1.180000000000000000e+06 1.265200000000000000e+04
1.190000000000000000e+06 1.306100000000000000e+04
1.200000000000000000e+06 1.271300000000000000e+04
1.210000000000000000e+06 1.283500000000000000e+04
1.220000000000000000e+06 1.249800000000000000e+04
1.230000000000000000e+06 1.274300000000000000e+04
1.240000000000000000e+06 1.281100000000000000e+04
1.250000000000000000e+06 1.225900000000000000e+04
1.260000000000000000e+06 1.257300000000000000e+04
1.270000000000000000e+06 1.229500000000000000e+04
1.280000000000000000e+06 1.219700000000000000e+04
1.290000000000000000e+06 1.217000000000000000e+04
1.300000000000000000e+06 1.191700000000000000e+04
1.310000000000000000e+06 1.206200000000000000e+04
1.320000000000000000e+06 1.208000000000000000e+04
1.330000000000000000e+06 1.168400000000000000e+04
1.340000000000000000e+06 1.168900000000000000e+04
1.350000000000000000e+06 1.136300000000000000e+04
1.360000000000000000e+06 1.114600000000000000e+04
1.370000000000000000e+06 1.077200000000000000e+04
1.380000000000000000e+06 1.060700000000000000e+04
1.390000000000000000e+06 1.047200000000000000e+04
1.400000000000000000e+06 1.014600000000000000e+04
1.410000000000000000e+06 9.971000000000000000e+03
1.420000000000000000e+06 9.685000000000000000e+03
1.430000000000000000e+06 9.302000000000000000e+03
1.440000000000000000e+06 9.163000000000000000e+03
1.450000000000000000e+06 8.595000000000000000e+03
1.460000000000000000e+06 8.276000000000000000e+03
1.470000000000000000e+06 8.253000000000000000e+03
1.480000000000000000e+06 7.597000000000000000e+03
1.490000000000000000e+06 7.273000000000000000e+03
1.500000000000000000e+06 7.028000000000000000e+03
1.510000000000000000e+06 6.547000000000000000e+03
1.520000000000000000e+06 6.216000000000000000e+03
1.530000000000000000e+06 5.997000000000000000e+03
1.540000000000000000e+06 5.531000000000000000e+03
1.550000000000000000e+06 5.234000000000000000e+03
1.560000000000000000e+06 4.895000000000000000e+03
1.570000000000000000e+06 4.537000000000000000e+03
1.580000000000000000e+06 4.347000000000000000e+03
1.590000000000000000e+06 4.148000000000000000e+03
1.600000000000000000e+06 3.910000000000000000e+03
1.610000000000000000e+06 3.614000000000000000e+03
1.620000000000000000e+06 3.428000000000000000e+03
1.630000000000000000e+06 3.335000000000000000e+03
1.640000000000000000e+06 3.133000000000000000e+03
1.650000000000000000e+06 3.077000000000000000e+03
1.660000000000000000e+06 2.930000000000000000e+03
1.670000000000000000e+06 2.742000000000000000e+03
1.680000000000000000e+06 2.745000000000000000e+03
1.690000000000000000e+06 2.823000000000000000e+03
1.700000000000000000e+06 2.683000000000000000e+03
1.710000000000000000e+06 2.838000000000000000e+03
1.720000000000000000e+06 2.758000000000000000e+03
1.730000000000000000e+06 2.823000000000000000e+03
1.740000000000000000e+06 3.094000000000000000e+03
1.750000000000000000e+06 3.125000000000000000e+03
1.760000000000000000e+06 3.320000000000000000e+03
1.770000000000000000e+06 3.488000000000000000e+03
1.780000000000000000e+06 3.653000000000000000e+03
1.790000000000000000e+06 4.033000000000000000e+03
1.800000000000000000e+06 4.164000000000000000e+03
1.810000000000000000e+06 4.396000000000000000e+03
1.820000000000000000e+06 4.776000000000000000e+03
1.830000000000000000e+06 4.952000000000000000e+03
1.840000000000000000e+06 5.431000000000000000e+03
1.850000000000000000e+06 5.572000000000000000e+03
1.860000000000000000e+06 6.106000000000000000e+03
1.870000000000000000e+06 6.492000000000000000e+03
1.880000000000000000e+06 6.913000000000000000e+03
1.890000000000000000e+06 7.076000000000000000e+03
1.900000000000000000e+06 7.568000000000000000e+03
1.910000000000000000e+06 7.900000000000000000e+03
1.920000000000000000e+06 8.127000000000000000e+03
1.930000000000000000e+06 8.634000000000000000e+03
1.940000000000000000e+06 8.970000000000000000e+03
1.950000000000000000e+06 9.334000000000000000e+03
1.960000000000000000e+06 9.537000000000000000e+03
1.970000000000000000e+06 9.774000000000000000e+03
1.980000000000000000e+06 1.004700000000000000e+04
1.990000000000000000e+06 1.034800000000000000e+04
