0.000000000000000000e+00 2.141400000000000000e+04
1.420000000000000000e+02 2.259100000000000000e+04
2.840000000000000000e+02 2.297000000000000000e+04
4.260000000000000000e+02 2.373300000000000000e+04
5.680000000000000000e+02 2.421400000000000000e+04
7.100000000000000000e+02 2.498900000000000000e+04
8.520000000000000000e+02 2.545300000000000000e+04
9.940000000000000000e+02 2.564000000000000000e+04
1.136000000000000000e+03 2.605300000000000000e+04
1.278000000000000000e+03 2.656000000000000000e+04
1.420000000000000000e+03 2.710600000000000000e+04
1.562000000000000000e+03 2.716400000000000000e+04
1.704000000000000000e+03 2.765600000000000000e+04
1.846000000000000000e+03 2.775500000000000000e+04
1.988000000000000000e+03 2.831000000000000000e+04
2.130000000000000000e+03 2.835000000000000000e+04
2.272000000000000000e+03 2.843800000000000000e+04
2.414000000000000000e+03 2.852600000000000000e+04
2.556000000000000000e+03 2.832500000000000000e+04
2.698000000000000000e+03 2.864400000000000000e+04
2.840000000000000000e+03 2.858900000000000000e+04
2.982000000000000000e+03 2.836200000000000000e+04
3.124000000000000000e+03 2.841400000000000000e+04
3.266000000000000000e+03 2.820500000000000000e+04
3.408000000000000000e+03 2.792600000000000000e+04
3.550000000000000000e+03 2.758700000000000000e+04
3.692000000000000000e+03 2.752000000000000000e+04
3.834000000000000000e+03 2.750500000000000000e+04
3.976000000000000000e+03 2.726700000000000000e+04
4.118000000000000000e+03 2.679300000000000000e+04
4.260000000000000000e+03 2.661800000000000000e+04
4.402000000000000000e+03 2.621100000000000000e+04
4.544000000000000000e+03 2.552300000000000000e+04
4.686000000000000000e+03 2.501800000000000000e+04
4.828000000000000000e+03 2.440700000000000000e+04
4.970000000000000000e+03 2.406400000000000000e+04
5.112000000000000000e+03 2.319100000000000000e+04
5.254000000000000000e+03 2.269000000000000000e+04
5.396000000000000000e+03 2.205200000000000000e+04
5.538000000000000000e+03 2.125700000000000000e+04
5.680000000000000000e+03 2.007000000000000000e+04
5.822000000000000000e+03 1.979000000000000000e+04
5.964000000000000000e+03 1.868700000000000000e+04
6.106000000000000000e+03 1.784800000000000000e+04
6.248000000000000000e+03 1.730500000000000000e+04
6.390000000000000000e+03 1.645600000000000000e+04
6.532000000000000000e+03 1.519300000000000000e+04
6.674000000000000000e+03 1.451200000000000000e+04
6.816000000000000000e+03 1.371900000000000000e+04
6.958000000000000000e+03 1.301800000000000000e+04
7.100000000000000000e+03 1.205800000000000000e+04
7.242000000000000000e+03 1.116800000000000000e+04
7.384000000000000000e+03 1.025800000000000000e+04
7.526000000000000000e+03 9.651000000000000000e+03
7.668000000000000000e+03 8.846000000000000000e+03
7.810000000000000000e+03 8.294000000000000000e+03
7.952000000000000000e+03 7.507000000000000000e+03
8.094000000000000000e+03 6.878000000000000000e+03
8.236000000000000000e+03 6.353000000000000000e+03
8.378000000000000000e+03 5.904000000000000000e+03
8.520000000000000000e+03 5.466000000000000000e+03
8.662000000000000000e+03 5.119000000000000000e+03
8.804000000000000000e+03 4.822000000000000000e+03
8.946000000000000000e+03 4.426000000000000000e+03
9.088000000000000000e+03 4.395000000000000000e+03
9.230000000000000000e+03 4.046000000000000000e+03
9.372000000000000000e+03 3.956000000000000000e+03
9.514000000000000000e+03 3.659000000000000000e+03
9.656000000000000000e+03 3.643000000000000000e+03
9.798000000000000000e+03 3.631000000000000000e+03
9.940000000000000000e+03 3.606000000000000000e+03
1.008200000000000000e+04 3.747000000000000000e+03
1.022400000000000000e+04 3.631000000000000000e+03
1.036600000000000000e+04 3.870000000000000000e+03
1.050800000000000000e+04 4.025000000000000000e+03
1.065000000000000000e+04 4.191000000000000000e+03
1.079200000000000000e+04 4.380000000000000000e+03
1.093400000000000000e+04 4.811000000000000000e+03
1.107600000000000000e+04 4.924000000000000000e+03
1.121800000000000000e+04 5.551000000000000000e+03
1.136000000000000000e+04 5.889000000000000000e+03
1.150200000000000000e+04 6.180000000000000000e+03
1.164400000000000000e+04 6.830000000000000000e+03
1.178600000000000000e+04 7.395000000000000000e+03
1.192800000000000000e+04 8.161000000000000000e+03
1.207000000000000000e+04 8.613000000000000000e+03
1.221200000000000000e+04 9.287000000000000000e+03
1.235400000000000000e+04 1.033400000000000000e+04
1.249600000000000000e+04 1.104900000000000000e+04
1.263800000000000000e+04 1.176800000000000000e+04
1.278000000000000000e+04 1.264300000000000000e+04
1.292200000000000000e+04 1.354600000000000000e+04
1.306400000000000000e+04 1.464300000000000000e+04
1.320600000000000000e+04 1.523600000000000000e+04
1.334800000000000000e+04 1.619600000000000000e+04
1.349000000000000000e+04 1.722000000000000000e+04
1.363200000000000000e+04 1.790400000000000000e+04
1.377400000000000000e+04 1.878300000000000000e+04
1.391600000000000000e+04 1.975300000000000000e+04
1.405800000000000000e+04 2.057900000000000000e+04
1.420000000000000000e+04 2.074700000000000000e+04
1.434200000000000000e+04 2.186400000000000000e+04
1.448400000000000000e+04 2.249900000000000000e+04
1.462600000000000000e+04 2.325700000000000000e+04
1.476800000000000000e+04 2.384800000000000000e+04
1.491000000000000000e+04 2.447800000000000000e+04
1.505200000000000000e+04 2.522900000000000000e+04
1.519400000000000000e+04 2.565900000000000000e+04
1.533600000000000000e+04 2.585000000000000000e+04
1.547800000000000000e+04 2.619600000000000000e+04
1.562000000000000000e+04 2.680600000000000000e+04
1.576200000000000000e+04 2.737500000000000000e+04
1.590400000000000000e+04 2.757700000000000000e+04
1.604600000000000000e+04 2.775500000000000000e+04
1.618800000000000000e+04 2.794600000000000000e+04
1.633000000000000000e+04 2.808200000000000000e+04
1.647200000000000000e+04 2.818500000000000000e+04
1.661400000000000000e+04 2.840200000000000000e+04
1.675600000000000000e+04 2.832000000000000000e+04
1.689800000000000000e+04 2.870100000000000000e+04
1.704000000000000000e+04 2.817500000000000000e+04
1.718200000000000000e+04 2.839300000000000000e+04
1.732400000000000000e+04 2.835800000000000000e+04
1.746600000000000000e+04 2.829900000000000000e+04
1.760800000000000000e+04 2.832500000000000000e+04
1.775000000000000000e+04 2.775100000000000000e+04
1.789200000000000000e+04 2.783000000000000000e+04
1.803400000000000000e+04 2.737800000000000000e+04
1.817600000000000000e+04 2.718500000000000000e+04
1.831800000000000000e+04 2.702800000000000000e+04
1.846000000000000000e+04 2.661700000000000000e+04
1.860200000000000000e+04 2.623200000000000000e+04
1.874400000000000000e+04 2.579500000000000000e+04
1.888600000000000000e+04 2.529400000000000000e+04
1.902800000000000000e+04 2.477200000000000000e+04
1.917000000000000000e+04 2.437300000000000000e+04
1.931200000000000000e+04 2.389600000000000000e+04
1.945400000000000000e+04 2.306600000000000000e+04
1.959600000000000000e+04 2.234400000000000000e+04
1.973800000000000000e+04 2.175000000000000000e+04
1.988000000000000000e+04 2.082700000000000000e+04
2.002200000000000000e+04 1.993900000000000000e+04
2.016400000000000000e+04 1.914700000000000000e+04
2.030600000000000000e+04 1.844100000000000000e+04
2.044800000000000000e+04 1.778200000000000000e+04
2.059000000000000000e+04 1.671300000000000000e+04
2.073200000000000000e+04 1.608400000000000000e+04
2.087400000000000000e+04 1.488300000000000000e+04
2.101600000000000000e+04 1.406100000000000000e+04
2.115800000000000000e+04 1.319600000000000000e+04
2.130000000000000000e+04 1.245500000000000000e+04
2.144200000000000000e+04 1.163200000000000000e+04
2.158400000000000000e+04 1.075800000000000000e+04
2.172600000000000000e+04 9.830000000000000000e+03
2.186800000000000000e+04 9.120000000000000000e+03
2.201000000000000000e+04 8.610000000000000000e+03
2.215200000000000000e+04 7.985000000000000000e+03
2.229400000000000000e+04 7.381000000000000000e+03
2.243600000000000000e+04 6.675000000000000000e+03
2.257800000000000000e+04 6.181000000000000000e+03
2.272000000000000000e+04 5.741000000000000000e+03
2.286200000000000000e+04 5.307000000000000000e+03
2.300400000000000000e+04 4.948000000000000000e+03
2.314600000000000000e+04 4.604000000000000000e+03
2.328800000000000000e+04 4.357000000000000000e+03
2.343000000000000000e+04 4.181000000000000000e+03
2.357200000000000000e+04 4.023000000000000000e+03
2.371400000000000000e+04 3.910000000000000000e+03
2.385600000000000000e+04 3.651000000000000000e+03
2.399800000000000000e+04 3.621000000000000000e+03
2.414000000000000000e+04 3.675000000000000000e+03
2.428200000000000000e+04 3.660000000000000000e+03
2.442400000000000000e+04 3.759000000000000000e+03
2.456600000000000000e+04 3.873000000000000000e+03
2.470800000000000000e+04 3.889000000000000000e+03
2.485000000000000000e+04 3.996000000000000000e+03
2.499200000000000000e+04 4.397000000000000000e+03
2.513400000000000000e+04 4.484000000000000000e+03
2.527600000000000000e+04 5.018000000000000000e+03
2.541800000000000000e+04 5.265000000000000000e+03
2.556000000000000000e+04 5.570000000000000000e+03
2.570200000000000000e+04 5.947000000000000000e+03
2.584400000000000000e+04 6.485000000000000000e+03
2.598600000000000000e+04 7.210000000000000000e+03
2.612800000000000000e+04 7.753000000000000000e+03
2.627000000000000000e+04 8.392000000000000000e+03
2.641200000000000000e+04 9.001000000000000000e+03
2.655400000000000000e+04 9.929000000000000000e+03
2.669600000000000000e+04 1.066300000000000000e+04
2.683800000000000000e+04 1.131600000000000000e+04
2.698000000000000000e+04 1.210800000000000000e+04
2.712200000000000000e+04 1.297400000000000000e+04
2.726400000000000000e+04 1.403200000000000000e+04
2.740600000000000000e+04 1.481600000000000000e+04
2.754800000000000000e+04 1.565800000000000000e+04
2.769000000000000000e+04 1.635700000000000000e+04
2.783200000000000000e+04 1.746400000000000000e+04
2.797400000000000000e+04 1.824200000000000000e+04
2.811600000000000000e+04 1.896300000000000000e+04
2.825800000000000000e+04 2.014900000000000000e+04
2.840000000000000000e+04 2.093400000000000000e+04
