0.000000000000000000e+00 2.143100000000000000e+04
2.000000000000000000e+01 2.252200000000000000e+04
4.000000000000000000e+01 2.312100000000000000e+04
6.000000000000000000e+01 2.393300000000000000e+04
8.000000000000000000e+01 2.423300000000000000e+04
1.000000000000000000e+02 2.492400000000000000e+04
1.200000000000000000e+02 2.533300000000000000e+04
1.400000000000000000e+02 2.588400000000000000e+04
1.600000000000000000e+02 2.658200000000000000e+04
1.800000000000000000e+02 2.702600000000000000e+04
2.000000000000000000e+02 2.701200000000000000e+04
2.200000000000000000e+02 2.737400000000000000e+04
2.400000000000000000e+02 2.771300000000000000e+04
2.600000000000000000e+02 2.814500000000000000e+04
2.800000000000000000e+02 2.809200000000000000e+04
3.000000000000000000e+02 2.828200000000000000e+04
3.200000000000000000e+02 2.861500000000000000e+04
3.400000000000000000e+02 2.853100000000000000e+04
3.600000000000000000e+02 2.833500000000000000e+04
3.800000000000000000e+02 2.889500000000000000e+04
4.000000000000000000e+02 2.869300000000000000e+04
4.200000000000000000e+02 2.849300000000000000e+04
4.400000000000000000e+02 2.833100000000000000e+04
4.600000000000000000e+02 2.861100000000000000e+04
4.800000000000000000e+02 2.838800000000000000e+04
5.000000000000000000e+02 2.814000000000000000e+04
5.200000000000000000e+02 2.769600000000000000e+04
5.400000000000000000e+02 2.767900000000000000e+04
5.600000000000000000e+02 2.747900000000000000e+04
5.800000000000000000e+02 2.714500000000000000e+04
6.000000000000000000e+02 2.669200000000000000e+04
6.200000000000000000e+02 2.633300000000000000e+04
6.400000000000000000e+02 2.570900000000000000e+04
6.600000000000000000e+02 2.502800000000000000e+04
6.800000000000000000e+02 2.475700000000000000e+04
7.000000000000000000e+02 2.440900000000000000e+04
7.200000000000000000e+02 2.365300000000000000e+04
7.400000000000000000e+02 2.283800000000000000e+04
7.600000000000000000e+02 2.202200000000000000e+04
7.800000000000000000e+02 2.135800000000000000e+04
8.000000000000000000e+02 2.062500000000000000e+04
8.200000000000000000e+02 1.989800000000000000e+04
8.400000000000000000e+02 1.909200000000000000e+04
8.600000000000000000e+02 1.803300000000000000e+04
8.800000000000000000e+02 1.709200000000000000e+04
9.000000000000000000e+02 1.609000000000000000e+04
9.200000000000000000e+02 1.521100000000000000e+04
9.400000000000000000e+02 1.438100000000000000e+04
9.600000000000000000e+02 1.368800000000000000e+04
9.800000000000000000e+02 1.285800000000000000e+04
1.000000000000000000e+03 1.184700000000000000e+04
1.020000000000000000e+03 1.068700000000000000e+04
1.040000000000000000e+03 1.011600000000000000e+04
1.060000000000000000e+03 9.425000000000000000e+03
1.080000000000000000e+03 8.585000000000000000e+03
1.100000000000000000e+03 8.183000000000000000e+03
1.120000000000000000e+03 7.284000000000000000e+03
1.140000000000000000e+03 6.716000000000000000e+03
1.160000000000000000e+03 6.341000000000000000e+03
1.180000000000000000e+03 5.933000000000000000e+03
1.200000000000000000e+03 5.486000000000000000e+03
1.220000000000000000e+03 5.019000000000000000e+03
1.240000000000000000e+03 4.736000000000000000e+03
1.260000000000000000e+03 4.536000000000000000e+03
1.280000000000000000e+03 4.130000000000000000e+03
1.300000000000000000e+03 3.885000000000000000e+03
1.320000000000000000e+03 3.803000000000000000e+03
1.340000000000000000e+03 3.796000000000000000e+03
1.360000000000000000e+03 3.657000000000000000e+03
1.380000000000000000e+03 3.666000000000000000e+03
1.400000000000000000e+03 3.810000000000000000e+03
1.420000000000000000e+03 3.721000000000000000e+03
1.440000000000000000e+03 3.897000000000000000e+03
1.460000000000000000e+03 3.980000000000000000e+03
1.480000000000000000e+03 4.195000000000000000e+03
1.500000000000000000e+03 4.314000000000000000e+03
1.520000000000000000e+03 4.600000000000000000e+03
1.540000000000000000e+03 4.909000000000000000e+03
1.560000000000000000e+03 5.363000000000000000e+03
1.580000000000000000e+03 5.685000000000000000e+03
1.600000000000000000e+03 6.014000000000000000e+03
1.620000000000000000e+03 6.568000000000000000e+03
1.640000000000000000e+03 7.177000000000000000e+03
1.660000000000000000e+03 7.816000000000000000e+03
1.680000000000000000e+03 8.541000000000000000e+03
1.700000000000000000e+03 9.157000000000000000e+03
1.720000000000000000e+03 9.990000000000000000e+03
1.740000000000000000e+03 1.062800000000000000e+04
1.760000000000000000e+03 1.144000000000000000e+04
1.780000000000000000e+03 1.229800000000000000e+04
1.800000000000000000e+03 1.333600000000000000e+04
1.820000000000000000e+03 1.403300000000000000e+04
1.840000000000000000e+03 1.498800000000000000e+04
1.860000000000000000e+03 1.604800000000000000e+04
1.880000000000000000e+03 1.666600000000000000e+04
1.900000000000000000e+03 1.759200000000000000e+04
1.920000000000000000e+03 1.857600000000000000e+04
1.940000000000000000e+03 1.950500000000000000e+04
1.960000000000000000e+03 2.022200000000000000e+04
1.980000000000000000e+03 2.129100000000000000e+04
2.000000000000000000e+03 2.170000000000000000e+04
2.020000000000000000e+03 2.253900000000000000e+04
2.040000000000000000e+03 2.317100000000000000e+04
2.060000000000000000e+03 2.376400000000000000e+04
2.080000000000000000e+03 2.475300000000000000e+04
2.100000000000000000e+03 2.516500000000000000e+04
2.120000000000000000e+03 2.528900000000000000e+04
2.140000000000000000e+03 2.601500000000000000e+04
2.160000000000000000e+03 2.622800000000000000e+04
2.180000000000000000e+03 2.660300000000000000e+04
2.200000000000000000e+03 2.717900000000000000e+04
2.220000000000000000e+03 2.782100000000000000e+04
2.240000000000000000e+03 2.801400000000000000e+04
2.260000000000000000e+03 2.805700000000000000e+04
2.280000000000000000e+03 2.841200000000000000e+04
2.300000000000000000e+03 2.838800000000000000e+04
2.320000000000000000e+03 2.831800000000000000e+04
2.340000000000000000e+03 2.853300000000000000e+04
2.360000000000000000e+03 2.866900000000000000e+04
2.380000000000000000e+03 2.864300000000000000e+04
2.400000000000000000e+03 2.872600000000000000e+04
2.420000000000000000e+03 2.878100000000000000e+04
2.440000000000000000e+03 2.876000000000000000e+04
2.460000000000000000e+03 2.856300000000000000e+04
2.480000000000000000e+03 2.818100000000000000e+04
2.500000000000000000e+03 2.780800000000000000e+04
2.520000000000000000e+03 2.791600000000000000e+04
2.540000000000000000e+03 2.754900000000000000e+04
2.560000000000000000e+03 2.717300000000000000e+04
2.580000000000000000e+03 2.723500000000000000e+04
2.600000000000000000e+03 2.664400000000000000e+04
2.620000000000000000e+03 2.595300000000000000e+04
2.640000000000000000e+03 2.564200000000000000e+04
2.660000000000000000e+03 2.502300000000000000e+04
2.680000000000000000e+03 2.455400000000000000e+04
2.700000000000000000e+03 2.427500000000000000e+04
2.720000000000000000e+03 2.350800000000000000e+04
2.740000000000000000e+03 2.281400000000000000e+04
2.760000000000000000e+03 2.210500000000000000e+04
2.780000000000000000e+03 2.092500000000000000e+04
2.800000000000000000e+03 2.053200000000000000e+04
2.820000000000000000e+03 1.991000000000000000e+04
2.840000000000000000e+03 1.889300000000000000e+04
2.860000000000000000e+03 1.773200000000000000e+04
2.880000000000000000e+03 1.710300000000000000e+04
2.900000000000000000e+03 1.606600000000000000e+04
2.920000000000000000e+03 1.522500000000000000e+04
2.940000000000000000e+03 1.429500000000000000e+04
2.960000000000000000e+03 1.332200000000000000e+04
2.980000000000000000e+03 1.264200000000000000e+04
3.000000000000000000e+03 1.159900000000000000e+04
3.020000000000000000e+03 1.096000000000000000e+04
3.040000000000000000e+03 1.039200000000000000e+04
3.060000000000000000e+03 9.527000000000000000e+03
3.080000000000000000e+03 8.794000000000000000e+03
3.100000000000000000e+03 8.027000000000000000e+03
3.120000000000000000e+03 7.358000000000000000e+03
3.140000000000000000e+03 6.825000000000000000e+03
3.160000000000000000e+03 6.230000000000000000e+03
3.180000000000000000e+03 5.835000000000000000e+03
3.200000000000000000e+03 5.365000000000000000e+03
3.220000000000000000e+03 4.915000000000000000e+03
3.240000000000000000e+03 4.684000000000000000e+03
3.260000000000000000e+03 4.335000000000000000e+03
3.280000000000000000e+03 4.244000000000000000e+03
3.300000000000000000e+03 3.955000000000000000e+03
3.320000000000000000e+03 3.900000000000000000e+03
3.340000000000000000e+03 3.793000000000000000e+03
3.360000000000000000e+03 3.796000000000000000e+03
3.380000000000000000e+03 3.754000000000000000e+03
3.400000000000000000e+03 3.690000000000000000e+03
3.420000000000000000e+03 3.735000000000000000e+03
3.440000000000000000e+03 4.022000000000000000e+03
3.460000000000000000e+03 3.940000000000000000e+03
3.480000000000000000e+03 4.104000000000000000e+03
3.500000000000000000e+03 4.355000000000000000e+03
3.520000000000000000e+03 4.592000000000000000e+03
3.540000000000000000e+03 4.938000000000000000e+03
3.560000000000000000e+03 5.212000000000000000e+03
3.580000000000000000e+03 5.634000000000000000e+03
3.600000000000000000e+03 6.173000000000000000e+03
3.620000000000000000e+03 6.589000000000000000e+03
3.640000000000000000e+03 7.151000000000000000e+03
3.660000000000000000e+03 7.811000000000000000e+03
3.680000000000000000e+03 8.634000000000000000e+03
3.700000000000000000e+03 9.205000000000000000e+03
3.720000000000000000e+03 9.843000000000000000e+03
3.740000000000000000e+03 1.079600000000000000e+04
3.760000000000000000e+03 1.152200000000000000e+04
3.780000000000000000e+03 1.241700000000000000e+04
3.800000000000000000e+03 1.319200000000000000e+04
3.820000000000000000e+03 1.428900000000000000e+04
3.840000000000000000e+03 1.496200000000000000e+04
3.860000000000000000e+03 1.600600000000000000e+04
3.880000000000000000e+03 1.703400000000000000e+04
3.900000000000000000e+03 1.775600000000000000e+04
3.920000000000000000e+03 1.871100000000000000e+04
3.940000000000000000e+03 1.926200000000000000e+04
3.960000000000000000e+03 2.023000000000000000e+04
3.980000000000000000e+03 2.125600000000000000e+04
