0.000000000000000000e+00 1.985800000000000000e+04
5.000000000000000000e+01 2.109100000000000000e+04
1.000000000000000000e+02 2.114600000000000000e+04
1.500000000000000000e+02 2.219700000000000000e+04
2.000000000000000000e+02 2.250100000000000000e+04
2.500000000000000000e+02 2.312200000000000000e+04
3.000000000000000000e+02 2.349800000000000000e+04
3.500000000000000000e+02 2.384100000000000000e+04
4.000000000000000000e+02 2.462900000000000000e+04
4.500000000000000000e+02 2.459500000000000000e+04
5.000000000000000000e+02 2.518600000000000000e+04
5.500000000000000000e+02 2.524900000000000000e+04
6.000000000000000000e+02 2.567700000000000000e+04
6.500000000000000000e+02 2.551800000000000000e+04
7.000000000000000000e+02 2.584700000000000000e+04
7.500000000000000000e+02 2.623700000000000000e+04
8.000000000000000000e+02 2.603800000000000000e+04
8.500000000000000000e+02 2.619100000000000000e+04
9.000000000000000000e+02 2.662800000000000000e+04
9.500000000000000000e+02 2.645800000000000000e+04
1.000000000000000000e+03 2.643000000000000000e+04
1.050000000000000000e+03 2.643400000000000000e+04
1.100000000000000000e+03 2.633300000000000000e+04
1.150000000000000000e+03 2.638700000000000000e+04
1.200000000000000000e+03 2.599600000000000000e+04
1.250000000000000000e+03 2.604200000000000000e+04
1.300000000000000000e+03 2.567600000000000000e+04
1.350000000000000000e+03 2.522300000000000000e+04
1.400000000000000000e+03 2.515400000000000000e+04
1.450000000000000000e+03 2.508400000000000000e+04
1.500000000000000000e+03 2.447300000000000000e+04
1.550000000000000000e+03 2.414100000000000000e+04
1.600000000000000000e+03 2.356300000000000000e+04
1.650000000000000000e+03 2.328500000000000000e+04
1.700000000000000000e+03 2.271900000000000000e+04
1.750000000000000000e+03 2.227100000000000000e+04
1.800000000000000000e+03 2.166900000000000000e+04
1.850000000000000000e+03 2.103300000000000000e+04
1.900000000000000000e+03 1.996100000000000000e+04
1.950000000000000000e+03 1.974800000000000000e+04
2.000000000000000000e+03 1.883000000000000000e+04
2.050000000000000000e+03 1.821600000000000000e+04
2.100000000000000000e+03 1.731500000000000000e+04
2.150000000000000000e+03 1.650600000000000000e+04
2.200000000000000000e+03 1.586400000000000000e+04
2.250000000000000000e+03 1.476200000000000000e+04
2.300000000000000000e+03 1.414400000000000000e+04
2.350000000000000000e+03 1.311200000000000000e+04
2.400000000000000000e+03 1.244700000000000000e+04
2.450000000000000000e+03 1.161500000000000000e+04
2.500000000000000000e+03 1.074300000000000000e+04
2.550000000000000000e+03 1.007000000000000000e+04
2.600000000000000000e+03 9.156000000000000000e+03
2.650000000000000000e+03 8.692000000000000000e+03
2.700000000000000000e+03 7.804000000000000000e+03
2.750000000000000000e+03 7.390000000000000000e+03
2.800000000000000000e+03 6.667000000000000000e+03
2.850000000000000000e+03 6.210000000000000000e+03
2.900000000000000000e+03 5.729000000000000000e+03
2.950000000000000000e+03 5.279000000000000000e+03
3.000000000000000000e+03 4.938000000000000000e+03
3.050000000000000000e+03 4.502000000000000000e+03
3.100000000000000000e+03 4.260000000000000000e+03
3.150000000000000000e+03 3.999000000000000000e+03
3.200000000000000000e+03 3.880000000000000000e+03
3.250000000000000000e+03 3.692000000000000000e+03
3.300000000000000000e+03 3.604000000000000000e+03
3.350000000000000000e+03 3.395000000000000000e+03
3.400000000000000000e+03 3.391000000000000000e+03
3.450000000000000000e+03 3.412000000000000000e+03
3.500000000000000000e+03 3.365000000000000000e+03
3.550000000000000000e+03 3.454000000000000000e+03
3.600000000000000000e+03 3.476000000000000000e+03
3.650000000000000000e+03 3.619000000000000000e+03
3.700000000000000000e+03 3.907000000000000000e+03
3.750000000000000000e+03 4.004000000000000000e+03
3.800000000000000000e+03 4.230000000000000000e+03
3.850000000000000000e+03 4.471000000000000000e+03
3.900000000000000000e+03 4.839000000000000000e+03
3.950000000000000000e+03 5.191000000000000000e+03
4.000000000000000000e+03 5.517000000000000000e+03
4.050000000000000000e+03 6.211000000000000000e+03
4.100000000000000000e+03 6.556000000000000000e+03
4.150000000000000000e+03 7.096000000000000000e+03
4.200000000000000000e+03 7.865000000000000000e+03
4.250000000000000000e+03 8.496000000000000000e+03
4.300000000000000000e+03 9.019000000000000000e+03
4.350000000000000000e+03 9.827000000000000000e+03
4.400000000000000000e+03 1.068300000000000000e+04
4.450000000000000000e+03 1.128600000000000000e+04
4.500000000000000000e+03 1.216200000000000000e+04
4.550000000000000000e+03 1.287900000000000000e+04
4.600000000000000000e+03 1.386200000000000000e+04
4.650000000000000000e+03 1.468600000000000000e+04
4.700000000000000000e+03 1.561400000000000000e+04
4.750000000000000000e+03 1.608400000000000000e+04
4.800000000000000000e+03 1.721000000000000000e+04
4.850000000000000000e+03 1.779500000000000000e+04
4.900000000000000000e+03 1.850100000000000000e+04
4.950000000000000000e+03 1.928700000000000000e+04
5.000000000000000000e+03 2.007800000000000000e+04
5.050000000000000000e+03 2.050800000000000000e+04
5.100000000000000000e+03 2.154600000000000000e+04
5.150000000000000000e+03 2.191900000000000000e+04
5.200000000000000000e+03 2.253000000000000000e+04
5.250000000000000000e+03 2.282600000000000000e+04
5.300000000000000000e+03 2.365400000000000000e+04
5.350000000000000000e+03 2.424600000000000000e+04
5.400000000000000000e+03 2.456900000000000000e+04
5.450000000000000000e+03 2.457700000000000000e+04
5.500000000000000000e+03 2.508300000000000000e+04
5.550000000000000000e+03 2.507600000000000000e+04
5.600000000000000000e+03 2.584300000000000000e+04
5.650000000000000000e+03 2.601100000000000000e+04
5.700000000000000000e+03 2.639400000000000000e+04
5.750000000000000000e+03 2.610000000000000000e+04
5.800000000000000000e+03 2.616100000000000000e+04
5.850000000000000000e+03 2.609600000000000000e+04
5.900000000000000000e+03 2.663400000000000000e+04
5.950000000000000000e+03 2.644500000000000000e+04
6.000000000000000000e+03 2.648500000000000000e+04
6.050000000000000000e+03 2.626700000000000000e+04
6.100000000000000000e+03 2.612700000000000000e+04
6.150000000000000000e+03 2.610700000000000000e+04
6.200000000000000000e+03 2.628700000000000000e+04
6.250000000000000000e+03 2.594500000000000000e+04
6.300000000000000000e+03 2.565900000000000000e+04
6.350000000000000000e+03 2.547500000000000000e+04
6.400000000000000000e+03 2.508400000000000000e+04
6.450000000000000000e+03 2.500000000000000000e+04
6.500000000000000000e+03 2.462400000000000000e+04
6.550000000000000000e+03 2.407400000000000000e+04
6.600000000000000000e+03 2.375300000000000000e+04
6.650000000000000000e+03 2.328200000000000000e+04
6.700000000000000000e+03 2.251800000000000000e+04
6.750000000000000000e+03 2.220300000000000000e+04
6.800000000000000000e+03 2.176000000000000000e+04
6.850000000000000000e+03 2.109300000000000000e+04
6.900000000000000000e+03 2.033800000000000000e+04
6.950000000000000000e+03 1.935600000000000000e+04
7.000000000000000000e+03 1.895000000000000000e+04
7.050000000000000000e+03 1.809200000000000000e+04
7.100000000000000000e+03 1.758600000000000000e+04
7.150000000000000000e+03 1.660500000000000000e+04
7.200000000000000000e+03 1.573400000000000000e+04
7.250000000000000000e+03 1.503600000000000000e+04
7.300000000000000000e+03 1.420600000000000000e+04
7.350000000000000000e+03 1.335500000000000000e+04
7.400000000000000000e+03 1.231600000000000000e+04
7.450000000000000000e+03 1.155400000000000000e+04
7.500000000000000000e+03 1.085600000000000000e+04
7.550000000000000000e+03 1.019700000000000000e+04
7.600000000000000000e+03 9.300000000000000000e+03
7.650000000000000000e+03 8.381000000000000000e+03
7.700000000000000000e+03 7.950000000000000000e+03
7.750000000000000000e+03 7.284000000000000000e+03
7.800000000000000000e+03 6.828000000000000000e+03
7.850000000000000000e+03 6.179000000000000000e+03
7.900000000000000000e+03 5.874000000000000000e+03
7.950000000000000000e+03 5.334000000000000000e+03
8.000000000000000000e+03 4.978000000000000000e+03
8.050000000000000000e+03 4.574000000000000000e+03
8.100000000000000000e+03 4.332000000000000000e+03
8.150000000000000000e+03 4.024000000000000000e+03
8.200000000000000000e+03 3.793000000000000000e+03
8.250000000000000000e+03 3.620000000000000000e+03
8.300000000000000000e+03 3.529000000000000000e+03
8.350000000000000000e+03 3.444000000000000000e+03
8.400000000000000000e+03 3.381000000000000000e+03
8.450000000000000000e+03 3.364000000000000000e+03
8.500000000000000000e+03 3.369000000000000000e+03
8.550000000000000000e+03 3.462000000000000000e+03
8.600000000000000000e+03 3.548000000000000000e+03
8.650000000000000000e+03 3.527000000000000000e+03
8.700000000000000000e+03 3.754000000000000000e+03
8.750000000000000000e+03 4.073000000000000000e+03
8.800000000000000000e+03 4.312000000000000000e+03
8.850000000000000000e+03 4.494000000000000000e+03
8.900000000000000000e+03 4.822000000000000000e+03
8.950000000000000000e+03 4.992000000000000000e+03
9.000000000000000000e+03 5.595000000000000000e+03
9.050000000000000000e+03 6.146000000000000000e+03
9.100000000000000000e+03 6.578000000000000000e+03
9.150000000000000000e+03 7.269000000000000000e+03
9.200000000000000000e+03 7.837000000000000000e+03
9.250000000000000000e+03 8.373000000000000000e+03
9.300000000000000000e+03 9.195000000000000000e+03
9.350000000000000000e+03 9.975000000000000000e+03
9.400000000000000000e+03 1.050400000000000000e+04
9.450000000000000000e+03 1.125700000000000000e+04
9.500000000000000000e+03 1.214100000000000000e+04
9.550000000000000000e+03 1.296500000000000000e+04
9.600000000000000000e+03 1.360300000000000000e+04
9.650000000000000000e+03 1.474700000000000000e+04
9.700000000000000000e+03 1.540000000000000000e+04
9.750000000000000000e+03 1.636900000000000000e+04
9.800000000000000000e+03 1.704300000000000000e+04
9.850000000000000000e+03 1.787800000000000000e+04
9.900000000000000000e+03 1.855700000000000000e+04
9.950000000000000000e+03 1.937000000000000000e+04
