0.000000000000000000e+00 1.809100000000000000e+04
5.000000000000000000e+03 1.881600000000000000e+04
1.000000000000000000e+04 1.936900000000000000e+04
1.500000000000000000e+04 1.975800000000000000e+04
2.000000000000000000e+04 2.059600000000000000e+04
2.500000000000000000e+04 2.090900000000000000e+04
3.000000000000000000e+04 2.114300000000000000e+04
3.500000000000000000e+04 2.157900000000000000e+04
4.000000000000000000e+04 2.246100000000000000e+04
4.500000000000000000e+04 2.236500000000000000e+04
5.000000000000000000e+04 2.263900000000000000e+04
5.500000000000000000e+04 2.258000000000000000e+04
6.000000000000000000e+04 2.349700000000000000e+04
6.500000000000000000e+04 2.296500000000000000e+04
7.000000000000000000e+04 2.351000000000000000e+04
7.500000000000000000e+04 2.358200000000000000e+04
8.000000000000000000e+04 2.377700000000000000e+04
8.500000000000000000e+04 2.390700000000000000e+04
9.000000000000000000e+04 2.394200000000000000e+04
9.500000000000000000e+04 2.335900000000000000e+04
1.000000000000000000e+05 2.379000000000000000e+04
1.050000000000000000e+05 2.368000000000000000e+04
1.100000000000000000e+05 2.386900000000000000e+04
1.150000000000000000e+05 2.333200000000000000e+04
1.200000000000000000e+05 2.331800000000000000e+04
1.250000000000000000e+05 2.314600000000000000e+04
1.300000000000000000e+05 2.327700000000000000e+04
1.350000000000000000e+05 2.303000000000000000e+04
1.400000000000000000e+05 2.278700000000000000e+04
1.450000000000000000e+05 2.225100000000000000e+04
1.500000000000000000e+05 2.227500000000000000e+04
1.550000000000000000e+05 2.156300000000000000e+04
1.600000000000000000e+05 2.120200000000000000e+04
1.650000000000000000e+05 2.062400000000000000e+04
1.700000000000000000e+05 2.051100000000000000e+04
1.750000000000000000e+05 1.969800000000000000e+04
1.800000000000000000e+05 1.928700000000000000e+04
1.850000000000000000e+05 1.890900000000000000e+04
1.900000000000000000e+05 1.845100000000000000e+04
1.950000000000000000e+05 1.742500000000000000e+04
2.000000000000000000e+05 1.672100000000000000e+04
2.050000000000000000e+05 1.612100000000000000e+04
2.100000000000000000e+05 1.550500000000000000e+04
2.150000000000000000e+05 1.488900000000000000e+04
2.200000000000000000e+05 1.378500000000000000e+04
2.250000000000000000e+05 1.332700000000000000e+04
2.300000000000000000e+05 1.243000000000000000e+04
2.350000000000000000e+05 1.160000000000000000e+04
2.400000000000000000e+05 1.088800000000000000e+04
2.450000000000000000e+05 1.028900000000000000e+04
2.500000000000000000e+05 9.596000000000000000e+03
2.550000000000000000e+05 8.978000000000000000e+03
2.600000000000000000e+05 8.370000000000000000e+03
2.650000000000000000e+05 7.662000000000000000e+03
2.700000000000000000e+05 7.052000000000000000e+03
2.750000000000000000e+05 6.674000000000000000e+03
2.800000000000000000e+05 6.075000000000000000e+03
2.850000000000000000e+05 5.426000000000000000e+03
2.900000000000000000e+05 5.202000000000000000e+03
2.950000000000000000e+05 4.676000000000000000e+03
3.000000000000000000e+05 4.347000000000000000e+03
3.050000000000000000e+05 4.131000000000000000e+03
3.100000000000000000e+05 3.798000000000000000e+03
3.150000000000000000e+05 3.601000000000000000e+03
3.200000000000000000e+05 3.529000000000000000e+03
3.250000000000000000e+05 3.266000000000000000e+03
3.300000000000000000e+05 3.157000000000000000e+03
3.350000000000000000e+05 3.057000000000000000e+03
3.400000000000000000e+05 3.038000000000000000e+03
3.450000000000000000e+05 3.068000000000000000e+03
3.500000000000000000e+05 2.871000000000000000e+03
3.550000000000000000e+05 3.025000000000000000e+03
3.600000000000000000e+05 3.051000000000000000e+03
3.650000000000000000e+05 3.242000000000000000e+03
3.700000000000000000e+05 3.375000000000000000e+03
3.750000000000000000e+05 3.500000000000000000e+03
3.800000000000000000e+05 3.725000000000000000e+03
3.850000000000000000e+05 4.066000000000000000e+03
3.900000000000000000e+05 4.342000000000000000e+03
3.950000000000000000e+05 4.631000000000000000e+03
4.000000000000000000e+05 4.982000000000000000e+03
4.050000000000000000e+05 5.375000000000000000e+03
4.100000000000000000e+05 5.985000000000000000e+03
4.150000000000000000e+05 6.369000000000000000e+03
4.200000000000000000e+05 6.996000000000000000e+03
4.250000000000000000e+05 7.386000000000000000e+03
4.300000000000000000e+05 8.249000000000000000e+03
4.350000000000000000e+05 8.669000000000000000e+03
4.400000000000000000e+05 9.318000000000000000e+03
4.450000000000000000e+05 1.020600000000000000e+04
4.500000000000000000e+05 1.071000000000000000e+04
4.550000000000000000e+05 1.166200000000000000e+04
4.600000000000000000e+05 1.239100000000000000e+04
4.650000000000000000e+05 1.292500000000000000e+04
4.700000000000000000e+05 1.389200000000000000e+04
4.750000000000000000e+05 1.461800000000000000e+04
4.800000000000000000e+05 1.508300000000000000e+04
4.850000000000000000e+05 1.608500000000000000e+04
4.900000000000000000e+05 1.687500000000000000e+04
4.950000000000000000e+05 1.718700000000000000e+04
5.000000000000000000e+05 1.809400000000000000e+04
5.050000000000000000e+05 1.865600000000000000e+04
5.100000000000000000e+05 1.932800000000000000e+04
5.150000000000000000e+05 1.976400000000000000e+04
5.200000000000000000e+05 2.014200000000000000e+04
5.250000000000000000e+05 2.072500000000000000e+04
5.300000000000000000e+05 2.143900000000000000e+04
5.350000000000000000e+05 2.149100000000000000e+04
5.400000000000000000e+05 2.205100000000000000e+04
5.450000000000000000e+05 2.227100000000000000e+04
5.500000000000000000e+05 2.263300000000000000e+04
5.550000000000000000e+05 2.293400000000000000e+04
5.600000000000000000e+05 2.314700000000000000e+04
5.650000000000000000e+05 2.319900000000000000e+04
5.700000000000000000e+05 2.333100000000000000e+04
5.750000000000000000e+05 2.365000000000000000e+04
5.800000000000000000e+05 2.360400000000000000e+04
5.850000000000000000e+05 2.364700000000000000e+04
5.900000000000000000e+05 2.366900000000000000e+04
5.950000000000000000e+05 2.401700000000000000e+04
6.000000000000000000e+05 2.392600000000000000e+04
6.050000000000000000e+05 2.369700000000000000e+04
6.100000000000000000e+05 2.354100000000000000e+04
6.150000000000000000e+05 2.332400000000000000e+04
6.200000000000000000e+05 2.364000000000000000e+04
6.250000000000000000e+05 2.337800000000000000e+04
6.300000000000000000e+05 2.303300000000000000e+04
6.350000000000000000e+05 2.273900000000000000e+04
6.400000000000000000e+05 2.287200000000000000e+04
6.450000000000000000e+05 2.243900000000000000e+04
6.500000000000000000e+05 2.213000000000000000e+04
6.550000000000000000e+05 2.158000000000000000e+04
6.600000000000000000e+05 2.122300000000000000e+04
6.650000000000000000e+05 2.092200000000000000e+04
6.700000000000000000e+05 2.030100000000000000e+04
6.750000000000000000e+05 1.990400000000000000e+04
6.800000000000000000e+05 1.935600000000000000e+04
6.850000000000000000e+05 1.870100000000000000e+04
6.900000000000000000e+05 1.810500000000000000e+04
6.950000000000000000e+05 1.745700000000000000e+04
7.000000000000000000e+05 1.692500000000000000e+04
7.050000000000000000e+05 1.626400000000000000e+04
7.100000000000000000e+05 1.543000000000000000e+04
7.150000000000000000e+05 1.463200000000000000e+04
7.200000000000000000e+05 1.393400000000000000e+04
7.250000000000000000e+05 1.315400000000000000e+04
7.300000000000000000e+05 1.242300000000000000e+04
7.350000000000000000e+05 1.166500000000000000e+04
7.400000000000000000e+05 1.091900000000000000e+04
7.450000000000000000e+05 1.032700000000000000e+04
7.500000000000000000e+05 9.523000000000000000e+03
7.550000000000000000e+05 8.781000000000000000e+03
7.600000000000000000e+05 8.336000000000000000e+03
7.650000000000000000e+05 7.383000000000000000e+03
7.700000000000000000e+05 7.151000000000000000e+03
7.750000000000000000e+05 6.713000000000000000e+03
7.800000000000000000e+05 5.845000000000000000e+03
7.850000000000000000e+05 5.419000000000000000e+03
7.900000000000000000e+05 5.146000000000000000e+03
7.950000000000000000e+05 4.683000000000000000e+03
8.000000000000000000e+05 4.486000000000000000e+03
8.050000000000000000e+05 4.061000000000000000e+03
8.100000000000000000e+05 3.886000000000000000e+03
8.150000000000000000e+05 3.485000000000000000e+03
8.200000000000000000e+05 3.455000000000000000e+03
8.250000000000000000e+05 3.304000000000000000e+03
8.300000000000000000e+05 3.089000000000000000e+03
8.350000000000000000e+05 3.121000000000000000e+03
8.400000000000000000e+05 3.017000000000000000e+03
8.450000000000000000e+05 2.960000000000000000e+03
8.500000000000000000e+05 2.848000000000000000e+03
8.550000000000000000e+05 3.024000000000000000e+03
8.600000000000000000e+05 3.152000000000000000e+03
8.650000000000000000e+05 3.168000000000000000e+03
8.700000000000000000e+05 3.435000000000000000e+03
8.750000000000000000e+05 3.414000000000000000e+03
8.800000000000000000e+05 3.706000000000000000e+03
8.850000000000000000e+05 3.893000000000000000e+03
8.900000000000000000e+05 4.329000000000000000e+03
8.950000000000000000e+05 4.590000000000000000e+03
9.000000000000000000e+05 4.942000000000000000e+03
9.050000000000000000e+05 5.473000000000000000e+03
9.100000000000000000e+05 5.818000000000000000e+03
9.150000000000000000e+05 6.448000000000000000e+03
9.200000000000000000e+05 6.767000000000000000e+03
9.250000000000000000e+05 7.440000000000000000e+03
9.300000000000000000e+05 7.956000000000000000e+03
9.350000000000000000e+05 8.786000000000000000e+03
9.400000000000000000e+05 9.298000000000000000e+03
9.450000000000000000e+05 1.027700000000000000e+04
9.500000000000000000e+05 1.103000000000000000e+04
9.550000000000000000e+05 1.179700000000000000e+04
9.600000000000000000e+05 1.228900000000000000e+04
9.650000000000000000e+05 1.281200000000000000e+04
9.700000000000000000e+05 1.373100000000000000e+04
9.750000000000000000e+05 1.434900000000000000e+04
9.800000000000000000e+05 1.506700000000000000e+04
9.850000000000000000e+05 1.597300000000000000e+04
9.900000000000000000e+05 1.705000000000000000e+04
9.950000000000000000e+05 1.723500000000000000e+04
