0.000000000000000000e+00 3.302000000000000000e+03
2.000000000000000000e+02 3.267000000000000000e+03
4.000000000000000000e+02 3.424000000000000000e+03
6.000000000000000000e+02 3.458000000000000000e+03
8.000000000000000000e+02 3.512000000000000000e+03
1.000000000000000000e+03 3.586000000000000000e+03
1.200000000000000000e+03 3.593000000000000000e+03
1.400000000000000000e+03 3.588000000000000000e+03
1.600000000000000000e+03 3.755000000000000000e+03
1.800000000000000000e+03 3.665000000000000000e+03
2.000000000000000000e+03 3.766000000000000000e+03
2.200000000000000000e+03 3.887000000000000000e+03
2.400000000000000000e+03 3.813000000000000000e+03
2.600000000000000000e+03 3.773000000000000000e+03
2.800000000000000000e+03 3.827000000000000000e+03
3.000000000000000000e+03 3.912000000000000000e+03
3.200000000000000000e+03 3.845000000000000000e+03
3.400000000000000000e+03 3.908000000000000000e+03
3.600000000000000000e+03 3.739000000000000000e+03
3.800000000000000000e+03 3.975000000000000000e+03
4.000000000000000000e+03 3.941000000000000000e+03
4.200000000000000000e+03 4.098000000000000000e+03
4.400000000000000000e+03 3.869000000000000000e+03
4.600000000000000000e+03 3.912000000000000000e+03
4.800000000000000000e+03 3.915000000000000000e+03
5.000000000000000000e+03 3.831000000000000000e+03
5.200000000000000000e+03 3.715000000000000000e+03
5.400000000000000000e+03 3.788000000000000000e+03
5.600000000000000000e+03 3.650000000000000000e+03
5.800000000000000000e+03 3.731000000000000000e+03
6.000000000000000000e+03 3.657000000000000000e+03
6.200000000000000000e+03 3.619000000000000000e+03
6.400000000000000000e+03 3.651000000000000000e+03
6.600000000000000000e+03 3.696000000000000000e+03
6.800000000000000000e+03 3.486000000000000000e+03
7.000000000000000000e+03 3.506000000000000000e+03
7.200000000000000000e+03 3.448000000000000000e+03
7.400000000000000000e+03 3.458000000000000000e+03
7.600000000000000000e+03 3.248000000000000000e+03
7.800000000000000000e+03 3.153000000000000000e+03
8.000000000000000000e+03 3.137000000000000000e+03
8.200000000000000000e+03 3.150000000000000000e+03
8.400000000000000000e+03 2.977000000000000000e+03
8.600000000000000000e+03 2.965000000000000000e+03
8.800000000000000000e+03 2.826000000000000000e+03
9.000000000000000000e+03 2.694000000000000000e+03
9.200000000000000000e+03 2.652000000000000000e+03
9.400000000000000000e+03 2.454000000000000000e+03
9.600000000000000000e+03 2.448000000000000000e+03
9.800000000000000000e+03 2.270000000000000000e+03
1.000000000000000000e+04 2.278000000000000000e+03
1.020000000000000000e+04 2.128000000000000000e+03
1.040000000000000000e+04 1.955000000000000000e+03
1.060000000000000000e+04 1.824000000000000000e+03
1.080000000000000000e+04 1.736000000000000000e+03
1.100000000000000000e+04 1.607000000000000000e+03
1.120000000000000000e+04 1.544000000000000000e+03
1.140000000000000000e+04 1.514000000000000000e+03
1.160000000000000000e+04 1.364000000000000000e+03
1.180000000000000000e+04 1.289000000000000000e+03
1.200000000000000000e+04 1.254000000000000000e+03
1.220000000000000000e+04 1.113000000000000000e+03
1.240000000000000000e+04 1.060000000000000000e+03
1.260000000000000000e+04 9.390000000000000000e+02
1.280000000000000000e+04 1.049000000000000000e+03
1.300000000000000000e+04 9.760000000000000000e+02
1.320000000000000000e+04 8.520000000000000000e+02
1.340000000000000000e+04 8.270000000000000000e+02
1.360000000000000000e+04 8.160000000000000000e+02
1.380000000000000000e+04 7.970000000000000000e+02
1.400000000000000000e+04 7.940000000000000000e+02
1.420000000000000000e+04 8.100000000000000000e+02
1.440000000000000000e+04 7.830000000000000000e+02
1.460000000000000000e+04 8.550000000000000000e+02
1.480000000000000000e+04 8.830000000000000000e+02
1.500000000000000000e+04 9.400000000000000000e+02
1.520000000000000000e+04 9.530000000000000000e+02
1.540000000000000000e+04 1.016000000000000000e+03
1.560000000000000000e+04 1.041000000000000000e+03
1.580000000000000000e+04 1.066000000000000000e+03
1.600000000000000000e+04 1.181000000000000000e+03
1.620000000000000000e+04 1.189000000000000000e+03
1.640000000000000000e+04 1.370000000000000000e+03
1.660000000000000000e+04 1.441000000000000000e+03
1.680000000000000000e+04 1.527000000000000000e+03
1.700000000000000000e+04 1.728000000000000000e+03
1.720000000000000000e+04 1.843000000000000000e+03
1.740000000000000000e+04 1.928000000000000000e+03
1.760000000000000000e+04 2.021000000000000000e+03
1.780000000000000000e+04 2.124000000000000000e+03
1.800000000000000000e+04 2.296000000000000000e+03
1.820000000000000000e+04 2.309000000000000000e+03
1.840000000000000000e+04 2.495000000000000000e+03
1.860000000000000000e+04 2.662000000000000000e+03
1.880000000000000000e+04 2.729000000000000000e+03
1.900000000000000000e+04 2.813000000000000000e+03
1.920000000000000000e+04 2.932000000000000000e+03
1.940000000000000000e+04 3.009000000000000000e+03
1.960000000000000000e+04 3.073000000000000000e+03
1.980000000000000000e+04 3.208000000000000000e+03
2.000000000000000000e+04 3.211000000000000000e+03
2.020000000000000000e+04 3.313000000000000000e+03
2.040000000000000000e+04 3.358000000000000000e+03
2.060000000000000000e+04 3.483000000000000000e+03
2.080000000000000000e+04 3.516000000000000000e+03
2.100000000000000000e+04 3.658000000000000000e+03
2.120000000000000000e+04 3.616000000000000000e+03
2.140000000000000000e+04 3.740000000000000000e+03
2.160000000000000000e+04 3.588000000000000000e+03
2.180000000000000000e+04 3.712000000000000000e+03
2.200000000000000000e+04 3.850000000000000000e+03
2.220000000000000000e+04 3.903000000000000000e+03
2.240000000000000000e+04 3.827000000000000000e+03
2.260000000000000000e+04 3.911000000000000000e+03
2.280000000000000000e+04 3.946000000000000000e+03
2.300000000000000000e+04 3.905000000000000000e+03
2.320000000000000000e+04 3.977000000000000000e+03
2.340000000000000000e+04 3.882000000000000000e+03
2.360000000000000000e+04 3.813000000000000000e+03
2.380000000000000000e+04 3.943000000000000000e+03
2.400000000000000000e+04 3.884000000000000000e+03
2.420000000000000000e+04 3.920000000000000000e+03
2.440000000000000000e+04 3.907000000000000000e+03
2.460000000000000000e+04 3.875000000000000000e+03
2.480000000000000000e+04 3.876000000000000000e+03
2.500000000000000000e+04 3.845000000000000000e+03
2.520000000000000000e+04 3.841000000000000000e+03
2.540000000000000000e+04 3.836000000000000000e+03
2.560000000000000000e+04 3.798000000000000000e+03
2.580000000000000000e+04 3.803000000000000000e+03
2.600000000000000000e+04 3.728000000000000000e+03
2.620000000000000000e+04 3.671000000000000000e+03
2.640000000000000000e+04 3.773000000000000000e+03
2.660000000000000000e+04 3.595000000000000000e+03
2.680000000000000000e+04 3.645000000000000000e+03
2.700000000000000000e+04 3.415000000000000000e+03
2.720000000000000000e+04 3.564000000000000000e+03
2.740000000000000000e+04 3.357000000000000000e+03
2.760000000000000000e+04 3.409000000000000000e+03
2.780000000000000000e+04 3.336000000000000000e+03
2.800000000000000000e+04 3.211000000000000000e+03
2.820000000000000000e+04 3.012000000000000000e+03
2.840000000000000000e+04 3.014000000000000000e+03
2.860000000000000000e+04 2.961000000000000000e+03
2.880000000000000000e+04 2.827000000000000000e+03
2.900000000000000000e+04 2.650000000000000000e+03
2.920000000000000000e+04 2.507000000000000000e+03
2.940000000000000000e+04 2.474000000000000000e+03
2.960000000000000000e+04 2.328000000000000000e+03
2.980000000000000000e+04 2.352000000000000000e+03
3.000000000000000000e+04 2.157000000000000000e+03
3.020000000000000000e+04 2.104000000000000000e+03
3.040000000000000000e+04 2.044000000000000000e+03
3.060000000000000000e+04 1.850000000000000000e+03
3.080000000000000000e+04 1.740000000000000000e+03
3.100000000000000000e+04 1.678000000000000000e+03
3.120000000000000000e+04 1.518000000000000000e+03
3.140000000000000000e+04 1.508000000000000000e+03
3.160000000000000000e+04 1.350000000000000000e+03
3.180000000000000000e+04 1.280000000000000000e+03
3.200000000000000000e+04 1.248000000000000000e+03
3.220000000000000000e+04 1.132000000000000000e+03
3.240000000000000000e+04 1.053000000000000000e+03
3.260000000000000000e+04 9.780000000000000000e+02
3.280000000000000000e+04 8.990000000000000000e+02
3.300000000000000000e+04 8.650000000000000000e+02
3.320000000000000000e+04 8.670000000000000000e+02
3.340000000000000000e+04 7.880000000000000000e+02
3.360000000000000000e+04 8.470000000000000000e+02
3.380000000000000000e+04 8.300000000000000000e+02
3.400000000000000000e+04 7.430000000000000000e+02
3.420000000000000000e+04 7.950000000000000000e+02
3.440000000000000000e+04 7.700000000000000000e+02
3.460000000000000000e+04 8.410000000000000000e+02
3.480000000000000000e+04 8.810000000000000000e+02
3.500000000000000000e+04 8.450000000000000000e+02
3.520000000000000000e+04 9.220000000000000000e+02
3.540000000000000000e+04 9.800000000000000000e+02
3.560000000000000000e+04 1.068000000000000000e+03
3.580000000000000000e+04 1.119000000000000000e+03
3.600000000000000000e+04 1.254000000000000000e+03
3.620000000000000000e+04 1.273000000000000000e+03
3.640000000000000000e+04 1.285000000000000000e+03
3.660000000000000000e+04 1.397000000000000000e+03
3.680000000000000000e+04 1.512000000000000000e+03
3.700000000000000000e+04 1.706000000000000000e+03
3.720000000000000000e+04 1.748000000000000000e+03
3.740000000000000000e+04 1.939000000000000000e+03
3.760000000000000000e+04 2.087000000000000000e+03
3.780000000000000000e+04 2.121000000000000000e+03
3.800000000000000000e+04 2.190000000000000000e+03
3.820000000000000000e+04 2.380000000000000000e+03
3.840000000000000000e+04 2.549000000000000000e+03
3.860000000000000000e+04 2.517000000000000000e+03
3.880000000000000000e+04 2.704000000000000000e+03
3.900000000000000000e+04 2.738000000000000000e+03
3.920000000000000000e+04 2.943000000000000000e+03
3.940000000000000000e+04 3.086000000000000000e+03
3.960000000000000000e+04 3.047000000000000000e+03
3.980000000000000000e+04 3.214000000000000000e+03
