0.000000000000000000e+00 4.579000000000000000e+03
1.428000000000000000e+03 4.733000000000000000e+03
2.856000000000000000e+03 4.807000000000000000e+03
4.284000000000000000e+03 4.888000000000000000e+03
5.712000000000000000e+03 4.904000000000000000e+03
7.140000000000000000e+03 5.083000000000000000e+03
8.568000000000000000e+03 5.106000000000000000e+03
9.996000000000000000e+03 5.027000000000000000e+03
1.142400000000000000e+04 5.181000000000000000e+03
1.285200000000000000e+04 5.233000000000000000e+03
1.428000000000000000e+04 5.417000000000000000e+03
1.570800000000000000e+04 5.370000000000000000e+03
1.713600000000000000e+04 5.326000000000000000e+03
1.856400000000000000e+04 5.428000000000000000e+03
1.999200000000000000e+04 5.409000000000000000e+03
2.142000000000000000e+04 5.393000000000000000e+03
2.284800000000000000e+04 5.325000000000000000e+03
2.427600000000000000e+04 5.554000000000000000e+03
2.570400000000000000e+04 5.475000000000000000e+03
2.713200000000000000e+04 5.430000000000000000e+03
2.856000000000000000e+04 5.552000000000000000e+03
2.998800000000000000e+04 5.516000000000000000e+03
3.141600000000000000e+04 5.373000000000000000e+03
3.284400000000000000e+04 5.421000000000000000e+03
3.427200000000000000e+04 5.518000000000000000e+03
3.570000000000000000e+04 5.364000000000000000e+03
3.712800000000000000e+04 5.295000000000000000e+03
3.855600000000000000e+04 5.267000000000000000e+03
3.998400000000000000e+04 5.238000000000000000e+03
4.141200000000000000e+04 5.266000000000000000e+03
4.284000000000000000e+04 5.238000000000000000e+03
4.426800000000000000e+04 5.164000000000000000e+03
4.569600000000000000e+04 5.117000000000000000e+03
4.712400000000000000e+04 5.069000000000000000e+03
4.855200000000000000e+04 4.932000000000000000e+03
4.998000000000000000e+04 5.029000000000000000e+03
5.140800000000000000e+04 4.943000000000000000e+03
5.283600000000000000e+04 4.793000000000000000e+03
5.426400000000000000e+04 4.622000000000000000e+03
5.569200000000000000e+04 4.510000000000000000e+03
5.712000000000000000e+04 4.486000000000000000e+03
5.854800000000000000e+04 4.243000000000000000e+03
5.997600000000000000e+04 4.162000000000000000e+03
6.140400000000000000e+04 4.166000000000000000e+03
6.283200000000000000e+04 4.000000000000000000e+03
6.426000000000000000e+04 3.784000000000000000e+03
6.568800000000000000e+04 3.659000000000000000e+03
6.711600000000000000e+04 3.465000000000000000e+03
6.854400000000000000e+04 3.338000000000000000e+03
6.997200000000000000e+04 3.182000000000000000e+03
7.140000000000000000e+04 3.160000000000000000e+03
7.282800000000000000e+04 2.924000000000000000e+03
7.425600000000000000e+04 2.743000000000000000e+03
7.568400000000000000e+04 2.515000000000000000e+03
7.711200000000000000e+04 2.374000000000000000e+03
7.854000000000000000e+04 2.386000000000000000e+03
7.996800000000000000e+04 2.149000000000000000e+03
8.139600000000000000e+04 2.000000000000000000e+03
8.282400000000000000e+04 1.891000000000000000e+03
8.425200000000000000e+04 1.787000000000000000e+03
8.568000000000000000e+04 1.681000000000000000e+03
8.710800000000000000e+04 1.527000000000000000e+03
8.853600000000000000e+04 1.402000000000000000e+03
8.996400000000000000e+04 1.451000000000000000e+03
9.139200000000000000e+04 1.374000000000000000e+03
9.282000000000000000e+04 1.266000000000000000e+03
9.424800000000000000e+04 1.299000000000000000e+03
9.567600000000000000e+04 1.220000000000000000e+03
9.710400000000000000e+04 1.191000000000000000e+03
9.853200000000000000e+04 1.144000000000000000e+03
9.996000000000000000e+04 1.133000000000000000e+03
1.013880000000000000e+05 1.215000000000000000e+03
1.028160000000000000e+05 1.335000000000000000e+03
1.042440000000000000e+05 1.196000000000000000e+03
1.056720000000000000e+05 1.268000000000000000e+03
1.071000000000000000e+05 1.340000000000000000e+03
1.085280000000000000e+05 1.393000000000000000e+03
1.099560000000000000e+05 1.447000000000000000e+03
1.113840000000000000e+05 1.624000000000000000e+03
1.128120000000000000e+05 1.723000000000000000e+03
1.142400000000000000e+05 1.808000000000000000e+03
1.156680000000000000e+05 1.961000000000000000e+03
1.170960000000000000e+05 2.084000000000000000e+03
1.185240000000000000e+05 2.246000000000000000e+03
1.199520000000000000e+05 2.335000000000000000e+03
1.213800000000000000e+05 2.617000000000000000e+03
1.228080000000000000e+05 2.761000000000000000e+03
1.242360000000000000e+05 2.760000000000000000e+03
1.256640000000000000e+05 3.018000000000000000e+03
1.270920000000000000e+05 3.175000000000000000e+03
1.285200000000000000e+05 3.408000000000000000e+03
1.299480000000000000e+05 3.550000000000000000e+03
1.313760000000000000e+05 3.662000000000000000e+03
1.328040000000000000e+05 3.728000000000000000e+03
1.342320000000000000e+05 3.915000000000000000e+03
1.356600000000000000e+05 4.040000000000000000e+03
1.370880000000000000e+05 4.188000000000000000e+03
1.385160000000000000e+05 4.282000000000000000e+03
1.399440000000000000e+05 4.378000000000000000e+03
1.413720000000000000e+05 4.577000000000000000e+03
1.428000000000000000e+05 4.636000000000000000e+03
1.442280000000000000e+05 4.712000000000000000e+03
1.456560000000000000e+05 4.783000000000000000e+03
1.470840000000000000e+05 4.922000000000000000e+03
1.485120000000000000e+05 4.914000000000000000e+03
1.499400000000000000e+05 5.056000000000000000e+03
1.513680000000000000e+05 5.064000000000000000e+03
1.527960000000000000e+05 5.241000000000000000e+03
1.542240000000000000e+05 5.298000000000000000e+03
1.556520000000000000e+05 5.236000000000000000e+03
1.570800000000000000e+05 5.243000000000000000e+03
1.585080000000000000e+05 5.393000000000000000e+03
1.599360000000000000e+05 5.406000000000000000e+03
1.613640000000000000e+05 5.301000000000000000e+03
1.627920000000000000e+05 5.479000000000000000e+03
1.642200000000000000e+05 5.472000000000000000e+03
1.656480000000000000e+05 5.362000000000000000e+03
1.670760000000000000e+05 5.429000000000000000e+03
1.685040000000000000e+05 5.512000000000000000e+03
1.699320000000000000e+05 5.286000000000000000e+03
1.713600000000000000e+05 5.573000000000000000e+03
1.727880000000000000e+05 5.421000000000000000e+03
1.742160000000000000e+05 5.380000000000000000e+03
1.756440000000000000e+05 5.415000000000000000e+03
1.770720000000000000e+05 5.400000000000000000e+03
1.785000000000000000e+05 5.280000000000000000e+03
1.799280000000000000e+05 5.497000000000000000e+03
1.813560000000000000e+05 5.376000000000000000e+03
1.827840000000000000e+05 5.289000000000000000e+03
1.842120000000000000e+05 5.365000000000000000e+03
1.856400000000000000e+05 5.343000000000000000e+03
1.870680000000000000e+05 5.144000000000000000e+03
1.884960000000000000e+05 5.071000000000000000e+03
1.899240000000000000e+05 5.103000000000000000e+03
1.913520000000000000e+05 4.872000000000000000e+03
1.927800000000000000e+05 4.790000000000000000e+03
1.942080000000000000e+05 4.889000000000000000e+03
1.956360000000000000e+05 4.746000000000000000e+03
1.970640000000000000e+05 4.740000000000000000e+03
1.984920000000000000e+05 4.446000000000000000e+03
1.999200000000000000e+05 4.342000000000000000e+03
2.013480000000000000e+05 4.382000000000000000e+03
2.027760000000000000e+05 4.196000000000000000e+03
2.042040000000000000e+05 4.150000000000000000e+03
2.056320000000000000e+05 3.817000000000000000e+03
2.070600000000000000e+05 3.724000000000000000e+03
2.084880000000000000e+05 3.679000000000000000e+03
2.099160000000000000e+05 3.525000000000000000e+03
2.113440000000000000e+05 3.452000000000000000e+03
2.127720000000000000e+05 3.148000000000000000e+03
2.142000000000000000e+05 3.061000000000000000e+03
2.156280000000000000e+05 2.952000000000000000e+03
2.170560000000000000e+05 2.764000000000000000e+03
2.184840000000000000e+05 2.621000000000000000e+03
2.199120000000000000e+05 2.407000000000000000e+03
2.213400000000000000e+05 2.318000000000000000e+03
2.227680000000000000e+05 2.231000000000000000e+03
2.241960000000000000e+05 2.042000000000000000e+03
2.256240000000000000e+05 1.836000000000000000e+03
2.270520000000000000e+05 1.737000000000000000e+03
2.284800000000000000e+05 1.658000000000000000e+03
2.299080000000000000e+05 1.637000000000000000e+03
2.313360000000000000e+05 1.493000000000000000e+03
2.327640000000000000e+05 1.397000000000000000e+03
2.341920000000000000e+05 1.341000000000000000e+03
2.356200000000000000e+05 1.345000000000000000e+03
2.370480000000000000e+05 1.262000000000000000e+03
2.384760000000000000e+05 1.159000000000000000e+03
2.399040000000000000e+05 1.141000000000000000e+03
2.413320000000000000e+05 1.112000000000000000e+03
2.427600000000000000e+05 1.167000000000000000e+03
2.441880000000000000e+05 1.277000000000000000e+03
2.456160000000000000e+05 1.280000000000000000e+03
2.470440000000000000e+05 1.288000000000000000e+03
2.484720000000000000e+05 1.342000000000000000e+03
2.499000000000000000e+05 1.443000000000000000e+03
2.513280000000000000e+05 1.423000000000000000e+03
2.527560000000000000e+05 1.554000000000000000e+03
2.541840000000000000e+05 1.652000000000000000e+03
2.556120000000000000e+05 1.677000000000000000e+03
2.570400000000000000e+05 1.770000000000000000e+03
2.584680000000000000e+05 1.967000000000000000e+03
2.598960000000000000e+05 2.096000000000000000e+03
2.613240000000000000e+05 2.217000000000000000e+03
2.627520000000000000e+05 2.293000000000000000e+03
2.641800000000000000e+05 2.517000000000000000e+03
2.656080000000000000e+05 2.654000000000000000e+03
2.670360000000000000e+05 2.799000000000000000e+03
2.684640000000000000e+05 2.948000000000000000e+03
2.698920000000000000e+05 3.142000000000000000e+03
2.713200000000000000e+05 3.342000000000000000e+03
2.727480000000000000e+05 3.367000000000000000e+03
2.741760000000000000e+05 3.510000000000000000e+03
2.756040000000000000e+05 3.856000000000000000e+03
2.770320000000000000e+05 3.892000000000000000e+03
2.784600000000000000e+05 4.045000000000000000e+03
2.798880000000000000e+05 4.156000000000000000e+03
2.813160000000000000e+05 4.162000000000000000e+03
2.827440000000000000e+05 4.472000000000000000e+03
2.841720000000000000e+05 4.513000000000000000e+03
