0.000000000000000000e+00 2.811000000000000000e+03
2.000000000000000000e+01 2.979000000000000000e+03
4.000000000000000000e+01 3.056000000000000000e+03
6.000000000000000000e+01 3.247000000000000000e+03
8.000000000000000000e+01 3.263000000000000000e+03
1.000000000000000000e+02 3.339000000000000000e+03
1.200000000000000000e+02 3.433000000000000000e+03
1.400000000000000000e+02 3.457000000000000000e+03
1.600000000000000000e+02 3.642000000000000000e+03
1.800000000000000000e+02 3.640000000000000000e+03
2.000000000000000000e+02 3.722000000000000000e+03
2.200000000000000000e+02 3.799000000000000000e+03
2.400000000000000000e+02 3.871000000000000000e+03
2.600000000000000000e+02 3.822000000000000000e+03
2.800000000000000000e+02 3.836000000000000000e+03
3.000000000000000000e+02 3.997000000000000000e+03
3.200000000000000000e+02 4.074000000000000000e+03
3.400000000000000000e+02 4.059000000000000000e+03
3.600000000000000000e+02 3.985000000000000000e+03
3.800000000000000000e+02 4.002000000000000000e+03
4.000000000000000000e+02 4.105000000000000000e+03
4.200000000000000000e+02 4.102000000000000000e+03
4.400000000000000000e+02 4.009000000000000000e+03
4.600000000000000000e+02 4.056000000000000000e+03
4.800000000000000000e+02 4.161000000000000000e+03
5.000000000000000000e+02 4.070000000000000000e+03
5.200000000000000000e+02 4.167000000000000000e+03
5.400000000000000000e+02 3.964000000000000000e+03
5.600000000000000000e+02 4.025000000000000000e+03
5.800000000000000000e+02 4.054000000000000000e+03
6.000000000000000000e+02 4.074000000000000000e+03
6.200000000000000000e+02 4.035000000000000000e+03
6.400000000000000000e+02 3.961000000000000000e+03
6.600000000000000000e+02 3.941000000000000000e+03
6.800000000000000000e+02 3.937000000000000000e+03
7.000000000000000000e+02 3.917000000000000000e+03
7.200000000000000000e+02 3.850000000000000000e+03
7.400000000000000000e+02 3.882000000000000000e+03
7.600000000000000000e+02 3.737000000000000000e+03
7.800000000000000000e+02 3.733000000000000000e+03
8.000000000000000000e+02 3.575000000000000000e+03
8.200000000000000000e+02 3.524000000000000000e+03
8.400000000000000000e+02 3.474000000000000000e+03
8.600000000000000000e+02 3.396000000000000000e+03
8.800000000000000000e+02 3.284000000000000000e+03
9.000000000000000000e+02 3.169000000000000000e+03
9.200000000000000000e+02 3.223000000000000000e+03
9.400000000000000000e+02 3.153000000000000000e+03
9.600000000000000000e+02 3.045000000000000000e+03
9.800000000000000000e+02 2.896000000000000000e+03
1.000000000000000000e+03 2.764000000000000000e+03
1.020000000000000000e+03 2.750000000000000000e+03
1.040000000000000000e+03 2.695000000000000000e+03
1.060000000000000000e+03 2.598000000000000000e+03
1.080000000000000000e+03 2.428000000000000000e+03
1.100000000000000000e+03 2.445000000000000000e+03
1.120000000000000000e+03 2.236000000000000000e+03
1.140000000000000000e+03 2.199000000000000000e+03
1.160000000000000000e+03 2.067000000000000000e+03
1.180000000000000000e+03 1.930000000000000000e+03
1.200000000000000000e+03 1.851000000000000000e+03
1.220000000000000000e+03 1.824000000000000000e+03
1.240000000000000000e+03 1.748000000000000000e+03
1.260000000000000000e+03 1.725000000000000000e+03
1.280000000000000000e+03 1.618000000000000000e+03
1.300000000000000000e+03 1.576000000000000000e+03
1.320000000000000000e+03 1.524000000000000000e+03
1.340000000000000000e+03 1.470000000000000000e+03
1.360000000000000000e+03 1.315000000000000000e+03
1.380000000000000000e+03 1.423000000000000000e+03
1.400000000000000000e+03 1.274000000000000000e+03
1.420000000000000000e+03 1.195000000000000000e+03
1.440000000000000000e+03 1.268000000000000000e+03
1.460000000000000000e+03 1.173000000000000000e+03
1.480000000000000000e+03 1.184000000000000000e+03
1.500000000000000000e+03 1.178000000000000000e+03
1.520000000000000000e+03 1.114000000000000000e+03
1.540000000000000000e+03 1.164000000000000000e+03
1.560000000000000000e+03 1.124000000000000000e+03
1.580000000000000000e+03 1.150000000000000000e+03
1.600000000000000000e+03 1.127000000000000000e+03
1.620000000000000000e+03 1.188000000000000000e+03
1.640000000000000000e+03 1.252000000000000000e+03
1.660000000000000000e+03 1.275000000000000000e+03
1.680000000000000000e+03 1.280000000000000000e+03
1.700000000000000000e+03 1.352000000000000000e+03
1.720000000000000000e+03 1.424000000000000000e+03
1.740000000000000000e+03 1.458000000000000000e+03
1.760000000000000000e+03 1.623000000000000000e+03
1.780000000000000000e+03 1.662000000000000000e+03
1.800000000000000000e+03 1.712000000000000000e+03
1.820000000000000000e+03 1.843000000000000000e+03
1.840000000000000000e+03 2.023000000000000000e+03
1.860000000000000000e+03 2.122000000000000000e+03
1.880000000000000000e+03 2.229000000000000000e+03
1.900000000000000000e+03 2.264000000000000000e+03
1.920000000000000000e+03 2.503000000000000000e+03
1.940000000000000000e+03 2.476000000000000000e+03
1.960000000000000000e+03 2.756000000000000000e+03
1.980000000000000000e+03 2.855000000000000000e+03
2.000000000000000000e+03 2.895000000000000000e+03
2.020000000000000000e+03 2.976000000000000000e+03
2.040000000000000000e+03 3.013000000000000000e+03
2.060000000000000000e+03 3.302000000000000000e+03
2.080000000000000000e+03 3.316000000000000000e+03
2.100000000000000000e+03 3.344000000000000000e+03
2.120000000000000000e+03 3.445000000000000000e+03
2.140000000000000000e+03 3.484000000000000000e+03
2.160000000000000000e+03 3.540000000000000000e+03
2.180000000000000000e+03 3.617000000000000000e+03
2.200000000000000000e+03 3.792000000000000000e+03
2.220000000000000000e+03 3.745000000000000000e+03
2.240000000000000000e+03 3.797000000000000000e+03
2.260000000000000000e+03 3.981000000000000000e+03
2.280000000000000000e+03 3.980000000000000000e+03
2.300000000000000000e+03 3.947000000000000000e+03
2.320000000000000000e+03 3.973000000000000000e+03
2.340000000000000000e+03 4.042000000000000000e+03
2.360000000000000000e+03 3.876000000000000000e+03
2.380000000000000000e+03 3.933000000000000000e+03
2.400000000000000000e+03 4.145000000000000000e+03
2.420000000000000000e+03 4.171000000000000000e+03
2.440000000000000000e+03 4.055000000000000000e+03
2.460000000000000000e+03 4.108000000000000000e+03
2.480000000000000000e+03 4.011000000000000000e+03
2.500000000000000000e+03 4.021000000000000000e+03
2.520000000000000000e+03 4.187000000000000000e+03
2.540000000000000000e+03 4.008000000000000000e+03
2.560000000000000000e+03 4.069000000000000000e+03
2.580000000000000000e+03 3.922000000000000000e+03
2.600000000000000000e+03 4.113000000000000000e+03
2.620000000000000000e+03 3.967000000000000000e+03
2.640000000000000000e+03 3.904000000000000000e+03
2.660000000000000000e+03 3.902000000000000000e+03
2.680000000000000000e+03 3.900000000000000000e+03
2.700000000000000000e+03 3.884000000000000000e+03
2.720000000000000000e+03 3.769000000000000000e+03
2.740000000000000000e+03 3.786000000000000000e+03
2.760000000000000000e+03 3.796000000000000000e+03
2.780000000000000000e+03 3.762000000000000000e+03
2.800000000000000000e+03 3.591000000000000000e+03
2.820000000000000000e+03 3.429000000000000000e+03
2.840000000000000000e+03 3.531000000000000000e+03
2.860000000000000000e+03 3.462000000000000000e+03
2.880000000000000000e+03 3.353000000000000000e+03
2.900000000000000000e+03 3.156000000000000000e+03
2.920000000000000000e+03 3.134000000000000000e+03
2.940000000000000000e+03 3.138000000000000000e+03
2.960000000000000000e+03 2.998000000000000000e+03
2.980000000000000000e+03 2.890000000000000000e+03
3.000000000000000000e+03 2.847000000000000000e+03
3.020000000000000000e+03 2.823000000000000000e+03
3.040000000000000000e+03 2.703000000000000000e+03
3.060000000000000000e+03 2.582000000000000000e+03
3.080000000000000000e+03 2.454000000000000000e+03
3.100000000000000000e+03 2.250000000000000000e+03
3.120000000000000000e+03 2.287000000000000000e+03
3.140000000000000000e+03 2.215000000000000000e+03
3.160000000000000000e+03 2.075000000000000000e+03
3.180000000000000000e+03 1.907000000000000000e+03
3.200000000000000000e+03 1.860000000000000000e+03
3.220000000000000000e+03 1.845000000000000000e+03
3.240000000000000000e+03 1.759000000000000000e+03
3.260000000000000000e+03 1.646000000000000000e+03
3.280000000000000000e+03 1.648000000000000000e+03
3.300000000000000000e+03 1.486000000000000000e+03
3.320000000000000000e+03 1.466000000000000000e+03
3.340000000000000000e+03 1.426000000000000000e+03
3.360000000000000000e+03 1.340000000000000000e+03
3.380000000000000000e+03 1.327000000000000000e+03
3.400000000000000000e+03 1.276000000000000000e+03
3.420000000000000000e+03 1.280000000000000000e+03
3.440000000000000000e+03 1.150000000000000000e+03
3.460000000000000000e+03 1.216000000000000000e+03
3.480000000000000000e+03 1.114000000000000000e+03
3.500000000000000000e+03 1.168000000000000000e+03
3.520000000000000000e+03 1.085000000000000000e+03
3.540000000000000000e+03 1.206000000000000000e+03
3.560000000000000000e+03 1.107000000000000000e+03
3.580000000000000000e+03 1.124000000000000000e+03
3.600000000000000000e+03 1.189000000000000000e+03
3.620000000000000000e+03 1.138000000000000000e+03
3.640000000000000000e+03 1.255000000000000000e+03
3.660000000000000000e+03 1.302000000000000000e+03
3.680000000000000000e+03 1.335000000000000000e+03
3.700000000000000000e+03 1.358000000000000000e+03
3.720000000000000000e+03 1.385000000000000000e+03
3.740000000000000000e+03 1.462000000000000000e+03
3.760000000000000000e+03 1.572000000000000000e+03
3.780000000000000000e+03 1.659000000000000000e+03
3.800000000000000000e+03 1.758000000000000000e+03
3.820000000000000000e+03 1.808000000000000000e+03
3.840000000000000000e+03 1.986000000000000000e+03
3.860000000000000000e+03 2.120000000000000000e+03
3.880000000000000000e+03 2.266000000000000000e+03
3.900000000000000000e+03 2.281000000000000000e+03
3.920000000000000000e+03 2.431000000000000000e+03
3.940000000000000000e+03 2.635000000000000000e+03
3.960000000000000000e+03 2.610000000000000000e+03
3.980000000000000000e+03 2.793000000000000000e+03
