0.000000000000000000e+00 3.213000000000000000e+03
3.330000000000000000e+02 3.197000000000000000e+03
6.660000000000000000e+02 3.439000000000000000e+03
9.990000000000000000e+02 3.396000000000000000e+03
1.332000000000000000e+03 3.418000000000000000e+03
1.665000000000000000e+03 3.447000000000000000e+03
1.998000000000000000e+03 3.599000000000000000e+03
2.331000000000000000e+03 3.552000000000000000e+03
2.664000000000000000e+03 3.631000000000000000e+03
2.997000000000000000e+03 3.609000000000000000e+03
3.330000000000000000e+03 3.734000000000000000e+03
3.663000000000000000e+03 3.826000000000000000e+03
3.996000000000000000e+03 3.740000000000000000e+03
4.329000000000000000e+03 3.759000000000000000e+03
4.662000000000000000e+03 3.732000000000000000e+03
4.995000000000000000e+03 3.761000000000000000e+03
5.328000000000000000e+03 3.835000000000000000e+03
5.661000000000000000e+03 3.773000000000000000e+03
5.994000000000000000e+03 3.816000000000000000e+03
6.327000000000000000e+03 3.690000000000000000e+03
6.660000000000000000e+03 3.861000000000000000e+03
6.993000000000000000e+03 3.859000000000000000e+03
7.326000000000000000e+03 3.789000000000000000e+03
7.659000000000000000e+03 3.757000000000000000e+03
7.992000000000000000e+03 3.902000000000000000e+03
8.325000000000000000e+03 3.800000000000000000e+03
8.658000000000000000e+03 3.627000000000000000e+03
8.991000000000000000e+03 3.847000000000000000e+03
9.324000000000000000e+03 3.806000000000000000e+03
9.657000000000000000e+03 3.732000000000000000e+03
9.990000000000000000e+03 3.733000000000000000e+03
1.032300000000000000e+04 3.667000000000000000e+03
1.065600000000000000e+04 3.420000000000000000e+03
1.098900000000000000e+04 3.602000000000000000e+03
1.132200000000000000e+04 3.491000000000000000e+03
1.165500000000000000e+04 3.425000000000000000e+03
1.198800000000000000e+04 3.378000000000000000e+03
1.232100000000000000e+04 3.314000000000000000e+03
1.265400000000000000e+04 3.267000000000000000e+03
1.298700000000000000e+04 3.111000000000000000e+03
1.332000000000000000e+04 3.058000000000000000e+03
1.365300000000000000e+04 2.961000000000000000e+03
1.398600000000000000e+04 2.984000000000000000e+03
1.431900000000000000e+04 2.856000000000000000e+03
1.465200000000000000e+04 2.751000000000000000e+03
1.498500000000000000e+04 2.582000000000000000e+03
1.531800000000000000e+04 2.457000000000000000e+03
1.565100000000000000e+04 2.357000000000000000e+03
1.598400000000000000e+04 2.291000000000000000e+03
1.631700000000000000e+04 2.231000000000000000e+03
1.665000000000000000e+04 2.102000000000000000e+03
1.698300000000000000e+04 2.000000000000000000e+03
1.731600000000000000e+04 1.895000000000000000e+03
1.764900000000000000e+04 1.743000000000000000e+03
1.798200000000000000e+04 1.699000000000000000e+03
1.831500000000000000e+04 1.603000000000000000e+03
1.864800000000000000e+04 1.504000000000000000e+03
1.898100000000000000e+04 1.416000000000000000e+03
1.931400000000000000e+04 1.323000000000000000e+03
1.964700000000000000e+04 1.192000000000000000e+03
1.998000000000000000e+04 1.078000000000000000e+03
2.031300000000000000e+04 1.031000000000000000e+03
2.064600000000000000e+04 1.044000000000000000e+03
2.097900000000000000e+04 9.160000000000000000e+02
2.131200000000000000e+04 8.890000000000000000e+02
2.164500000000000000e+04 9.260000000000000000e+02
2.197800000000000000e+04 8.440000000000000000e+02
2.231100000000000000e+04 7.800000000000000000e+02
2.264400000000000000e+04 7.510000000000000000e+02
2.297700000000000000e+04 7.590000000000000000e+02
2.331000000000000000e+04 7.020000000000000000e+02
2.364300000000000000e+04 7.600000000000000000e+02
2.397600000000000000e+04 8.740000000000000000e+02
2.430900000000000000e+04 8.480000000000000000e+02
2.464200000000000000e+04 8.390000000000000000e+02
2.497500000000000000e+04 8.380000000000000000e+02
2.530800000000000000e+04 9.280000000000000000e+02
2.564100000000000000e+04 1.031000000000000000e+03
2.597400000000000000e+04 1.072000000000000000e+03
2.630700000000000000e+04 1.108000000000000000e+03
2.664000000000000000e+04 1.109000000000000000e+03
2.697300000000000000e+04 1.259000000000000000e+03
2.730600000000000000e+04 1.407000000000000000e+03
2.763900000000000000e+04 1.467000000000000000e+03
2.797200000000000000e+04 1.466000000000000000e+03
2.830500000000000000e+04 1.637000000000000000e+03
2.863800000000000000e+04 1.684000000000000000e+03
2.897100000000000000e+04 1.753000000000000000e+03
2.930400000000000000e+04 1.979000000000000000e+03
2.963700000000000000e+04 2.028000000000000000e+03
2.997000000000000000e+04 2.186000000000000000e+03
3.030300000000000000e+04 2.382000000000000000e+03
3.063600000000000000e+04 2.416000000000000000e+03
3.096900000000000000e+04 2.515000000000000000e+03
3.130200000000000000e+04 2.630000000000000000e+03
3.163500000000000000e+04 2.730000000000000000e+03
3.196800000000000000e+04 2.783000000000000000e+03
3.230100000000000000e+04 2.921000000000000000e+03
3.263400000000000000e+04 2.896000000000000000e+03
3.296700000000000000e+04 3.008000000000000000e+03
3.330000000000000000e+04 3.133000000000000000e+03
3.363300000000000000e+04 3.201000000000000000e+03
3.396600000000000000e+04 3.315000000000000000e+03
3.429900000000000000e+04 3.414000000000000000e+03
3.463200000000000000e+04 3.535000000000000000e+03
3.496500000000000000e+04 3.562000000000000000e+03
3.529800000000000000e+04 3.494000000000000000e+03
3.563100000000000000e+04 3.715000000000000000e+03
3.596400000000000000e+04 3.573000000000000000e+03
3.629700000000000000e+04 3.680000000000000000e+03
3.663000000000000000e+04 3.652000000000000000e+03
3.696300000000000000e+04 3.798000000000000000e+03
3.729600000000000000e+04 3.713000000000000000e+03
3.762900000000000000e+04 3.601000000000000000e+03
3.796200000000000000e+04 3.809000000000000000e+03
3.829500000000000000e+04 3.711000000000000000e+03
3.862800000000000000e+04 3.728000000000000000e+03
3.896100000000000000e+04 3.870000000000000000e+03
3.929400000000000000e+04 3.748000000000000000e+03
3.962700000000000000e+04 3.870000000000000000e+03
3.996000000000000000e+04 3.896000000000000000e+03
4.029300000000000000e+04 3.819000000000000000e+03
4.062600000000000000e+04 3.777000000000000000e+03
4.095900000000000000e+04 3.902000000000000000e+03
4.129200000000000000e+04 3.771000000000000000e+03
4.162500000000000000e+04 3.770000000000000000e+03
4.195800000000000000e+04 3.791000000000000000e+03
4.229100000000000000e+04 3.847000000000000000e+03
4.262400000000000000e+04 3.624000000000000000e+03
4.295700000000000000e+04 3.754000000000000000e+03
4.329000000000000000e+04 3.717000000000000000e+03
4.362300000000000000e+04 3.673000000000000000e+03
4.395600000000000000e+04 3.674000000000000000e+03
4.428900000000000000e+04 3.505000000000000000e+03
4.462200000000000000e+04 3.470000000000000000e+03
4.495500000000000000e+04 3.528000000000000000e+03
4.528800000000000000e+04 3.315000000000000000e+03
4.562100000000000000e+04 3.435000000000000000e+03
4.595400000000000000e+04 3.270000000000000000e+03
4.628700000000000000e+04 3.187000000000000000e+03
4.662000000000000000e+04 3.047000000000000000e+03
4.695300000000000000e+04 3.056000000000000000e+03
4.728600000000000000e+04 2.813000000000000000e+03
4.761900000000000000e+04 2.855000000000000000e+03
4.795200000000000000e+04 2.664000000000000000e+03
4.828500000000000000e+04 2.687000000000000000e+03
4.861800000000000000e+04 2.529000000000000000e+03
4.895100000000000000e+04 2.552000000000000000e+03
4.928400000000000000e+04 2.357000000000000000e+03
4.961700000000000000e+04 2.098000000000000000e+03
4.995000000000000000e+04 2.187000000000000000e+03
5.028300000000000000e+04 2.012000000000000000e+03
5.061600000000000000e+04 1.906000000000000000e+03
5.094900000000000000e+04 1.706000000000000000e+03
5.128200000000000000e+04 1.728000000000000000e+03
5.161500000000000000e+04 1.555000000000000000e+03
5.194800000000000000e+04 1.458000000000000000e+03
5.228100000000000000e+04 1.404000000000000000e+03
5.261400000000000000e+04 1.290000000000000000e+03
5.294700000000000000e+04 1.213000000000000000e+03
5.328000000000000000e+04 1.076000000000000000e+03
5.361300000000000000e+04 1.086000000000000000e+03
5.394600000000000000e+04 9.850000000000000000e+02
5.427900000000000000e+04 9.970000000000000000e+02
5.461200000000000000e+04 8.530000000000000000e+02
5.494500000000000000e+04 8.540000000000000000e+02
5.527800000000000000e+04 8.030000000000000000e+02
5.561100000000000000e+04 8.010000000000000000e+02
5.594400000000000000e+04 7.650000000000000000e+02
5.627700000000000000e+04 8.200000000000000000e+02
5.661000000000000000e+04 8.030000000000000000e+02
5.694300000000000000e+04 7.810000000000000000e+02
5.727600000000000000e+04 7.720000000000000000e+02
5.760900000000000000e+04 7.630000000000000000e+02
5.794200000000000000e+04 8.350000000000000000e+02
5.827500000000000000e+04 8.810000000000000000e+02
5.860800000000000000e+04 8.480000000000000000e+02
5.894100000000000000e+04 9.550000000000000000e+02
5.927400000000000000e+04 1.056000000000000000e+03
5.960700000000000000e+04 1.071000000000000000e+03
5.994000000000000000e+04 1.229000000000000000e+03
6.027300000000000000e+04 1.191000000000000000e+03
6.060600000000000000e+04 1.332000000000000000e+03
6.093900000000000000e+04 1.420000000000000000e+03
6.127200000000000000e+04 1.559000000000000000e+03
6.160500000000000000e+04 1.614000000000000000e+03
6.193800000000000000e+04 1.747000000000000000e+03
6.227100000000000000e+04 1.799000000000000000e+03
6.260400000000000000e+04 1.933000000000000000e+03
6.293700000000000000e+04 2.124000000000000000e+03
6.327000000000000000e+04 2.277000000000000000e+03
6.360300000000000000e+04 2.310000000000000000e+03
6.393600000000000000e+04 2.352000000000000000e+03
6.426900000000000000e+04 2.555000000000000000e+03
6.460200000000000000e+04 2.667000000000000000e+03
6.493500000000000000e+04 2.710000000000000000e+03
6.526800000000000000e+04 2.809000000000000000e+03
6.560100000000000000e+04 2.917000000000000000e+03
6.593400000000000000e+04 2.984000000000000000e+03
6.626700000000000000e+04 3.172000000000000000e+03
