0.000000000000000000e+00 3.267000000000000000e+03
1.000000000000000000e+02 3.311000000000000000e+03
2.000000000000000000e+02 3.310000000000000000e+03
3.000000000000000000e+02 3.316000000000000000e+03
4.000000000000000000e+02 3.461000000000000000e+03
5.000000000000000000e+02 3.527000000000000000e+03
6.000000000000000000e+02 3.564000000000000000e+03
7.000000000000000000e+02 3.675000000000000000e+03
8.000000000000000000e+02 3.734000000000000000e+03
9.000000000000000000e+02 3.763000000000000000e+03
1.000000000000000000e+03 3.782000000000000000e+03
1.100000000000000000e+03 3.743000000000000000e+03
1.200000000000000000e+03 3.755000000000000000e+03
1.300000000000000000e+03 3.832000000000000000e+03
1.400000000000000000e+03 3.784000000000000000e+03
1.500000000000000000e+03 3.791000000000000000e+03
1.600000000000000000e+03 3.920000000000000000e+03
1.700000000000000000e+03 3.953000000000000000e+03
1.800000000000000000e+03 3.901000000000000000e+03
1.900000000000000000e+03 3.930000000000000000e+03
2.000000000000000000e+03 3.908000000000000000e+03
2.100000000000000000e+03 3.935000000000000000e+03
2.200000000000000000e+03 3.880000000000000000e+03
2.300000000000000000e+03 3.936000000000000000e+03
2.400000000000000000e+03 3.857000000000000000e+03
2.500000000000000000e+03 3.876000000000000000e+03
2.600000000000000000e+03 3.884000000000000000e+03
2.700000000000000000e+03 3.876000000000000000e+03
2.800000000000000000e+03 3.778000000000000000e+03
2.900000000000000000e+03 3.765000000000000000e+03
3.000000000000000000e+03 3.680000000000000000e+03
3.100000000000000000e+03 3.659000000000000000e+03
3.200000000000000000e+03 3.598000000000000000e+03
3.300000000000000000e+03 3.550000000000000000e+03
3.400000000000000000e+03 3.632000000000000000e+03
3.500000000000000000e+03 3.450000000000000000e+03
3.600000000000000000e+03 3.467000000000000000e+03
3.700000000000000000e+03 3.440000000000000000e+03
3.800000000000000000e+03 3.287000000000000000e+03
3.900000000000000000e+03 3.165000000000000000e+03
4.000000000000000000e+03 3.194000000000000000e+03
4.100000000000000000e+03 3.191000000000000000e+03
4.200000000000000000e+03 2.967000000000000000e+03
4.300000000000000000e+03 3.016000000000000000e+03
4.400000000000000000e+03 2.834000000000000000e+03
4.500000000000000000e+03 2.662000000000000000e+03
4.600000000000000000e+03 2.562000000000000000e+03
4.700000000000000000e+03 2.607000000000000000e+03
4.800000000000000000e+03 2.501000000000000000e+03
4.900000000000000000e+03 2.358000000000000000e+03
5.000000000000000000e+03 2.201000000000000000e+03
5.100000000000000000e+03 2.142000000000000000e+03
5.200000000000000000e+03 1.967000000000000000e+03
5.300000000000000000e+03 1.972000000000000000e+03
5.400000000000000000e+03 1.845000000000000000e+03
5.500000000000000000e+03 1.663000000000000000e+03
5.600000000000000000e+03 1.671000000000000000e+03
5.700000000000000000e+03 1.489000000000000000e+03
5.800000000000000000e+03 1.399000000000000000e+03
5.900000000000000000e+03 1.342000000000000000e+03
6.000000000000000000e+03 1.293000000000000000e+03
6.100000000000000000e+03 1.123000000000000000e+03
6.200000000000000000e+03 1.061000000000000000e+03
6.300000000000000000e+03 1.029000000000000000e+03
6.400000000000000000e+03 9.690000000000000000e+02
6.500000000000000000e+03 9.880000000000000000e+02
6.600000000000000000e+03 8.620000000000000000e+02
6.700000000000000000e+03 8.190000000000000000e+02
6.800000000000000000e+03 7.480000000000000000e+02
6.900000000000000000e+03 7.930000000000000000e+02
7.000000000000000000e+03 7.550000000000000000e+02
7.100000000000000000e+03 7.610000000000000000e+02
7.200000000000000000e+03 7.890000000000000000e+02
7.300000000000000000e+03 8.050000000000000000e+02
7.400000000000000000e+03 8.500000000000000000e+02
7.500000000000000000e+03 7.930000000000000000e+02
7.600000000000000000e+03 8.320000000000000000e+02
7.700000000000000000e+03 9.990000000000000000e+02
7.800000000000000000e+03 9.910000000000000000e+02
7.900000000000000000e+03 1.019000000000000000e+03
8.000000000000000000e+03 1.100000000000000000e+03
8.100000000000000000e+03 1.188000000000000000e+03
8.200000000000000000e+03 1.242000000000000000e+03
8.300000000000000000e+03 1.395000000000000000e+03
8.400000000000000000e+03 1.437000000000000000e+03
8.500000000000000000e+03 1.483000000000000000e+03
8.600000000000000000e+03 1.583000000000000000e+03
8.700000000000000000e+03 1.824000000000000000e+03
8.800000000000000000e+03 1.861000000000000000e+03
8.900000000000000000e+03 2.023000000000000000e+03
9.000000000000000000e+03 2.225000000000000000e+03
9.100000000000000000e+03 2.232000000000000000e+03
9.200000000000000000e+03 2.270000000000000000e+03
9.300000000000000000e+03 2.598000000000000000e+03
9.400000000000000000e+03 2.622000000000000000e+03
9.500000000000000000e+03 2.564000000000000000e+03
9.600000000000000000e+03 2.661000000000000000e+03
9.700000000000000000e+03 2.950000000000000000e+03
9.800000000000000000e+03 2.923000000000000000e+03
9.900000000000000000e+03 3.192000000000000000e+03
1.000000000000000000e+04 3.175000000000000000e+03
1.010000000000000000e+04 3.361000000000000000e+03
1.020000000000000000e+04 3.252000000000000000e+03
1.030000000000000000e+04 3.424000000000000000e+03
1.040000000000000000e+04 3.418000000000000000e+03
1.050000000000000000e+04 3.635000000000000000e+03
1.060000000000000000e+04 3.678000000000000000e+03
1.070000000000000000e+04 3.679000000000000000e+03
1.080000000000000000e+04 3.701000000000000000e+03
1.090000000000000000e+04 3.779000000000000000e+03
1.100000000000000000e+04 3.735000000000000000e+03
1.110000000000000000e+04 3.646000000000000000e+03
1.120000000000000000e+04 3.838000000000000000e+03
1.130000000000000000e+04 3.817000000000000000e+03
1.140000000000000000e+04 3.769000000000000000e+03
1.150000000000000000e+04 3.847000000000000000e+03
1.160000000000000000e+04 3.769000000000000000e+03
1.170000000000000000e+04 3.965000000000000000e+03
1.180000000000000000e+04 3.910000000000000000e+03
1.190000000000000000e+04 3.992000000000000000e+03
1.200000000000000000e+04 3.938000000000000000e+03
1.210000000000000000e+04 3.918000000000000000e+03
1.220000000000000000e+04 3.829000000000000000e+03
1.230000000000000000e+04 3.827000000000000000e+03
1.240000000000000000e+04 3.813000000000000000e+03
1.250000000000000000e+04 3.911000000000000000e+03
1.260000000000000000e+04 3.852000000000000000e+03
1.270000000000000000e+04 3.738000000000000000e+03
1.280000000000000000e+04 3.815000000000000000e+03
1.290000000000000000e+04 3.738000000000000000e+03
1.300000000000000000e+04 3.626000000000000000e+03
1.310000000000000000e+04 3.768000000000000000e+03
1.320000000000000000e+04 3.873000000000000000e+03
1.330000000000000000e+04 3.632000000000000000e+03
1.340000000000000000e+04 3.488000000000000000e+03
1.350000000000000000e+04 3.489000000000000000e+03
1.360000000000000000e+04 3.497000000000000000e+03
1.370000000000000000e+04 3.356000000000000000e+03
1.380000000000000000e+04 3.376000000000000000e+03
1.390000000000000000e+04 3.387000000000000000e+03
1.400000000000000000e+04 3.161000000000000000e+03
1.410000000000000000e+04 3.147000000000000000e+03
1.420000000000000000e+04 3.005000000000000000e+03
1.430000000000000000e+04 2.920000000000000000e+03
1.440000000000000000e+04 2.789000000000000000e+03
1.450000000000000000e+04 2.709000000000000000e+03
1.460000000000000000e+04 2.684000000000000000e+03
1.470000000000000000e+04 2.612000000000000000e+03
1.480000000000000000e+04 2.403000000000000000e+03
1.490000000000000000e+04 2.241000000000000000e+03
1.500000000000000000e+04 2.212000000000000000e+03
1.510000000000000000e+04 2.140000000000000000e+03
1.520000000000000000e+04 2.015000000000000000e+03
1.530000000000000000e+04 1.862000000000000000e+03
1.540000000000000000e+04 1.810000000000000000e+03
1.550000000000000000e+04 1.630000000000000000e+03
1.560000000000000000e+04 1.638000000000000000e+03
1.570000000000000000e+04 1.532000000000000000e+03
1.580000000000000000e+04 1.387000000000000000e+03
1.590000000000000000e+04 1.300000000000000000e+03
1.600000000000000000e+04 1.182000000000000000e+03
1.610000000000000000e+04 1.189000000000000000e+03
1.620000000000000000e+04 1.109000000000000000e+03
1.630000000000000000e+04 1.046000000000000000e+03
1.640000000000000000e+04 9.470000000000000000e+02
1.650000000000000000e+04 9.480000000000000000e+02
1.660000000000000000e+04 9.080000000000000000e+02
1.670000000000000000e+04 8.820000000000000000e+02
1.680000000000000000e+04 8.920000000000000000e+02
1.690000000000000000e+04 7.970000000000000000e+02
1.700000000000000000e+04 8.100000000000000000e+02
1.710000000000000000e+04 7.650000000000000000e+02
1.720000000000000000e+04 7.970000000000000000e+02
1.730000000000000000e+04 8.030000000000000000e+02
1.740000000000000000e+04 8.240000000000000000e+02
1.750000000000000000e+04 8.520000000000000000e+02
1.760000000000000000e+04 8.300000000000000000e+02
1.770000000000000000e+04 8.810000000000000000e+02
1.780000000000000000e+04 9.750000000000000000e+02
1.790000000000000000e+04 9.580000000000000000e+02
1.800000000000000000e+04 1.034000000000000000e+03
1.810000000000000000e+04 1.138000000000000000e+03
1.820000000000000000e+04 1.277000000000000000e+03
1.830000000000000000e+04 1.381000000000000000e+03
1.840000000000000000e+04 1.430000000000000000e+03
1.850000000000000000e+04 1.569000000000000000e+03
1.860000000000000000e+04 1.725000000000000000e+03
1.870000000000000000e+04 1.806000000000000000e+03
1.880000000000000000e+04 2.012000000000000000e+03
1.890000000000000000e+04 2.010000000000000000e+03
1.900000000000000000e+04 2.125000000000000000e+03
1.910000000000000000e+04 2.230000000000000000e+03
1.920000000000000000e+04 2.275000000000000000e+03
1.930000000000000000e+04 2.532000000000000000e+03
1.940000000000000000e+04 2.612000000000000000e+03
1.950000000000000000e+04 2.694000000000000000e+03
1.960000000000000000e+04 2.811000000000000000e+03
1.970000000000000000e+04 3.049000000000000000e+03
1.980000000000000000e+04 3.012000000000000000e+03
1.990000000000000000e+04 3.023000000000000000e+03
