0.000000000000000000e+00 7.099000000000000000e+03
1.000000000000000000e+04 7.470000000000000000e+03
2.000000000000000000e+04 7.505000000000000000e+03
3.000000000000000000e+04 7.743000000000000000e+03
4.000000000000000000e+04 7.768000000000000000e+03
5.000000000000000000e+04 7.973000000000000000e+03
6.000000000000000000e+04 8.140000000000000000e+03
7.000000000000000000e+04 8.052000000000000000e+03
8.000000000000000000e+04 8.401000000000000000e+03
9.000000000000000000e+04 8.304000000000000000e+03
1.000000000000000000e+05 8.361000000000000000e+03
1.100000000000000000e+05 8.473000000000000000e+03
1.200000000000000000e+05 8.722000000000000000e+03
1.300000000000000000e+05 8.632000000000000000e+03
1.400000000000000000e+05 8.907000000000000000e+03
1.500000000000000000e+05 8.703000000000000000e+03
1.600000000000000000e+05 8.784000000000000000e+03
1.700000000000000000e+05 8.795000000000000000e+03
1.800000000000000000e+05 8.751000000000000000e+03
1.900000000000000000e+05 8.874000000000000000e+03
2.000000000000000000e+05 8.722000000000000000e+03
2.100000000000000000e+05 8.859000000000000000e+03
2.200000000000000000e+05 8.659000000000000000e+03
2.300000000000000000e+05 8.565000000000000000e+03
2.400000000000000000e+05 8.612000000000000000e+03
2.500000000000000000e+05 8.666000000000000000e+03
2.600000000000000000e+05 8.611000000000000000e+03
2.700000000000000000e+05 8.527000000000000000e+03
2.800000000000000000e+05 8.433000000000000000e+03
2.900000000000000000e+05 8.283000000000000000e+03
3.000000000000000000e+05 8.267000000000000000e+03
3.100000000000000000e+05 8.001000000000000000e+03
3.200000000000000000e+05 7.936000000000000000e+03
3.300000000000000000e+05 8.000000000000000000e+03
3.400000000000000000e+05 7.970000000000000000e+03
3.500000000000000000e+05 7.626000000000000000e+03
3.600000000000000000e+05 7.560000000000000000e+03
3.700000000000000000e+05 7.490000000000000000e+03
3.800000000000000000e+05 7.396000000000000000e+03
3.900000000000000000e+05 7.121000000000000000e+03
4.000000000000000000e+05 6.828000000000000000e+03
4.100000000000000000e+05 6.476000000000000000e+03
4.200000000000000000e+05 6.378000000000000000e+03
4.300000000000000000e+05 6.230000000000000000e+03
4.400000000000000000e+05 5.851000000000000000e+03
4.500000000000000000e+05 5.760000000000000000e+03
4.600000000000000000e+05 5.461000000000000000e+03
4.700000000000000000e+05 5.051000000000000000e+03
4.800000000000000000e+05 5.011000000000000000e+03
4.900000000000000000e+05 4.636000000000000000e+03
5.000000000000000000e+05 4.466000000000000000e+03
5.100000000000000000e+05 4.123000000000000000e+03
5.200000000000000000e+05 3.997000000000000000e+03
5.300000000000000000e+05 3.654000000000000000e+03
5.400000000000000000e+05 3.354000000000000000e+03
5.500000000000000000e+05 3.086000000000000000e+03
5.600000000000000000e+05 2.867000000000000000e+03
5.700000000000000000e+05 2.658000000000000000e+03
5.800000000000000000e+05 2.580000000000000000e+03
5.900000000000000000e+05 2.376000000000000000e+03
6.000000000000000000e+05 2.202000000000000000e+03
6.100000000000000000e+05 2.071000000000000000e+03
6.200000000000000000e+05 1.911000000000000000e+03
6.300000000000000000e+05 1.833000000000000000e+03
6.400000000000000000e+05 1.751000000000000000e+03
6.500000000000000000e+05 1.643000000000000000e+03
6.600000000000000000e+05 1.671000000000000000e+03
6.700000000000000000e+05 1.471000000000000000e+03
6.800000000000000000e+05 1.492000000000000000e+03
6.900000000000000000e+05 1.479000000000000000e+03
7.000000000000000000e+05 1.528000000000000000e+03
7.100000000000000000e+05 1.542000000000000000e+03
7.200000000000000000e+05 1.527000000000000000e+03
7.300000000000000000e+05 1.596000000000000000e+03
7.400000000000000000e+05 1.635000000000000000e+03
7.500000000000000000e+05 1.788000000000000000e+03
7.600000000000000000e+05 1.712000000000000000e+03
7.700000000000000000e+05 1.995000000000000000e+03
7.800000000000000000e+05 2.154000000000000000e+03
7.900000000000000000e+05 2.306000000000000000e+03
8.000000000000000000e+05 2.453000000000000000e+03
8.100000000000000000e+05 2.587000000000000000e+03
8.200000000000000000e+05 2.800000000000000000e+03
8.300000000000000000e+05 3.037000000000000000e+03
8.400000000000000000e+05 3.267000000000000000e+03
8.500000000000000000e+05 3.665000000000000000e+03
8.600000000000000000e+05 3.868000000000000000e+03
8.700000000000000000e+05 4.016000000000000000e+03
8.800000000000000000e+05 4.323000000000000000e+03
8.900000000000000000e+05 4.489000000000000000e+03
9.000000000000000000e+05 4.866000000000000000e+03
9.100000000000000000e+05 5.247000000000000000e+03
9.200000000000000000e+05 5.216000000000000000e+03
9.300000000000000000e+05 5.471000000000000000e+03
9.400000000000000000e+05 5.931000000000000000e+03
9.500000000000000000e+05 6.134000000000000000e+03
9.600000000000000000e+05 6.265000000000000000e+03
9.700000000000000000e+05 6.479000000000000000e+03
9.800000000000000000e+05 6.659000000000000000e+03
9.900000000000000000e+05 6.885000000000000000e+03
1.000000000000000000e+06 7.196000000000000000e+03
1.010000000000000000e+06 7.390000000000000000e+03
1.020000000000000000e+06 7.394000000000000000e+03
1.030000000000000000e+06 7.722000000000000000e+03
1.040000000000000000e+06 7.817000000000000000e+03
1.050000000000000000e+06 7.922000000000000000e+03
1.060000000000000000e+06 7.977000000000000000e+03
1.070000000000000000e+06 8.123000000000000000e+03
1.080000000000000000e+06 8.425000000000000000e+03
1.090000000000000000e+06 8.308000000000000000e+03
1.100000000000000000e+06 8.425000000000000000e+03
1.110000000000000000e+06 8.407000000000000000e+03
1.120000000000000000e+06 8.673000000000000000e+03
1.130000000000000000e+06 8.600000000000000000e+03
1.140000000000000000e+06 8.679000000000000000e+03
1.150000000000000000e+06 8.548000000000000000e+03
1.160000000000000000e+06 8.929000000000000000e+03
1.170000000000000000e+06 8.755000000000000000e+03
1.180000000000000000e+06 8.934000000000000000e+03
1.190000000000000000e+06 8.772000000000000000e+03
1.200000000000000000e+06 8.827000000000000000e+03
1.210000000000000000e+06 8.807000000000000000e+03
1.220000000000000000e+06 8.555000000000000000e+03
1.230000000000000000e+06 8.647000000000000000e+03
1.240000000000000000e+06 8.586000000000000000e+03
1.250000000000000000e+06 8.609000000000000000e+03
1.260000000000000000e+06 8.667000000000000000e+03
1.270000000000000000e+06 8.399000000000000000e+03
1.280000000000000000e+06 8.443000000000000000e+03
1.290000000000000000e+06 8.317000000000000000e+03
1.300000000000000000e+06 8.211000000000000000e+03
1.310000000000000000e+06 8.247000000000000000e+03
1.320000000000000000e+06 8.039000000000000000e+03
1.330000000000000000e+06 8.014000000000000000e+03
1.340000000000000000e+06 8.049000000000000000e+03
1.350000000000000000e+06 7.608000000000000000e+03
1.360000000000000000e+06 7.441000000000000000e+03
1.370000000000000000e+06 7.413000000000000000e+03
1.380000000000000000e+06 7.202000000000000000e+03
1.390000000000000000e+06 7.151000000000000000e+03
1.400000000000000000e+06 6.834000000000000000e+03
1.410000000000000000e+06 6.512000000000000000e+03
1.420000000000000000e+06 6.454000000000000000e+03
1.430000000000000000e+06 6.251000000000000000e+03
1.440000000000000000e+06 5.844000000000000000e+03
1.450000000000000000e+06 5.674000000000000000e+03
1.460000000000000000e+06 5.508000000000000000e+03
1.470000000000000000e+06 5.158000000000000000e+03
1.480000000000000000e+06 5.023000000000000000e+03
1.490000000000000000e+06 4.591000000000000000e+03
1.500000000000000000e+06 4.318000000000000000e+03
1.510000000000000000e+06 4.242000000000000000e+03
1.520000000000000000e+06 3.924000000000000000e+03
1.530000000000000000e+06 3.761000000000000000e+03
1.540000000000000000e+06 3.418000000000000000e+03
1.550000000000000000e+06 3.153000000000000000e+03
1.560000000000000000e+06 2.809000000000000000e+03
1.570000000000000000e+06 2.786000000000000000e+03
1.580000000000000000e+06 2.480000000000000000e+03
1.590000000000000000e+06 2.354000000000000000e+03
1.600000000000000000e+06 2.155000000000000000e+03
1.610000000000000000e+06 2.081000000000000000e+03
1.620000000000000000e+06 1.923000000000000000e+03
1.630000000000000000e+06 1.842000000000000000e+03
1.640000000000000000e+06 1.768000000000000000e+03
1.650000000000000000e+06 1.564000000000000000e+03
1.660000000000000000e+06 1.507000000000000000e+03
1.670000000000000000e+06 1.547000000000000000e+03
1.680000000000000000e+06 1.555000000000000000e+03
1.690000000000000000e+06 1.406000000000000000e+03
1.700000000000000000e+06 1.499000000000000000e+03
1.710000000000000000e+06 1.480000000000000000e+03
1.720000000000000000e+06 1.575000000000000000e+03
1.730000000000000000e+06 1.641000000000000000e+03
1.740000000000000000e+06 1.748000000000000000e+03
1.750000000000000000e+06 1.730000000000000000e+03
1.760000000000000000e+06 1.831000000000000000e+03
1.770000000000000000e+06 2.029000000000000000e+03
1.780000000000000000e+06 2.150000000000000000e+03
1.790000000000000000e+06 2.246000000000000000e+03
1.800000000000000000e+06 2.482000000000000000e+03
1.810000000000000000e+06 2.584000000000000000e+03
1.820000000000000000e+06 2.875000000000000000e+03
1.830000000000000000e+06 2.969000000000000000e+03
1.840000000000000000e+06 3.274000000000000000e+03
1.850000000000000000e+06 3.542000000000000000e+03
1.860000000000000000e+06 3.803000000000000000e+03
1.870000000000000000e+06 3.935000000000000000e+03
1.880000000000000000e+06 4.382000000000000000e+03
1.890000000000000000e+06 4.458000000000000000e+03
1.900000000000000000e+06 4.718000000000000000e+03
1.910000000000000000e+06 5.029000000000000000e+03
1.920000000000000000e+06 5.313000000000000000e+03
1.930000000000000000e+06 5.564000000000000000e+03
1.940000000000000000e+06 5.832000000000000000e+03
1.950000000000000000e+06 6.174000000000000000e+03
1.960000000000000000e+06 6.329000000000000000e+03
1.970000000000000000e+06 6.594000000000000000e+03
1.980000000000000000e+06 6.803000000000000000e+03
1.990000000000000000e+06 6.964000000000000000e+03
