0.000000000000000000e+00 2.380000000000000000e+03
1.400000000000000000e+01 2.393000000000000000e+03
2.800000000000000000e+01 2.548000000000000000e+03
4.200000000000000000e+01 2.617000000000000000e+03
5.600000000000000000e+01 2.598000000000000000e+03
7.000000000000000000e+01 2.861000000000000000e+03
8.400000000000000000e+01 2.875000000000000000e+03
9.800000000000000000e+01 3.023000000000000000e+03
1.120000000000000000e+02 3.021000000000000000e+03
1.260000000000000000e+02 3.189000000000000000e+03
1.400000000000000000e+02 3.237000000000000000e+03
1.540000000000000000e+02 3.219000000000000000e+03
1.680000000000000000e+02 3.279000000000000000e+03
1.820000000000000000e+02 3.353000000000000000e+03
1.960000000000000000e+02 3.295000000000000000e+03
2.100000000000000000e+02 3.366000000000000000e+03
2.240000000000000000e+02 3.377000000000000000e+03
2.380000000000000000e+02 3.368000000000000000e+03
2.520000000000000000e+02 3.487000000000000000e+03
2.660000000000000000e+02 3.491000000000000000e+03
2.800000000000000000e+02 3.598000000000000000e+03
2.940000000000000000e+02 3.505000000000000000e+03
3.080000000000000000e+02 3.596000000000000000e+03
3.220000000000000000e+02 3.605000000000000000e+03
3.360000000000000000e+02 3.603000000000000000e+03
3.500000000000000000e+02 3.606000000000000000e+03
3.640000000000000000e+02 3.659000000000000000e+03
3.780000000000000000e+02 3.706000000000000000e+03
3.920000000000000000e+02 3.595000000000000000e+03
4.060000000000000000e+02 3.477000000000000000e+03
4.200000000000000000e+02 3.629000000000000000e+03
4.340000000000000000e+02 3.528000000000000000e+03
4.480000000000000000e+02 3.483000000000000000e+03
4.620000000000000000e+02 3.575000000000000000e+03
4.760000000000000000e+02 3.464000000000000000e+03
4.900000000000000000e+02 3.470000000000000000e+03
5.040000000000000000e+02 3.421000000000000000e+03
5.180000000000000000e+02 3.387000000000000000e+03
5.320000000000000000e+02 3.331000000000000000e+03
5.460000000000000000e+02 3.347000000000000000e+03
5.600000000000000000e+02 3.305000000000000000e+03
5.740000000000000000e+02 3.257000000000000000e+03
5.880000000000000000e+02 3.243000000000000000e+03
6.020000000000000000e+02 3.206000000000000000e+03
6.160000000000000000e+02 3.153000000000000000e+03
6.300000000000000000e+02 2.972000000000000000e+03
6.440000000000000000e+02 2.944000000000000000e+03
6.580000000000000000e+02 2.979000000000000000e+03
6.720000000000000000e+02 2.913000000000000000e+03
6.860000000000000000e+02 2.774000000000000000e+03
7.000000000000000000e+02 2.788000000000000000e+03
7.140000000000000000e+02 2.645000000000000000e+03
7.280000000000000000e+02 2.577000000000000000e+03
7.420000000000000000e+02 2.508000000000000000e+03
7.560000000000000000e+02 2.472000000000000000e+03
7.700000000000000000e+02 2.345000000000000000e+03
7.840000000000000000e+02 2.225000000000000000e+03
7.980000000000000000e+02 2.135000000000000000e+03
8.120000000000000000e+02 2.140000000000000000e+03
8.260000000000000000e+02 2.046000000000000000e+03
8.400000000000000000e+02 1.913000000000000000e+03
8.540000000000000000e+02 1.873000000000000000e+03
8.680000000000000000e+02 1.774000000000000000e+03
8.820000000000000000e+02 1.715000000000000000e+03
8.960000000000000000e+02 1.679000000000000000e+03
9.100000000000000000e+02 1.637000000000000000e+03
9.240000000000000000e+02 1.613000000000000000e+03
9.380000000000000000e+02 1.488000000000000000e+03
9.520000000000000000e+02 1.498000000000000000e+03
9.660000000000000000e+02 1.371000000000000000e+03
9.800000000000000000e+02 1.349000000000000000e+03
9.940000000000000000e+02 1.299000000000000000e+03
1.008000000000000000e+03 1.266000000000000000e+03
1.022000000000000000e+03 1.176000000000000000e+03
1.036000000000000000e+03 1.208000000000000000e+03
1.050000000000000000e+03 1.210000000000000000e+03
1.064000000000000000e+03 1.176000000000000000e+03
1.078000000000000000e+03 1.132000000000000000e+03
1.092000000000000000e+03 1.067000000000000000e+03
1.106000000000000000e+03 1.140000000000000000e+03
1.120000000000000000e+03 1.135000000000000000e+03
1.134000000000000000e+03 1.086000000000000000e+03
1.148000000000000000e+03 1.187000000000000000e+03
1.162000000000000000e+03 1.140000000000000000e+03
1.176000000000000000e+03 1.171000000000000000e+03
1.190000000000000000e+03 1.135000000000000000e+03
1.204000000000000000e+03 1.177000000000000000e+03
1.218000000000000000e+03 1.227000000000000000e+03
1.232000000000000000e+03 1.235000000000000000e+03
1.246000000000000000e+03 1.319000000000000000e+03
1.260000000000000000e+03 1.276000000000000000e+03
1.274000000000000000e+03 1.385000000000000000e+03
1.288000000000000000e+03 1.420000000000000000e+03
1.302000000000000000e+03 1.516000000000000000e+03
1.316000000000000000e+03 1.655000000000000000e+03
1.330000000000000000e+03 1.733000000000000000e+03
1.344000000000000000e+03 1.830000000000000000e+03
1.358000000000000000e+03 1.859000000000000000e+03
1.372000000000000000e+03 2.077000000000000000e+03
1.386000000000000000e+03 2.058000000000000000e+03
1.400000000000000000e+03 2.224000000000000000e+03
1.414000000000000000e+03 2.286000000000000000e+03
1.428000000000000000e+03 2.335000000000000000e+03
1.442000000000000000e+03 2.512000000000000000e+03
1.456000000000000000e+03 2.644000000000000000e+03
1.470000000000000000e+03 2.554000000000000000e+03
1.484000000000000000e+03 2.743000000000000000e+03
1.498000000000000000e+03 2.749000000000000000e+03
1.512000000000000000e+03 3.022000000000000000e+03
1.526000000000000000e+03 2.939000000000000000e+03
1.540000000000000000e+03 2.969000000000000000e+03
1.554000000000000000e+03 3.102000000000000000e+03
1.568000000000000000e+03 3.134000000000000000e+03
1.582000000000000000e+03 3.269000000000000000e+03
1.596000000000000000e+03 3.286000000000000000e+03
1.610000000000000000e+03 3.368000000000000000e+03
1.624000000000000000e+03 3.443000000000000000e+03
1.638000000000000000e+03 3.489000000000000000e+03
1.652000000000000000e+03 3.487000000000000000e+03
1.666000000000000000e+03 3.443000000000000000e+03
1.680000000000000000e+03 3.429000000000000000e+03
1.694000000000000000e+03 3.580000000000000000e+03
1.708000000000000000e+03 3.592000000000000000e+03
1.722000000000000000e+03 3.475000000000000000e+03
1.736000000000000000e+03 3.573000000000000000e+03
1.750000000000000000e+03 3.556000000000000000e+03
1.764000000000000000e+03 3.663000000000000000e+03
1.778000000000000000e+03 3.573000000000000000e+03
1.792000000000000000e+03 3.661000000000000000e+03
1.806000000000000000e+03 3.778000000000000000e+03
1.820000000000000000e+03 3.727000000000000000e+03
1.834000000000000000e+03 3.579000000000000000e+03
1.848000000000000000e+03 3.581000000000000000e+03
1.862000000000000000e+03 3.557000000000000000e+03
1.876000000000000000e+03 3.554000000000000000e+03
1.890000000000000000e+03 3.491000000000000000e+03
1.904000000000000000e+03 3.478000000000000000e+03
1.918000000000000000e+03 3.627000000000000000e+03
1.932000000000000000e+03 3.475000000000000000e+03
1.946000000000000000e+03 3.513000000000000000e+03
1.960000000000000000e+03 3.415000000000000000e+03
1.974000000000000000e+03 3.386000000000000000e+03
1.988000000000000000e+03 3.345000000000000000e+03
2.002000000000000000e+03 3.303000000000000000e+03
2.016000000000000000e+03 3.265000000000000000e+03
2.030000000000000000e+03 3.018000000000000000e+03
2.044000000000000000e+03 3.196000000000000000e+03
2.058000000000000000e+03 3.095000000000000000e+03
2.072000000000000000e+03 3.033000000000000000e+03
2.086000000000000000e+03 2.847000000000000000e+03
2.100000000000000000e+03 2.884000000000000000e+03
2.114000000000000000e+03 2.693000000000000000e+03
2.128000000000000000e+03 2.766000000000000000e+03
2.142000000000000000e+03 2.561000000000000000e+03
2.156000000000000000e+03 2.514000000000000000e+03
2.170000000000000000e+03 2.513000000000000000e+03
2.184000000000000000e+03 2.362000000000000000e+03
2.198000000000000000e+03 2.440000000000000000e+03
2.212000000000000000e+03 2.296000000000000000e+03
2.226000000000000000e+03 2.157000000000000000e+03
2.240000000000000000e+03 2.091000000000000000e+03
2.254000000000000000e+03 2.102000000000000000e+03
2.268000000000000000e+03 2.023000000000000000e+03
2.282000000000000000e+03 1.901000000000000000e+03
2.296000000000000000e+03 1.835000000000000000e+03
2.310000000000000000e+03 1.732000000000000000e+03
2.324000000000000000e+03 1.703000000000000000e+03
2.338000000000000000e+03 1.696000000000000000e+03
2.352000000000000000e+03 1.589000000000000000e+03
2.366000000000000000e+03 1.494000000000000000e+03
2.380000000000000000e+03 1.482000000000000000e+03
2.394000000000000000e+03 1.444000000000000000e+03
2.408000000000000000e+03 1.368000000000000000e+03
2.422000000000000000e+03 1.313000000000000000e+03
2.436000000000000000e+03 1.242000000000000000e+03
2.450000000000000000e+03 1.173000000000000000e+03
2.464000000000000000e+03 1.206000000000000000e+03
2.478000000000000000e+03 1.199000000000000000e+03
2.492000000000000000e+03 1.182000000000000000e+03
2.506000000000000000e+03 1.094000000000000000e+03
2.520000000000000000e+03 1.130000000000000000e+03
2.534000000000000000e+03 1.090000000000000000e+03
2.548000000000000000e+03 1.056000000000000000e+03
2.562000000000000000e+03 1.099000000000000000e+03
2.576000000000000000e+03 1.150000000000000000e+03
2.590000000000000000e+03 1.094000000000000000e+03
2.604000000000000000e+03 1.116000000000000000e+03
2.618000000000000000e+03 1.141000000000000000e+03
2.632000000000000000e+03 1.098000000000000000e+03
2.646000000000000000e+03 1.126000000000000000e+03
2.660000000000000000e+03 1.261000000000000000e+03
2.674000000000000000e+03 1.307000000000000000e+03
2.688000000000000000e+03 1.288000000000000000e+03
2.702000000000000000e+03 1.365000000000000000e+03
2.716000000000000000e+03 1.483000000000000000e+03
2.730000000000000000e+03 1.468000000000000000e+03
2.744000000000000000e+03 1.588000000000000000e+03
2.758000000000000000e+03 1.725000000000000000e+03
2.772000000000000000e+03 1.794000000000000000e+03
2.786000000000000000e+03 1.768000000000000000e+03
2.800000000000000000e+03 1.979000000000000000e+03
2.814000000000000000e+03 1.997000000000000000e+03
2.828000000000000000e+03 2.079000000000000000e+03
2.842000000000000000e+03 2.254000000000000000e+03
