0.000000000000000000e+00 3.441000000000000000e+03
5.000000000000000000e+02 3.454000000000000000e+03
1.000000000000000000e+03 3.519000000000000000e+03
1.500000000000000000e+03 3.647000000000000000e+03
2.000000000000000000e+03 3.557000000000000000e+03
2.500000000000000000e+03 3.614000000000000000e+03
3.000000000000000000e+03 3.759000000000000000e+03
3.500000000000000000e+03 3.885000000000000000e+03
4.000000000000000000e+03 3.687000000000000000e+03
4.500000000000000000e+03 3.896000000000000000e+03
5.000000000000000000e+03 3.898000000000000000e+03
5.500000000000000000e+03 3.882000000000000000e+03
6.000000000000000000e+03 3.907000000000000000e+03
6.500000000000000000e+03 4.004000000000000000e+03
7.000000000000000000e+03 4.022000000000000000e+03
7.500000000000000000e+03 3.969000000000000000e+03
8.000000000000000000e+03 3.968000000000000000e+03
8.500000000000000000e+03 4.114000000000000000e+03
9.000000000000000000e+03 4.012000000000000000e+03
9.500000000000000000e+03 4.011000000000000000e+03
1.000000000000000000e+04 4.017000000000000000e+03
1.050000000000000000e+04 4.125000000000000000e+03
1.100000000000000000e+04 4.079000000000000000e+03
1.150000000000000000e+04 4.002000000000000000e+03
1.200000000000000000e+04 4.012000000000000000e+03
1.250000000000000000e+04 3.901000000000000000e+03
1.300000000000000000e+04 3.991000000000000000e+03
1.350000000000000000e+04 4.003000000000000000e+03
1.400000000000000000e+04 4.082000000000000000e+03
1.450000000000000000e+04 3.873000000000000000e+03
1.500000000000000000e+04 3.806000000000000000e+03
1.550000000000000000e+04 3.808000000000000000e+03
1.600000000000000000e+04 3.682000000000000000e+03
1.650000000000000000e+04 3.542000000000000000e+03
1.700000000000000000e+04 3.581000000000000000e+03
1.750000000000000000e+04 3.648000000000000000e+03
1.800000000000000000e+04 3.448000000000000000e+03
1.850000000000000000e+04 3.548000000000000000e+03
1.900000000000000000e+04 3.318000000000000000e+03
1.950000000000000000e+04 3.292000000000000000e+03
2.000000000000000000e+04 3.332000000000000000e+03
2.050000000000000000e+04 3.126000000000000000e+03
2.100000000000000000e+04 3.050000000000000000e+03
2.150000000000000000e+04 2.995000000000000000e+03
2.200000000000000000e+04 2.931000000000000000e+03
2.250000000000000000e+04 2.697000000000000000e+03
2.300000000000000000e+04 2.635000000000000000e+03
2.350000000000000000e+04 2.483000000000000000e+03
2.400000000000000000e+04 2.471000000000000000e+03
2.450000000000000000e+04 2.403000000000000000e+03
2.500000000000000000e+04 2.339000000000000000e+03
2.550000000000000000e+04 2.162000000000000000e+03
2.600000000000000000e+04 2.001000000000000000e+03
2.650000000000000000e+04 1.886000000000000000e+03
2.700000000000000000e+04 1.797000000000000000e+03
2.750000000000000000e+04 1.687000000000000000e+03
2.800000000000000000e+04 1.573000000000000000e+03
2.850000000000000000e+04 1.475000000000000000e+03
2.900000000000000000e+04 1.335000000000000000e+03
2.950000000000000000e+04 1.284000000000000000e+03
3.000000000000000000e+04 1.224000000000000000e+03
3.050000000000000000e+04 1.059000000000000000e+03
3.100000000000000000e+04 1.053000000000000000e+03
3.150000000000000000e+04 9.620000000000000000e+02
3.200000000000000000e+04 9.750000000000000000e+02
3.250000000000000000e+04 9.250000000000000000e+02
3.300000000000000000e+04 8.690000000000000000e+02
3.350000000000000000e+04 8.890000000000000000e+02
3.400000000000000000e+04 8.450000000000000000e+02
3.450000000000000000e+04 7.930000000000000000e+02
3.500000000000000000e+04 8.420000000000000000e+02
3.550000000000000000e+04 8.970000000000000000e+02
3.600000000000000000e+04 9.060000000000000000e+02
3.650000000000000000e+04 8.360000000000000000e+02
3.700000000000000000e+04 9.350000000000000000e+02
3.750000000000000000e+04 9.600000000000000000e+02
3.800000000000000000e+04 9.940000000000000000e+02
3.850000000000000000e+04 1.086000000000000000e+03
3.900000000000000000e+04 1.094000000000000000e+03
3.950000000000000000e+04 1.176000000000000000e+03
4.000000000000000000e+04 1.231000000000000000e+03
4.050000000000000000e+04 1.387000000000000000e+03
4.100000000000000000e+04 1.471000000000000000e+03
4.150000000000000000e+04 1.540000000000000000e+03
4.200000000000000000e+04 1.681000000000000000e+03
4.250000000000000000e+04 1.781000000000000000e+03
4.300000000000000000e+04 1.858000000000000000e+03
4.350000000000000000e+04 2.019000000000000000e+03
4.400000000000000000e+04 2.212000000000000000e+03
4.450000000000000000e+04 2.275000000000000000e+03
4.500000000000000000e+04 2.356000000000000000e+03
4.550000000000000000e+04 2.503000000000000000e+03
4.600000000000000000e+04 2.608000000000000000e+03
4.650000000000000000e+04 2.667000000000000000e+03
4.700000000000000000e+04 2.791000000000000000e+03
4.750000000000000000e+04 2.881000000000000000e+03
4.800000000000000000e+04 3.012000000000000000e+03
4.850000000000000000e+04 3.095000000000000000e+03
4.900000000000000000e+04 3.175000000000000000e+03
4.950000000000000000e+04 3.349000000000000000e+03
5.000000000000000000e+04 3.463000000000000000e+03
5.050000000000000000e+04 3.445000000000000000e+03
5.100000000000000000e+04 3.490000000000000000e+03
5.150000000000000000e+04 3.474000000000000000e+03
5.200000000000000000e+04 3.577000000000000000e+03
5.250000000000000000e+04 3.760000000000000000e+03
5.300000000000000000e+04 3.724000000000000000e+03
5.350000000000000000e+04 3.699000000000000000e+03
5.400000000000000000e+04 3.861000000000000000e+03
5.450000000000000000e+04 3.940000000000000000e+03
5.500000000000000000e+04 3.936000000000000000e+03
5.550000000000000000e+04 3.979000000000000000e+03
5.600000000000000000e+04 4.016000000000000000e+03
5.650000000000000000e+04 4.126000000000000000e+03
5.700000000000000000e+04 3.885000000000000000e+03
5.750000000000000000e+04 4.091000000000000000e+03
5.800000000000000000e+04 4.091000000000000000e+03
5.850000000000000000e+04 4.069000000000000000e+03
5.900000000000000000e+04 4.046000000000000000e+03
5.950000000000000000e+04 3.993000000000000000e+03
6.000000000000000000e+04 4.009000000000000000e+03
6.050000000000000000e+04 4.034000000000000000e+03
6.100000000000000000e+04 4.109000000000000000e+03
6.150000000000000000e+04 3.999000000000000000e+03
6.200000000000000000e+04 3.990000000000000000e+03
6.250000000000000000e+04 3.940000000000000000e+03
6.300000000000000000e+04 4.069000000000000000e+03
6.350000000000000000e+04 3.956000000000000000e+03
6.400000000000000000e+04 3.975000000000000000e+03
6.450000000000000000e+04 3.889000000000000000e+03
6.500000000000000000e+04 3.741000000000000000e+03
6.550000000000000000e+04 3.762000000000000000e+03
6.600000000000000000e+04 3.720000000000000000e+03
6.650000000000000000e+04 3.680000000000000000e+03
6.700000000000000000e+04 3.679000000000000000e+03
6.750000000000000000e+04 3.593000000000000000e+03
6.800000000000000000e+04 3.639000000000000000e+03
6.850000000000000000e+04 3.499000000000000000e+03
6.900000000000000000e+04 3.413000000000000000e+03
6.950000000000000000e+04 3.242000000000000000e+03
7.000000000000000000e+04 3.246000000000000000e+03
7.050000000000000000e+04 3.173000000000000000e+03
7.100000000000000000e+04 3.115000000000000000e+03
7.150000000000000000e+04 2.956000000000000000e+03
7.200000000000000000e+04 2.853000000000000000e+03
7.250000000000000000e+04 2.826000000000000000e+03
7.300000000000000000e+04 2.619000000000000000e+03
7.350000000000000000e+04 2.648000000000000000e+03
7.400000000000000000e+04 2.394000000000000000e+03
7.450000000000000000e+04 2.303000000000000000e+03
7.500000000000000000e+04 2.174000000000000000e+03
7.550000000000000000e+04 2.072000000000000000e+03
7.600000000000000000e+04 2.017000000000000000e+03
7.650000000000000000e+04 1.885000000000000000e+03
7.700000000000000000e+04 1.762000000000000000e+03
7.750000000000000000e+04 1.605000000000000000e+03
7.800000000000000000e+04 1.624000000000000000e+03
7.850000000000000000e+04 1.466000000000000000e+03
7.900000000000000000e+04 1.399000000000000000e+03
7.950000000000000000e+04 1.201000000000000000e+03
8.000000000000000000e+04 1.194000000000000000e+03
8.050000000000000000e+04 1.127000000000000000e+03
8.100000000000000000e+04 1.055000000000000000e+03
8.150000000000000000e+04 1.009000000000000000e+03
8.200000000000000000e+04 9.670000000000000000e+02
8.250000000000000000e+04 9.300000000000000000e+02
8.300000000000000000e+04 8.970000000000000000e+02
8.350000000000000000e+04 8.870000000000000000e+02
8.400000000000000000e+04 8.470000000000000000e+02
8.450000000000000000e+04 8.540000000000000000e+02
8.500000000000000000e+04 8.230000000000000000e+02
8.550000000000000000e+04 7.780000000000000000e+02
8.600000000000000000e+04 7.730000000000000000e+02
8.650000000000000000e+04 8.600000000000000000e+02
8.700000000000000000e+04 9.270000000000000000e+02
8.750000000000000000e+04 8.780000000000000000e+02
8.800000000000000000e+04 9.350000000000000000e+02
8.850000000000000000e+04 1.039000000000000000e+03
8.900000000000000000e+04 1.122000000000000000e+03
8.950000000000000000e+04 1.139000000000000000e+03
9.000000000000000000e+04 1.218000000000000000e+03
9.050000000000000000e+04 1.374000000000000000e+03
9.100000000000000000e+04 1.474000000000000000e+03
9.150000000000000000e+04 1.578000000000000000e+03
9.200000000000000000e+04 1.713000000000000000e+03
9.250000000000000000e+04 1.783000000000000000e+03
9.300000000000000000e+04 1.889000000000000000e+03
9.350000000000000000e+04 2.005000000000000000e+03
9.400000000000000000e+04 2.158000000000000000e+03
9.450000000000000000e+04 2.288000000000000000e+03
9.500000000000000000e+04 2.312000000000000000e+03
9.550000000000000000e+04 2.488000000000000000e+03
9.600000000000000000e+04 2.608000000000000000e+03
9.650000000000000000e+04 2.636000000000000000e+03
9.700000000000000000e+04 2.829000000000000000e+03
9.750000000000000000e+04 2.918000000000000000e+03
9.800000000000000000e+04 3.026000000000000000e+03
9.850000000000000000e+04 3.066000000000000000e+03
9.900000000000000000e+04 3.200000000000000000e+03
9.950000000000000000e+04 3.277000000000000000e+03
