0.000000000000000000e+00 5.614000000000000000e+03
5.000000000000000000e+03 5.676000000000000000e+03
1.000000000000000000e+04 5.915000000000000000e+03
1.500000000000000000e+04 6.010000000000000000e+03
2.000000000000000000e+04 6.064000000000000000e+03
2.500000000000000000e+04 6.092000000000000000e+03
3.000000000000000000e+04 6.230000000000000000e+03
3.500000000000000000e+04 6.233000000000000000e+03
4.000000000000000000e+04 6.367000000000000000e+03
4.500000000000000000e+04 6.411000000000000000e+03
5.000000000000000000e+04 6.467000000000000000e+03
5.500000000000000000e+04 6.547000000000000000e+03
6.000000000000000000e+04 6.561000000000000000e+03
6.500000000000000000e+04 6.639000000000000000e+03
7.000000000000000000e+04 6.627000000000000000e+03
7.500000000000000000e+04 6.790000000000000000e+03
8.000000000000000000e+04 6.707000000000000000e+03
8.500000000000000000e+04 6.604000000000000000e+03
9.000000000000000000e+04 6.768000000000000000e+03
9.500000000000000000e+04 6.654000000000000000e+03
1.000000000000000000e+05 6.568000000000000000e+03
1.050000000000000000e+05 6.739000000000000000e+03
1.100000000000000000e+05 6.632000000000000000e+03
1.150000000000000000e+05 6.630000000000000000e+03
1.200000000000000000e+05 6.664000000000000000e+03
1.250000000000000000e+05 6.632000000000000000e+03
1.300000000000000000e+05 6.492000000000000000e+03
1.350000000000000000e+05 6.409000000000000000e+03
1.400000000000000000e+05 6.386000000000000000e+03
1.450000000000000000e+05 6.500000000000000000e+03
1.500000000000000000e+05 6.363000000000000000e+03
1.550000000000000000e+05 6.407000000000000000e+03
1.600000000000000000e+05 6.201000000000000000e+03
1.650000000000000000e+05 6.236000000000000000e+03
1.700000000000000000e+05 6.051000000000000000e+03
1.750000000000000000e+05 5.970000000000000000e+03
1.800000000000000000e+05 5.879000000000000000e+03
1.850000000000000000e+05 5.679000000000000000e+03
1.900000000000000000e+05 5.586000000000000000e+03
1.950000000000000000e+05 5.679000000000000000e+03
2.000000000000000000e+05 5.330000000000000000e+03
2.050000000000000000e+05 5.320000000000000000e+03
2.100000000000000000e+05 5.049000000000000000e+03
2.150000000000000000e+05 4.960000000000000000e+03
2.200000000000000000e+05 4.795000000000000000e+03
2.250000000000000000e+05 4.664000000000000000e+03
2.300000000000000000e+05 4.471000000000000000e+03
2.350000000000000000e+05 4.251000000000000000e+03
2.400000000000000000e+05 4.142000000000000000e+03
2.450000000000000000e+05 3.950000000000000000e+03
2.500000000000000000e+05 3.727000000000000000e+03
2.550000000000000000e+05 3.570000000000000000e+03
2.600000000000000000e+05 3.290000000000000000e+03
2.650000000000000000e+05 3.419000000000000000e+03
2.700000000000000000e+05 2.977000000000000000e+03
2.750000000000000000e+05 2.802000000000000000e+03
2.800000000000000000e+05 2.659000000000000000e+03
2.850000000000000000e+05 2.382000000000000000e+03
2.900000000000000000e+05 2.261000000000000000e+03
2.950000000000000000e+05 2.141000000000000000e+03
3.000000000000000000e+05 2.063000000000000000e+03
3.050000000000000000e+05 1.894000000000000000e+03
3.100000000000000000e+05 1.752000000000000000e+03
3.150000000000000000e+05 1.636000000000000000e+03
3.200000000000000000e+05 1.664000000000000000e+03
3.250000000000000000e+05 1.530000000000000000e+03
3.300000000000000000e+05 1.576000000000000000e+03
3.350000000000000000e+05 1.468000000000000000e+03
3.400000000000000000e+05 1.459000000000000000e+03
3.450000000000000000e+05 1.490000000000000000e+03
3.500000000000000000e+05 1.436000000000000000e+03
3.550000000000000000e+05 1.448000000000000000e+03
3.600000000000000000e+05 1.488000000000000000e+03
3.650000000000000000e+05 1.564000000000000000e+03
3.700000000000000000e+05 1.620000000000000000e+03
3.750000000000000000e+05 1.734000000000000000e+03
3.800000000000000000e+05 1.920000000000000000e+03
3.850000000000000000e+05 1.810000000000000000e+03
3.900000000000000000e+05 1.973000000000000000e+03
3.950000000000000000e+05 2.255000000000000000e+03
4.000000000000000000e+05 2.233000000000000000e+03
4.050000000000000000e+05 2.413000000000000000e+03
4.100000000000000000e+05 2.616000000000000000e+03
4.150000000000000000e+05 2.791000000000000000e+03
4.200000000000000000e+05 2.993000000000000000e+03
4.250000000000000000e+05 3.141000000000000000e+03
4.300000000000000000e+05 3.254000000000000000e+03
4.350000000000000000e+05 3.421000000000000000e+03
4.400000000000000000e+05 3.689000000000000000e+03
4.450000000000000000e+05 3.857000000000000000e+03
4.500000000000000000e+05 4.127000000000000000e+03
4.550000000000000000e+05 4.298000000000000000e+03
4.600000000000000000e+05 4.414000000000000000e+03
4.650000000000000000e+05 4.629000000000000000e+03
4.700000000000000000e+05 4.719000000000000000e+03
4.750000000000000000e+05 4.820000000000000000e+03
4.800000000000000000e+05 5.053000000000000000e+03
4.850000000000000000e+05 5.222000000000000000e+03
4.900000000000000000e+05 5.460000000000000000e+03
4.950000000000000000e+05 5.498000000000000000e+03
5.000000000000000000e+05 5.766000000000000000e+03
5.050000000000000000e+05 5.720000000000000000e+03
5.100000000000000000e+05 5.756000000000000000e+03
5.150000000000000000e+05 6.062000000000000000e+03
5.200000000000000000e+05 6.056000000000000000e+03
5.250000000000000000e+05 6.169000000000000000e+03
5.300000000000000000e+05 6.187000000000000000e+03
5.350000000000000000e+05 6.295000000000000000e+03
5.400000000000000000e+05 6.304000000000000000e+03
5.450000000000000000e+05 6.384000000000000000e+03
5.500000000000000000e+05 6.443000000000000000e+03
5.550000000000000000e+05 6.572000000000000000e+03
5.600000000000000000e+05 6.471000000000000000e+03
5.650000000000000000e+05 6.549000000000000000e+03
5.700000000000000000e+05 6.488000000000000000e+03
5.750000000000000000e+05 6.624000000000000000e+03
5.800000000000000000e+05 6.683000000000000000e+03
5.850000000000000000e+05 6.607000000000000000e+03
5.900000000000000000e+05 6.648000000000000000e+03
5.950000000000000000e+05 6.819000000000000000e+03
6.000000000000000000e+05 6.802000000000000000e+03
6.050000000000000000e+05 6.513000000000000000e+03
6.100000000000000000e+05 6.483000000000000000e+03
6.150000000000000000e+05 6.567000000000000000e+03
6.200000000000000000e+05 6.692000000000000000e+03
6.250000000000000000e+05 6.640000000000000000e+03
6.300000000000000000e+05 6.604000000000000000e+03
6.350000000000000000e+05 6.424000000000000000e+03
6.400000000000000000e+05 6.359000000000000000e+03
6.450000000000000000e+05 6.450000000000000000e+03
6.500000000000000000e+05 6.335000000000000000e+03
6.550000000000000000e+05 6.353000000000000000e+03
6.600000000000000000e+05 6.232000000000000000e+03
6.650000000000000000e+05 6.178000000000000000e+03
6.700000000000000000e+05 6.120000000000000000e+03
6.750000000000000000e+05 5.932000000000000000e+03
6.800000000000000000e+05 5.678000000000000000e+03
6.850000000000000000e+05 5.731000000000000000e+03
6.900000000000000000e+05 5.630000000000000000e+03
6.950000000000000000e+05 5.652000000000000000e+03
7.000000000000000000e+05 5.487000000000000000e+03
7.050000000000000000e+05 5.391000000000000000e+03
7.100000000000000000e+05 5.140000000000000000e+03
7.150000000000000000e+05 5.008000000000000000e+03
7.200000000000000000e+05 4.810000000000000000e+03
7.250000000000000000e+05 4.639000000000000000e+03
7.300000000000000000e+05 4.424000000000000000e+03
7.350000000000000000e+05 4.383000000000000000e+03
7.400000000000000000e+05 4.167000000000000000e+03
7.450000000000000000e+05 3.843000000000000000e+03
7.500000000000000000e+05 3.753000000000000000e+03
7.550000000000000000e+05 3.594000000000000000e+03
7.600000000000000000e+05 3.298000000000000000e+03
7.650000000000000000e+05 3.191000000000000000e+03
7.700000000000000000e+05 2.984000000000000000e+03
7.750000000000000000e+05 2.818000000000000000e+03
7.800000000000000000e+05 2.623000000000000000e+03
7.850000000000000000e+05 2.431000000000000000e+03
7.900000000000000000e+05 2.384000000000000000e+03
7.950000000000000000e+05 2.183000000000000000e+03
8.000000000000000000e+05 2.100000000000000000e+03
8.050000000000000000e+05 1.963000000000000000e+03
8.100000000000000000e+05 1.798000000000000000e+03
8.150000000000000000e+05 1.723000000000000000e+03
8.200000000000000000e+05 1.690000000000000000e+03
8.250000000000000000e+05 1.638000000000000000e+03
8.300000000000000000e+05 1.581000000000000000e+03
8.350000000000000000e+05 1.470000000000000000e+03
8.400000000000000000e+05 1.484000000000000000e+03
8.450000000000000000e+05 1.509000000000000000e+03
8.500000000000000000e+05 1.434000000000000000e+03
8.550000000000000000e+05 1.442000000000000000e+03
8.600000000000000000e+05 1.505000000000000000e+03
8.650000000000000000e+05 1.550000000000000000e+03
8.700000000000000000e+05 1.549000000000000000e+03
8.750000000000000000e+05 1.695000000000000000e+03
8.800000000000000000e+05 1.753000000000000000e+03
8.850000000000000000e+05 1.856000000000000000e+03
8.900000000000000000e+05 2.065000000000000000e+03
8.950000000000000000e+05 2.021000000000000000e+03
9.000000000000000000e+05 2.231000000000000000e+03
9.050000000000000000e+05 2.465000000000000000e+03
9.100000000000000000e+05 2.555000000000000000e+03
9.150000000000000000e+05 2.778000000000000000e+03
9.200000000000000000e+05 3.010000000000000000e+03
9.250000000000000000e+05 3.108000000000000000e+03
9.300000000000000000e+05 3.300000000000000000e+03
9.350000000000000000e+05 3.444000000000000000e+03
9.400000000000000000e+05 3.667000000000000000e+03
9.450000000000000000e+05 3.959000000000000000e+03
9.500000000000000000e+05 4.158000000000000000e+03
9.550000000000000000e+05 4.260000000000000000e+03
9.600000000000000000e+05 4.388000000000000000e+03
9.650000000000000000e+05 4.592000000000000000e+03
9.700000000000000000e+05 4.799000000000000000e+03
9.750000000000000000e+05 4.984000000000000000e+03
9.800000000000000000e+05 5.129000000000000000e+03
9.850000000000000000e+05 5.300000000000000000e+03
9.900000000000000000e+05 5.340000000000000000e+03
9.950000000000000000e+05 5.561000000000000000e+03
