0.000000000000000000e+00 2.310000000000000000e+02
1.670000000000000000e+02 2.330000000000000000e+02
3.340000000000000000e+02 2.450000000000000000e+02
5.010000000000000000e+02 2.400000000000000000e+02
6.680000000000000000e+02 2.310000000000000000e+02
8.350000000000000000e+02 2.440000000000000000e+02
1.002000000000000000e+03 2.300000000000000000e+02
1.169000000000000000e+03 2.300000000000000000e+02
1.336000000000000000e+03 2.890000000000000000e+02
1.503000000000000000e+03 3.000000000000000000e+02
1.670000000000000000e+03 2.900000000000000000e+02
1.837000000000000000e+03 2.690000000000000000e+02
2.004000000000000000e+03 2.870000000000000000e+02
2.171000000000000000e+03 2.460000000000000000e+02
2.338000000000000000e+03 2.630000000000000000e+02
2.505000000000000000e+03 2.670000000000000000e+02
2.672000000000000000e+03 2.660000000000000000e+02
2.839000000000000000e+03 2.690000000000000000e+02
3.006000000000000000e+03 2.840000000000000000e+02
3.173000000000000000e+03 2.380000000000000000e+02
3.340000000000000000e+03 2.500000000000000000e+02
3.507000000000000000e+03 2.620000000000000000e+02
3.674000000000000000e+03 2.400000000000000000e+02
3.841000000000000000e+03 2.620000000000000000e+02
4.008000000000000000e+03 2.360000000000000000e+02
4.175000000000000000e+03 2.410000000000000000e+02
4.342000000000000000e+03 2.280000000000000000e+02
4.509000000000000000e+03 2.320000000000000000e+02
4.676000000000000000e+03 2.240000000000000000e+02
4.843000000000000000e+03 2.260000000000000000e+02
5.010000000000000000e+03 2.190000000000000000e+02
5.177000000000000000e+03 2.200000000000000000e+02
5.344000000000000000e+03 2.110000000000000000e+02
5.511000000000000000e+03 1.940000000000000000e+02
5.678000000000000000e+03 2.200000000000000000e+02
5.845000000000000000e+03 2.210000000000000000e+02
6.012000000000000000e+03 2.120000000000000000e+02
6.179000000000000000e+03 1.880000000000000000e+02
6.346000000000000000e+03 1.850000000000000000e+02
6.513000000000000000e+03 2.220000000000000000e+02
6.680000000000000000e+03 1.840000000000000000e+02
6.847000000000000000e+03 2.040000000000000000e+02
7.014000000000000000e+03 2.090000000000000000e+02
7.181000000000000000e+03 1.900000000000000000e+02
7.348000000000000000e+03 1.990000000000000000e+02
7.515000000000000000e+03 2.200000000000000000e+02
7.682000000000000000e+03 2.320000000000000000e+02
7.849000000000000000e+03 2.520000000000000000e+02
8.016000000000000000e+03 2.290000000000000000e+02
8.183000000000000000e+03 2.120000000000000000e+02
8.350000000000000000e+03 2.270000000000000000e+02
8.517000000000000000e+03 2.060000000000000000e+02
8.684000000000000000e+03 2.260000000000000000e+02
8.851000000000000000e+03 2.550000000000000000e+02
9.018000000000000000e+03 2.550000000000000000e+02
9.185000000000000000e+03 2.660000000000000000e+02
9.352000000000000000e+03 2.540000000000000000e+02
9.519000000000000000e+03 2.440000000000000000e+02
9.686000000000000000e+03 2.720000000000000000e+02
9.853000000000000000e+03 2.490000000000000000e+02
1.002000000000000000e+04 2.940000000000000000e+02
1.018700000000000000e+04 2.640000000000000000e+02
1.035400000000000000e+04 2.620000000000000000e+02
1.052100000000000000e+04 2.560000000000000000e+02
1.068800000000000000e+04 2.430000000000000000e+02
1.085500000000000000e+04 2.470000000000000000e+02
1.102200000000000000e+04 2.560000000000000000e+02
1.118900000000000000e+04 2.610000000000000000e+02
1.135600000000000000e+04 2.530000000000000000e+02
1.152300000000000000e+04 2.560000000000000000e+02
1.169000000000000000e+04 2.680000000000000000e+02
1.185700000000000000e+04 2.620000000000000000e+02
1.202400000000000000e+04 2.480000000000000000e+02
1.219100000000000000e+04 2.260000000000000000e+02
1.235800000000000000e+04 2.140000000000000000e+02
1.252500000000000000e+04 2.330000000000000000e+02
1.269200000000000000e+04 2.180000000000000000e+02
1.285900000000000000e+04 1.860000000000000000e+02
1.302600000000000000e+04 2.130000000000000000e+02
1.319300000000000000e+04 2.110000000000000000e+02
1.336000000000000000e+04 2.110000000000000000e+02
1.352700000000000000e+04 2.160000000000000000e+02
1.369400000000000000e+04 2.030000000000000000e+02
1.386100000000000000e+04 2.110000000000000000e+02
1.402800000000000000e+04 1.950000000000000000e+02
1.419500000000000000e+04 1.930000000000000000e+02
1.436200000000000000e+04 1.960000000000000000e+02
1.452900000000000000e+04 2.060000000000000000e+02
1.469600000000000000e+04 1.980000000000000000e+02
1.486300000000000000e+04 1.830000000000000000e+02
1.503000000000000000e+04 2.270000000000000000e+02
1.519700000000000000e+04 2.280000000000000000e+02
1.536400000000000000e+04 1.680000000000000000e+02
1.553100000000000000e+04 2.100000000000000000e+02
1.569800000000000000e+04 2.010000000000000000e+02
1.586500000000000000e+04 2.110000000000000000e+02
1.603200000000000000e+04 2.140000000000000000e+02
1.619900000000000000e+04 2.430000000000000000e+02
1.636600000000000000e+04 2.080000000000000000e+02
1.653300000000000000e+04 2.260000000000000000e+02
1.670000000000000000e+04 2.420000000000000000e+02
1.686700000000000000e+04 2.320000000000000000e+02
1.703400000000000000e+04 2.130000000000000000e+02
1.720100000000000000e+04 2.500000000000000000e+02
1.736800000000000000e+04 2.720000000000000000e+02
1.753500000000000000e+04 2.840000000000000000e+02
1.770200000000000000e+04 2.480000000000000000e+02
1.786900000000000000e+04 2.560000000000000000e+02
1.803600000000000000e+04 2.840000000000000000e+02
1.820300000000000000e+04 2.620000000000000000e+02
1.837000000000000000e+04 2.720000000000000000e+02
1.853700000000000000e+04 2.760000000000000000e+02
1.870400000000000000e+04 2.810000000000000000e+02
1.887100000000000000e+04 2.660000000000000000e+02
1.903800000000000000e+04 2.890000000000000000e+02
1.920500000000000000e+04 2.540000000000000000e+02
1.937200000000000000e+04 2.330000000000000000e+02
1.953900000000000000e+04 2.850000000000000000e+02
1.970600000000000000e+04 2.500000000000000000e+02
1.987300000000000000e+04 2.330000000000000000e+02
2.004000000000000000e+04 2.280000000000000000e+02
2.020700000000000000e+04 2.770000000000000000e+02
2.037400000000000000e+04 2.410000000000000000e+02
2.054100000000000000e+04 2.460000000000000000e+02
2.070800000000000000e+04 2.430000000000000000e+02
2.087500000000000000e+04 2.250000000000000000e+02
2.104200000000000000e+04 2.380000000000000000e+02
2.120900000000000000e+04 2.210000000000000000e+02
2.137600000000000000e+04 2.370000000000000000e+02
2.154300000000000000e+04 2.060000000000000000e+02
2.171000000000000000e+04 2.150000000000000000e+02
2.187700000000000000e+04 1.900000000000000000e+02
2.204400000000000000e+04 2.050000000000000000e+02
2.221100000000000000e+04 2.090000000000000000e+02
2.237800000000000000e+04 2.140000000000000000e+02
2.254500000000000000e+04 1.900000000000000000e+02
2.271200000000000000e+04 2.070000000000000000e+02
2.287900000000000000e+04 1.920000000000000000e+02
2.304600000000000000e+04 2.280000000000000000e+02
2.321300000000000000e+04 2.240000000000000000e+02
2.338000000000000000e+04 2.200000000000000000e+02
2.354700000000000000e+04 2.260000000000000000e+02
2.371400000000000000e+04 1.990000000000000000e+02
2.388100000000000000e+04 2.210000000000000000e+02
2.404800000000000000e+04 2.200000000000000000e+02
2.421500000000000000e+04 1.930000000000000000e+02
2.438200000000000000e+04 2.140000000000000000e+02
2.454900000000000000e+04 2.400000000000000000e+02
2.471600000000000000e+04 2.340000000000000000e+02
2.488300000000000000e+04 2.670000000000000000e+02
2.505000000000000000e+04 2.380000000000000000e+02
2.521700000000000000e+04 2.350000000000000000e+02
2.538400000000000000e+04 2.330000000000000000e+02
2.555100000000000000e+04 2.300000000000000000e+02
2.571800000000000000e+04 2.210000000000000000e+02
2.588500000000000000e+04 2.560000000000000000e+02
2.605200000000000000e+04 2.360000000000000000e+02
2.621900000000000000e+04 2.500000000000000000e+02
2.638600000000000000e+04 2.610000000000000000e+02
2.655300000000000000e+04 2.360000000000000000e+02
2.672000000000000000e+04 2.630000000000000000e+02
2.688700000000000000e+04 2.550000000000000000e+02
2.705400000000000000e+04 2.660000000000000000e+02
2.722100000000000000e+04 2.790000000000000000e+02
2.738800000000000000e+04 2.580000000000000000e+02
2.755500000000000000e+04 2.710000000000000000e+02
2.772200000000000000e+04 2.530000000000000000e+02
2.788900000000000000e+04 2.500000000000000000e+02
2.805600000000000000e+04 2.570000000000000000e+02
2.822300000000000000e+04 2.540000000000000000e+02
2.839000000000000000e+04 2.770000000000000000e+02
2.855700000000000000e+04 2.260000000000000000e+02
2.872400000000000000e+04 2.460000000000000000e+02
2.889100000000000000e+04 2.240000000000000000e+02
2.905800000000000000e+04 1.930000000000000000e+02
2.922500000000000000e+04 2.130000000000000000e+02
2.939200000000000000e+04 2.000000000000000000e+02
2.955900000000000000e+04 2.120000000000000000e+02
2.972600000000000000e+04 1.830000000000000000e+02
2.989300000000000000e+04 2.110000000000000000e+02
3.006000000000000000e+04 2.310000000000000000e+02
3.022700000000000000e+04 2.030000000000000000e+02
3.039400000000000000e+04 1.930000000000000000e+02
3.056100000000000000e+04 1.920000000000000000e+02
3.072800000000000000e+04 1.860000000000000000e+02
3.089500000000000000e+04 1.940000000000000000e+02
3.106200000000000000e+04 2.100000000000000000e+02
3.122900000000000000e+04 2.020000000000000000e+02
3.139600000000000000e+04 2.000000000000000000e+02
3.156300000000000000e+04 2.010000000000000000e+02
3.173000000000000000e+04 2.060000000000000000e+02
3.189700000000000000e+04 2.050000000000000000e+02
3.206400000000000000e+04 2.040000000000000000e+02
3.223100000000000000e+04 2.190000000000000000e+02
3.239800000000000000e+04 2.190000000000000000e+02
3.256500000000000000e+04 2.080000000000000000e+02
3.273200000000000000e+04 1.960000000000000000e+02
3.289900000000000000e+04 2.330000000000000000e+02
3.306600000000000000e+04 2.270000000000000000e+02
