0.000000000000000000e+00 2.380000000000000000e+02
5.000000000000000000e+02 2.260000000000000000e+02
1.000000000000000000e+03 2.640000000000000000e+02
1.500000000000000000e+03 2.490000000000000000e+02
2.000000000000000000e+03 2.600000000000000000e+02
2.500000000000000000e+03 2.670000000000000000e+02
3.000000000000000000e+03 2.740000000000000000e+02
3.500000000000000000e+03 2.540000000000000000e+02
4.000000000000000000e+03 2.470000000000000000e+02
4.500000000000000000e+03 2.740000000000000000e+02
5.000000000000000000e+03 2.360000000000000000e+02
5.500000000000000000e+03 2.940000000000000000e+02
6.000000000000000000e+03 2.610000000000000000e+02
6.500000000000000000e+03 2.580000000000000000e+02
7.000000000000000000e+03 2.440000000000000000e+02
7.500000000000000000e+03 2.620000000000000000e+02
8.000000000000000000e+03 2.280000000000000000e+02
8.500000000000000000e+03 2.350000000000000000e+02
9.000000000000000000e+03 2.320000000000000000e+02
9.500000000000000000e+03 2.270000000000000000e+02
1.000000000000000000e+04 2.500000000000000000e+02
1.050000000000000000e+04 2.750000000000000000e+02
1.100000000000000000e+04 2.810000000000000000e+02
1.150000000000000000e+04 2.800000000000000000e+02
1.200000000000000000e+04 2.230000000000000000e+02
1.250000000000000000e+04 2.850000000000000000e+02
1.300000000000000000e+04 2.900000000000000000e+02
1.350000000000000000e+04 2.800000000000000000e+02
1.400000000000000000e+04 2.850000000000000000e+02
1.450000000000000000e+04 2.800000000000000000e+02
1.500000000000000000e+04 2.880000000000000000e+02
1.550000000000000000e+04 2.300000000000000000e+02
1.600000000000000000e+04 2.510000000000000000e+02
1.650000000000000000e+04 2.610000000000000000e+02
1.700000000000000000e+04 2.220000000000000000e+02
1.750000000000000000e+04 2.130000000000000000e+02
1.800000000000000000e+04 2.620000000000000000e+02
1.850000000000000000e+04 2.510000000000000000e+02
1.900000000000000000e+04 2.400000000000000000e+02
1.950000000000000000e+04 2.550000000000000000e+02
2.000000000000000000e+04 2.630000000000000000e+02
2.050000000000000000e+04 2.600000000000000000e+02
2.100000000000000000e+04 2.750000000000000000e+02
2.150000000000000000e+04 2.780000000000000000e+02
2.200000000000000000e+04 2.540000000000000000e+02
2.250000000000000000e+04 2.880000000000000000e+02
2.300000000000000000e+04 2.600000000000000000e+02
2.350000000000000000e+04 2.250000000000000000e+02
2.400000000000000000e+04 2.350000000000000000e+02
2.450000000000000000e+04 2.320000000000000000e+02
2.500000000000000000e+04 2.260000000000000000e+02
2.550000000000000000e+04 2.280000000000000000e+02
2.600000000000000000e+04 2.430000000000000000e+02
2.650000000000000000e+04 2.350000000000000000e+02
2.700000000000000000e+04 2.170000000000000000e+02
2.750000000000000000e+04 2.880000000000000000e+02
2.800000000000000000e+04 2.760000000000000000e+02
2.850000000000000000e+04 2.900000000000000000e+02
2.900000000000000000e+04 2.440000000000000000e+02
2.950000000000000000e+04 2.720000000000000000e+02
3.000000000000000000e+04 2.730000000000000000e+02
3.050000000000000000e+04 2.800000000000000000e+02
3.100000000000000000e+04 2.810000000000000000e+02
3.150000000000000000e+04 2.760000000000000000e+02
3.200000000000000000e+04 2.340000000000000000e+02
3.250000000000000000e+04 2.410000000000000000e+02
3.300000000000000000e+04 2.300000000000000000e+02
3.350000000000000000e+04 2.290000000000000000e+02
3.400000000000000000e+04 2.510000000000000000e+02
3.450000000000000000e+04 2.550000000000000000e+02
3.500000000000000000e+04 2.450000000000000000e+02
3.550000000000000000e+04 2.430000000000000000e+02
3.600000000000000000e+04 2.490000000000000000e+02
3.650000000000000000e+04 2.510000000000000000e+02
3.700000000000000000e+04 2.660000000000000000e+02
3.750000000000000000e+04 2.830000000000000000e+02
3.800000000000000000e+04 2.640000000000000000e+02
3.850000000000000000e+04 2.910000000000000000e+02
3.900000000000000000e+04 2.400000000000000000e+02
3.950000000000000000e+04 2.490000000000000000e+02
4.000000000000000000e+04 2.540000000000000000e+02
4.050000000000000000e+04 2.420000000000000000e+02
4.100000000000000000e+04 2.390000000000000000e+02
4.150000000000000000e+04 2.180000000000000000e+02
4.200000000000000000e+04 2.480000000000000000e+02
4.250000000000000000e+04 2.310000000000000000e+02
4.300000000000000000e+04 2.480000000000000000e+02
4.350000000000000000e+04 2.570000000000000000e+02
4.400000000000000000e+04 2.740000000000000000e+02
4.450000000000000000e+04 2.730000000000000000e+02
4.500000000000000000e+04 2.770000000000000000e+02
4.550000000000000000e+04 2.590000000000000000e+02
4.600000000000000000e+04 2.830000000000000000e+02
4.650000000000000000e+04 2.730000000000000000e+02
4.700000000000000000e+04 2.540000000000000000e+02
4.750000000000000000e+04 2.460000000000000000e+02
4.800000000000000000e+04 2.610000000000000000e+02
4.850000000000000000e+04 2.620000000000000000e+02
4.900000000000000000e+04 2.240000000000000000e+02
4.950000000000000000e+04 2.470000000000000000e+02
5.000000000000000000e+04 2.430000000000000000e+02
5.050000000000000000e+04 2.350000000000000000e+02
5.100000000000000000e+04 2.490000000000000000e+02
5.150000000000000000e+04 2.210000000000000000e+02
5.200000000000000000e+04 2.370000000000000000e+02
5.250000000000000000e+04 2.650000000000000000e+02
5.300000000000000000e+04 2.520000000000000000e+02
5.350000000000000000e+04 2.620000000000000000e+02
5.400000000000000000e+04 2.740000000000000000e+02
5.450000000000000000e+04 2.640000000000000000e+02
5.500000000000000000e+04 2.670000000000000000e+02
5.550000000000000000e+04 2.940000000000000000e+02
5.600000000000000000e+04 2.710000000000000000e+02
5.650000000000000000e+04 2.550000000000000000e+02
5.700000000000000000e+04 2.440000000000000000e+02
5.750000000000000000e+04 2.560000000000000000e+02
5.800000000000000000e+04 2.210000000000000000e+02
5.850000000000000000e+04 2.200000000000000000e+02
5.900000000000000000e+04 2.430000000000000000e+02
5.950000000000000000e+04 2.420000000000000000e+02
6.000000000000000000e+04 2.870000000000000000e+02
6.050000000000000000e+04 2.610000000000000000e+02
6.100000000000000000e+04 2.620000000000000000e+02
6.150000000000000000e+04 2.580000000000000000e+02
6.200000000000000000e+04 2.690000000000000000e+02
6.250000000000000000e+04 2.610000000000000000e+02
6.300000000000000000e+04 2.710000000000000000e+02
6.350000000000000000e+04 2.720000000000000000e+02
6.400000000000000000e+04 2.520000000000000000e+02
6.450000000000000000e+04 2.510000000000000000e+02
6.500000000000000000e+04 2.800000000000000000e+02
6.550000000000000000e+04 2.420000000000000000e+02
6.600000000000000000e+04 2.350000000000000000e+02
6.650000000000000000e+04 2.560000000000000000e+02
6.700000000000000000e+04 2.220000000000000000e+02
6.750000000000000000e+04 2.710000000000000000e+02
6.800000000000000000e+04 2.260000000000000000e+02
6.850000000000000000e+04 2.730000000000000000e+02
6.900000000000000000e+04 2.280000000000000000e+02
6.950000000000000000e+04 2.500000000000000000e+02
7.000000000000000000e+04 2.860000000000000000e+02
7.050000000000000000e+04 2.630000000000000000e+02
7.100000000000000000e+04 3.080000000000000000e+02
7.150000000000000000e+04 2.450000000000000000e+02
7.200000000000000000e+04 2.800000000000000000e+02
7.250000000000000000e+04 2.450000000000000000e+02
7.300000000000000000e+04 2.480000000000000000e+02
7.350000000000000000e+04 2.650000000000000000e+02
7.400000000000000000e+04 2.340000000000000000e+02
7.450000000000000000e+04 2.360000000000000000e+02
7.500000000000000000e+04 2.510000000000000000e+02
7.550000000000000000e+04 2.500000000000000000e+02
7.600000000000000000e+04 2.540000000000000000e+02
7.650000000000000000e+04 2.590000000000000000e+02
7.700000000000000000e+04 2.640000000000000000e+02
7.750000000000000000e+04 2.400000000000000000e+02
7.800000000000000000e+04 2.650000000000000000e+02
7.850000000000000000e+04 2.410000000000000000e+02
7.900000000000000000e+04 2.860000000000000000e+02
7.950000000000000000e+04 2.580000000000000000e+02
8.000000000000000000e+04 2.630000000000000000e+02
8.050000000000000000e+04 2.970000000000000000e+02
8.100000000000000000e+04 2.640000000000000000e+02
8.150000000000000000e+04 2.310000000000000000e+02
8.200000000000000000e+04 2.340000000000000000e+02
8.250000000000000000e+04 2.270000000000000000e+02
8.300000000000000000e+04 2.400000000000000000e+02
8.350000000000000000e+04 2.470000000000000000e+02
8.400000000000000000e+04 1.940000000000000000e+02
8.450000000000000000e+04 2.250000000000000000e+02
8.500000000000000000e+04 2.260000000000000000e+02
8.550000000000000000e+04 2.420000000000000000e+02
8.600000000000000000e+04 2.660000000000000000e+02
8.650000000000000000e+04 2.640000000000000000e+02
8.700000000000000000e+04 2.470000000000000000e+02
8.750000000000000000e+04 2.520000000000000000e+02
8.800000000000000000e+04 2.580000000000000000e+02
8.850000000000000000e+04 2.730000000000000000e+02
8.900000000000000000e+04 2.630000000000000000e+02
8.950000000000000000e+04 2.410000000000000000e+02
9.000000000000000000e+04 2.260000000000000000e+02
9.050000000000000000e+04 2.490000000000000000e+02
9.100000000000000000e+04 2.520000000000000000e+02
9.150000000000000000e+04 2.490000000000000000e+02
9.200000000000000000e+04 2.430000000000000000e+02
9.250000000000000000e+04 2.540000000000000000e+02
9.300000000000000000e+04 2.220000000000000000e+02
9.350000000000000000e+04 2.120000000000000000e+02
9.400000000000000000e+04 2.690000000000000000e+02
9.450000000000000000e+04 2.730000000000000000e+02
9.500000000000000000e+04 2.530000000000000000e+02
9.550000000000000000e+04 2.330000000000000000e+02
9.600000000000000000e+04 2.960000000000000000e+02
9.650000000000000000e+04 2.640000000000000000e+02
9.700000000000000000e+04 2.850000000000000000e+02
9.750000000000000000e+04 2.730000000000000000e+02
9.800000000000000000e+04 2.250000000000000000e+02
9.850000000000000000e+04 2.730000000000000000e+02
9.900000000000000000e+04 2.420000000000000000e+02
9.950000000000000000e+04 2.240000000000000000e+02
