0.000000000000000000e+00 2.280000000000000000e+02
2.500000000000000000e+01 2.020000000000000000e+02
5.000000000000000000e+01 2.380000000000000000e+02
7.500000000000000000e+01 2.060000000000000000e+02
1.000000000000000000e+02 2.260000000000000000e+02
1.250000000000000000e+02 2.080000000000000000e+02
1.500000000000000000e+02 2.230000000000000000e+02
1.750000000000000000e+02 2.500000000000000000e+02
2.000000000000000000e+02 2.370000000000000000e+02
2.250000000000000000e+02 2.510000000000000000e+02
2.500000000000000000e+02 2.550000000000000000e+02
2.750000000000000000e+02 2.360000000000000000e+02
3.000000000000000000e+02 2.310000000000000000e+02
3.250000000000000000e+02 2.380000000000000000e+02
3.500000000000000000e+02 2.330000000000000000e+02
3.750000000000000000e+02 2.590000000000000000e+02
4.000000000000000000e+02 2.420000000000000000e+02
4.250000000000000000e+02 1.950000000000000000e+02
4.500000000000000000e+02 2.330000000000000000e+02
4.750000000000000000e+02 2.320000000000000000e+02
5.000000000000000000e+02 2.540000000000000000e+02
5.250000000000000000e+02 2.340000000000000000e+02
5.500000000000000000e+02 2.580000000000000000e+02
5.750000000000000000e+02 2.380000000000000000e+02
6.000000000000000000e+02 2.370000000000000000e+02
6.250000000000000000e+02 2.330000000000000000e+02
6.500000000000000000e+02 2.250000000000000000e+02
6.750000000000000000e+02 2.440000000000000000e+02
7.000000000000000000e+02 2.250000000000000000e+02
7.250000000000000000e+02 2.130000000000000000e+02
7.500000000000000000e+02 2.260000000000000000e+02
7.750000000000000000e+02 2.470000000000000000e+02
8.000000000000000000e+02 2.190000000000000000e+02
8.250000000000000000e+02 2.170000000000000000e+02
8.500000000000000000e+02 2.430000000000000000e+02
8.750000000000000000e+02 2.150000000000000000e+02
9.000000000000000000e+02 2.440000000000000000e+02
9.250000000000000000e+02 2.390000000000000000e+02
9.500000000000000000e+02 2.110000000000000000e+02
9.750000000000000000e+02 2.310000000000000000e+02
1.000000000000000000e+03 2.210000000000000000e+02
1.025000000000000000e+03 1.990000000000000000e+02
1.050000000000000000e+03 2.320000000000000000e+02
1.075000000000000000e+03 2.220000000000000000e+02
1.100000000000000000e+03 2.140000000000000000e+02
1.125000000000000000e+03 2.070000000000000000e+02
1.150000000000000000e+03 2.200000000000000000e+02
1.175000000000000000e+03 2.530000000000000000e+02
1.200000000000000000e+03 2.700000000000000000e+02
1.225000000000000000e+03 2.040000000000000000e+02
1.250000000000000000e+03 2.130000000000000000e+02
1.275000000000000000e+03 2.100000000000000000e+02
1.300000000000000000e+03 2.290000000000000000e+02
1.325000000000000000e+03 2.100000000000000000e+02
1.350000000000000000e+03 2.270000000000000000e+02
1.375000000000000000e+03 1.850000000000000000e+02
1.400000000000000000e+03 2.300000000000000000e+02
1.425000000000000000e+03 2.250000000000000000e+02
1.450000000000000000e+03 1.860000000000000000e+02
1.475000000000000000e+03 2.520000000000000000e+02
1.500000000000000000e+03 2.090000000000000000e+02
1.525000000000000000e+03 2.200000000000000000e+02
1.550000000000000000e+03 2.310000000000000000e+02
1.575000000000000000e+03 2.050000000000000000e+02
1.600000000000000000e+03 2.200000000000000000e+02
1.625000000000000000e+03 2.220000000000000000e+02
1.650000000000000000e+03 2.280000000000000000e+02
1.675000000000000000e+03 2.110000000000000000e+02
1.700000000000000000e+03 2.110000000000000000e+02
1.725000000000000000e+03 2.480000000000000000e+02
1.750000000000000000e+03 1.970000000000000000e+02
1.775000000000000000e+03 2.150000000000000000e+02
1.800000000000000000e+03 2.230000000000000000e+02
1.825000000000000000e+03 2.030000000000000000e+02
1.850000000000000000e+03 2.290000000000000000e+02
1.875000000000000000e+03 2.250000000000000000e+02
1.900000000000000000e+03 2.240000000000000000e+02
1.925000000000000000e+03 1.950000000000000000e+02
1.950000000000000000e+03 2.380000000000000000e+02
1.975000000000000000e+03 2.160000000000000000e+02
2.000000000000000000e+03 2.500000000000000000e+02
2.025000000000000000e+03 1.960000000000000000e+02
2.050000000000000000e+03 1.990000000000000000e+02
2.075000000000000000e+03 2.170000000000000000e+02
2.100000000000000000e+03 2.110000000000000000e+02
2.125000000000000000e+03 2.250000000000000000e+02
2.150000000000000000e+03 2.240000000000000000e+02
2.175000000000000000e+03 2.150000000000000000e+02
2.200000000000000000e+03 2.170000000000000000e+02
2.225000000000000000e+03 2.430000000000000000e+02
2.250000000000000000e+03 2.080000000000000000e+02
2.275000000000000000e+03 2.180000000000000000e+02
2.300000000000000000e+03 2.390000000000000000e+02
2.325000000000000000e+03 2.390000000000000000e+02
2.350000000000000000e+03 2.270000000000000000e+02
2.375000000000000000e+03 2.290000000000000000e+02
2.400000000000000000e+03 2.270000000000000000e+02
2.425000000000000000e+03 2.270000000000000000e+02
2.450000000000000000e+03 2.460000000000000000e+02
2.475000000000000000e+03 2.000000000000000000e+02
2.500000000000000000e+03 2.130000000000000000e+02
2.525000000000000000e+03 2.460000000000000000e+02
2.550000000000000000e+03 2.140000000000000000e+02
2.575000000000000000e+03 2.100000000000000000e+02
2.600000000000000000e+03 2.250000000000000000e+02
2.625000000000000000e+03 1.990000000000000000e+02
2.650000000000000000e+03 2.130000000000000000e+02
2.675000000000000000e+03 2.340000000000000000e+02
2.700000000000000000e+03 2.110000000000000000e+02
2.725000000000000000e+03 1.980000000000000000e+02
2.750000000000000000e+03 2.010000000000000000e+02
2.775000000000000000e+03 2.160000000000000000e+02
2.800000000000000000e+03 2.160000000000000000e+02
2.825000000000000000e+03 2.120000000000000000e+02
2.850000000000000000e+03 2.150000000000000000e+02
2.875000000000000000e+03 2.580000000000000000e+02
2.900000000000000000e+03 2.070000000000000000e+02
2.925000000000000000e+03 2.340000000000000000e+02
2.950000000000000000e+03 2.370000000000000000e+02
2.975000000000000000e+03 2.110000000000000000e+02
3.000000000000000000e+03 2.010000000000000000e+02
3.025000000000000000e+03 2.380000000000000000e+02
3.050000000000000000e+03 2.290000000000000000e+02
3.075000000000000000e+03 2.400000000000000000e+02
3.100000000000000000e+03 2.480000000000000000e+02
3.125000000000000000e+03 2.320000000000000000e+02
3.150000000000000000e+03 2.310000000000000000e+02
3.175000000000000000e+03 2.240000000000000000e+02
3.200000000000000000e+03 2.630000000000000000e+02
3.225000000000000000e+03 2.140000000000000000e+02
3.250000000000000000e+03 2.000000000000000000e+02
3.275000000000000000e+03 2.160000000000000000e+02
3.300000000000000000e+03 2.340000000000000000e+02
3.325000000000000000e+03 2.310000000000000000e+02
3.350000000000000000e+03 2.060000000000000000e+02
3.375000000000000000e+03 2.310000000000000000e+02
3.400000000000000000e+03 2.330000000000000000e+02
3.425000000000000000e+03 2.390000000000000000e+02
3.450000000000000000e+03 2.400000000000000000e+02
3.475000000000000000e+03 2.370000000000000000e+02
3.500000000000000000e+03 2.300000000000000000e+02
3.525000000000000000e+03 2.440000000000000000e+02
3.550000000000000000e+03 2.130000000000000000e+02
3.575000000000000000e+03 2.390000000000000000e+02
3.600000000000000000e+03 2.280000000000000000e+02
3.625000000000000000e+03 1.840000000000000000e+02
3.650000000000000000e+03 2.470000000000000000e+02
3.675000000000000000e+03 2.200000000000000000e+02
3.700000000000000000e+03 2.140000000000000000e+02
3.725000000000000000e+03 2.350000000000000000e+02
3.750000000000000000e+03 2.130000000000000000e+02
3.775000000000000000e+03 1.960000000000000000e+02
3.800000000000000000e+03 2.340000000000000000e+02
3.825000000000000000e+03 2.530000000000000000e+02
3.850000000000000000e+03 2.110000000000000000e+02
3.875000000000000000e+03 2.250000000000000000e+02
3.900000000000000000e+03 1.940000000000000000e+02
3.925000000000000000e+03 2.250000000000000000e+02
3.950000000000000000e+03 2.040000000000000000e+02
3.975000000000000000e+03 2.190000000000000000e+02
4.000000000000000000e+03 2.380000000000000000e+02
4.025000000000000000e+03 2.070000000000000000e+02
4.050000000000000000e+03 2.380000000000000000e+02
4.075000000000000000e+03 2.050000000000000000e+02
4.100000000000000000e+03 1.940000000000000000e+02
4.125000000000000000e+03 2.120000000000000000e+02
4.150000000000000000e+03 2.250000000000000000e+02
4.175000000000000000e+03 2.350000000000000000e+02
4.200000000000000000e+03 2.050000000000000000e+02
4.225000000000000000e+03 2.050000000000000000e+02
4.250000000000000000e+03 2.270000000000000000e+02
4.275000000000000000e+03 2.170000000000000000e+02
4.300000000000000000e+03 1.960000000000000000e+02
4.325000000000000000e+03 2.130000000000000000e+02
4.350000000000000000e+03 2.240000000000000000e+02
4.375000000000000000e+03 2.510000000000000000e+02
4.400000000000000000e+03 2.140000000000000000e+02
4.425000000000000000e+03 1.930000000000000000e+02
4.450000000000000000e+03 2.040000000000000000e+02
4.475000000000000000e+03 2.380000000000000000e+02
4.500000000000000000e+03 2.290000000000000000e+02
4.525000000000000000e+03 2.240000000000000000e+02
4.550000000000000000e+03 2.220000000000000000e+02
4.575000000000000000e+03 2.110000000000000000e+02
4.600000000000000000e+03 2.520000000000000000e+02
4.625000000000000000e+03 2.210000000000000000e+02
4.650000000000000000e+03 2.240000000000000000e+02
4.675000000000000000e+03 2.320000000000000000e+02
4.700000000000000000e+03 2.000000000000000000e+02
4.725000000000000000e+03 2.130000000000000000e+02
4.750000000000000000e+03 2.070000000000000000e+02
4.775000000000000000e+03 2.130000000000000000e+02
4.800000000000000000e+03 2.110000000000000000e+02
4.825000000000000000e+03 2.060000000000000000e+02
4.850000000000000000e+03 2.530000000000000000e+02
4.875000000000000000e+03 2.240000000000000000e+02
4.900000000000000000e+03 2.210000000000000000e+02
4.925000000000000000e+03 1.950000000000000000e+02
4.950000000000000000e+03 2.470000000000000000e+02
4.975000000000000000e+03 2.210000000000000000e+02
