0.000000000000000000e+00 3.160000000000000000e+02
2.500000000000000000e+01 3.200000000000000000e+02
5.000000000000000000e+01 3.160000000000000000e+02
7.500000000000000000e+01 3.240000000000000000e+02
1.000000000000000000e+02 3.000000000000000000e+02
1.250000000000000000e+02 3.130000000000000000e+02
1.500000000000000000e+02 3.030000000000000000e+02
1.750000000000000000e+02 3.290000000000000000e+02
2.000000000000000000e+02 2.980000000000000000e+02
2.250000000000000000e+02 2.980000000000000000e+02
2.500000000000000000e+02 3.180000000000000000e+02
2.750000000000000000e+02 2.890000000000000000e+02
3.000000000000000000e+02 3.120000000000000000e+02
3.250000000000000000e+02 2.900000000000000000e+02
3.500000000000000000e+02 3.380000000000000000e+02
3.750000000000000000e+02 3.170000000000000000e+02
4.000000000000000000e+02 3.320000000000000000e+02
4.250000000000000000e+02 3.100000000000000000e+02
4.500000000000000000e+02 3.210000000000000000e+02
4.750000000000000000e+02 3.250000000000000000e+02
5.000000000000000000e+02 3.350000000000000000e+02
5.250000000000000000e+02 3.640000000000000000e+02
5.500000000000000000e+02 3.160000000000000000e+02
5.750000000000000000e+02 3.260000000000000000e+02
6.000000000000000000e+02 2.600000000000000000e+02
6.250000000000000000e+02 3.170000000000000000e+02
6.500000000000000000e+02 3.290000000000000000e+02
6.750000000000000000e+02 3.260000000000000000e+02
7.000000000000000000e+02 3.020000000000000000e+02
7.250000000000000000e+02 3.250000000000000000e+02
7.500000000000000000e+02 2.800000000000000000e+02
7.750000000000000000e+02 3.300000000000000000e+02
8.000000000000000000e+02 3.310000000000000000e+02
8.250000000000000000e+02 3.340000000000000000e+02
8.500000000000000000e+02 3.470000000000000000e+02
8.750000000000000000e+02 2.860000000000000000e+02
9.000000000000000000e+02 3.360000000000000000e+02
9.250000000000000000e+02 3.130000000000000000e+02
9.500000000000000000e+02 3.070000000000000000e+02
9.750000000000000000e+02 3.010000000000000000e+02
1.000000000000000000e+03 3.190000000000000000e+02
1.025000000000000000e+03 2.790000000000000000e+02
1.050000000000000000e+03 3.460000000000000000e+02
1.075000000000000000e+03 2.660000000000000000e+02
1.100000000000000000e+03 3.080000000000000000e+02
1.125000000000000000e+03 3.220000000000000000e+02
1.150000000000000000e+03 2.700000000000000000e+02
1.175000000000000000e+03 3.120000000000000000e+02
1.200000000000000000e+03 3.030000000000000000e+02
1.225000000000000000e+03 2.910000000000000000e+02
1.250000000000000000e+03 3.320000000000000000e+02
1.275000000000000000e+03 3.210000000000000000e+02
1.300000000000000000e+03 3.160000000000000000e+02
1.325000000000000000e+03 2.950000000000000000e+02
1.350000000000000000e+03 3.380000000000000000e+02
1.375000000000000000e+03 3.280000000000000000e+02
1.400000000000000000e+03 2.900000000000000000e+02
1.425000000000000000e+03 2.830000000000000000e+02
1.450000000000000000e+03 3.380000000000000000e+02
1.475000000000000000e+03 3.040000000000000000e+02
1.500000000000000000e+03 2.950000000000000000e+02
1.525000000000000000e+03 2.870000000000000000e+02
1.550000000000000000e+03 3.270000000000000000e+02
1.575000000000000000e+03 2.940000000000000000e+02
1.600000000000000000e+03 3.320000000000000000e+02
1.625000000000000000e+03 3.190000000000000000e+02
1.650000000000000000e+03 3.240000000000000000e+02
1.675000000000000000e+03 3.150000000000000000e+02
1.700000000000000000e+03 2.820000000000000000e+02
1.725000000000000000e+03 3.260000000000000000e+02
1.750000000000000000e+03 3.620000000000000000e+02
1.775000000000000000e+03 3.620000000000000000e+02
1.800000000000000000e+03 2.900000000000000000e+02
1.825000000000000000e+03 3.260000000000000000e+02
1.850000000000000000e+03 3.050000000000000000e+02
1.875000000000000000e+03 3.040000000000000000e+02
1.900000000000000000e+03 3.190000000000000000e+02
1.925000000000000000e+03 3.100000000000000000e+02
1.950000000000000000e+03 3.150000000000000000e+02
1.975000000000000000e+03 3.210000000000000000e+02
2.000000000000000000e+03 3.500000000000000000e+02
2.025000000000000000e+03 3.480000000000000000e+02
2.050000000000000000e+03 3.050000000000000000e+02
2.075000000000000000e+03 2.990000000000000000e+02
2.100000000000000000e+03 3.110000000000000000e+02
2.125000000000000000e+03 3.270000000000000000e+02
2.150000000000000000e+03 3.270000000000000000e+02
2.175000000000000000e+03 3.210000000000000000e+02
2.200000000000000000e+03 3.220000000000000000e+02
2.225000000000000000e+03 3.440000000000000000e+02
2.250000000000000000e+03 3.280000000000000000e+02
2.275000000000000000e+03 2.910000000000000000e+02
2.300000000000000000e+03 2.820000000000000000e+02
2.325000000000000000e+03 2.880000000000000000e+02
2.350000000000000000e+03 3.170000000000000000e+02
2.375000000000000000e+03 3.050000000000000000e+02
2.400000000000000000e+03 3.370000000000000000e+02
2.425000000000000000e+03 3.220000000000000000e+02
2.450000000000000000e+03 3.180000000000000000e+02
2.475000000000000000e+03 3.200000000000000000e+02
2.500000000000000000e+03 3.230000000000000000e+02
2.525000000000000000e+03 3.130000000000000000e+02
2.550000000000000000e+03 3.130000000000000000e+02
2.575000000000000000e+03 3.120000000000000000e+02
2.600000000000000000e+03 2.890000000000000000e+02
2.625000000000000000e+03 2.990000000000000000e+02
2.650000000000000000e+03 3.010000000000000000e+02
2.675000000000000000e+03 3.500000000000000000e+02
2.700000000000000000e+03 3.370000000000000000e+02
2.725000000000000000e+03 3.160000000000000000e+02
2.750000000000000000e+03 3.310000000000000000e+02
2.775000000000000000e+03 3.050000000000000000e+02
2.800000000000000000e+03 3.040000000000000000e+02
2.825000000000000000e+03 2.870000000000000000e+02
2.850000000000000000e+03 3.110000000000000000e+02
2.875000000000000000e+03 3.350000000000000000e+02
2.900000000000000000e+03 2.980000000000000000e+02
2.925000000000000000e+03 3.220000000000000000e+02
2.950000000000000000e+03 3.380000000000000000e+02
2.975000000000000000e+03 3.320000000000000000e+02
3.000000000000000000e+03 3.440000000000000000e+02
3.025000000000000000e+03 3.350000000000000000e+02
3.050000000000000000e+03 3.020000000000000000e+02
3.075000000000000000e+03 3.300000000000000000e+02
3.100000000000000000e+03 3.100000000000000000e+02
3.125000000000000000e+03 3.410000000000000000e+02
3.150000000000000000e+03 3.110000000000000000e+02
3.175000000000000000e+03 3.460000000000000000e+02
3.200000000000000000e+03 3.460000000000000000e+02
3.225000000000000000e+03 3.230000000000000000e+02
3.250000000000000000e+03 3.140000000000000000e+02
3.275000000000000000e+03 3.290000000000000000e+02
3.300000000000000000e+03 3.010000000000000000e+02
3.325000000000000000e+03 2.980000000000000000e+02
3.350000000000000000e+03 3.160000000000000000e+02
3.375000000000000000e+03 3.040000000000000000e+02
3.400000000000000000e+03 3.370000000000000000e+02
3.425000000000000000e+03 3.390000000000000000e+02
3.450000000000000000e+03 2.750000000000000000e+02
3.475000000000000000e+03 3.320000000000000000e+02
3.500000000000000000e+03 3.300000000000000000e+02
3.525000000000000000e+03 3.250000000000000000e+02
3.550000000000000000e+03 2.900000000000000000e+02
3.575000000000000000e+03 3.420000000000000000e+02
3.600000000000000000e+03 3.240000000000000000e+02
3.625000000000000000e+03 3.060000000000000000e+02
3.650000000000000000e+03 3.270000000000000000e+02
3.675000000000000000e+03 3.070000000000000000e+02
3.700000000000000000e+03 3.100000000000000000e+02
3.725000000000000000e+03 2.970000000000000000e+02
3.750000000000000000e+03 3.250000000000000000e+02
3.775000000000000000e+03 3.320000000000000000e+02
3.800000000000000000e+03 3.220000000000000000e+02
3.825000000000000000e+03 3.190000000000000000e+02
3.850000000000000000e+03 3.020000000000000000e+02
3.875000000000000000e+03 3.400000000000000000e+02
3.900000000000000000e+03 3.170000000000000000e+02
3.925000000000000000e+03 2.880000000000000000e+02
3.950000000000000000e+03 3.150000000000000000e+02
3.975000000000000000e+03 3.170000000000000000e+02
4.000000000000000000e+03 3.250000000000000000e+02
4.025000000000000000e+03 3.040000000000000000e+02
4.050000000000000000e+03 3.080000000000000000e+02
4.075000000000000000e+03 2.710000000000000000e+02
4.100000000000000000e+03 2.770000000000000000e+02
4.125000000000000000e+03 2.950000000000000000e+02
4.150000000000000000e+03 2.990000000000000000e+02
4.175000000000000000e+03 3.210000000000000000e+02
4.200000000000000000e+03 3.530000000000000000e+02
4.225000000000000000e+03 3.320000000000000000e+02
4.250000000000000000e+03 3.090000000000000000e+02
4.275000000000000000e+03 2.970000000000000000e+02
4.300000000000000000e+03 3.340000000000000000e+02
4.325000000000000000e+03 3.090000000000000000e+02
4.350000000000000000e+03 2.780000000000000000e+02
4.375000000000000000e+03 3.160000000000000000e+02
4.400000000000000000e+03 3.130000000000000000e+02
4.425000000000000000e+03 3.340000000000000000e+02
4.450000000000000000e+03 3.250000000000000000e+02
4.475000000000000000e+03 2.990000000000000000e+02
4.500000000000000000e+03 2.660000000000000000e+02
4.525000000000000000e+03 3.600000000000000000e+02
4.550000000000000000e+03 2.950000000000000000e+02
4.575000000000000000e+03 3.040000000000000000e+02
4.600000000000000000e+03 3.560000000000000000e+02
4.625000000000000000e+03 2.980000000000000000e+02
4.650000000000000000e+03 2.950000000000000000e+02
4.675000000000000000e+03 3.160000000000000000e+02
4.700000000000000000e+03 3.230000000000000000e+02
4.725000000000000000e+03 3.150000000000000000e+02
4.750000000000000000e+03 3.600000000000000000e+02
4.775000000000000000e+03 3.030000000000000000e+02
4.800000000000000000e+03 3.420000000000000000e+02
4.825000000000000000e+03 2.940000000000000000e+02
4.850000000000000000e+03 2.750000000000000000e+02
4.875000000000000000e+03 3.200000000000000000e+02
4.900000000000000000e+03 3.620000000000000000e+02
4.925000000000000000e+03 3.170000000000000000e+02
4.950000000000000000e+03 3.300000000000000000e+02
4.975000000000000000e+03 2.790000000000000000e+02
