0.000000000000000000e+00 4.730000000000000000e+02
5.000000000000000000e+03 4.480000000000000000e+02
1.000000000000000000e+04 4.780000000000000000e+02
1.500000000000000000e+04 4.460000000000000000e+02
2.000000000000000000e+04 4.670000000000000000e+02
2.500000000000000000e+04 5.360000000000000000e+02
3.000000000000000000e+04 4.370000000000000000e+02
3.500000000000000000e+04 4.290000000000000000e+02
4.000000000000000000e+04 4.050000000000000000e+02
4.500000000000000000e+04 4.410000000000000000e+02
5.000000000000000000e+04 4.600000000000000000e+02
5.500000000000000000e+04 4.340000000000000000e+02
6.000000000000000000e+04 4.850000000000000000e+02
6.500000000000000000e+04 4.550000000000000000e+02
7.000000000000000000e+04 4.620000000000000000e+02
7.500000000000000000e+04 4.610000000000000000e+02
8.000000000000000000e+04 4.210000000000000000e+02
8.500000000000000000e+04 4.630000000000000000e+02
9.000000000000000000e+04 4.990000000000000000e+02
9.500000000000000000e+04 4.630000000000000000e+02
1.000000000000000000e+05 4.640000000000000000e+02
1.050000000000000000e+05 4.270000000000000000e+02
1.100000000000000000e+05 4.600000000000000000e+02
1.150000000000000000e+05 4.540000000000000000e+02
1.200000000000000000e+05 4.890000000000000000e+02
1.250000000000000000e+05 4.620000000000000000e+02
1.300000000000000000e+05 4.030000000000000000e+02
1.350000000000000000e+05 4.590000000000000000e+02
1.400000000000000000e+05 4.370000000000000000e+02
1.450000000000000000e+05 4.540000000000000000e+02
1.500000000000000000e+05 4.890000000000000000e+02
1.550000000000000000e+05 4.020000000000000000e+02
1.600000000000000000e+05 4.790000000000000000e+02
1.650000000000000000e+05 4.720000000000000000e+02
1.700000000000000000e+05 4.590000000000000000e+02
1.750000000000000000e+05 4.450000000000000000e+02
1.800000000000000000e+05 4.290000000000000000e+02
1.850000000000000000e+05 4.600000000000000000e+02
1.900000000000000000e+05 4.520000000000000000e+02
1.950000000000000000e+05 4.570000000000000000e+02
2.000000000000000000e+05 4.490000000000000000e+02
2.050000000000000000e+05 4.060000000000000000e+02
2.100000000000000000e+05 4.510000000000000000e+02
2.150000000000000000e+05 4.040000000000000000e+02
2.200000000000000000e+05 4.340000000000000000e+02
2.250000000000000000e+05 4.590000000000000000e+02
2.300000000000000000e+05 4.620000000000000000e+02
2.350000000000000000e+05 4.750000000000000000e+02
2.400000000000000000e+05 4.570000000000000000e+02
2.450000000000000000e+05 4.380000000000000000e+02
2.500000000000000000e+05 4.890000000000000000e+02
2.550000000000000000e+05 4.490000000000000000e+02
2.600000000000000000e+05 4.500000000000000000e+02
2.650000000000000000e+05 4.200000000000000000e+02
2.700000000000000000e+05 3.930000000000000000e+02
2.750000000000000000e+05 4.570000000000000000e+02
2.800000000000000000e+05 4.390000000000000000e+02
2.850000000000000000e+05 4.780000000000000000e+02
2.900000000000000000e+05 4.170000000000000000e+02
2.950000000000000000e+05 4.380000000000000000e+02
3.000000000000000000e+05 4.560000000000000000e+02
3.050000000000000000e+05 4.450000000000000000e+02
3.100000000000000000e+05 4.620000000000000000e+02
3.150000000000000000e+05 4.380000000000000000e+02
3.200000000000000000e+05 4.200000000000000000e+02
3.250000000000000000e+05 4.340000000000000000e+02
3.300000000000000000e+05 4.080000000000000000e+02
3.350000000000000000e+05 4.320000000000000000e+02
3.400000000000000000e+05 4.770000000000000000e+02
3.450000000000000000e+05 4.140000000000000000e+02
3.500000000000000000e+05 4.650000000000000000e+02
3.550000000000000000e+05 4.250000000000000000e+02
3.600000000000000000e+05 4.670000000000000000e+02
3.650000000000000000e+05 4.360000000000000000e+02
3.700000000000000000e+05 4.050000000000000000e+02
3.750000000000000000e+05 4.530000000000000000e+02
3.800000000000000000e+05 4.190000000000000000e+02
3.850000000000000000e+05 4.070000000000000000e+02
3.900000000000000000e+05 4.370000000000000000e+02
3.950000000000000000e+05 4.580000000000000000e+02
4.000000000000000000e+05 5.020000000000000000e+02
4.050000000000000000e+05 4.240000000000000000e+02
4.100000000000000000e+05 4.930000000000000000e+02
4.150000000000000000e+05 4.790000000000000000e+02
4.200000000000000000e+05 4.510000000000000000e+02
4.250000000000000000e+05 4.620000000000000000e+02
4.300000000000000000e+05 3.820000000000000000e+02
4.350000000000000000e+05 4.710000000000000000e+02
4.400000000000000000e+05 4.330000000000000000e+02
4.450000000000000000e+05 4.470000000000000000e+02
4.500000000000000000e+05 4.300000000000000000e+02
4.550000000000000000e+05 4.080000000000000000e+02
4.600000000000000000e+05 4.070000000000000000e+02
4.650000000000000000e+05 4.420000000000000000e+02
4.700000000000000000e+05 4.550000000000000000e+02
4.750000000000000000e+05 4.640000000000000000e+02
4.800000000000000000e+05 4.470000000000000000e+02
4.850000000000000000e+05 4.350000000000000000e+02
4.900000000000000000e+05 4.700000000000000000e+02
4.950000000000000000e+05 4.510000000000000000e+02
5.000000000000000000e+05 4.370000000000000000e+02
5.050000000000000000e+05 4.560000000000000000e+02
5.100000000000000000e+05 4.370000000000000000e+02
5.150000000000000000e+05 4.880000000000000000e+02
5.200000000000000000e+05 5.090000000000000000e+02
5.250000000000000000e+05 4.800000000000000000e+02
5.300000000000000000e+05 4.500000000000000000e+02
5.350000000000000000e+05 4.660000000000000000e+02
5.400000000000000000e+05 4.330000000000000000e+02
5.450000000000000000e+05 4.670000000000000000e+02
5.500000000000000000e+05 4.370000000000000000e+02
5.550000000000000000e+05 4.320000000000000000e+02
5.600000000000000000e+05 4.620000000000000000e+02
5.650000000000000000e+05 4.250000000000000000e+02
5.700000000000000000e+05 4.410000000000000000e+02
5.750000000000000000e+05 4.670000000000000000e+02
5.800000000000000000e+05 4.730000000000000000e+02
5.850000000000000000e+05 4.880000000000000000e+02
5.900000000000000000e+05 4.620000000000000000e+02
5.950000000000000000e+05 4.200000000000000000e+02
6.000000000000000000e+05 4.660000000000000000e+02
6.050000000000000000e+05 4.150000000000000000e+02
6.100000000000000000e+05 4.770000000000000000e+02
6.150000000000000000e+05 4.540000000000000000e+02
6.200000000000000000e+05 4.740000000000000000e+02
6.250000000000000000e+05 4.520000000000000000e+02
6.300000000000000000e+05 4.470000000000000000e+02
6.350000000000000000e+05 4.180000000000000000e+02
6.400000000000000000e+05 4.160000000000000000e+02
6.450000000000000000e+05 4.670000000000000000e+02
6.500000000000000000e+05 4.700000000000000000e+02
6.550000000000000000e+05 4.800000000000000000e+02
6.600000000000000000e+05 4.590000000000000000e+02
6.650000000000000000e+05 4.680000000000000000e+02
6.700000000000000000e+05 4.350000000000000000e+02
6.750000000000000000e+05 4.590000000000000000e+02
6.800000000000000000e+05 4.460000000000000000e+02
6.850000000000000000e+05 4.280000000000000000e+02
6.900000000000000000e+05 4.780000000000000000e+02
6.950000000000000000e+05 4.790000000000000000e+02
7.000000000000000000e+05 4.410000000000000000e+02
7.050000000000000000e+05 4.010000000000000000e+02
7.100000000000000000e+05 4.610000000000000000e+02
7.150000000000000000e+05 4.310000000000000000e+02
7.200000000000000000e+05 4.250000000000000000e+02
7.250000000000000000e+05 4.420000000000000000e+02
7.300000000000000000e+05 4.440000000000000000e+02
7.350000000000000000e+05 4.210000000000000000e+02
7.400000000000000000e+05 4.240000000000000000e+02
7.450000000000000000e+05 4.510000000000000000e+02
7.500000000000000000e+05 5.080000000000000000e+02
7.550000000000000000e+05 4.330000000000000000e+02
7.600000000000000000e+05 4.410000000000000000e+02
7.650000000000000000e+05 4.540000000000000000e+02
7.700000000000000000e+05 4.350000000000000000e+02
7.750000000000000000e+05 4.680000000000000000e+02
7.800000000000000000e+05 4.220000000000000000e+02
7.850000000000000000e+05 4.160000000000000000e+02
7.900000000000000000e+05 4.530000000000000000e+02
7.950000000000000000e+05 4.610000000000000000e+02
8.000000000000000000e+05 4.750000000000000000e+02
8.050000000000000000e+05 4.450000000000000000e+02
8.100000000000000000e+05 4.570000000000000000e+02
8.150000000000000000e+05 5.290000000000000000e+02
8.200000000000000000e+05 4.520000000000000000e+02
8.250000000000000000e+05 4.850000000000000000e+02
8.300000000000000000e+05 4.490000000000000000e+02
8.350000000000000000e+05 4.350000000000000000e+02
8.400000000000000000e+05 4.230000000000000000e+02
8.450000000000000000e+05 4.150000000000000000e+02
8.500000000000000000e+05 4.680000000000000000e+02
8.550000000000000000e+05 4.160000000000000000e+02
8.600000000000000000e+05 4.260000000000000000e+02
8.650000000000000000e+05 4.260000000000000000e+02
8.700000000000000000e+05 4.480000000000000000e+02
8.750000000000000000e+05 4.530000000000000000e+02
8.800000000000000000e+05 4.160000000000000000e+02
8.850000000000000000e+05 4.520000000000000000e+02
8.900000000000000000e+05 4.640000000000000000e+02
8.950000000000000000e+05 4.420000000000000000e+02
9.000000000000000000e+05 4.290000000000000000e+02
9.050000000000000000e+05 3.770000000000000000e+02
9.100000000000000000e+05 4.490000000000000000e+02
9.150000000000000000e+05 4.560000000000000000e+02
9.200000000000000000e+05 4.500000000000000000e+02
9.250000000000000000e+05 4.760000000000000000e+02
9.300000000000000000e+05 4.670000000000000000e+02
9.350000000000000000e+05 4.430000000000000000e+02
9.400000000000000000e+05 4.830000000000000000e+02
9.450000000000000000e+05 4.630000000000000000e+02
9.500000000000000000e+05 4.580000000000000000e+02
9.550000000000000000e+05 4.390000000000000000e+02
9.600000000000000000e+05 4.470000000000000000e+02
9.650000000000000000e+05 4.500000000000000000e+02
9.700000000000000000e+05 4.660000000000000000e+02
9.750000000000000000e+05 4.650000000000000000e+02
9.800000000000000000e+05 4.490000000000000000e+02
9.850000000000000000e+05 4.240000000000000000e+02
9.900000000000000000e+05 4.790000000000000000e+02
9.950000000000000000e+05 4.350000000000000000e+02
