0.000000000000000000e+00 5.200000000000000000e+02
1.667000000000000000e+03 4.590000000000000000e+02
3.334000000000000000e+03 4.020000000000000000e+02
5.001000000000000000e+03 4.050000000000000000e+02
6.668000000000000000e+03 4.910000000000000000e+02
8.335000000000000000e+03 5.000000000000000000e+02
1.000200000000000000e+04 4.570000000000000000e+02
1.166900000000000000e+04 4.120000000000000000e+02
1.333600000000000000e+04 4.170000000000000000e+02
1.500300000000000000e+04 4.890000000000000000e+02
1.667000000000000000e+04 4.660000000000000000e+02
1.833700000000000000e+04 4.740000000000000000e+02
2.000400000000000000e+04 4.440000000000000000e+02
2.167100000000000000e+04 3.810000000000000000e+02
2.333800000000000000e+04 4.410000000000000000e+02
2.500500000000000000e+04 4.880000000000000000e+02
2.667200000000000000e+04 4.680000000000000000e+02
2.833900000000000000e+04 4.110000000000000000e+02
3.000600000000000000e+04 3.820000000000000000e+02
3.167300000000000000e+04 4.410000000000000000e+02
3.334000000000000000e+04 4.750000000000000000e+02
3.500700000000000000e+04 4.530000000000000000e+02
3.667400000000000000e+04 4.270000000000000000e+02
3.834100000000000000e+04 4.300000000000000000e+02
4.000800000000000000e+04 3.920000000000000000e+02
4.167500000000000000e+04 4.970000000000000000e+02
4.334200000000000000e+04 5.030000000000000000e+02
4.500900000000000000e+04 4.030000000000000000e+02
4.667600000000000000e+04 3.950000000000000000e+02
4.834300000000000000e+04 4.140000000000000000e+02
5.001000000000000000e+04 5.280000000000000000e+02
5.167700000000000000e+04 4.830000000000000000e+02
5.334400000000000000e+04 4.370000000000000000e+02
5.501100000000000000e+04 4.130000000000000000e+02
5.667800000000000000e+04 4.490000000000000000e+02
5.834500000000000000e+04 4.560000000000000000e+02
6.001200000000000000e+04 4.360000000000000000e+02
6.167900000000000000e+04 4.030000000000000000e+02
6.334600000000000000e+04 4.330000000000000000e+02
6.501300000000000000e+04 4.720000000000000000e+02
6.668000000000000000e+04 4.480000000000000000e+02
6.834700000000000000e+04 5.070000000000000000e+02
7.001400000000000000e+04 4.410000000000000000e+02
7.168100000000000000e+04 4.250000000000000000e+02
7.334800000000000000e+04 4.380000000000000000e+02
7.501500000000000000e+04 4.780000000000000000e+02
7.668200000000000000e+04 4.560000000000000000e+02
7.834900000000000000e+04 4.520000000000000000e+02
8.001600000000000000e+04 4.330000000000000000e+02
8.168300000000000000e+04 4.490000000000000000e+02
8.335000000000000000e+04 4.760000000000000000e+02
8.501700000000000000e+04 4.340000000000000000e+02
8.668400000000000000e+04 4.340000000000000000e+02
8.835100000000000000e+04 3.910000000000000000e+02
9.001800000000000000e+04 4.380000000000000000e+02
9.168500000000000000e+04 4.950000000000000000e+02
9.335200000000000000e+04 4.790000000000000000e+02
9.501900000000000000e+04 4.140000000000000000e+02
9.668600000000000000e+04 3.810000000000000000e+02
9.835300000000000000e+04 4.100000000000000000e+02
1.000200000000000000e+05 4.700000000000000000e+02
1.016870000000000000e+05 4.500000000000000000e+02
1.033540000000000000e+05 4.310000000000000000e+02
1.050210000000000000e+05 4.480000000000000000e+02
1.066880000000000000e+05 4.260000000000000000e+02
1.083550000000000000e+05 5.030000000000000000e+02
1.100220000000000000e+05 4.680000000000000000e+02
1.116890000000000000e+05 4.020000000000000000e+02
1.133560000000000000e+05 3.870000000000000000e+02
1.150230000000000000e+05 4.410000000000000000e+02
1.166900000000000000e+05 4.360000000000000000e+02
1.183570000000000000e+05 4.620000000000000000e+02
1.200240000000000000e+05 3.880000000000000000e+02
1.216910000000000000e+05 4.010000000000000000e+02
1.233580000000000000e+05 4.670000000000000000e+02
1.250250000000000000e+05 4.480000000000000000e+02
1.266920000000000000e+05 4.550000000000000000e+02
1.283590000000000000e+05 4.480000000000000000e+02
1.300260000000000000e+05 4.270000000000000000e+02
1.316930000000000000e+05 4.370000000000000000e+02
1.333600000000000000e+05 4.530000000000000000e+02
1.350270000000000000e+05 4.540000000000000000e+02
1.366940000000000000e+05 4.110000000000000000e+02
1.383610000000000000e+05 4.290000000000000000e+02
1.400280000000000000e+05 4.770000000000000000e+02
1.416950000000000000e+05 4.840000000000000000e+02
1.433620000000000000e+05 4.930000000000000000e+02
1.450290000000000000e+05 4.070000000000000000e+02
1.466960000000000000e+05 4.240000000000000000e+02
1.483630000000000000e+05 4.320000000000000000e+02
1.500300000000000000e+05 4.600000000000000000e+02
1.516970000000000000e+05 4.460000000000000000e+02
1.533640000000000000e+05 4.080000000000000000e+02
1.550310000000000000e+05 4.330000000000000000e+02
1.566980000000000000e+05 4.180000000000000000e+02
1.583650000000000000e+05 4.950000000000000000e+02
1.600320000000000000e+05 4.670000000000000000e+02
1.616990000000000000e+05 4.690000000000000000e+02
1.633660000000000000e+05 3.980000000000000000e+02
1.650330000000000000e+05 4.100000000000000000e+02
1.667000000000000000e+05 4.760000000000000000e+02
1.683670000000000000e+05 4.500000000000000000e+02
1.700340000000000000e+05 4.370000000000000000e+02
1.717010000000000000e+05 4.060000000000000000e+02
1.733680000000000000e+05 4.580000000000000000e+02
1.750350000000000000e+05 5.030000000000000000e+02
1.767020000000000000e+05 4.740000000000000000e+02
1.783690000000000000e+05 4.620000000000000000e+02
1.800360000000000000e+05 4.010000000000000000e+02
1.817030000000000000e+05 4.250000000000000000e+02
1.833700000000000000e+05 4.670000000000000000e+02
1.850370000000000000e+05 5.050000000000000000e+02
1.867040000000000000e+05 4.470000000000000000e+02
1.883710000000000000e+05 4.560000000000000000e+02
1.900380000000000000e+05 4.530000000000000000e+02
1.917050000000000000e+05 4.740000000000000000e+02
1.933720000000000000e+05 4.170000000000000000e+02
1.950390000000000000e+05 4.660000000000000000e+02
1.967060000000000000e+05 4.540000000000000000e+02
1.983730000000000000e+05 4.590000000000000000e+02
2.000400000000000000e+05 4.290000000000000000e+02
2.017070000000000000e+05 4.840000000000000000e+02
2.033740000000000000e+05 4.870000000000000000e+02
2.050410000000000000e+05 4.270000000000000000e+02
2.067080000000000000e+05 4.140000000000000000e+02
2.083750000000000000e+05 5.050000000000000000e+02
2.100420000000000000e+05 5.080000000000000000e+02
2.117090000000000000e+05 4.570000000000000000e+02
2.133760000000000000e+05 4.390000000000000000e+02
2.150430000000000000e+05 4.350000000000000000e+02
2.167100000000000000e+05 4.480000000000000000e+02
2.183770000000000000e+05 5.080000000000000000e+02
2.200440000000000000e+05 3.970000000000000000e+02
2.217110000000000000e+05 4.050000000000000000e+02
2.233780000000000000e+05 4.360000000000000000e+02
2.250450000000000000e+05 4.640000000000000000e+02
2.267120000000000000e+05 4.510000000000000000e+02
2.283790000000000000e+05 4.370000000000000000e+02
2.300460000000000000e+05 3.710000000000000000e+02
2.317130000000000000e+05 4.620000000000000000e+02
2.333800000000000000e+05 4.810000000000000000e+02
2.350470000000000000e+05 4.400000000000000000e+02
2.367140000000000000e+05 4.030000000000000000e+02
2.383810000000000000e+05 3.770000000000000000e+02
2.400480000000000000e+05 4.090000000000000000e+02
2.417150000000000000e+05 4.820000000000000000e+02
2.433820000000000000e+05 4.700000000000000000e+02
2.450490000000000000e+05 3.930000000000000000e+02
2.467160000000000000e+05 3.940000000000000000e+02
2.483830000000000000e+05 4.450000000000000000e+02
2.500500000000000000e+05 4.880000000000000000e+02
2.517170000000000000e+05 4.470000000000000000e+02
2.533840000000000000e+05 4.290000000000000000e+02
2.550510000000000000e+05 3.920000000000000000e+02
2.567180000000000000e+05 4.240000000000000000e+02
2.583850000000000000e+05 4.310000000000000000e+02
2.600520000000000000e+05 4.720000000000000000e+02
2.617190000000000000e+05 4.500000000000000000e+02
2.633860000000000000e+05 4.140000000000000000e+02
2.650530000000000000e+05 4.470000000000000000e+02
2.667200000000000000e+05 5.340000000000000000e+02
2.683870000000000000e+05 4.900000000000000000e+02
2.700540000000000000e+05 4.430000000000000000e+02
2.717210000000000000e+05 4.370000000000000000e+02
2.733880000000000000e+05 3.970000000000000000e+02
2.750550000000000000e+05 5.080000000000000000e+02
2.767220000000000000e+05 4.600000000000000000e+02
2.783890000000000000e+05 4.110000000000000000e+02
2.800560000000000000e+05 3.910000000000000000e+02
2.817230000000000000e+05 4.040000000000000000e+02
2.833900000000000000e+05 4.660000000000000000e+02
2.850570000000000000e+05 4.730000000000000000e+02
2.867240000000000000e+05 3.660000000000000000e+02
2.883910000000000000e+05 3.970000000000000000e+02
2.900580000000000000e+05 4.390000000000000000e+02
2.917250000000000000e+05 4.400000000000000000e+02
2.933920000000000000e+05 4.740000000000000000e+02
2.950590000000000000e+05 4.410000000000000000e+02
2.967260000000000000e+05 3.970000000000000000e+02
2.983930000000000000e+05 4.200000000000000000e+02
3.000600000000000000e+05 4.750000000000000000e+02
3.017270000000000000e+05 4.810000000000000000e+02
3.033940000000000000e+05 4.150000000000000000e+02
3.050610000000000000e+05 3.840000000000000000e+02
3.067280000000000000e+05 4.230000000000000000e+02
3.083950000000000000e+05 4.470000000000000000e+02
3.100620000000000000e+05 4.940000000000000000e+02
3.117290000000000000e+05 4.120000000000000000e+02
3.133960000000000000e+05 3.940000000000000000e+02
3.150630000000000000e+05 4.810000000000000000e+02
3.167300000000000000e+05 4.760000000000000000e+02
3.183970000000000000e+05 4.590000000000000000e+02
3.200640000000000000e+05 4.460000000000000000e+02
3.217310000000000000e+05 3.990000000000000000e+02
3.233980000000000000e+05 4.270000000000000000e+02
3.250650000000000000e+05 4.730000000000000000e+02
3.267320000000000000e+05 4.840000000000000000e+02
3.283990000000000000e+05 4.110000000000000000e+02
3.300660000000000000e+05 4.410000000000000000e+02
