0.000000000000000000e+00 4.409000000000000000e+03
1.000000000000000000e+02 4.467000000000000000e+03
2.000000000000000000e+02 4.726000000000000000e+03
3.000000000000000000e+02 4.789000000000000000e+03
4.000000000000000000e+02 4.800000000000000000e+03
5.000000000000000000e+02 4.890000000000000000e+03
6.000000000000000000e+02 5.041000000000000000e+03
7.000000000000000000e+02 5.159000000000000000e+03
8.000000000000000000e+02 5.088000000000000000e+03
9.000000000000000000e+02 5.058000000000000000e+03
1.000000000000000000e+03 5.188000000000000000e+03
1.100000000000000000e+03 5.219000000000000000e+03
1.200000000000000000e+03 5.298000000000000000e+03
1.300000000000000000e+03 5.230000000000000000e+03
1.400000000000000000e+03 5.081000000000000000e+03
1.500000000000000000e+03 5.168000000000000000e+03
1.600000000000000000e+03 5.201000000000000000e+03
1.700000000000000000e+03 5.290000000000000000e+03
1.800000000000000000e+03 5.329000000000000000e+03
1.900000000000000000e+03 5.346000000000000000e+03
2.000000000000000000e+03 5.309000000000000000e+03
2.100000000000000000e+03 5.337000000000000000e+03
2.200000000000000000e+03 5.249000000000000000e+03
2.300000000000000000e+03 5.405000000000000000e+03
2.400000000000000000e+03 5.293000000000000000e+03
2.500000000000000000e+03 5.236000000000000000e+03
2.600000000000000000e+03 5.188000000000000000e+03
2.700000000000000000e+03 5.116000000000000000e+03
2.800000000000000000e+03 5.134000000000000000e+03
2.900000000000000000e+03 5.018000000000000000e+03
3.000000000000000000e+03 5.044000000000000000e+03
3.100000000000000000e+03 4.766000000000000000e+03
3.200000000000000000e+03 4.891000000000000000e+03
3.300000000000000000e+03 4.883000000000000000e+03
3.400000000000000000e+03 4.711000000000000000e+03
3.500000000000000000e+03 4.827000000000000000e+03
3.600000000000000000e+03 4.640000000000000000e+03
3.700000000000000000e+03 4.569000000000000000e+03
3.800000000000000000e+03 4.544000000000000000e+03
3.900000000000000000e+03 4.524000000000000000e+03
4.000000000000000000e+03 4.539000000000000000e+03
4.100000000000000000e+03 4.363000000000000000e+03
4.200000000000000000e+03 4.194000000000000000e+03
4.300000000000000000e+03 4.178000000000000000e+03
4.400000000000000000e+03 4.057000000000000000e+03
4.500000000000000000e+03 4.122000000000000000e+03
4.600000000000000000e+03 3.675000000000000000e+03
4.700000000000000000e+03 3.722000000000000000e+03
4.800000000000000000e+03 3.578000000000000000e+03
4.900000000000000000e+03 3.434000000000000000e+03
5.000000000000000000e+03 3.253000000000000000e+03
5.100000000000000000e+03 3.114000000000000000e+03
5.200000000000000000e+03 2.929000000000000000e+03
5.300000000000000000e+03 2.834000000000000000e+03
5.400000000000000000e+03 2.688000000000000000e+03
5.500000000000000000e+03 2.574000000000000000e+03
5.600000000000000000e+03 2.290000000000000000e+03
5.700000000000000000e+03 2.345000000000000000e+03
5.800000000000000000e+03 2.208000000000000000e+03
5.900000000000000000e+03 2.119000000000000000e+03
6.000000000000000000e+03 1.994000000000000000e+03
6.100000000000000000e+03 2.004000000000000000e+03
6.200000000000000000e+03 1.851000000000000000e+03
6.300000000000000000e+03 1.803000000000000000e+03
6.400000000000000000e+03 1.737000000000000000e+03
6.500000000000000000e+03 1.578000000000000000e+03
6.600000000000000000e+03 1.608000000000000000e+03
6.700000000000000000e+03 1.518000000000000000e+03
6.800000000000000000e+03 1.536000000000000000e+03
6.900000000000000000e+03 1.531000000000000000e+03
7.000000000000000000e+03 1.455000000000000000e+03
7.100000000000000000e+03 1.442000000000000000e+03
7.200000000000000000e+03 1.472000000000000000e+03
7.300000000000000000e+03 1.512000000000000000e+03
7.400000000000000000e+03 1.479000000000000000e+03
7.500000000000000000e+03 1.556000000000000000e+03
7.600000000000000000e+03 1.600000000000000000e+03
7.700000000000000000e+03 1.640000000000000000e+03
7.800000000000000000e+03 1.737000000000000000e+03
7.900000000000000000e+03 1.826000000000000000e+03
8.000000000000000000e+03 1.937000000000000000e+03
8.100000000000000000e+03 2.096000000000000000e+03
8.200000000000000000e+03 2.121000000000000000e+03
8.300000000000000000e+03 2.270000000000000000e+03
8.400000000000000000e+03 2.375000000000000000e+03
8.500000000000000000e+03 2.474000000000000000e+03
8.600000000000000000e+03 2.659000000000000000e+03
8.700000000000000000e+03 2.812000000000000000e+03
8.800000000000000000e+03 2.919000000000000000e+03
8.900000000000000000e+03 3.125000000000000000e+03
9.000000000000000000e+03 3.217000000000000000e+03
9.100000000000000000e+03 3.325000000000000000e+03
9.200000000000000000e+03 3.547000000000000000e+03
9.300000000000000000e+03 3.631000000000000000e+03
9.400000000000000000e+03 3.717000000000000000e+03
9.500000000000000000e+03 3.797000000000000000e+03
9.600000000000000000e+03 4.022000000000000000e+03
9.700000000000000000e+03 4.111000000000000000e+03
9.800000000000000000e+03 4.133000000000000000e+03
9.900000000000000000e+03 4.431000000000000000e+03
1.000000000000000000e+04 4.414000000000000000e+03
1.010000000000000000e+04 4.560000000000000000e+03
1.020000000000000000e+04 4.628000000000000000e+03
1.030000000000000000e+04 4.697000000000000000e+03
1.040000000000000000e+04 4.859000000000000000e+03
1.050000000000000000e+04 4.890000000000000000e+03
1.060000000000000000e+04 4.920000000000000000e+03
1.070000000000000000e+04 4.918000000000000000e+03
1.080000000000000000e+04 5.185000000000000000e+03
1.090000000000000000e+04 5.090000000000000000e+03
1.100000000000000000e+04 5.174000000000000000e+03
1.110000000000000000e+04 5.049000000000000000e+03
1.120000000000000000e+04 5.227000000000000000e+03
1.130000000000000000e+04 5.119000000000000000e+03
1.140000000000000000e+04 5.215000000000000000e+03
1.150000000000000000e+04 5.180000000000000000e+03
1.160000000000000000e+04 5.215000000000000000e+03
1.170000000000000000e+04 5.199000000000000000e+03
1.180000000000000000e+04 5.228000000000000000e+03
1.190000000000000000e+04 5.273000000000000000e+03
1.200000000000000000e+04 5.277000000000000000e+03
1.210000000000000000e+04 5.276000000000000000e+03
1.220000000000000000e+04 5.416000000000000000e+03
1.230000000000000000e+04 5.254000000000000000e+03
1.240000000000000000e+04 5.261000000000000000e+03
1.250000000000000000e+04 5.302000000000000000e+03
1.260000000000000000e+04 5.358000000000000000e+03
1.270000000000000000e+04 5.216000000000000000e+03
1.280000000000000000e+04 5.145000000000000000e+03
1.290000000000000000e+04 5.123000000000000000e+03
1.300000000000000000e+04 4.982000000000000000e+03
1.310000000000000000e+04 4.820000000000000000e+03
1.320000000000000000e+04 4.893000000000000000e+03
1.330000000000000000e+04 4.985000000000000000e+03
1.340000000000000000e+04 4.754000000000000000e+03
1.350000000000000000e+04 4.748000000000000000e+03
1.360000000000000000e+04 4.720000000000000000e+03
1.370000000000000000e+04 4.560000000000000000e+03
1.380000000000000000e+04 4.399000000000000000e+03
1.390000000000000000e+04 4.503000000000000000e+03
1.400000000000000000e+04 4.457000000000000000e+03
1.410000000000000000e+04 4.416000000000000000e+03
1.420000000000000000e+04 4.230000000000000000e+03
1.430000000000000000e+04 4.271000000000000000e+03
1.440000000000000000e+04 4.011000000000000000e+03
1.450000000000000000e+04 3.941000000000000000e+03
1.460000000000000000e+04 3.810000000000000000e+03
1.470000000000000000e+04 3.560000000000000000e+03
1.480000000000000000e+04 3.578000000000000000e+03
1.490000000000000000e+04 3.412000000000000000e+03
1.500000000000000000e+04 3.227000000000000000e+03
1.510000000000000000e+04 3.283000000000000000e+03
1.520000000000000000e+04 2.992000000000000000e+03
1.530000000000000000e+04 2.805000000000000000e+03
1.540000000000000000e+04 2.689000000000000000e+03
1.550000000000000000e+04 2.564000000000000000e+03
1.560000000000000000e+04 2.440000000000000000e+03
1.570000000000000000e+04 2.256000000000000000e+03
1.580000000000000000e+04 2.298000000000000000e+03
1.590000000000000000e+04 2.105000000000000000e+03
1.600000000000000000e+04 2.019000000000000000e+03
1.610000000000000000e+04 1.936000000000000000e+03
1.620000000000000000e+04 1.853000000000000000e+03
1.630000000000000000e+04 1.854000000000000000e+03
1.640000000000000000e+04 1.694000000000000000e+03
1.650000000000000000e+04 1.758000000000000000e+03
1.660000000000000000e+04 1.620000000000000000e+03
1.670000000000000000e+04 1.510000000000000000e+03
1.680000000000000000e+04 1.522000000000000000e+03
1.690000000000000000e+04 1.506000000000000000e+03
1.700000000000000000e+04 1.484000000000000000e+03
1.710000000000000000e+04 1.399000000000000000e+03
1.720000000000000000e+04 1.502000000000000000e+03
1.730000000000000000e+04 1.499000000000000000e+03
1.740000000000000000e+04 1.415000000000000000e+03
1.750000000000000000e+04 1.524000000000000000e+03
1.760000000000000000e+04 1.621000000000000000e+03
1.770000000000000000e+04 1.730000000000000000e+03
1.780000000000000000e+04 1.746000000000000000e+03
1.790000000000000000e+04 1.813000000000000000e+03
1.800000000000000000e+04 1.993000000000000000e+03
1.810000000000000000e+04 2.068000000000000000e+03
1.820000000000000000e+04 2.161000000000000000e+03
1.830000000000000000e+04 2.310000000000000000e+03
1.840000000000000000e+04 2.371000000000000000e+03
1.850000000000000000e+04 2.549000000000000000e+03
1.860000000000000000e+04 2.714000000000000000e+03
1.870000000000000000e+04 2.801000000000000000e+03
1.880000000000000000e+04 3.008000000000000000e+03
1.890000000000000000e+04 3.110000000000000000e+03
1.900000000000000000e+04 3.320000000000000000e+03
1.910000000000000000e+04 3.400000000000000000e+03
1.920000000000000000e+04 3.499000000000000000e+03
1.930000000000000000e+04 3.592000000000000000e+03
1.940000000000000000e+04 3.769000000000000000e+03
1.950000000000000000e+04 3.873000000000000000e+03
1.960000000000000000e+04 3.981000000000000000e+03
1.970000000000000000e+04 4.215000000000000000e+03
1.980000000000000000e+04 4.140000000000000000e+03
1.990000000000000000e+04 4.432000000000000000e+03
