0.000000000000000000e+00 1.435700000000000000e+04
1.000000000000000000e+04 1.515600000000000000e+04
2.000000000000000000e+04 1.557800000000000000e+04
3.000000000000000000e+04 1.537800000000000000e+04
4.000000000000000000e+04 1.575700000000000000e+04
5.000000000000000000e+04 1.576600000000000000e+04
6.000000000000000000e+04 1.610200000000000000e+04
7.000000000000000000e+04 1.626200000000000000e+04
8.000000000000000000e+04 1.630700000000000000e+04
9.000000000000000000e+04 1.641400000000000000e+04
1.000000000000000000e+05 1.677500000000000000e+04
1.100000000000000000e+05 1.669000000000000000e+04
1.200000000000000000e+05 1.674400000000000000e+04
1.300000000000000000e+05 1.669800000000000000e+04
1.400000000000000000e+05 1.698700000000000000e+04
1.500000000000000000e+05 1.704800000000000000e+04
1.600000000000000000e+05 1.680100000000000000e+04
1.700000000000000000e+05 1.696300000000000000e+04
1.800000000000000000e+05 1.689500000000000000e+04
1.900000000000000000e+05 1.687700000000000000e+04
2.000000000000000000e+05 1.703100000000000000e+04
2.100000000000000000e+05 1.669300000000000000e+04
2.200000000000000000e+05 1.712500000000000000e+04
2.300000000000000000e+05 1.678800000000000000e+04
2.400000000000000000e+05 1.695600000000000000e+04
2.500000000000000000e+05 1.663300000000000000e+04
2.600000000000000000e+05 1.660300000000000000e+04
2.700000000000000000e+05 1.673200000000000000e+04
2.800000000000000000e+05 1.655600000000000000e+04
2.900000000000000000e+05 1.630600000000000000e+04
3.000000000000000000e+05 1.642900000000000000e+04
3.100000000000000000e+05 1.633500000000000000e+04
3.200000000000000000e+05 1.604400000000000000e+04
3.300000000000000000e+05 1.601500000000000000e+04
3.400000000000000000e+05 1.573200000000000000e+04
3.500000000000000000e+05 1.538700000000000000e+04
3.600000000000000000e+05 1.527300000000000000e+04
3.700000000000000000e+05 1.519700000000000000e+04
3.800000000000000000e+05 1.478500000000000000e+04
3.900000000000000000e+05 1.431300000000000000e+04
4.000000000000000000e+05 1.421600000000000000e+04
4.100000000000000000e+05 1.359600000000000000e+04
4.200000000000000000e+05 1.374500000000000000e+04
4.300000000000000000e+05 1.322300000000000000e+04
4.400000000000000000e+05 1.307200000000000000e+04
4.500000000000000000e+05 1.258300000000000000e+04
4.600000000000000000e+05 1.207200000000000000e+04
4.700000000000000000e+05 1.181600000000000000e+04
4.800000000000000000e+05 1.118600000000000000e+04
4.900000000000000000e+05 1.083100000000000000e+04
5.000000000000000000e+05 1.031100000000000000e+04
5.100000000000000000e+05 1.001300000000000000e+04
5.200000000000000000e+05 9.674000000000000000e+03
5.300000000000000000e+05 9.142000000000000000e+03
5.400000000000000000e+05 8.841000000000000000e+03
5.500000000000000000e+05 8.155000000000000000e+03
5.600000000000000000e+05 7.766000000000000000e+03
5.700000000000000000e+05 7.304000000000000000e+03
5.800000000000000000e+05 7.143000000000000000e+03
5.900000000000000000e+05 6.701000000000000000e+03
6.000000000000000000e+05 6.499000000000000000e+03
6.100000000000000000e+05 6.129000000000000000e+03
6.200000000000000000e+05 5.991000000000000000e+03
6.300000000000000000e+05 5.721000000000000000e+03
6.400000000000000000e+05 5.431000000000000000e+03
6.500000000000000000e+05 5.245000000000000000e+03
6.600000000000000000e+05 5.036000000000000000e+03
6.700000000000000000e+05 4.893000000000000000e+03
6.800000000000000000e+05 4.844000000000000000e+03
6.900000000000000000e+05 4.949000000000000000e+03
7.000000000000000000e+05 4.916000000000000000e+03
7.100000000000000000e+05 4.911000000000000000e+03
7.200000000000000000e+05 5.095000000000000000e+03
7.300000000000000000e+05 5.049000000000000000e+03
7.400000000000000000e+05 5.235000000000000000e+03
7.500000000000000000e+05 5.572000000000000000e+03
7.600000000000000000e+05 5.634000000000000000e+03
7.700000000000000000e+05 5.883000000000000000e+03
7.800000000000000000e+05 6.348000000000000000e+03
7.900000000000000000e+05 6.650000000000000000e+03
8.000000000000000000e+05 6.955000000000000000e+03
8.100000000000000000e+05 7.281000000000000000e+03
8.200000000000000000e+05 7.636000000000000000e+03
8.300000000000000000e+05 8.031000000000000000e+03
8.400000000000000000e+05 8.477000000000000000e+03
8.500000000000000000e+05 8.953000000000000000e+03
8.600000000000000000e+05 9.397000000000000000e+03
8.700000000000000000e+05 9.919000000000000000e+03
8.800000000000000000e+05 1.033800000000000000e+04
8.900000000000000000e+05 1.081200000000000000e+04
9.000000000000000000e+05 1.117300000000000000e+04
9.100000000000000000e+05 1.157500000000000000e+04
9.200000000000000000e+05 1.194900000000000000e+04
9.300000000000000000e+05 1.231100000000000000e+04
9.400000000000000000e+05 1.269700000000000000e+04
9.500000000000000000e+05 1.301900000000000000e+04
9.600000000000000000e+05 1.352200000000000000e+04
9.700000000000000000e+05 1.363200000000000000e+04
9.800000000000000000e+05 1.424300000000000000e+04
9.900000000000000000e+05 1.445900000000000000e+04
1.000000000000000000e+06 1.486400000000000000e+04
1.010000000000000000e+06 1.483000000000000000e+04
1.020000000000000000e+06 1.510000000000000000e+04
1.030000000000000000e+06 1.535300000000000000e+04
1.040000000000000000e+06 1.571400000000000000e+04
1.050000000000000000e+06 1.584700000000000000e+04
1.060000000000000000e+06 1.590200000000000000e+04
1.070000000000000000e+06 1.637000000000000000e+04
1.080000000000000000e+06 1.616000000000000000e+04
1.090000000000000000e+06 1.664600000000000000e+04
1.100000000000000000e+06 1.677100000000000000e+04
1.110000000000000000e+06 1.657300000000000000e+04
1.120000000000000000e+06 1.677700000000000000e+04
1.130000000000000000e+06 1.661200000000000000e+04
1.140000000000000000e+06 1.684200000000000000e+04
1.150000000000000000e+06 1.686200000000000000e+04
1.160000000000000000e+06 1.713300000000000000e+04
1.170000000000000000e+06 1.678500000000000000e+04
1.180000000000000000e+06 1.695000000000000000e+04
1.190000000000000000e+06 1.675600000000000000e+04
1.200000000000000000e+06 1.695200000000000000e+04
1.210000000000000000e+06 1.690700000000000000e+04
1.220000000000000000e+06 1.707900000000000000e+04
1.230000000000000000e+06 1.674800000000000000e+04
1.240000000000000000e+06 1.691500000000000000e+04
1.250000000000000000e+06 1.687700000000000000e+04
1.260000000000000000e+06 1.676500000000000000e+04
1.270000000000000000e+06 1.668700000000000000e+04
1.280000000000000000e+06 1.649100000000000000e+04
1.290000000000000000e+06 1.613900000000000000e+04
1.300000000000000000e+06 1.655400000000000000e+04
1.310000000000000000e+06 1.631100000000000000e+04
1.320000000000000000e+06 1.606700000000000000e+04
1.330000000000000000e+06 1.576600000000000000e+04
1.340000000000000000e+06 1.576000000000000000e+04
1.350000000000000000e+06 1.579300000000000000e+04
1.360000000000000000e+06 1.531300000000000000e+04
1.370000000000000000e+06 1.509900000000000000e+04
1.380000000000000000e+06 1.483200000000000000e+04
1.390000000000000000e+06 1.457100000000000000e+04
1.400000000000000000e+06 1.429800000000000000e+04
1.410000000000000000e+06 1.361100000000000000e+04
1.420000000000000000e+06 1.373400000000000000e+04
1.430000000000000000e+06 1.331200000000000000e+04
1.440000000000000000e+06 1.306400000000000000e+04
1.450000000000000000e+06 1.250400000000000000e+04
1.460000000000000000e+06 1.210100000000000000e+04
1.470000000000000000e+06 1.171300000000000000e+04
1.480000000000000000e+06 1.151100000000000000e+04
1.490000000000000000e+06 1.083400000000000000e+04
1.500000000000000000e+06 1.027100000000000000e+04
1.510000000000000000e+06 1.022300000000000000e+04
1.520000000000000000e+06 9.381000000000000000e+03
1.530000000000000000e+06 9.197000000000000000e+03
1.540000000000000000e+06 8.729000000000000000e+03
1.550000000000000000e+06 8.339000000000000000e+03
1.560000000000000000e+06 8.010000000000000000e+03
1.570000000000000000e+06 7.437000000000000000e+03
1.580000000000000000e+06 7.067000000000000000e+03
1.590000000000000000e+06 6.757000000000000000e+03
1.600000000000000000e+06 6.339000000000000000e+03
1.610000000000000000e+06 5.955000000000000000e+03
1.620000000000000000e+06 5.728000000000000000e+03
1.630000000000000000e+06 5.542000000000000000e+03
1.640000000000000000e+06 5.317000000000000000e+03
1.650000000000000000e+06 5.260000000000000000e+03
1.660000000000000000e+06 5.202000000000000000e+03
1.670000000000000000e+06 5.079000000000000000e+03
1.680000000000000000e+06 4.747000000000000000e+03
1.690000000000000000e+06 4.820000000000000000e+03
1.700000000000000000e+06 4.885000000000000000e+03
1.710000000000000000e+06 4.831000000000000000e+03
1.720000000000000000e+06 4.908000000000000000e+03
1.730000000000000000e+06 5.090000000000000000e+03
1.740000000000000000e+06 5.315000000000000000e+03
1.750000000000000000e+06 5.463000000000000000e+03
1.760000000000000000e+06 5.654000000000000000e+03
1.770000000000000000e+06 5.891000000000000000e+03
1.780000000000000000e+06 6.136000000000000000e+03
1.790000000000000000e+06 6.496000000000000000e+03
1.800000000000000000e+06 6.659000000000000000e+03
1.810000000000000000e+06 7.304000000000000000e+03
1.820000000000000000e+06 7.753000000000000000e+03
1.830000000000000000e+06 7.985000000000000000e+03
1.840000000000000000e+06 8.338000000000000000e+03
1.850000000000000000e+06 8.771000000000000000e+03
1.860000000000000000e+06 9.259000000000000000e+03
1.870000000000000000e+06 9.726000000000000000e+03
1.880000000000000000e+06 1.017300000000000000e+04
1.890000000000000000e+06 1.054000000000000000e+04
1.900000000000000000e+06 1.120200000000000000e+04
1.910000000000000000e+06 1.150400000000000000e+04
1.920000000000000000e+06 1.173600000000000000e+04
1.930000000000000000e+06 1.237400000000000000e+04
1.940000000000000000e+06 1.250000000000000000e+04
1.950000000000000000e+06 1.319300000000000000e+04
1.960000000000000000e+06 1.343900000000000000e+04
1.970000000000000000e+06 1.370300000000000000e+04
1.980000000000000000e+06 1.395700000000000000e+04
1.990000000000000000e+06 1.440600000000000000e+04
