0.000000000000000000e+00 4.310000000000000000e+03
2.500000000000000000e+02 4.388000000000000000e+03
5.000000000000000000e+02 4.510000000000000000e+03
7.500000000000000000e+02 4.521000000000000000e+03
1.000000000000000000e+03 4.609000000000000000e+03
1.250000000000000000e+03 4.702000000000000000e+03
1.500000000000000000e+03 4.688000000000000000e+03
1.750000000000000000e+03 4.828000000000000000e+03
2.000000000000000000e+03 4.889000000000000000e+03
2.250000000000000000e+03 4.935000000000000000e+03
2.500000000000000000e+03 4.958000000000000000e+03
2.750000000000000000e+03 5.101000000000000000e+03
3.000000000000000000e+03 4.991000000000000000e+03
3.250000000000000000e+03 4.984000000000000000e+03
3.500000000000000000e+03 5.010000000000000000e+03
3.750000000000000000e+03 4.993000000000000000e+03
4.000000000000000000e+03 5.327000000000000000e+03
4.250000000000000000e+03 5.111000000000000000e+03
4.500000000000000000e+03 5.189000000000000000e+03
4.750000000000000000e+03 5.080000000000000000e+03
5.000000000000000000e+03 5.146000000000000000e+03
5.250000000000000000e+03 5.165000000000000000e+03
5.500000000000000000e+03 5.009000000000000000e+03
5.750000000000000000e+03 4.965000000000000000e+03
6.000000000000000000e+03 5.034000000000000000e+03
6.250000000000000000e+03 5.038000000000000000e+03
6.500000000000000000e+03 5.065000000000000000e+03
6.750000000000000000e+03 4.907000000000000000e+03
7.000000000000000000e+03 4.933000000000000000e+03
7.250000000000000000e+03 4.838000000000000000e+03
7.500000000000000000e+03 4.872000000000000000e+03
7.750000000000000000e+03 4.765000000000000000e+03
8.000000000000000000e+03 4.792000000000000000e+03
8.250000000000000000e+03 4.728000000000000000e+03
8.500000000000000000e+03 4.674000000000000000e+03
8.750000000000000000e+03 4.732000000000000000e+03
9.000000000000000000e+03 4.614000000000000000e+03
9.250000000000000000e+03 4.428000000000000000e+03
9.500000000000000000e+03 4.391000000000000000e+03
9.750000000000000000e+03 4.311000000000000000e+03
1.000000000000000000e+04 4.175000000000000000e+03
1.025000000000000000e+04 4.048000000000000000e+03
1.050000000000000000e+04 3.912000000000000000e+03
1.075000000000000000e+04 4.014000000000000000e+03
1.100000000000000000e+04 3.888000000000000000e+03
1.125000000000000000e+04 3.586000000000000000e+03
1.150000000000000000e+04 3.611000000000000000e+03
1.175000000000000000e+04 3.317000000000000000e+03
1.200000000000000000e+04 3.446000000000000000e+03
1.225000000000000000e+04 3.212000000000000000e+03
1.250000000000000000e+04 3.127000000000000000e+03
1.275000000000000000e+04 2.967000000000000000e+03
1.300000000000000000e+04 2.851000000000000000e+03
1.325000000000000000e+04 2.699000000000000000e+03
1.350000000000000000e+04 2.538000000000000000e+03
1.375000000000000000e+04 2.349000000000000000e+03
1.400000000000000000e+04 2.292000000000000000e+03
1.425000000000000000e+04 2.190000000000000000e+03
1.450000000000000000e+04 1.996000000000000000e+03
1.475000000000000000e+04 1.849000000000000000e+03
1.500000000000000000e+04 1.849000000000000000e+03
1.525000000000000000e+04 1.707000000000000000e+03
1.550000000000000000e+04 1.602000000000000000e+03
1.575000000000000000e+04 1.543000000000000000e+03
1.600000000000000000e+04 1.474000000000000000e+03
1.625000000000000000e+04 1.385000000000000000e+03
1.650000000000000000e+04 1.431000000000000000e+03
1.675000000000000000e+04 1.318000000000000000e+03
1.700000000000000000e+04 1.344000000000000000e+03
1.725000000000000000e+04 1.269000000000000000e+03
1.750000000000000000e+04 1.336000000000000000e+03
1.775000000000000000e+04 1.345000000000000000e+03
1.800000000000000000e+04 1.300000000000000000e+03
1.825000000000000000e+04 1.384000000000000000e+03
1.850000000000000000e+04 1.494000000000000000e+03
1.875000000000000000e+04 1.428000000000000000e+03
1.900000000000000000e+04 1.526000000000000000e+03
1.925000000000000000e+04 1.633000000000000000e+03
1.950000000000000000e+04 1.711000000000000000e+03
1.975000000000000000e+04 1.805000000000000000e+03
2.000000000000000000e+04 1.860000000000000000e+03
2.025000000000000000e+04 2.056000000000000000e+03
2.050000000000000000e+04 2.108000000000000000e+03
2.075000000000000000e+04 2.288000000000000000e+03
2.100000000000000000e+04 2.338000000000000000e+03
2.125000000000000000e+04 2.549000000000000000e+03
2.150000000000000000e+04 2.712000000000000000e+03
2.175000000000000000e+04 2.850000000000000000e+03
2.200000000000000000e+04 2.904000000000000000e+03
2.225000000000000000e+04 3.030000000000000000e+03
2.250000000000000000e+04 3.184000000000000000e+03
2.275000000000000000e+04 3.286000000000000000e+03
2.300000000000000000e+04 3.509000000000000000e+03
2.325000000000000000e+04 3.449000000000000000e+03
2.350000000000000000e+04 3.694000000000000000e+03
2.375000000000000000e+04 3.902000000000000000e+03
2.400000000000000000e+04 3.906000000000000000e+03
2.425000000000000000e+04 4.098000000000000000e+03
2.450000000000000000e+04 3.971000000000000000e+03
2.475000000000000000e+04 4.219000000000000000e+03
2.500000000000000000e+04 4.232000000000000000e+03
2.525000000000000000e+04 4.425000000000000000e+03
2.550000000000000000e+04 4.533000000000000000e+03
2.575000000000000000e+04 4.643000000000000000e+03
2.600000000000000000e+04 4.509000000000000000e+03
2.625000000000000000e+04 4.784000000000000000e+03
2.650000000000000000e+04 4.793000000000000000e+03
2.675000000000000000e+04 4.889000000000000000e+03
2.700000000000000000e+04 4.833000000000000000e+03
2.725000000000000000e+04 4.867000000000000000e+03
2.750000000000000000e+04 5.090000000000000000e+03
2.775000000000000000e+04 4.939000000000000000e+03
2.800000000000000000e+04 4.981000000000000000e+03
2.825000000000000000e+04 5.191000000000000000e+03
2.850000000000000000e+04 5.032000000000000000e+03
2.875000000000000000e+04 5.092000000000000000e+03
2.900000000000000000e+04 5.036000000000000000e+03
2.925000000000000000e+04 5.158000000000000000e+03
2.950000000000000000e+04 5.207000000000000000e+03
2.975000000000000000e+04 5.263000000000000000e+03
3.000000000000000000e+04 5.244000000000000000e+03
3.025000000000000000e+04 5.092000000000000000e+03
3.050000000000000000e+04 5.149000000000000000e+03
3.075000000000000000e+04 5.106000000000000000e+03
3.100000000000000000e+04 5.117000000000000000e+03
3.125000000000000000e+04 5.058000000000000000e+03
3.150000000000000000e+04 4.972000000000000000e+03
3.175000000000000000e+04 5.014000000000000000e+03
3.200000000000000000e+04 4.809000000000000000e+03
3.225000000000000000e+04 4.839000000000000000e+03
3.250000000000000000e+04 4.763000000000000000e+03
3.275000000000000000e+04 4.822000000000000000e+03
3.300000000000000000e+04 4.699000000000000000e+03
3.325000000000000000e+04 4.767000000000000000e+03
3.350000000000000000e+04 4.625000000000000000e+03
3.375000000000000000e+04 4.599000000000000000e+03
3.400000000000000000e+04 4.496000000000000000e+03
3.425000000000000000e+04 4.414000000000000000e+03
3.450000000000000000e+04 4.438000000000000000e+03
3.475000000000000000e+04 4.374000000000000000e+03
3.500000000000000000e+04 4.184000000000000000e+03
3.525000000000000000e+04 4.205000000000000000e+03
3.550000000000000000e+04 4.084000000000000000e+03
3.575000000000000000e+04 4.034000000000000000e+03
3.600000000000000000e+04 3.823000000000000000e+03
3.625000000000000000e+04 3.593000000000000000e+03
3.650000000000000000e+04 3.607000000000000000e+03
3.675000000000000000e+04 3.364000000000000000e+03
3.700000000000000000e+04 3.235000000000000000e+03
3.725000000000000000e+04 3.320000000000000000e+03
3.750000000000000000e+04 3.075000000000000000e+03
3.775000000000000000e+04 2.901000000000000000e+03
3.800000000000000000e+04 2.855000000000000000e+03
3.825000000000000000e+04 2.645000000000000000e+03
3.850000000000000000e+04 2.602000000000000000e+03
3.875000000000000000e+04 2.435000000000000000e+03
3.900000000000000000e+04 2.373000000000000000e+03
3.925000000000000000e+04 2.222000000000000000e+03
3.950000000000000000e+04 2.084000000000000000e+03
3.975000000000000000e+04 1.945000000000000000e+03
4.000000000000000000e+04 1.861000000000000000e+03
4.025000000000000000e+04 1.735000000000000000e+03
4.050000000000000000e+04 1.583000000000000000e+03
4.075000000000000000e+04 1.576000000000000000e+03
4.100000000000000000e+04 1.378000000000000000e+03
4.125000000000000000e+04 1.478000000000000000e+03
4.150000000000000000e+04 1.332000000000000000e+03
4.175000000000000000e+04 1.256000000000000000e+03
4.200000000000000000e+04 1.309000000000000000e+03
4.225000000000000000e+04 1.285000000000000000e+03
4.250000000000000000e+04 1.247000000000000000e+03
4.275000000000000000e+04 1.321000000000000000e+03
4.300000000000000000e+04 1.379000000000000000e+03
4.325000000000000000e+04 1.389000000000000000e+03
4.350000000000000000e+04 1.451000000000000000e+03
4.375000000000000000e+04 1.521000000000000000e+03
4.400000000000000000e+04 1.578000000000000000e+03
4.425000000000000000e+04 1.618000000000000000e+03
4.450000000000000000e+04 1.757000000000000000e+03
4.475000000000000000e+04 1.822000000000000000e+03
4.500000000000000000e+04 1.800000000000000000e+03
4.525000000000000000e+04 2.035000000000000000e+03
4.550000000000000000e+04 2.152000000000000000e+03
4.575000000000000000e+04 2.260000000000000000e+03
4.600000000000000000e+04 2.416000000000000000e+03
4.625000000000000000e+04 2.601000000000000000e+03
4.650000000000000000e+04 2.607000000000000000e+03
4.675000000000000000e+04 2.840000000000000000e+03
4.700000000000000000e+04 2.919000000000000000e+03
4.725000000000000000e+04 3.082000000000000000e+03
4.750000000000000000e+04 3.123000000000000000e+03
4.775000000000000000e+04 3.348000000000000000e+03
4.800000000000000000e+04 3.485000000000000000e+03
4.825000000000000000e+04 3.576000000000000000e+03
4.850000000000000000e+04 3.648000000000000000e+03
4.875000000000000000e+04 3.763000000000000000e+03
4.900000000000000000e+04 3.953000000000000000e+03
4.925000000000000000e+04 3.966000000000000000e+03
4.950000000000000000e+04 4.129000000000000000e+03
4.975000000000000000e+04 4.113000000000000000e+03
