0.000000000000000000e+00 4.019000000000000000e+03
3.300000000000000000e+01 4.326000000000000000e+03
6.600000000000000000e+01 4.467000000000000000e+03
9.900000000000000000e+01 4.522000000000000000e+03
1.320000000000000000e+02 4.635000000000000000e+03
1.650000000000000000e+02 4.746000000000000000e+03
1.980000000000000000e+02 4.672000000000000000e+03
2.310000000000000000e+02 4.946000000000000000e+03
2.640000000000000000e+02 4.828000000000000000e+03
2.970000000000000000e+02 4.908000000000000000e+03
3.300000000000000000e+02 4.995000000000000000e+03
3.630000000000000000e+02 5.148000000000000000e+03
3.960000000000000000e+02 5.130000000000000000e+03
4.290000000000000000e+02 5.100000000000000000e+03
4.620000000000000000e+02 5.159000000000000000e+03
4.950000000000000000e+02 5.215000000000000000e+03
5.280000000000000000e+02 5.072000000000000000e+03
5.610000000000000000e+02 5.206000000000000000e+03
5.940000000000000000e+02 5.309000000000000000e+03
6.270000000000000000e+02 5.237000000000000000e+03
6.600000000000000000e+02 5.266000000000000000e+03
6.930000000000000000e+02 5.229000000000000000e+03
7.260000000000000000e+02 5.276000000000000000e+03
7.590000000000000000e+02 5.327000000000000000e+03
7.920000000000000000e+02 5.304000000000000000e+03
8.250000000000000000e+02 5.107000000000000000e+03
8.580000000000000000e+02 5.271000000000000000e+03
8.910000000000000000e+02 5.231000000000000000e+03
9.240000000000000000e+02 5.179000000000000000e+03
9.570000000000000000e+02 5.092000000000000000e+03
9.900000000000000000e+02 5.190000000000000000e+03
1.023000000000000000e+03 5.102000000000000000e+03
1.056000000000000000e+03 5.057000000000000000e+03
1.089000000000000000e+03 5.141000000000000000e+03
1.122000000000000000e+03 4.960000000000000000e+03
1.155000000000000000e+03 5.023000000000000000e+03
1.188000000000000000e+03 5.025000000000000000e+03
1.221000000000000000e+03 4.836000000000000000e+03
1.254000000000000000e+03 5.013000000000000000e+03
1.287000000000000000e+03 4.779000000000000000e+03
1.320000000000000000e+03 4.678000000000000000e+03
1.353000000000000000e+03 4.600000000000000000e+03
1.386000000000000000e+03 4.532000000000000000e+03
1.419000000000000000e+03 4.438000000000000000e+03
1.452000000000000000e+03 4.224000000000000000e+03
1.485000000000000000e+03 4.323000000000000000e+03
1.518000000000000000e+03 4.066000000000000000e+03
1.551000000000000000e+03 3.944000000000000000e+03
1.584000000000000000e+03 3.826000000000000000e+03
1.617000000000000000e+03 3.665000000000000000e+03
1.650000000000000000e+03 3.480000000000000000e+03
1.683000000000000000e+03 3.499000000000000000e+03
1.716000000000000000e+03 3.421000000000000000e+03
1.749000000000000000e+03 3.328000000000000000e+03
1.782000000000000000e+03 3.129000000000000000e+03
1.815000000000000000e+03 3.003000000000000000e+03
1.848000000000000000e+03 2.960000000000000000e+03
1.881000000000000000e+03 2.845000000000000000e+03
1.914000000000000000e+03 2.649000000000000000e+03
1.947000000000000000e+03 2.419000000000000000e+03
1.980000000000000000e+03 2.440000000000000000e+03
2.013000000000000000e+03 2.438000000000000000e+03
2.046000000000000000e+03 2.232000000000000000e+03
2.079000000000000000e+03 2.178000000000000000e+03
2.112000000000000000e+03 2.016000000000000000e+03
2.145000000000000000e+03 2.015000000000000000e+03
2.178000000000000000e+03 1.901000000000000000e+03
2.211000000000000000e+03 1.805000000000000000e+03
2.244000000000000000e+03 1.798000000000000000e+03
2.277000000000000000e+03 1.737000000000000000e+03
2.310000000000000000e+03 1.605000000000000000e+03
2.343000000000000000e+03 1.691000000000000000e+03
2.376000000000000000e+03 1.645000000000000000e+03
2.409000000000000000e+03 1.584000000000000000e+03
2.442000000000000000e+03 1.592000000000000000e+03
2.475000000000000000e+03 1.612000000000000000e+03
2.508000000000000000e+03 1.606000000000000000e+03
2.541000000000000000e+03 1.534000000000000000e+03
2.574000000000000000e+03 1.629000000000000000e+03
2.607000000000000000e+03 1.629000000000000000e+03
2.640000000000000000e+03 1.745000000000000000e+03
2.673000000000000000e+03 1.747000000000000000e+03
2.706000000000000000e+03 1.810000000000000000e+03
2.739000000000000000e+03 1.865000000000000000e+03
2.772000000000000000e+03 2.023000000000000000e+03
2.805000000000000000e+03 2.109000000000000000e+03
2.838000000000000000e+03 2.203000000000000000e+03
2.871000000000000000e+03 2.303000000000000000e+03
2.904000000000000000e+03 2.401000000000000000e+03
2.937000000000000000e+03 2.609000000000000000e+03
2.970000000000000000e+03 2.648000000000000000e+03
3.003000000000000000e+03 2.764000000000000000e+03
3.036000000000000000e+03 3.028000000000000000e+03
3.069000000000000000e+03 3.062000000000000000e+03
3.102000000000000000e+03 3.318000000000000000e+03
3.135000000000000000e+03 3.482000000000000000e+03
3.168000000000000000e+03 3.580000000000000000e+03
3.201000000000000000e+03 3.678000000000000000e+03
3.234000000000000000e+03 3.948000000000000000e+03
3.267000000000000000e+03 3.931000000000000000e+03
3.300000000000000000e+03 3.985000000000000000e+03
3.333000000000000000e+03 4.125000000000000000e+03
3.366000000000000000e+03 4.251000000000000000e+03
3.399000000000000000e+03 4.451000000000000000e+03
3.432000000000000000e+03 4.536000000000000000e+03
3.465000000000000000e+03 4.516000000000000000e+03
3.498000000000000000e+03 4.739000000000000000e+03
3.531000000000000000e+03 4.828000000000000000e+03
3.564000000000000000e+03 4.783000000000000000e+03
3.597000000000000000e+03 4.800000000000000000e+03
3.630000000000000000e+03 4.846000000000000000e+03
3.663000000000000000e+03 4.978000000000000000e+03
3.696000000000000000e+03 5.061000000000000000e+03
3.729000000000000000e+03 5.109000000000000000e+03
3.762000000000000000e+03 5.007000000000000000e+03
3.795000000000000000e+03 5.247000000000000000e+03
3.828000000000000000e+03 5.278000000000000000e+03
3.861000000000000000e+03 5.235000000000000000e+03
3.894000000000000000e+03 5.347000000000000000e+03
3.927000000000000000e+03 5.178000000000000000e+03
3.960000000000000000e+03 5.112000000000000000e+03
3.993000000000000000e+03 5.255000000000000000e+03
4.026000000000000000e+03 5.253000000000000000e+03
4.059000000000000000e+03 5.279000000000000000e+03
4.092000000000000000e+03 5.376000000000000000e+03
4.125000000000000000e+03 5.387000000000000000e+03
4.158000000000000000e+03 5.210000000000000000e+03
4.191000000000000000e+03 5.267000000000000000e+03
4.224000000000000000e+03 5.284000000000000000e+03
4.257000000000000000e+03 5.302000000000000000e+03
4.290000000000000000e+03 5.214000000000000000e+03
4.323000000000000000e+03 5.150000000000000000e+03
4.356000000000000000e+03 5.276000000000000000e+03
4.389000000000000000e+03 5.156000000000000000e+03
4.422000000000000000e+03 5.071000000000000000e+03
4.455000000000000000e+03 4.944000000000000000e+03
4.488000000000000000e+03 5.015000000000000000e+03
4.521000000000000000e+03 4.906000000000000000e+03
4.554000000000000000e+03 4.805000000000000000e+03
4.587000000000000000e+03 4.850000000000000000e+03
4.620000000000000000e+03 4.716000000000000000e+03
4.653000000000000000e+03 4.639000000000000000e+03
4.686000000000000000e+03 4.496000000000000000e+03
4.719000000000000000e+03 4.466000000000000000e+03
4.752000000000000000e+03 4.347000000000000000e+03
4.785000000000000000e+03 4.247000000000000000e+03
4.818000000000000000e+03 4.179000000000000000e+03
4.851000000000000000e+03 4.079000000000000000e+03
4.884000000000000000e+03 3.930000000000000000e+03
4.917000000000000000e+03 3.974000000000000000e+03
4.950000000000000000e+03 3.777000000000000000e+03
4.983000000000000000e+03 3.523000000000000000e+03
5.016000000000000000e+03 3.515000000000000000e+03
5.049000000000000000e+03 3.320000000000000000e+03
5.082000000000000000e+03 3.238000000000000000e+03
5.115000000000000000e+03 3.175000000000000000e+03
5.148000000000000000e+03 2.991000000000000000e+03
5.181000000000000000e+03 2.945000000000000000e+03
5.214000000000000000e+03 2.773000000000000000e+03
5.247000000000000000e+03 2.645000000000000000e+03
5.280000000000000000e+03 2.598000000000000000e+03
5.313000000000000000e+03 2.340000000000000000e+03
5.346000000000000000e+03 2.256000000000000000e+03
5.379000000000000000e+03 2.200000000000000000e+03
5.412000000000000000e+03 2.144000000000000000e+03
5.445000000000000000e+03 2.102000000000000000e+03
5.478000000000000000e+03 1.937000000000000000e+03
5.511000000000000000e+03 1.903000000000000000e+03
5.544000000000000000e+03 1.869000000000000000e+03
5.577000000000000000e+03 1.757000000000000000e+03
5.610000000000000000e+03 1.743000000000000000e+03
5.643000000000000000e+03 1.733000000000000000e+03
5.676000000000000000e+03 1.709000000000000000e+03
5.709000000000000000e+03 1.587000000000000000e+03
5.742000000000000000e+03 1.582000000000000000e+03
5.775000000000000000e+03 1.594000000000000000e+03
5.808000000000000000e+03 1.587000000000000000e+03
5.841000000000000000e+03 1.567000000000000000e+03
5.874000000000000000e+03 1.632000000000000000e+03
5.907000000000000000e+03 1.570000000000000000e+03
5.940000000000000000e+03 1.662000000000000000e+03
5.973000000000000000e+03 1.707000000000000000e+03
6.006000000000000000e+03 1.825000000000000000e+03
6.039000000000000000e+03 1.870000000000000000e+03
6.072000000000000000e+03 1.937000000000000000e+03
6.105000000000000000e+03 1.993000000000000000e+03
6.138000000000000000e+03 2.055000000000000000e+03
6.171000000000000000e+03 2.261000000000000000e+03
6.204000000000000000e+03 2.338000000000000000e+03
6.237000000000000000e+03 2.422000000000000000e+03
6.270000000000000000e+03 2.566000000000000000e+03
6.303000000000000000e+03 2.780000000000000000e+03
6.336000000000000000e+03 2.787000000000000000e+03
6.369000000000000000e+03 3.006000000000000000e+03
6.402000000000000000e+03 2.954000000000000000e+03
6.435000000000000000e+03 3.229000000000000000e+03
6.468000000000000000e+03 3.424000000000000000e+03
6.501000000000000000e+03 3.576000000000000000e+03
6.534000000000000000e+03 3.654000000000000000e+03
6.567000000000000000e+03 3.981000000000000000e+03
6.600000000000000000e+03 4.057000000000000000e+03
6.633000000000000000e+03 4.119000000000000000e+03
