0.000000000000000000e+00 4.081000000000000000e+03
1.420000000000000000e+02 4.068000000000000000e+03
2.840000000000000000e+02 4.055000000000000000e+03
4.260000000000000000e+02 4.331000000000000000e+03
5.680000000000000000e+02 4.308000000000000000e+03
7.100000000000000000e+02 4.420000000000000000e+03
8.520000000000000000e+02 4.507000000000000000e+03
9.940000000000000000e+02 4.475000000000000000e+03
1.136000000000000000e+03 4.620000000000000000e+03
1.278000000000000000e+03 4.607000000000000000e+03
1.420000000000000000e+03 4.510000000000000000e+03
1.562000000000000000e+03 4.714000000000000000e+03
1.704000000000000000e+03 4.618000000000000000e+03
1.846000000000000000e+03 4.689000000000000000e+03
1.988000000000000000e+03 4.715000000000000000e+03
2.130000000000000000e+03 4.721000000000000000e+03
2.272000000000000000e+03 4.660000000000000000e+03
2.414000000000000000e+03 4.679000000000000000e+03
2.556000000000000000e+03 4.739000000000000000e+03
2.698000000000000000e+03 4.805000000000000000e+03
2.840000000000000000e+03 4.747000000000000000e+03
2.982000000000000000e+03 4.770000000000000000e+03
3.124000000000000000e+03 4.642000000000000000e+03
3.266000000000000000e+03 4.825000000000000000e+03
3.408000000000000000e+03 4.757000000000000000e+03
3.550000000000000000e+03 4.584000000000000000e+03
3.692000000000000000e+03 4.678000000000000000e+03
3.834000000000000000e+03 4.677000000000000000e+03
3.976000000000000000e+03 4.698000000000000000e+03
4.118000000000000000e+03 4.639000000000000000e+03
4.260000000000000000e+03 4.594000000000000000e+03
4.402000000000000000e+03 4.576000000000000000e+03
4.544000000000000000e+03 4.565000000000000000e+03
4.686000000000000000e+03 4.512000000000000000e+03
4.828000000000000000e+03 4.296000000000000000e+03
4.970000000000000000e+03 4.369000000000000000e+03
5.112000000000000000e+03 4.453000000000000000e+03
5.254000000000000000e+03 4.213000000000000000e+03
5.396000000000000000e+03 4.107000000000000000e+03
5.538000000000000000e+03 4.060000000000000000e+03
5.680000000000000000e+03 3.927000000000000000e+03
5.822000000000000000e+03 3.829000000000000000e+03
5.964000000000000000e+03 3.925000000000000000e+03
6.106000000000000000e+03 3.631000000000000000e+03
6.248000000000000000e+03 3.723000000000000000e+03
6.390000000000000000e+03 3.417000000000000000e+03
6.532000000000000000e+03 3.322000000000000000e+03
6.674000000000000000e+03 3.171000000000000000e+03
6.816000000000000000e+03 3.132000000000000000e+03
6.958000000000000000e+03 2.987000000000000000e+03
7.100000000000000000e+03 2.867000000000000000e+03
7.242000000000000000e+03 2.754000000000000000e+03
7.384000000000000000e+03 2.632000000000000000e+03
7.526000000000000000e+03 2.515000000000000000e+03
7.668000000000000000e+03 2.315000000000000000e+03
7.810000000000000000e+03 2.270000000000000000e+03
7.952000000000000000e+03 2.111000000000000000e+03
8.094000000000000000e+03 1.941000000000000000e+03
8.236000000000000000e+03 1.903000000000000000e+03
8.378000000000000000e+03 1.822000000000000000e+03
8.520000000000000000e+03 1.722000000000000000e+03
8.662000000000000000e+03 1.680000000000000000e+03
8.804000000000000000e+03 1.398000000000000000e+03
8.946000000000000000e+03 1.447000000000000000e+03
9.088000000000000000e+03 1.285000000000000000e+03
9.230000000000000000e+03 1.233000000000000000e+03
9.372000000000000000e+03 1.277000000000000000e+03
9.514000000000000000e+03 1.186000000000000000e+03
9.656000000000000000e+03 1.149000000000000000e+03
9.798000000000000000e+03 1.128000000000000000e+03
9.940000000000000000e+03 1.161000000000000000e+03
1.008200000000000000e+04 1.100000000000000000e+03
1.022400000000000000e+04 1.093000000000000000e+03
1.036600000000000000e+04 1.174000000000000000e+03
1.050800000000000000e+04 1.122000000000000000e+03
1.065000000000000000e+04 1.198000000000000000e+03
1.079200000000000000e+04 1.220000000000000000e+03
1.093400000000000000e+04 1.291000000000000000e+03
1.107600000000000000e+04 1.342000000000000000e+03
1.121800000000000000e+04 1.511000000000000000e+03
1.136000000000000000e+04 1.534000000000000000e+03
1.150200000000000000e+04 1.642000000000000000e+03
1.164400000000000000e+04 1.808000000000000000e+03
1.178600000000000000e+04 1.816000000000000000e+03
1.192800000000000000e+04 1.947000000000000000e+03
1.207000000000000000e+04 2.211000000000000000e+03
1.221200000000000000e+04 2.246000000000000000e+03
1.235400000000000000e+04 2.373000000000000000e+03
1.249600000000000000e+04 2.530000000000000000e+03
1.263800000000000000e+04 2.623000000000000000e+03
1.278000000000000000e+04 2.849000000000000000e+03
1.292200000000000000e+04 2.932000000000000000e+03
1.306400000000000000e+04 3.034000000000000000e+03
1.320600000000000000e+04 3.185000000000000000e+03
1.334800000000000000e+04 3.357000000000000000e+03
1.349000000000000000e+04 3.396000000000000000e+03
1.363200000000000000e+04 3.622000000000000000e+03
1.377400000000000000e+04 3.697000000000000000e+03
1.391600000000000000e+04 3.755000000000000000e+03
1.405800000000000000e+04 3.824000000000000000e+03
1.420000000000000000e+04 4.041000000000000000e+03
1.434200000000000000e+04 4.088000000000000000e+03
1.448400000000000000e+04 4.141000000000000000e+03
1.462600000000000000e+04 4.333000000000000000e+03
1.476800000000000000e+04 4.320000000000000000e+03
1.491000000000000000e+04 4.371000000000000000e+03
1.505200000000000000e+04 4.449000000000000000e+03
1.519400000000000000e+04 4.469000000000000000e+03
1.533600000000000000e+04 4.552000000000000000e+03
1.547800000000000000e+04 4.454000000000000000e+03
1.562000000000000000e+04 4.534000000000000000e+03
1.576200000000000000e+04 4.614000000000000000e+03
1.590400000000000000e+04 4.650000000000000000e+03
1.604600000000000000e+04 4.691000000000000000e+03
1.618800000000000000e+04 4.720000000000000000e+03
1.633000000000000000e+04 4.672000000000000000e+03
1.647200000000000000e+04 4.657000000000000000e+03
1.661400000000000000e+04 4.896000000000000000e+03
1.675600000000000000e+04 4.758000000000000000e+03
1.689800000000000000e+04 4.781000000000000000e+03
1.704000000000000000e+04 4.741000000000000000e+03
1.718200000000000000e+04 4.746000000000000000e+03
1.732400000000000000e+04 4.838000000000000000e+03
1.746600000000000000e+04 4.838000000000000000e+03
1.760800000000000000e+04 4.896000000000000000e+03
1.775000000000000000e+04 4.867000000000000000e+03
1.789200000000000000e+04 4.629000000000000000e+03
1.803400000000000000e+04 4.812000000000000000e+03
1.817600000000000000e+04 4.675000000000000000e+03
1.831800000000000000e+04 4.601000000000000000e+03
1.846000000000000000e+04 4.632000000000000000e+03
1.860200000000000000e+04 4.628000000000000000e+03
1.874400000000000000e+04 4.457000000000000000e+03
1.888600000000000000e+04 4.570000000000000000e+03
1.902800000000000000e+04 4.412000000000000000e+03
1.917000000000000000e+04 4.491000000000000000e+03
1.931200000000000000e+04 4.355000000000000000e+03
1.945400000000000000e+04 4.298000000000000000e+03
1.959600000000000000e+04 4.204000000000000000e+03
1.973800000000000000e+04 4.089000000000000000e+03
1.988000000000000000e+04 3.958000000000000000e+03
2.002200000000000000e+04 3.858000000000000000e+03
2.016400000000000000e+04 3.760000000000000000e+03
2.030600000000000000e+04 3.763000000000000000e+03
2.044800000000000000e+04 3.622000000000000000e+03
2.059000000000000000e+04 3.547000000000000000e+03
2.073200000000000000e+04 3.416000000000000000e+03
2.087400000000000000e+04 3.207000000000000000e+03
2.101600000000000000e+04 3.290000000000000000e+03
2.115800000000000000e+04 3.087000000000000000e+03
2.130000000000000000e+04 3.030000000000000000e+03
2.144200000000000000e+04 2.860000000000000000e+03
2.158400000000000000e+04 2.682000000000000000e+03
2.172600000000000000e+04 2.559000000000000000e+03
2.186800000000000000e+04 2.461000000000000000e+03
2.201000000000000000e+04 2.222000000000000000e+03
2.215200000000000000e+04 2.117000000000000000e+03
2.229400000000000000e+04 2.075000000000000000e+03
2.243600000000000000e+04 1.867000000000000000e+03
2.257800000000000000e+04 1.784000000000000000e+03
2.272000000000000000e+04 1.696000000000000000e+03
2.286200000000000000e+04 1.546000000000000000e+03
2.300400000000000000e+04 1.581000000000000000e+03
2.314600000000000000e+04 1.428000000000000000e+03
2.328800000000000000e+04 1.434000000000000000e+03
2.343000000000000000e+04 1.414000000000000000e+03
2.357200000000000000e+04 1.261000000000000000e+03
2.371400000000000000e+04 1.211000000000000000e+03
2.385600000000000000e+04 1.231000000000000000e+03
2.399800000000000000e+04 1.086000000000000000e+03
2.414000000000000000e+04 1.184000000000000000e+03
2.428200000000000000e+04 1.115000000000000000e+03
2.442400000000000000e+04 1.151000000000000000e+03
2.456600000000000000e+04 1.098000000000000000e+03
2.470800000000000000e+04 1.177000000000000000e+03
2.485000000000000000e+04 1.172000000000000000e+03
2.499200000000000000e+04 1.236000000000000000e+03
2.513400000000000000e+04 1.280000000000000000e+03
2.527600000000000000e+04 1.332000000000000000e+03
2.541800000000000000e+04 1.417000000000000000e+03
2.556000000000000000e+04 1.461000000000000000e+03
2.570200000000000000e+04 1.603000000000000000e+03
2.584400000000000000e+04 1.691000000000000000e+03
2.598600000000000000e+04 1.816000000000000000e+03
2.612800000000000000e+04 1.989000000000000000e+03
2.627000000000000000e+04 2.116000000000000000e+03
2.641200000000000000e+04 2.124000000000000000e+03
2.655400000000000000e+04 2.383000000000000000e+03
2.669600000000000000e+04 2.494000000000000000e+03
2.683800000000000000e+04 2.584000000000000000e+03
2.698000000000000000e+04 2.750000000000000000e+03
2.712200000000000000e+04 2.897000000000000000e+03
2.726400000000000000e+04 2.969000000000000000e+03
2.740600000000000000e+04 3.117000000000000000e+03
2.754800000000000000e+04 3.250000000000000000e+03
2.769000000000000000e+04 3.455000000000000000e+03
2.783200000000000000e+04 3.418000000000000000e+03
2.797400000000000000e+04 3.737000000000000000e+03
2.811600000000000000e+04 3.804000000000000000e+03
2.825800000000000000e+04 3.841000000000000000e+03
2.840000000000000000e+04 4.005000000000000000e+03
