0.000000000000000000e+00 6.000000000000000000e+03
1.428000000000000000e+03 6.176000000000000000e+03
2.856000000000000000e+03 6.346000000000000000e+03
4.284000000000000000e+03 6.389000000000000000e+03
5.712000000000000000e+03 6.377000000000000000e+03
7.140000000000000000e+03 6.546000000000000000e+03
8.568000000000000000e+03 6.593000000000000000e+03
9.996000000000000000e+03 6.548000000000000000e+03
1.142400000000000000e+04 6.790000000000000000e+03
1.285200000000000000e+04 6.796000000000000000e+03
1.428000000000000000e+04 6.889000000000000000e+03
1.570800000000000000e+04 6.735000000000000000e+03
1.713600000000000000e+04 6.886000000000000000e+03
1.856400000000000000e+04 7.005000000000000000e+03
1.999200000000000000e+04 7.089000000000000000e+03
2.142000000000000000e+04 7.014000000000000000e+03
2.284800000000000000e+04 7.018000000000000000e+03
2.427600000000000000e+04 6.930000000000000000e+03
2.570400000000000000e+04 7.088000000000000000e+03
2.713200000000000000e+04 6.878000000000000000e+03
2.856000000000000000e+04 7.012000000000000000e+03
2.998800000000000000e+04 7.029000000000000000e+03
3.141600000000000000e+04 7.026000000000000000e+03
3.284400000000000000e+04 6.859000000000000000e+03
3.427200000000000000e+04 7.022000000000000000e+03
3.570000000000000000e+04 7.028000000000000000e+03
3.712800000000000000e+04 6.867000000000000000e+03
3.855600000000000000e+04 6.897000000000000000e+03
3.998400000000000000e+04 6.835000000000000000e+03
4.141200000000000000e+04 6.820000000000000000e+03
4.284000000000000000e+04 6.777000000000000000e+03
4.426800000000000000e+04 6.763000000000000000e+03
4.569600000000000000e+04 6.458000000000000000e+03
4.712400000000000000e+04 6.533000000000000000e+03
4.855200000000000000e+04 6.589000000000000000e+03
4.998000000000000000e+04 6.268000000000000000e+03
5.140800000000000000e+04 6.193000000000000000e+03
5.283600000000000000e+04 6.070000000000000000e+03
5.426400000000000000e+04 5.991000000000000000e+03
5.569200000000000000e+04 5.943000000000000000e+03
5.712000000000000000e+04 5.794000000000000000e+03
5.854800000000000000e+04 5.664000000000000000e+03
5.997600000000000000e+04 5.428000000000000000e+03
6.140400000000000000e+04 5.385000000000000000e+03
6.283200000000000000e+04 5.142000000000000000e+03
6.426000000000000000e+04 5.130000000000000000e+03
6.568800000000000000e+04 4.866000000000000000e+03
6.711600000000000000e+04 4.640000000000000000e+03
6.854400000000000000e+04 4.617000000000000000e+03
6.997200000000000000e+04 4.309000000000000000e+03
7.140000000000000000e+04 4.066000000000000000e+03
7.282800000000000000e+04 4.013000000000000000e+03
7.425600000000000000e+04 3.767000000000000000e+03
7.568400000000000000e+04 3.483000000000000000e+03
7.711200000000000000e+04 3.442000000000000000e+03
7.854000000000000000e+04 3.125000000000000000e+03
7.996800000000000000e+04 3.046000000000000000e+03
8.139600000000000000e+04 2.872000000000000000e+03
8.282400000000000000e+04 2.693000000000000000e+03
8.425200000000000000e+04 2.635000000000000000e+03
8.568000000000000000e+04 2.398000000000000000e+03
8.710800000000000000e+04 2.320000000000000000e+03
8.853600000000000000e+04 2.094000000000000000e+03
8.996400000000000000e+04 2.034000000000000000e+03
9.139200000000000000e+04 1.998000000000000000e+03
9.282000000000000000e+04 1.862000000000000000e+03
9.424800000000000000e+04 1.783000000000000000e+03
9.567600000000000000e+04 1.804000000000000000e+03
9.710400000000000000e+04 1.655000000000000000e+03
9.853200000000000000e+04 1.718000000000000000e+03
9.996000000000000000e+04 1.768000000000000000e+03
1.013880000000000000e+05 1.769000000000000000e+03
1.028160000000000000e+05 1.827000000000000000e+03
1.042440000000000000e+05 1.867000000000000000e+03
1.056720000000000000e+05 1.884000000000000000e+03
1.071000000000000000e+05 2.006000000000000000e+03
1.085280000000000000e+05 2.088000000000000000e+03
1.099560000000000000e+05 2.125000000000000000e+03
1.113840000000000000e+05 2.228000000000000000e+03
1.128120000000000000e+05 2.421000000000000000e+03
1.142400000000000000e+05 2.615000000000000000e+03
1.156680000000000000e+05 2.668000000000000000e+03
1.170960000000000000e+05 2.961000000000000000e+03
1.185240000000000000e+05 3.078000000000000000e+03
1.199520000000000000e+05 3.331000000000000000e+03
1.213800000000000000e+05 3.531000000000000000e+03
1.228080000000000000e+05 3.627000000000000000e+03
1.242360000000000000e+05 3.885000000000000000e+03
1.256640000000000000e+05 3.988000000000000000e+03
1.270920000000000000e+05 4.331000000000000000e+03
1.285200000000000000e+05 4.445000000000000000e+03
1.299480000000000000e+05 4.672000000000000000e+03
1.313760000000000000e+05 4.795000000000000000e+03
1.328040000000000000e+05 5.030000000000000000e+03
1.342320000000000000e+05 5.150000000000000000e+03
1.356600000000000000e+05 5.274000000000000000e+03
1.370880000000000000e+05 5.436000000000000000e+03
1.385160000000000000e+05 5.466000000000000000e+03
1.399440000000000000e+05 5.781000000000000000e+03
1.413720000000000000e+05 5.905000000000000000e+03
1.428000000000000000e+05 6.094000000000000000e+03
1.442280000000000000e+05 6.047000000000000000e+03
1.456560000000000000e+05 6.127000000000000000e+03
1.470840000000000000e+05 6.213000000000000000e+03
1.485120000000000000e+05 6.335000000000000000e+03
1.499400000000000000e+05 6.488000000000000000e+03
1.513680000000000000e+05 6.620000000000000000e+03
1.527960000000000000e+05 6.673000000000000000e+03
1.542240000000000000e+05 6.697000000000000000e+03
1.556520000000000000e+05 6.919000000000000000e+03
1.570800000000000000e+05 7.084000000000000000e+03
1.585080000000000000e+05 6.842000000000000000e+03
1.599360000000000000e+05 6.807000000000000000e+03
1.613640000000000000e+05 6.895000000000000000e+03
1.627920000000000000e+05 6.955000000000000000e+03
1.642200000000000000e+05 6.991000000000000000e+03
1.656480000000000000e+05 7.021000000000000000e+03
1.670760000000000000e+05 7.044000000000000000e+03
1.685040000000000000e+05 7.179000000000000000e+03
1.699320000000000000e+05 7.071000000000000000e+03
1.713600000000000000e+05 6.986000000000000000e+03
1.727880000000000000e+05 6.913000000000000000e+03
1.742160000000000000e+05 6.932000000000000000e+03
1.756440000000000000e+05 6.983000000000000000e+03
1.770720000000000000e+05 6.903000000000000000e+03
1.785000000000000000e+05 6.932000000000000000e+03
1.799280000000000000e+05 6.985000000000000000e+03
1.813560000000000000e+05 6.818000000000000000e+03
1.827840000000000000e+05 6.752000000000000000e+03
1.842120000000000000e+05 6.696000000000000000e+03
1.856400000000000000e+05 6.809000000000000000e+03
1.870680000000000000e+05 6.663000000000000000e+03
1.884960000000000000e+05 6.600000000000000000e+03
1.899240000000000000e+05 6.415000000000000000e+03
1.913520000000000000e+05 6.572000000000000000e+03
1.927800000000000000e+05 6.571000000000000000e+03
1.942080000000000000e+05 6.214000000000000000e+03
1.956360000000000000e+05 6.145000000000000000e+03
1.970640000000000000e+05 5.992000000000000000e+03
1.984920000000000000e+05 5.855000000000000000e+03
1.999200000000000000e+05 5.710000000000000000e+03
2.013480000000000000e+05 5.620000000000000000e+03
2.027760000000000000e+05 5.523000000000000000e+03
2.042040000000000000e+05 5.335000000000000000e+03
2.056320000000000000e+05 5.138000000000000000e+03
2.070600000000000000e+05 5.036000000000000000e+03
2.084880000000000000e+05 4.999000000000000000e+03
2.099160000000000000e+05 4.872000000000000000e+03
2.113440000000000000e+05 4.589000000000000000e+03
2.127720000000000000e+05 4.467000000000000000e+03
2.142000000000000000e+05 4.099000000000000000e+03
2.156280000000000000e+05 4.002000000000000000e+03
2.170560000000000000e+05 3.898000000000000000e+03
2.184840000000000000e+05 3.549000000000000000e+03
2.199120000000000000e+05 3.317000000000000000e+03
2.213400000000000000e+05 3.241000000000000000e+03
2.227680000000000000e+05 3.030000000000000000e+03
2.241960000000000000e+05 2.944000000000000000e+03
2.256240000000000000e+05 2.661000000000000000e+03
2.270520000000000000e+05 2.530000000000000000e+03
2.284800000000000000e+05 2.410000000000000000e+03
2.299080000000000000e+05 2.258000000000000000e+03
2.313360000000000000e+05 2.016000000000000000e+03
2.327640000000000000e+05 2.089000000000000000e+03
2.341920000000000000e+05 1.975000000000000000e+03
2.356200000000000000e+05 1.848000000000000000e+03
2.370480000000000000e+05 1.765000000000000000e+03
2.384760000000000000e+05 1.749000000000000000e+03
2.399040000000000000e+05 1.671000000000000000e+03
2.413320000000000000e+05 1.779000000000000000e+03
2.427600000000000000e+05 1.779000000000000000e+03
2.441880000000000000e+05 1.780000000000000000e+03
2.456160000000000000e+05 1.792000000000000000e+03
2.470440000000000000e+05 1.864000000000000000e+03
2.484720000000000000e+05 1.956000000000000000e+03
2.499000000000000000e+05 2.002000000000000000e+03
2.513280000000000000e+05 2.131000000000000000e+03
2.527560000000000000e+05 2.096000000000000000e+03
2.541840000000000000e+05 2.280000000000000000e+03
2.556120000000000000e+05 2.404000000000000000e+03
2.570400000000000000e+05 2.650000000000000000e+03
2.584680000000000000e+05 2.765000000000000000e+03
2.598960000000000000e+05 2.942000000000000000e+03
2.613240000000000000e+05 3.086000000000000000e+03
2.627520000000000000e+05 3.240000000000000000e+03
2.641800000000000000e+05 3.462000000000000000e+03
2.656080000000000000e+05 3.627000000000000000e+03
2.670360000000000000e+05 3.919000000000000000e+03
2.684640000000000000e+05 3.924000000000000000e+03
2.698920000000000000e+05 4.265000000000000000e+03
2.713200000000000000e+05 4.297000000000000000e+03
2.727480000000000000e+05 4.668000000000000000e+03
2.741760000000000000e+05 4.776000000000000000e+03
2.756040000000000000e+05 4.954000000000000000e+03
2.770320000000000000e+05 5.168000000000000000e+03
2.784600000000000000e+05 5.303000000000000000e+03
2.798880000000000000e+05 5.450000000000000000e+03
2.813160000000000000e+05 5.564000000000000000e+03
2.827440000000000000e+05 5.830000000000000000e+03
2.841720000000000000e+05 5.821000000000000000e+03
