0.000000000000000000e+00 5.845000000000000000e+03
2.000000000000000000e+03 6.027000000000000000e+03
4.000000000000000000e+03 5.936000000000000000e+03
6.000000000000000000e+03 6.207000000000000000e+03
8.000000000000000000e+03 6.202000000000000000e+03
1.000000000000000000e+04 6.322000000000000000e+03
1.200000000000000000e+04 6.167000000000000000e+03
1.400000000000000000e+04 6.478000000000000000e+03
1.600000000000000000e+04 6.464000000000000000e+03
1.800000000000000000e+04 6.380000000000000000e+03
2.000000000000000000e+04 6.641000000000000000e+03
2.200000000000000000e+04 6.622000000000000000e+03
2.400000000000000000e+04 6.676000000000000000e+03
2.600000000000000000e+04 6.596000000000000000e+03
2.800000000000000000e+04 6.757000000000000000e+03
3.000000000000000000e+04 6.686000000000000000e+03
3.200000000000000000e+04 6.863000000000000000e+03
3.400000000000000000e+04 6.721000000000000000e+03
3.600000000000000000e+04 6.703000000000000000e+03
3.800000000000000000e+04 6.853000000000000000e+03
4.000000000000000000e+04 6.677000000000000000e+03
4.200000000000000000e+04 6.574000000000000000e+03
4.400000000000000000e+04 6.635000000000000000e+03
4.600000000000000000e+04 6.536000000000000000e+03
4.800000000000000000e+04 6.728000000000000000e+03
5.000000000000000000e+04 6.643000000000000000e+03
5.200000000000000000e+04 6.677000000000000000e+03
5.400000000000000000e+04 6.620000000000000000e+03
5.600000000000000000e+04 6.737000000000000000e+03
5.800000000000000000e+04 6.591000000000000000e+03
6.000000000000000000e+04 6.551000000000000000e+03
6.200000000000000000e+04 6.466000000000000000e+03
6.400000000000000000e+04 6.445000000000000000e+03
6.600000000000000000e+04 6.180000000000000000e+03
6.800000000000000000e+04 6.217000000000000000e+03
7.000000000000000000e+04 6.078000000000000000e+03
7.200000000000000000e+04 5.904000000000000000e+03
7.400000000000000000e+04 5.855000000000000000e+03
7.600000000000000000e+04 5.976000000000000000e+03
7.800000000000000000e+04 5.606000000000000000e+03
8.000000000000000000e+04 5.580000000000000000e+03
8.200000000000000000e+04 5.497000000000000000e+03
8.400000000000000000e+04 5.370000000000000000e+03
8.600000000000000000e+04 5.175000000000000000e+03
8.800000000000000000e+04 5.140000000000000000e+03
9.000000000000000000e+04 4.874000000000000000e+03
9.200000000000000000e+04 4.734000000000000000e+03
9.400000000000000000e+04 4.523000000000000000e+03
9.600000000000000000e+04 4.394000000000000000e+03
9.800000000000000000e+04 4.142000000000000000e+03
1.000000000000000000e+05 3.901000000000000000e+03
1.020000000000000000e+05 3.772000000000000000e+03
1.040000000000000000e+05 3.565000000000000000e+03
1.060000000000000000e+05 3.456000000000000000e+03
1.080000000000000000e+05 3.265000000000000000e+03
1.100000000000000000e+05 3.054000000000000000e+03
1.120000000000000000e+05 3.000000000000000000e+03
1.140000000000000000e+05 2.683000000000000000e+03
1.160000000000000000e+05 2.485000000000000000e+03
1.180000000000000000e+05 2.428000000000000000e+03
1.200000000000000000e+05 2.261000000000000000e+03
1.220000000000000000e+05 2.147000000000000000e+03
1.240000000000000000e+05 2.065000000000000000e+03
1.260000000000000000e+05 1.880000000000000000e+03
1.280000000000000000e+05 1.862000000000000000e+03
1.300000000000000000e+05 1.771000000000000000e+03
1.320000000000000000e+05 1.764000000000000000e+03
1.340000000000000000e+05 1.724000000000000000e+03
1.360000000000000000e+05 1.616000000000000000e+03
1.380000000000000000e+05 1.707000000000000000e+03
1.400000000000000000e+05 1.660000000000000000e+03
1.420000000000000000e+05 1.767000000000000000e+03
1.440000000000000000e+05 1.686000000000000000e+03
1.460000000000000000e+05 1.752000000000000000e+03
1.480000000000000000e+05 1.953000000000000000e+03
1.500000000000000000e+05 1.999000000000000000e+03
1.520000000000000000e+05 2.007000000000000000e+03
1.540000000000000000e+05 2.059000000000000000e+03
1.560000000000000000e+05 2.296000000000000000e+03
1.580000000000000000e+05 2.412000000000000000e+03
1.600000000000000000e+05 2.468000000000000000e+03
1.620000000000000000e+05 2.681000000000000000e+03
1.640000000000000000e+05 2.861000000000000000e+03
1.660000000000000000e+05 3.077000000000000000e+03
1.680000000000000000e+05 3.207000000000000000e+03
1.700000000000000000e+05 3.278000000000000000e+03
1.720000000000000000e+05 3.558000000000000000e+03
1.740000000000000000e+05 3.871000000000000000e+03
1.760000000000000000e+05 4.001000000000000000e+03
1.780000000000000000e+05 4.073000000000000000e+03
1.800000000000000000e+05 4.306000000000000000e+03
1.820000000000000000e+05 4.417000000000000000e+03
1.840000000000000000e+05 4.655000000000000000e+03
1.860000000000000000e+05 4.750000000000000000e+03
1.880000000000000000e+05 4.941000000000000000e+03
1.900000000000000000e+05 5.144000000000000000e+03
1.920000000000000000e+05 5.213000000000000000e+03
1.940000000000000000e+05 5.436000000000000000e+03
1.960000000000000000e+05 5.631000000000000000e+03
1.980000000000000000e+05 5.655000000000000000e+03
2.000000000000000000e+05 5.862000000000000000e+03
2.020000000000000000e+05 5.914000000000000000e+03
2.040000000000000000e+05 5.940000000000000000e+03
2.060000000000000000e+05 5.978000000000000000e+03
2.080000000000000000e+05 6.157000000000000000e+03
2.100000000000000000e+05 6.212000000000000000e+03
2.120000000000000000e+05 6.360000000000000000e+03
2.140000000000000000e+05 6.214000000000000000e+03
2.160000000000000000e+05 6.284000000000000000e+03
2.180000000000000000e+05 6.535000000000000000e+03
2.200000000000000000e+05 6.510000000000000000e+03
2.220000000000000000e+05 6.716000000000000000e+03
2.240000000000000000e+05 6.607000000000000000e+03
2.260000000000000000e+05 6.650000000000000000e+03
2.280000000000000000e+05 6.704000000000000000e+03
2.300000000000000000e+05 6.636000000000000000e+03
2.320000000000000000e+05 6.797000000000000000e+03
2.340000000000000000e+05 6.835000000000000000e+03
2.360000000000000000e+05 6.629000000000000000e+03
2.380000000000000000e+05 6.712000000000000000e+03
2.400000000000000000e+05 6.642000000000000000e+03
2.420000000000000000e+05 6.579000000000000000e+03
2.440000000000000000e+05 6.925000000000000000e+03
2.460000000000000000e+05 6.540000000000000000e+03
2.480000000000000000e+05 6.648000000000000000e+03
2.500000000000000000e+05 6.570000000000000000e+03
2.520000000000000000e+05 6.639000000000000000e+03
2.540000000000000000e+05 6.517000000000000000e+03
2.560000000000000000e+05 6.650000000000000000e+03
2.580000000000000000e+05 6.461000000000000000e+03
2.600000000000000000e+05 6.443000000000000000e+03
2.620000000000000000e+05 6.462000000000000000e+03
2.640000000000000000e+05 6.314000000000000000e+03
2.660000000000000000e+05 6.415000000000000000e+03
2.680000000000000000e+05 6.103000000000000000e+03
2.700000000000000000e+05 6.088000000000000000e+03
2.720000000000000000e+05 6.182000000000000000e+03
2.740000000000000000e+05 5.976000000000000000e+03
2.760000000000000000e+05 5.898000000000000000e+03
2.780000000000000000e+05 5.605000000000000000e+03
2.800000000000000000e+05 5.631000000000000000e+03
2.820000000000000000e+05 5.533000000000000000e+03
2.840000000000000000e+05 5.305000000000000000e+03
2.860000000000000000e+05 5.283000000000000000e+03
2.880000000000000000e+05 5.097000000000000000e+03
2.900000000000000000e+05 4.781000000000000000e+03
2.920000000000000000e+05 4.681000000000000000e+03
2.940000000000000000e+05 4.648000000000000000e+03
2.960000000000000000e+05 4.349000000000000000e+03
2.980000000000000000e+05 4.155000000000000000e+03
3.000000000000000000e+05 3.938000000000000000e+03
3.020000000000000000e+05 3.942000000000000000e+03
3.040000000000000000e+05 3.666000000000000000e+03
3.060000000000000000e+05 3.441000000000000000e+03
3.080000000000000000e+05 3.294000000000000000e+03
3.100000000000000000e+05 3.064000000000000000e+03
3.120000000000000000e+05 2.950000000000000000e+03
3.140000000000000000e+05 2.808000000000000000e+03
3.160000000000000000e+05 2.663000000000000000e+03
3.180000000000000000e+05 2.341000000000000000e+03
3.200000000000000000e+05 2.298000000000000000e+03
3.220000000000000000e+05 2.147000000000000000e+03
3.240000000000000000e+05 2.038000000000000000e+03
3.260000000000000000e+05 2.027000000000000000e+03
3.280000000000000000e+05 1.922000000000000000e+03
3.300000000000000000e+05 1.803000000000000000e+03
3.320000000000000000e+05 1.753000000000000000e+03
3.340000000000000000e+05 1.739000000000000000e+03
3.360000000000000000e+05 1.626000000000000000e+03
3.380000000000000000e+05 1.704000000000000000e+03
3.400000000000000000e+05 1.670000000000000000e+03
3.420000000000000000e+05 1.625000000000000000e+03
3.440000000000000000e+05 1.742000000000000000e+03
3.460000000000000000e+05 1.722000000000000000e+03
3.480000000000000000e+05 1.854000000000000000e+03
3.500000000000000000e+05 1.939000000000000000e+03
3.520000000000000000e+05 2.023000000000000000e+03
3.540000000000000000e+05 2.111000000000000000e+03
3.560000000000000000e+05 2.256000000000000000e+03
3.580000000000000000e+05 2.378000000000000000e+03
3.600000000000000000e+05 2.491000000000000000e+03
3.620000000000000000e+05 2.710000000000000000e+03
3.640000000000000000e+05 2.791000000000000000e+03
3.660000000000000000e+05 3.087000000000000000e+03
3.680000000000000000e+05 3.250000000000000000e+03
3.700000000000000000e+05 3.382000000000000000e+03
3.720000000000000000e+05 3.597000000000000000e+03
3.740000000000000000e+05 3.791000000000000000e+03
3.760000000000000000e+05 4.017000000000000000e+03
3.780000000000000000e+05 4.040000000000000000e+03
3.800000000000000000e+05 4.176000000000000000e+03
3.820000000000000000e+05 4.506000000000000000e+03
3.840000000000000000e+05 4.558000000000000000e+03
3.860000000000000000e+05 4.711000000000000000e+03
3.880000000000000000e+05 4.888000000000000000e+03
3.900000000000000000e+05 5.154000000000000000e+03
3.920000000000000000e+05 5.263000000000000000e+03
3.940000000000000000e+05 5.419000000000000000e+03
3.960000000000000000e+05 5.545000000000000000e+03
3.980000000000000000e+05 5.700000000000000000e+03
