0.000000000000000000e+00 4.860000000000000000e+03
3.330000000000000000e+02 4.796000000000000000e+03
6.660000000000000000e+02 4.843000000000000000e+03
9.990000000000000000e+02 5.006000000000000000e+03
1.332000000000000000e+03 5.078000000000000000e+03
1.665000000000000000e+03 5.282000000000000000e+03
1.998000000000000000e+03 5.192000000000000000e+03
2.331000000000000000e+03 5.174000000000000000e+03
2.664000000000000000e+03 5.366000000000000000e+03
2.997000000000000000e+03 5.286000000000000000e+03
3.330000000000000000e+03 5.411000000000000000e+03
3.663000000000000000e+03 5.414000000000000000e+03
3.996000000000000000e+03 5.485000000000000000e+03
4.329000000000000000e+03 5.488000000000000000e+03
4.662000000000000000e+03 5.538000000000000000e+03
4.995000000000000000e+03 5.532000000000000000e+03
5.328000000000000000e+03 5.527000000000000000e+03
5.661000000000000000e+03 5.451000000000000000e+03
5.994000000000000000e+03 5.443000000000000000e+03
6.327000000000000000e+03 5.471000000000000000e+03
6.660000000000000000e+03 5.369000000000000000e+03
6.993000000000000000e+03 5.601000000000000000e+03
7.326000000000000000e+03 5.529000000000000000e+03
7.659000000000000000e+03 5.560000000000000000e+03
7.992000000000000000e+03 5.532000000000000000e+03
8.325000000000000000e+03 5.585000000000000000e+03
8.658000000000000000e+03 5.497000000000000000e+03
8.991000000000000000e+03 5.462000000000000000e+03
9.324000000000000000e+03 5.355000000000000000e+03
9.657000000000000000e+03 5.299000000000000000e+03
9.990000000000000000e+03 5.409000000000000000e+03
1.032300000000000000e+04 5.143000000000000000e+03
1.065600000000000000e+04 5.153000000000000000e+03
1.098900000000000000e+04 5.196000000000000000e+03
1.132200000000000000e+04 5.114000000000000000e+03
1.165500000000000000e+04 5.013000000000000000e+03
1.198800000000000000e+04 5.136000000000000000e+03
1.232100000000000000e+04 4.931000000000000000e+03
1.265400000000000000e+04 4.904000000000000000e+03
1.298700000000000000e+04 4.727000000000000000e+03
1.332000000000000000e+04 4.540000000000000000e+03
1.365300000000000000e+04 4.445000000000000000e+03
1.398600000000000000e+04 4.341000000000000000e+03
1.431900000000000000e+04 4.282000000000000000e+03
1.465200000000000000e+04 4.089000000000000000e+03
1.498500000000000000e+04 4.042000000000000000e+03
1.531800000000000000e+04 3.912000000000000000e+03
1.565100000000000000e+04 3.802000000000000000e+03
1.598400000000000000e+04 3.565000000000000000e+03
1.631700000000000000e+04 3.511000000000000000e+03
1.665000000000000000e+04 3.372000000000000000e+03
1.698300000000000000e+04 3.076000000000000000e+03
1.731600000000000000e+04 3.001000000000000000e+03
1.764900000000000000e+04 2.765000000000000000e+03
1.798200000000000000e+04 2.640000000000000000e+03
1.831500000000000000e+04 2.571000000000000000e+03
1.864800000000000000e+04 2.448000000000000000e+03
1.898100000000000000e+04 2.154000000000000000e+03
1.931400000000000000e+04 2.248000000000000000e+03
1.964700000000000000e+04 2.003000000000000000e+03
1.998000000000000000e+04 1.895000000000000000e+03
2.031300000000000000e+04 1.745000000000000000e+03
2.064600000000000000e+04 1.668000000000000000e+03
2.097900000000000000e+04 1.608000000000000000e+03
2.131200000000000000e+04 1.516000000000000000e+03
2.164500000000000000e+04 1.443000000000000000e+03
2.197800000000000000e+04 1.435000000000000000e+03
2.231100000000000000e+04 1.401000000000000000e+03
2.264400000000000000e+04 1.387000000000000000e+03
2.297700000000000000e+04 1.353000000000000000e+03
2.331000000000000000e+04 1.265000000000000000e+03
2.364300000000000000e+04 1.306000000000000000e+03
2.397600000000000000e+04 1.373000000000000000e+03
2.430900000000000000e+04 1.355000000000000000e+03
2.464200000000000000e+04 1.393000000000000000e+03
2.497500000000000000e+04 1.544000000000000000e+03
2.530800000000000000e+04 1.577000000000000000e+03
2.564100000000000000e+04 1.747000000000000000e+03
2.597400000000000000e+04 1.757000000000000000e+03
2.630700000000000000e+04 1.874000000000000000e+03
2.664000000000000000e+04 1.958000000000000000e+03
2.697300000000000000e+04 2.153000000000000000e+03
2.730600000000000000e+04 2.226000000000000000e+03
2.763900000000000000e+04 2.413000000000000000e+03
2.797200000000000000e+04 2.500000000000000000e+03
2.830500000000000000e+04 2.691000000000000000e+03
2.863800000000000000e+04 2.800000000000000000e+03
2.897100000000000000e+04 2.959000000000000000e+03
2.930400000000000000e+04 3.062000000000000000e+03
2.963700000000000000e+04 3.324000000000000000e+03
2.997000000000000000e+04 3.486000000000000000e+03
3.030300000000000000e+04 3.583000000000000000e+03
3.063600000000000000e+04 3.756000000000000000e+03
3.096900000000000000e+04 3.919000000000000000e+03
3.130200000000000000e+04 4.050000000000000000e+03
3.163500000000000000e+04 4.095000000000000000e+03
3.196800000000000000e+04 4.179000000000000000e+03
3.230100000000000000e+04 4.461000000000000000e+03
3.263400000000000000e+04 4.391000000000000000e+03
3.296700000000000000e+04 4.782000000000000000e+03
3.330000000000000000e+04 4.516000000000000000e+03
3.363300000000000000e+04 4.846000000000000000e+03
3.396600000000000000e+04 5.036000000000000000e+03
3.429900000000000000e+04 4.931000000000000000e+03
3.463200000000000000e+04 5.008000000000000000e+03
3.496500000000000000e+04 5.177000000000000000e+03
3.529800000000000000e+04 5.258000000000000000e+03
3.563100000000000000e+04 5.235000000000000000e+03
3.596400000000000000e+04 5.273000000000000000e+03
3.629700000000000000e+04 5.539000000000000000e+03
3.663000000000000000e+04 5.467000000000000000e+03
3.696300000000000000e+04 5.498000000000000000e+03
3.729600000000000000e+04 5.240000000000000000e+03
3.762900000000000000e+04 5.379000000000000000e+03
3.796200000000000000e+04 5.420000000000000000e+03
3.829500000000000000e+04 5.551000000000000000e+03
3.862800000000000000e+04 5.523000000000000000e+03
3.896100000000000000e+04 5.681000000000000000e+03
3.929400000000000000e+04 5.585000000000000000e+03
3.962700000000000000e+04 5.577000000000000000e+03
3.996000000000000000e+04 5.644000000000000000e+03
4.029300000000000000e+04 5.612000000000000000e+03
4.062600000000000000e+04 5.462000000000000000e+03
4.095900000000000000e+04 5.554000000000000000e+03
4.129200000000000000e+04 5.588000000000000000e+03
4.162500000000000000e+04 5.533000000000000000e+03
4.195800000000000000e+04 5.397000000000000000e+03
4.229100000000000000e+04 5.414000000000000000e+03
4.262400000000000000e+04 5.499000000000000000e+03
4.295700000000000000e+04 5.467000000000000000e+03
4.329000000000000000e+04 5.409000000000000000e+03
4.362300000000000000e+04 5.226000000000000000e+03
4.395600000000000000e+04 5.268000000000000000e+03
4.428900000000000000e+04 5.270000000000000000e+03
4.462200000000000000e+04 5.019000000000000000e+03
4.495500000000000000e+04 5.104000000000000000e+03
4.528800000000000000e+04 4.989000000000000000e+03
4.562100000000000000e+04 4.931000000000000000e+03
4.595400000000000000e+04 4.806000000000000000e+03
4.628700000000000000e+04 4.750000000000000000e+03
4.662000000000000000e+04 4.604000000000000000e+03
4.695300000000000000e+04 4.523000000000000000e+03
4.728600000000000000e+04 4.318000000000000000e+03
4.761900000000000000e+04 4.310000000000000000e+03
4.795200000000000000e+04 4.203000000000000000e+03
4.828500000000000000e+04 4.097000000000000000e+03
4.861800000000000000e+04 3.790000000000000000e+03
4.895100000000000000e+04 3.742000000000000000e+03
4.928400000000000000e+04 3.597000000000000000e+03
4.961700000000000000e+04 3.379000000000000000e+03
4.995000000000000000e+04 3.254000000000000000e+03
5.028300000000000000e+04 3.078000000000000000e+03
5.061600000000000000e+04 2.868000000000000000e+03
5.094900000000000000e+04 2.832000000000000000e+03
5.128200000000000000e+04 2.629000000000000000e+03
5.161500000000000000e+04 2.527000000000000000e+03
5.194800000000000000e+04 2.398000000000000000e+03
5.228100000000000000e+04 2.384000000000000000e+03
5.261400000000000000e+04 2.120000000000000000e+03
5.294700000000000000e+04 2.001000000000000000e+03
5.328000000000000000e+04 1.905000000000000000e+03
5.361300000000000000e+04 1.791000000000000000e+03
5.394600000000000000e+04 1.689000000000000000e+03
5.427900000000000000e+04 1.657000000000000000e+03
5.461200000000000000e+04 1.558000000000000000e+03
5.494500000000000000e+04 1.453000000000000000e+03
5.527800000000000000e+04 1.522000000000000000e+03
5.561100000000000000e+04 1.391000000000000000e+03
5.594400000000000000e+04 1.437000000000000000e+03
5.627700000000000000e+04 1.389000000000000000e+03
5.661000000000000000e+04 1.302000000000000000e+03
5.694300000000000000e+04 1.326000000000000000e+03
5.727600000000000000e+04 1.375000000000000000e+03
5.760900000000000000e+04 1.365000000000000000e+03
5.794200000000000000e+04 1.444000000000000000e+03
5.827500000000000000e+04 1.502000000000000000e+03
5.860800000000000000e+04 1.578000000000000000e+03
5.894100000000000000e+04 1.697000000000000000e+03
5.927400000000000000e+04 1.701000000000000000e+03
5.960700000000000000e+04 1.825000000000000000e+03
5.994000000000000000e+04 1.941000000000000000e+03
6.027300000000000000e+04 2.041000000000000000e+03
6.060600000000000000e+04 2.176000000000000000e+03
6.093900000000000000e+04 2.330000000000000000e+03
6.127200000000000000e+04 2.431000000000000000e+03
6.160500000000000000e+04 2.590000000000000000e+03
6.193800000000000000e+04 2.804000000000000000e+03
6.227100000000000000e+04 3.071000000000000000e+03
6.260400000000000000e+04 3.123000000000000000e+03
6.293700000000000000e+04 3.223000000000000000e+03
6.327000000000000000e+04 3.380000000000000000e+03
6.360300000000000000e+04 3.561000000000000000e+03
6.393600000000000000e+04 3.704000000000000000e+03
6.426900000000000000e+04 3.886000000000000000e+03
6.460200000000000000e+04 3.975000000000000000e+03
6.493500000000000000e+04 4.088000000000000000e+03
6.526800000000000000e+04 4.352000000000000000e+03
6.560100000000000000e+04 4.350000000000000000e+03
6.593400000000000000e+04 4.649000000000000000e+03
6.626700000000000000e+04 4.586000000000000000e+03
