0.000000000000000000e+00 5.431000000000000000e+03
1.000000000000000000e+03 5.759000000000000000e+03
2.000000000000000000e+03 5.681000000000000000e+03
3.000000000000000000e+03 5.872000000000000000e+03
4.000000000000000000e+03 5.975000000000000000e+03
5.000000000000000000e+03 6.099000000000000000e+03
6.000000000000000000e+03 6.135000000000000000e+03
7.000000000000000000e+03 6.027000000000000000e+03
8.000000000000000000e+03 6.292000000000000000e+03
9.000000000000000000e+03 6.250000000000000000e+03
1.000000000000000000e+04 6.492000000000000000e+03
1.100000000000000000e+04 6.169000000000000000e+03
1.200000000000000000e+04 6.334000000000000000e+03
1.300000000000000000e+04 6.479000000000000000e+03
1.400000000000000000e+04 6.471000000000000000e+03
1.500000000000000000e+04 6.586000000000000000e+03
1.600000000000000000e+04 6.594000000000000000e+03
1.700000000000000000e+04 6.536000000000000000e+03
1.800000000000000000e+04 6.489000000000000000e+03
1.900000000000000000e+04 6.410000000000000000e+03
2.000000000000000000e+04 6.378000000000000000e+03
2.100000000000000000e+04 6.394000000000000000e+03
2.200000000000000000e+04 6.438000000000000000e+03
2.300000000000000000e+04 6.630000000000000000e+03
2.400000000000000000e+04 6.486000000000000000e+03
2.500000000000000000e+04 6.286000000000000000e+03
2.600000000000000000e+04 6.271000000000000000e+03
2.700000000000000000e+04 6.324000000000000000e+03
2.800000000000000000e+04 6.389000000000000000e+03
2.900000000000000000e+04 6.286000000000000000e+03
3.000000000000000000e+04 6.190000000000000000e+03
3.100000000000000000e+04 6.081000000000000000e+03
3.200000000000000000e+04 6.229000000000000000e+03
3.300000000000000000e+04 6.065000000000000000e+03
3.400000000000000000e+04 6.085000000000000000e+03
3.500000000000000000e+04 5.774000000000000000e+03
3.600000000000000000e+04 5.864000000000000000e+03
3.700000000000000000e+04 5.862000000000000000e+03
3.800000000000000000e+04 5.524000000000000000e+03
3.900000000000000000e+04 5.501000000000000000e+03
4.000000000000000000e+04 5.298000000000000000e+03
4.100000000000000000e+04 5.206000000000000000e+03
4.200000000000000000e+04 5.036000000000000000e+03
4.300000000000000000e+04 4.935000000000000000e+03
4.400000000000000000e+04 4.749000000000000000e+03
4.500000000000000000e+04 4.675000000000000000e+03
4.600000000000000000e+04 4.515000000000000000e+03
4.700000000000000000e+04 4.335000000000000000e+03
4.800000000000000000e+04 4.142000000000000000e+03
4.900000000000000000e+04 4.019000000000000000e+03
5.000000000000000000e+04 3.753000000000000000e+03
5.100000000000000000e+04 3.600000000000000000e+03
5.200000000000000000e+04 3.512000000000000000e+03
5.300000000000000000e+04 3.314000000000000000e+03
5.400000000000000000e+04 3.140000000000000000e+03
5.500000000000000000e+04 2.983000000000000000e+03
5.600000000000000000e+04 2.908000000000000000e+03
5.700000000000000000e+04 2.675000000000000000e+03
5.800000000000000000e+04 2.552000000000000000e+03
5.900000000000000000e+04 2.308000000000000000e+03
6.000000000000000000e+04 2.185000000000000000e+03
6.100000000000000000e+04 2.066000000000000000e+03
6.200000000000000000e+04 2.002000000000000000e+03
6.300000000000000000e+04 1.924000000000000000e+03
6.400000000000000000e+04 1.861000000000000000e+03
6.500000000000000000e+04 1.710000000000000000e+03
6.600000000000000000e+04 1.710000000000000000e+03
6.700000000000000000e+04 1.660000000000000000e+03
6.800000000000000000e+04 1.661000000000000000e+03
6.900000000000000000e+04 1.619000000000000000e+03
7.000000000000000000e+04 1.632000000000000000e+03
7.100000000000000000e+04 1.686000000000000000e+03
7.200000000000000000e+04 1.687000000000000000e+03
7.300000000000000000e+04 1.740000000000000000e+03
7.400000000000000000e+04 1.845000000000000000e+03
7.500000000000000000e+04 1.864000000000000000e+03
7.600000000000000000e+04 1.976000000000000000e+03
7.700000000000000000e+04 2.017000000000000000e+03
7.800000000000000000e+04 2.157000000000000000e+03
7.900000000000000000e+04 2.321000000000000000e+03
8.000000000000000000e+04 2.473000000000000000e+03
8.100000000000000000e+04 2.622000000000000000e+03
8.200000000000000000e+04 2.757000000000000000e+03
8.300000000000000000e+04 3.000000000000000000e+03
8.400000000000000000e+04 3.144000000000000000e+03
8.500000000000000000e+04 3.240000000000000000e+03
8.600000000000000000e+04 3.460000000000000000e+03
8.700000000000000000e+04 3.699000000000000000e+03
8.800000000000000000e+04 3.609000000000000000e+03
8.900000000000000000e+04 3.980000000000000000e+03
9.000000000000000000e+04 4.216000000000000000e+03
9.100000000000000000e+04 4.165000000000000000e+03
9.200000000000000000e+04 4.399000000000000000e+03
9.300000000000000000e+04 4.576000000000000000e+03
9.400000000000000000e+04 4.760000000000000000e+03
9.500000000000000000e+04 4.876000000000000000e+03
9.600000000000000000e+04 5.020000000000000000e+03
9.700000000000000000e+04 5.232000000000000000e+03
9.800000000000000000e+04 5.300000000000000000e+03
9.900000000000000000e+04 5.535000000000000000e+03
1.000000000000000000e+05 5.580000000000000000e+03
1.010000000000000000e+05 5.655000000000000000e+03
1.020000000000000000e+05 5.834000000000000000e+03
1.030000000000000000e+05 5.845000000000000000e+03
1.040000000000000000e+05 5.931000000000000000e+03
1.050000000000000000e+05 6.038000000000000000e+03
1.060000000000000000e+05 6.160000000000000000e+03
1.070000000000000000e+05 6.118000000000000000e+03
1.080000000000000000e+05 6.132000000000000000e+03
1.090000000000000000e+05 6.172000000000000000e+03
1.100000000000000000e+05 6.165000000000000000e+03
1.110000000000000000e+05 6.481000000000000000e+03
1.120000000000000000e+05 6.422000000000000000e+03
1.130000000000000000e+05 6.400000000000000000e+03
1.140000000000000000e+05 6.490000000000000000e+03
1.150000000000000000e+05 6.537000000000000000e+03
1.160000000000000000e+05 6.522000000000000000e+03
1.170000000000000000e+05 6.624000000000000000e+03
1.180000000000000000e+05 6.630000000000000000e+03
1.190000000000000000e+05 6.305000000000000000e+03
1.200000000000000000e+05 6.487000000000000000e+03
1.210000000000000000e+05 6.491000000000000000e+03
1.220000000000000000e+05 6.516000000000000000e+03
1.230000000000000000e+05 6.469000000000000000e+03
1.240000000000000000e+05 6.621000000000000000e+03
1.250000000000000000e+05 6.395000000000000000e+03
1.260000000000000000e+05 6.350000000000000000e+03
1.270000000000000000e+05 6.478000000000000000e+03
1.280000000000000000e+05 6.411000000000000000e+03
1.290000000000000000e+05 6.243000000000000000e+03
1.300000000000000000e+05 6.131000000000000000e+03
1.310000000000000000e+05 6.088000000000000000e+03
1.320000000000000000e+05 6.092000000000000000e+03
1.330000000000000000e+05 6.035000000000000000e+03
1.340000000000000000e+05 6.029000000000000000e+03
1.350000000000000000e+05 6.037000000000000000e+03
1.360000000000000000e+05 5.720000000000000000e+03
1.370000000000000000e+05 5.791000000000000000e+03
1.380000000000000000e+05 5.590000000000000000e+03
1.390000000000000000e+05 5.525000000000000000e+03
1.400000000000000000e+05 5.381000000000000000e+03
1.410000000000000000e+05 5.452000000000000000e+03
1.420000000000000000e+05 5.118000000000000000e+03
1.430000000000000000e+05 4.903000000000000000e+03
1.440000000000000000e+05 4.799000000000000000e+03
1.450000000000000000e+05 4.687000000000000000e+03
1.460000000000000000e+05 4.702000000000000000e+03
1.470000000000000000e+05 4.505000000000000000e+03
1.480000000000000000e+05 4.231000000000000000e+03
1.490000000000000000e+05 4.069000000000000000e+03
1.500000000000000000e+05 3.873000000000000000e+03
1.510000000000000000e+05 3.677000000000000000e+03
1.520000000000000000e+05 3.422000000000000000e+03
1.530000000000000000e+05 3.423000000000000000e+03
1.540000000000000000e+05 3.245000000000000000e+03
1.550000000000000000e+05 2.957000000000000000e+03
1.560000000000000000e+05 2.832000000000000000e+03
1.570000000000000000e+05 2.687000000000000000e+03
1.580000000000000000e+05 2.554000000000000000e+03
1.590000000000000000e+05 2.324000000000000000e+03
1.600000000000000000e+05 2.290000000000000000e+03
1.610000000000000000e+05 2.164000000000000000e+03
1.620000000000000000e+05 1.969000000000000000e+03
1.630000000000000000e+05 1.879000000000000000e+03
1.640000000000000000e+05 1.765000000000000000e+03
1.650000000000000000e+05 1.599000000000000000e+03
1.660000000000000000e+05 1.629000000000000000e+03
1.670000000000000000e+05 1.585000000000000000e+03
1.680000000000000000e+05 1.646000000000000000e+03
1.690000000000000000e+05 1.561000000000000000e+03
1.700000000000000000e+05 1.620000000000000000e+03
1.710000000000000000e+05 1.633000000000000000e+03
1.720000000000000000e+05 1.752000000000000000e+03
1.730000000000000000e+05 1.761000000000000000e+03
1.740000000000000000e+05 1.775000000000000000e+03
1.750000000000000000e+05 1.881000000000000000e+03
1.760000000000000000e+05 1.908000000000000000e+03
1.770000000000000000e+05 1.968000000000000000e+03
1.780000000000000000e+05 2.195000000000000000e+03
1.790000000000000000e+05 2.282000000000000000e+03
1.800000000000000000e+05 2.520000000000000000e+03
1.810000000000000000e+05 2.548000000000000000e+03
1.820000000000000000e+05 2.720000000000000000e+03
1.830000000000000000e+05 2.809000000000000000e+03
1.840000000000000000e+05 3.054000000000000000e+03
1.850000000000000000e+05 3.250000000000000000e+03
1.860000000000000000e+05 3.415000000000000000e+03
1.870000000000000000e+05 3.680000000000000000e+03
1.880000000000000000e+05 3.769000000000000000e+03
1.890000000000000000e+05 3.884000000000000000e+03
1.900000000000000000e+05 4.136000000000000000e+03
1.910000000000000000e+05 4.347000000000000000e+03
1.920000000000000000e+05 4.510000000000000000e+03
1.930000000000000000e+05 4.514000000000000000e+03
1.940000000000000000e+05 4.843000000000000000e+03
1.950000000000000000e+05 4.798000000000000000e+03
1.960000000000000000e+05 5.107000000000000000e+03
1.970000000000000000e+05 5.143000000000000000e+03
1.980000000000000000e+05 5.331000000000000000e+03
1.990000000000000000e+05 5.319000000000000000e+03
