0.000000000000000000e+00 5.676000000000000000e+03
5.000000000000000000e+02 5.856000000000000000e+03
1.000000000000000000e+03 5.640000000000000000e+03
1.500000000000000000e+03 5.865000000000000000e+03
2.000000000000000000e+03 6.087000000000000000e+03
2.500000000000000000e+03 6.033000000000000000e+03
3.000000000000000000e+03 6.163000000000000000e+03
3.500000000000000000e+03 6.166000000000000000e+03
4.000000000000000000e+03 6.281000000000000000e+03
4.500000000000000000e+03 6.459000000000000000e+03
5.000000000000000000e+03 6.292000000000000000e+03
5.500000000000000000e+03 6.351000000000000000e+03
6.000000000000000000e+03 6.345000000000000000e+03
6.500000000000000000e+03 6.460000000000000000e+03
7.000000000000000000e+03 6.408000000000000000e+03
7.500000000000000000e+03 6.383000000000000000e+03
8.000000000000000000e+03 6.489000000000000000e+03
8.500000000000000000e+03 6.649000000000000000e+03
9.000000000000000000e+03 6.679000000000000000e+03
9.500000000000000000e+03 6.392000000000000000e+03
1.000000000000000000e+04 6.655000000000000000e+03
1.050000000000000000e+04 6.659000000000000000e+03
1.100000000000000000e+04 6.316000000000000000e+03
1.150000000000000000e+04 6.465000000000000000e+03
1.200000000000000000e+04 6.374000000000000000e+03
1.250000000000000000e+04 6.440000000000000000e+03
1.300000000000000000e+04 6.489000000000000000e+03
1.350000000000000000e+04 6.459000000000000000e+03
1.400000000000000000e+04 6.425000000000000000e+03
1.450000000000000000e+04 6.246000000000000000e+03
1.500000000000000000e+04 6.254000000000000000e+03
1.550000000000000000e+04 6.180000000000000000e+03
1.600000000000000000e+04 6.103000000000000000e+03
1.650000000000000000e+04 6.068000000000000000e+03
1.700000000000000000e+04 6.133000000000000000e+03
1.750000000000000000e+04 5.798000000000000000e+03
1.800000000000000000e+04 5.949000000000000000e+03
1.850000000000000000e+04 5.790000000000000000e+03
1.900000000000000000e+04 5.475000000000000000e+03
1.950000000000000000e+04 5.664000000000000000e+03
2.000000000000000000e+04 5.497000000000000000e+03
2.050000000000000000e+04 5.242000000000000000e+03
2.100000000000000000e+04 5.196000000000000000e+03
2.150000000000000000e+04 5.177000000000000000e+03
2.200000000000000000e+04 4.814000000000000000e+03
2.250000000000000000e+04 4.708000000000000000e+03
2.300000000000000000e+04 4.597000000000000000e+03
2.350000000000000000e+04 4.405000000000000000e+03
2.400000000000000000e+04 4.315000000000000000e+03
2.450000000000000000e+04 4.022000000000000000e+03
2.500000000000000000e+04 3.905000000000000000e+03
2.550000000000000000e+04 3.774000000000000000e+03
2.600000000000000000e+04 3.630000000000000000e+03
2.650000000000000000e+04 3.414000000000000000e+03
2.700000000000000000e+04 3.281000000000000000e+03
2.750000000000000000e+04 3.133000000000000000e+03
2.800000000000000000e+04 2.970000000000000000e+03
2.850000000000000000e+04 2.825000000000000000e+03
2.900000000000000000e+04 2.563000000000000000e+03
2.950000000000000000e+04 2.404000000000000000e+03
3.000000000000000000e+04 2.279000000000000000e+03
3.050000000000000000e+04 2.238000000000000000e+03
3.100000000000000000e+04 2.124000000000000000e+03
3.150000000000000000e+04 2.017000000000000000e+03
3.200000000000000000e+04 1.877000000000000000e+03
3.250000000000000000e+04 1.905000000000000000e+03
3.300000000000000000e+04 1.864000000000000000e+03
3.350000000000000000e+04 1.751000000000000000e+03
3.400000000000000000e+04 1.703000000000000000e+03
3.450000000000000000e+04 1.733000000000000000e+03
3.500000000000000000e+04 1.659000000000000000e+03
3.550000000000000000e+04 1.747000000000000000e+03
3.600000000000000000e+04 1.649000000000000000e+03
3.650000000000000000e+04 1.751000000000000000e+03
3.700000000000000000e+04 1.902000000000000000e+03
3.750000000000000000e+04 1.964000000000000000e+03
3.800000000000000000e+04 2.060000000000000000e+03
3.850000000000000000e+04 2.140000000000000000e+03
3.900000000000000000e+04 2.262000000000000000e+03
3.950000000000000000e+04 2.377000000000000000e+03
4.000000000000000000e+04 2.536000000000000000e+03
4.050000000000000000e+04 2.754000000000000000e+03
4.100000000000000000e+04 2.778000000000000000e+03
4.150000000000000000e+04 2.953000000000000000e+03
4.200000000000000000e+04 3.159000000000000000e+03
4.250000000000000000e+04 3.388000000000000000e+03
4.300000000000000000e+04 3.496000000000000000e+03
4.350000000000000000e+04 3.904000000000000000e+03
4.400000000000000000e+04 3.822000000000000000e+03
4.450000000000000000e+04 3.982000000000000000e+03
4.500000000000000000e+04 4.325000000000000000e+03
4.550000000000000000e+04 4.354000000000000000e+03
4.600000000000000000e+04 4.686000000000000000e+03
4.650000000000000000e+04 4.820000000000000000e+03
4.700000000000000000e+04 4.884000000000000000e+03
4.750000000000000000e+04 5.027000000000000000e+03
4.800000000000000000e+04 5.181000000000000000e+03
4.850000000000000000e+04 5.427000000000000000e+03
4.900000000000000000e+04 5.445000000000000000e+03
4.950000000000000000e+04 5.585000000000000000e+03
5.000000000000000000e+04 5.679000000000000000e+03
5.050000000000000000e+04 5.657000000000000000e+03
5.100000000000000000e+04 5.908000000000000000e+03
5.150000000000000000e+04 5.984000000000000000e+03
5.200000000000000000e+04 5.969000000000000000e+03
5.250000000000000000e+04 6.076000000000000000e+03
5.300000000000000000e+04 6.103000000000000000e+03
5.350000000000000000e+04 6.083000000000000000e+03
5.400000000000000000e+04 6.373000000000000000e+03
5.450000000000000000e+04 6.357000000000000000e+03
5.500000000000000000e+04 6.435000000000000000e+03
5.550000000000000000e+04 6.348000000000000000e+03
5.600000000000000000e+04 6.445000000000000000e+03
5.650000000000000000e+04 6.340000000000000000e+03
5.700000000000000000e+04 6.537000000000000000e+03
5.750000000000000000e+04 6.435000000000000000e+03
5.800000000000000000e+04 6.474000000000000000e+03
5.850000000000000000e+04 6.581000000000000000e+03
5.900000000000000000e+04 6.512000000000000000e+03
5.950000000000000000e+04 6.554000000000000000e+03
6.000000000000000000e+04 6.465000000000000000e+03
6.050000000000000000e+04 6.471000000000000000e+03
6.100000000000000000e+04 6.310000000000000000e+03
6.150000000000000000e+04 6.420000000000000000e+03
6.200000000000000000e+04 6.467000000000000000e+03
6.250000000000000000e+04 6.326000000000000000e+03
6.300000000000000000e+04 6.389000000000000000e+03
6.350000000000000000e+04 6.395000000000000000e+03
6.400000000000000000e+04 6.280000000000000000e+03
6.450000000000000000e+04 6.293000000000000000e+03
6.500000000000000000e+04 6.246000000000000000e+03
6.550000000000000000e+04 6.068000000000000000e+03
6.600000000000000000e+04 6.126000000000000000e+03
6.650000000000000000e+04 6.050000000000000000e+03
6.700000000000000000e+04 6.024000000000000000e+03
6.750000000000000000e+04 5.953000000000000000e+03
6.800000000000000000e+04 5.858000000000000000e+03
6.850000000000000000e+04 5.813000000000000000e+03
6.900000000000000000e+04 5.608000000000000000e+03
6.950000000000000000e+04 5.704000000000000000e+03
7.000000000000000000e+04 5.351000000000000000e+03
7.050000000000000000e+04 5.329000000000000000e+03
7.100000000000000000e+04 5.353000000000000000e+03
7.150000000000000000e+04 5.158000000000000000e+03
7.200000000000000000e+04 4.880000000000000000e+03
7.250000000000000000e+04 4.810000000000000000e+03
7.300000000000000000e+04 4.623000000000000000e+03
7.350000000000000000e+04 4.358000000000000000e+03
7.400000000000000000e+04 4.395000000000000000e+03
7.450000000000000000e+04 4.040000000000000000e+03
7.500000000000000000e+04 3.947000000000000000e+03
7.550000000000000000e+04 3.818000000000000000e+03
7.600000000000000000e+04 3.687000000000000000e+03
7.650000000000000000e+04 3.473000000000000000e+03
7.700000000000000000e+04 3.316000000000000000e+03
7.750000000000000000e+04 3.173000000000000000e+03
7.800000000000000000e+04 2.827000000000000000e+03
7.850000000000000000e+04 2.753000000000000000e+03
7.900000000000000000e+04 2.663000000000000000e+03
7.950000000000000000e+04 2.432000000000000000e+03
8.000000000000000000e+04 2.391000000000000000e+03
8.050000000000000000e+04 2.269000000000000000e+03
8.100000000000000000e+04 2.151000000000000000e+03
8.150000000000000000e+04 2.089000000000000000e+03
8.200000000000000000e+04 1.908000000000000000e+03
8.250000000000000000e+04 1.903000000000000000e+03
8.300000000000000000e+04 1.823000000000000000e+03
8.350000000000000000e+04 1.843000000000000000e+03
8.400000000000000000e+04 1.827000000000000000e+03
8.450000000000000000e+04 1.836000000000000000e+03
8.500000000000000000e+04 1.751000000000000000e+03
8.550000000000000000e+04 1.773000000000000000e+03
8.600000000000000000e+04 1.740000000000000000e+03
8.650000000000000000e+04 1.869000000000000000e+03
8.700000000000000000e+04 1.891000000000000000e+03
8.750000000000000000e+04 1.997000000000000000e+03
8.800000000000000000e+04 2.046000000000000000e+03
8.850000000000000000e+04 2.193000000000000000e+03
8.900000000000000000e+04 2.277000000000000000e+03
8.950000000000000000e+04 2.410000000000000000e+03
9.000000000000000000e+04 2.466000000000000000e+03
9.050000000000000000e+04 2.575000000000000000e+03
9.100000000000000000e+04 2.829000000000000000e+03
9.150000000000000000e+04 3.073000000000000000e+03
9.200000000000000000e+04 3.192000000000000000e+03
9.250000000000000000e+04 3.315000000000000000e+03
9.300000000000000000e+04 3.495000000000000000e+03
9.350000000000000000e+04 3.629000000000000000e+03
9.400000000000000000e+04 3.934000000000000000e+03
9.450000000000000000e+04 3.882000000000000000e+03
9.500000000000000000e+04 4.210000000000000000e+03
9.550000000000000000e+04 4.448000000000000000e+03
9.600000000000000000e+04 4.558000000000000000e+03
9.650000000000000000e+04 4.843000000000000000e+03
9.700000000000000000e+04 4.915000000000000000e+03
9.750000000000000000e+04 5.054000000000000000e+03
9.800000000000000000e+04 5.115000000000000000e+03
9.850000000000000000e+04 5.104000000000000000e+03
9.900000000000000000e+04 5.353000000000000000e+03
9.950000000000000000e+04 5.507000000000000000e+03
