0.000000000000000000e+00 3.124000000000000000e+03
1.400000000000000000e+01 3.360000000000000000e+03
2.800000000000000000e+01 3.433000000000000000e+03
4.200000000000000000e+01 3.523000000000000000e+03
5.600000000000000000e+01 3.512000000000000000e+03
7.000000000000000000e+01 3.772000000000000000e+03
8.400000000000000000e+01 3.889000000000000000e+03
9.800000000000000000e+01 3.837000000000000000e+03
1.120000000000000000e+02 4.030000000000000000e+03
1.260000000000000000e+02 4.015000000000000000e+03
1.400000000000000000e+02 4.264000000000000000e+03
1.540000000000000000e+02 4.125000000000000000e+03
1.680000000000000000e+02 4.133000000000000000e+03
1.820000000000000000e+02 4.380000000000000000e+03
1.960000000000000000e+02 4.366000000000000000e+03
2.100000000000000000e+02 4.471000000000000000e+03
2.240000000000000000e+02 4.417000000000000000e+03
2.380000000000000000e+02 4.407000000000000000e+03
2.520000000000000000e+02 4.485000000000000000e+03
2.660000000000000000e+02 4.401000000000000000e+03
2.800000000000000000e+02 4.535000000000000000e+03
2.940000000000000000e+02 4.643000000000000000e+03
3.080000000000000000e+02 4.657000000000000000e+03
3.220000000000000000e+02 4.727000000000000000e+03
3.360000000000000000e+02 4.656000000000000000e+03
3.500000000000000000e+02 4.575000000000000000e+03
3.640000000000000000e+02 4.585000000000000000e+03
3.780000000000000000e+02 4.717000000000000000e+03
3.920000000000000000e+02 4.631000000000000000e+03
4.060000000000000000e+02 4.495000000000000000e+03
4.200000000000000000e+02 4.532000000000000000e+03
4.340000000000000000e+02 4.571000000000000000e+03
4.480000000000000000e+02 4.440000000000000000e+03
4.620000000000000000e+02 4.605000000000000000e+03
4.760000000000000000e+02 4.511000000000000000e+03
4.900000000000000000e+02 4.415000000000000000e+03
5.040000000000000000e+02 4.307000000000000000e+03
5.180000000000000000e+02 4.406000000000000000e+03
5.320000000000000000e+02 4.144000000000000000e+03
5.460000000000000000e+02 4.262000000000000000e+03
5.600000000000000000e+02 4.261000000000000000e+03
5.740000000000000000e+02 4.287000000000000000e+03
5.880000000000000000e+02 4.099000000000000000e+03
6.020000000000000000e+02 3.999000000000000000e+03
6.160000000000000000e+02 3.894000000000000000e+03
6.300000000000000000e+02 3.770000000000000000e+03
6.440000000000000000e+02 3.773000000000000000e+03
6.580000000000000000e+02 3.747000000000000000e+03
6.720000000000000000e+02 3.619000000000000000e+03
6.860000000000000000e+02 3.587000000000000000e+03
7.000000000000000000e+02 3.468000000000000000e+03
7.140000000000000000e+02 3.357000000000000000e+03
7.280000000000000000e+02 3.277000000000000000e+03
7.420000000000000000e+02 3.228000000000000000e+03
7.560000000000000000e+02 3.064000000000000000e+03
7.700000000000000000e+02 2.987000000000000000e+03
7.840000000000000000e+02 2.820000000000000000e+03
7.980000000000000000e+02 2.767000000000000000e+03
8.120000000000000000e+02 2.663000000000000000e+03
8.260000000000000000e+02 2.593000000000000000e+03
8.400000000000000000e+02 2.516000000000000000e+03
8.540000000000000000e+02 2.382000000000000000e+03
8.680000000000000000e+02 2.254000000000000000e+03
8.820000000000000000e+02 2.219000000000000000e+03
8.960000000000000000e+02 2.199000000000000000e+03
9.100000000000000000e+02 2.231000000000000000e+03
9.240000000000000000e+02 2.034000000000000000e+03
9.380000000000000000e+02 1.992000000000000000e+03
9.520000000000000000e+02 1.935000000000000000e+03
9.660000000000000000e+02 1.841000000000000000e+03
9.800000000000000000e+02 1.775000000000000000e+03
9.940000000000000000e+02 1.662000000000000000e+03
1.008000000000000000e+03 1.574000000000000000e+03
1.022000000000000000e+03 1.600000000000000000e+03
1.036000000000000000e+03 1.570000000000000000e+03
1.050000000000000000e+03 1.502000000000000000e+03
1.064000000000000000e+03 1.481000000000000000e+03
1.078000000000000000e+03 1.529000000000000000e+03
1.092000000000000000e+03 1.485000000000000000e+03
1.106000000000000000e+03 1.471000000000000000e+03
1.120000000000000000e+03 1.482000000000000000e+03
1.134000000000000000e+03 1.490000000000000000e+03
1.148000000000000000e+03 1.537000000000000000e+03
1.162000000000000000e+03 1.592000000000000000e+03
1.176000000000000000e+03 1.547000000000000000e+03
1.190000000000000000e+03 1.588000000000000000e+03
1.204000000000000000e+03 1.633000000000000000e+03
1.218000000000000000e+03 1.639000000000000000e+03
1.232000000000000000e+03 1.806000000000000000e+03
1.246000000000000000e+03 1.783000000000000000e+03
1.260000000000000000e+03 1.844000000000000000e+03
1.274000000000000000e+03 1.905000000000000000e+03
1.288000000000000000e+03 2.109000000000000000e+03
1.302000000000000000e+03 2.219000000000000000e+03
1.316000000000000000e+03 2.292000000000000000e+03
1.330000000000000000e+03 2.459000000000000000e+03
1.344000000000000000e+03 2.533000000000000000e+03
1.358000000000000000e+03 2.763000000000000000e+03
1.372000000000000000e+03 2.796000000000000000e+03
1.386000000000000000e+03 2.940000000000000000e+03
1.400000000000000000e+03 3.052000000000000000e+03
1.414000000000000000e+03 3.194000000000000000e+03
1.428000000000000000e+03 3.176000000000000000e+03
1.442000000000000000e+03 3.504000000000000000e+03
1.456000000000000000e+03 3.651000000000000000e+03
1.470000000000000000e+03 3.568000000000000000e+03
1.484000000000000000e+03 3.548000000000000000e+03
1.498000000000000000e+03 3.760000000000000000e+03
1.512000000000000000e+03 3.963000000000000000e+03
1.526000000000000000e+03 4.000000000000000000e+03
1.540000000000000000e+03 3.939000000000000000e+03
1.554000000000000000e+03 4.134000000000000000e+03
1.568000000000000000e+03 4.247000000000000000e+03
1.582000000000000000e+03 4.302000000000000000e+03
1.596000000000000000e+03 4.311000000000000000e+03
1.610000000000000000e+03 4.408000000000000000e+03
1.624000000000000000e+03 4.330000000000000000e+03
1.638000000000000000e+03 4.423000000000000000e+03
1.652000000000000000e+03 4.483000000000000000e+03
1.666000000000000000e+03 4.495000000000000000e+03
1.680000000000000000e+03 4.542000000000000000e+03
1.694000000000000000e+03 4.616000000000000000e+03
1.708000000000000000e+03 4.446000000000000000e+03
1.722000000000000000e+03 4.585000000000000000e+03
1.736000000000000000e+03 4.616000000000000000e+03
1.750000000000000000e+03 4.555000000000000000e+03
1.764000000000000000e+03 4.633000000000000000e+03
1.778000000000000000e+03 4.702000000000000000e+03
1.792000000000000000e+03 4.641000000000000000e+03
1.806000000000000000e+03 4.664000000000000000e+03
1.820000000000000000e+03 4.679000000000000000e+03
1.834000000000000000e+03 4.442000000000000000e+03
1.848000000000000000e+03 4.669000000000000000e+03
1.862000000000000000e+03 4.615000000000000000e+03
1.876000000000000000e+03 4.526000000000000000e+03
1.890000000000000000e+03 4.397000000000000000e+03
1.904000000000000000e+03 4.470000000000000000e+03
1.918000000000000000e+03 4.400000000000000000e+03
1.932000000000000000e+03 4.393000000000000000e+03
1.946000000000000000e+03 4.230000000000000000e+03
1.960000000000000000e+03 4.313000000000000000e+03
1.974000000000000000e+03 4.278000000000000000e+03
1.988000000000000000e+03 4.111000000000000000e+03
2.002000000000000000e+03 4.150000000000000000e+03
2.016000000000000000e+03 4.085000000000000000e+03
2.030000000000000000e+03 3.959000000000000000e+03
2.044000000000000000e+03 3.917000000000000000e+03
2.058000000000000000e+03 3.839000000000000000e+03
2.072000000000000000e+03 3.739000000000000000e+03
2.086000000000000000e+03 3.707000000000000000e+03
2.100000000000000000e+03 3.649000000000000000e+03
2.114000000000000000e+03 3.593000000000000000e+03
2.128000000000000000e+03 3.400000000000000000e+03
2.142000000000000000e+03 3.315000000000000000e+03
2.156000000000000000e+03 3.312000000000000000e+03
2.170000000000000000e+03 3.080000000000000000e+03
2.184000000000000000e+03 3.093000000000000000e+03
2.198000000000000000e+03 2.982000000000000000e+03
2.212000000000000000e+03 2.838000000000000000e+03
2.226000000000000000e+03 2.798000000000000000e+03
2.240000000000000000e+03 2.666000000000000000e+03
2.254000000000000000e+03 2.547000000000000000e+03
2.268000000000000000e+03 2.509000000000000000e+03
2.282000000000000000e+03 2.410000000000000000e+03
2.296000000000000000e+03 2.198000000000000000e+03
2.310000000000000000e+03 2.089000000000000000e+03
2.324000000000000000e+03 2.082000000000000000e+03
2.338000000000000000e+03 2.091000000000000000e+03
2.352000000000000000e+03 1.882000000000000000e+03
2.366000000000000000e+03 1.886000000000000000e+03
2.380000000000000000e+03 1.877000000000000000e+03
2.394000000000000000e+03 1.778000000000000000e+03
2.408000000000000000e+03 1.727000000000000000e+03
2.422000000000000000e+03 1.635000000000000000e+03
2.436000000000000000e+03 1.633000000000000000e+03
2.450000000000000000e+03 1.545000000000000000e+03
2.464000000000000000e+03 1.642000000000000000e+03
2.478000000000000000e+03 1.578000000000000000e+03
2.492000000000000000e+03 1.532000000000000000e+03
2.506000000000000000e+03 1.496000000000000000e+03
2.520000000000000000e+03 1.407000000000000000e+03
2.534000000000000000e+03 1.446000000000000000e+03
2.548000000000000000e+03 1.414000000000000000e+03
2.562000000000000000e+03 1.519000000000000000e+03
2.576000000000000000e+03 1.519000000000000000e+03
2.590000000000000000e+03 1.599000000000000000e+03
2.604000000000000000e+03 1.442000000000000000e+03
2.618000000000000000e+03 1.582000000000000000e+03
2.632000000000000000e+03 1.602000000000000000e+03
2.646000000000000000e+03 1.613000000000000000e+03
2.660000000000000000e+03 1.679000000000000000e+03
2.674000000000000000e+03 1.702000000000000000e+03
2.688000000000000000e+03 1.852000000000000000e+03
2.702000000000000000e+03 1.954000000000000000e+03
2.716000000000000000e+03 1.973000000000000000e+03
2.730000000000000000e+03 2.242000000000000000e+03
2.744000000000000000e+03 2.367000000000000000e+03
2.758000000000000000e+03 2.386000000000000000e+03
2.772000000000000000e+03 2.444000000000000000e+03
2.786000000000000000e+03 2.578000000000000000e+03
2.800000000000000000e+03 2.727000000000000000e+03
2.814000000000000000e+03 2.721000000000000000e+03
2.828000000000000000e+03 3.044000000000000000e+03
2.842000000000000000e+03 3.085000000000000000e+03
