0.000000000000000000e+00 7.157000000000000000e+03
5.000000000000000000e+03 7.283000000000000000e+03
1.000000000000000000e+04 7.426000000000000000e+03
1.500000000000000000e+04 7.699000000000000000e+03
2.000000000000000000e+04 7.615000000000000000e+03
2.500000000000000000e+04 7.902000000000000000e+03
3.000000000000000000e+04 7.801000000000000000e+03
3.500000000000000000e+04 7.820000000000000000e+03
4.000000000000000000e+04 8.128000000000000000e+03
4.500000000000000000e+04 7.902000000000000000e+03
5.000000000000000000e+04 8.206000000000000000e+03
5.500000000000000000e+04 8.164000000000000000e+03
6.000000000000000000e+04 8.245000000000000000e+03
6.500000000000000000e+04 8.026000000000000000e+03
7.000000000000000000e+04 8.141000000000000000e+03
7.500000000000000000e+04 8.563000000000000000e+03
8.000000000000000000e+04 8.246000000000000000e+03
8.500000000000000000e+04 8.189000000000000000e+03
9.000000000000000000e+04 8.450000000000000000e+03
9.500000000000000000e+04 8.202000000000000000e+03
1.000000000000000000e+05 8.191000000000000000e+03
1.050000000000000000e+05 8.306000000000000000e+03
1.100000000000000000e+05 8.457000000000000000e+03
1.150000000000000000e+05 8.183000000000000000e+03
1.200000000000000000e+05 8.287000000000000000e+03
1.250000000000000000e+05 8.111000000000000000e+03
1.300000000000000000e+05 8.171000000000000000e+03
1.350000000000000000e+05 8.103000000000000000e+03
1.400000000000000000e+05 7.929000000000000000e+03
1.450000000000000000e+05 8.001000000000000000e+03
1.500000000000000000e+05 7.836000000000000000e+03
1.550000000000000000e+05 7.869000000000000000e+03
1.600000000000000000e+05 7.804000000000000000e+03
1.650000000000000000e+05 7.691000000000000000e+03
1.700000000000000000e+05 7.674000000000000000e+03
1.750000000000000000e+05 7.402000000000000000e+03
1.800000000000000000e+05 7.509000000000000000e+03
1.850000000000000000e+05 7.476000000000000000e+03
1.900000000000000000e+05 7.146000000000000000e+03
1.950000000000000000e+05 7.056000000000000000e+03
2.000000000000000000e+05 6.864000000000000000e+03
2.050000000000000000e+05 6.654000000000000000e+03
2.100000000000000000e+05 6.568000000000000000e+03
2.150000000000000000e+05 6.451000000000000000e+03
2.200000000000000000e+05 6.064000000000000000e+03
2.250000000000000000e+05 5.926000000000000000e+03
2.300000000000000000e+05 5.855000000000000000e+03
2.350000000000000000e+05 5.556000000000000000e+03
2.400000000000000000e+05 5.377000000000000000e+03
2.450000000000000000e+05 5.086000000000000000e+03
2.500000000000000000e+05 4.912000000000000000e+03
2.550000000000000000e+05 4.606000000000000000e+03
2.600000000000000000e+05 4.544000000000000000e+03
2.650000000000000000e+05 4.327000000000000000e+03
2.700000000000000000e+05 3.961000000000000000e+03
2.750000000000000000e+05 3.834000000000000000e+03
2.800000000000000000e+05 3.708000000000000000e+03
2.850000000000000000e+05 3.544000000000000000e+03
2.900000000000000000e+05 3.279000000000000000e+03
2.950000000000000000e+05 2.961000000000000000e+03
3.000000000000000000e+05 2.983000000000000000e+03
3.050000000000000000e+05 2.690000000000000000e+03
3.100000000000000000e+05 2.663000000000000000e+03
3.150000000000000000e+05 2.530000000000000000e+03
3.200000000000000000e+05 2.352000000000000000e+03
3.250000000000000000e+05 2.366000000000000000e+03
3.300000000000000000e+05 2.183000000000000000e+03
3.350000000000000000e+05 2.276000000000000000e+03
3.400000000000000000e+05 2.279000000000000000e+03
3.450000000000000000e+05 2.170000000000000000e+03
3.500000000000000000e+05 2.247000000000000000e+03
3.550000000000000000e+05 2.218000000000000000e+03
3.600000000000000000e+05 2.186000000000000000e+03
3.650000000000000000e+05 2.307000000000000000e+03
3.700000000000000000e+05 2.441000000000000000e+03
3.750000000000000000e+05 2.600000000000000000e+03
3.800000000000000000e+05 2.545000000000000000e+03
3.850000000000000000e+05 2.696000000000000000e+03
3.900000000000000000e+05 2.932000000000000000e+03
3.950000000000000000e+05 3.084000000000000000e+03
4.000000000000000000e+05 3.206000000000000000e+03
4.050000000000000000e+05 3.406000000000000000e+03
4.100000000000000000e+05 3.577000000000000000e+03
4.150000000000000000e+05 3.689000000000000000e+03
4.200000000000000000e+05 4.010000000000000000e+03
4.250000000000000000e+05 4.180000000000000000e+03
4.300000000000000000e+05 4.439000000000000000e+03
4.350000000000000000e+05 4.712000000000000000e+03
4.400000000000000000e+05 4.990000000000000000e+03
4.450000000000000000e+05 5.049000000000000000e+03
4.500000000000000000e+05 5.432000000000000000e+03
4.550000000000000000e+05 5.430000000000000000e+03
4.600000000000000000e+05 5.725000000000000000e+03
4.650000000000000000e+05 6.106000000000000000e+03
4.700000000000000000e+05 5.984000000000000000e+03
4.750000000000000000e+05 6.184000000000000000e+03
4.800000000000000000e+05 6.463000000000000000e+03
4.850000000000000000e+05 6.582000000000000000e+03
4.900000000000000000e+05 6.794000000000000000e+03
4.950000000000000000e+05 6.849000000000000000e+03
5.000000000000000000e+05 7.186000000000000000e+03
5.050000000000000000e+05 7.209000000000000000e+03
5.100000000000000000e+05 7.532000000000000000e+03
5.150000000000000000e+05 7.390000000000000000e+03
5.200000000000000000e+05 7.442000000000000000e+03
5.250000000000000000e+05 7.707000000000000000e+03
5.300000000000000000e+05 7.696000000000000000e+03
5.350000000000000000e+05 7.766000000000000000e+03
5.400000000000000000e+05 7.945000000000000000e+03
5.450000000000000000e+05 7.997000000000000000e+03
5.500000000000000000e+05 8.016000000000000000e+03
5.550000000000000000e+05 8.139000000000000000e+03
5.600000000000000000e+05 8.308000000000000000e+03
5.650000000000000000e+05 8.041000000000000000e+03
5.700000000000000000e+05 8.217000000000000000e+03
5.750000000000000000e+05 8.287000000000000000e+03
5.800000000000000000e+05 8.193000000000000000e+03
5.850000000000000000e+05 8.262000000000000000e+03
5.900000000000000000e+05 8.480000000000000000e+03
5.950000000000000000e+05 8.278000000000000000e+03
6.000000000000000000e+05 8.169000000000000000e+03
6.050000000000000000e+05 8.029000000000000000e+03
6.100000000000000000e+05 8.271000000000000000e+03
6.150000000000000000e+05 8.083000000000000000e+03
6.200000000000000000e+05 8.216000000000000000e+03
6.250000000000000000e+05 8.089000000000000000e+03
6.300000000000000000e+05 8.294000000000000000e+03
6.350000000000000000e+05 8.200000000000000000e+03
6.400000000000000000e+05 8.063000000000000000e+03
6.450000000000000000e+05 8.043000000000000000e+03
6.500000000000000000e+05 8.077000000000000000e+03
6.550000000000000000e+05 7.901000000000000000e+03
6.600000000000000000e+05 7.809000000000000000e+03
6.650000000000000000e+05 7.762000000000000000e+03
6.700000000000000000e+05 7.521000000000000000e+03
6.750000000000000000e+05 7.421000000000000000e+03
6.800000000000000000e+05 7.329000000000000000e+03
6.850000000000000000e+05 7.232000000000000000e+03
6.900000000000000000e+05 7.082000000000000000e+03
6.950000000000000000e+05 7.055000000000000000e+03
7.000000000000000000e+05 6.872000000000000000e+03
7.050000000000000000e+05 6.781000000000000000e+03
7.100000000000000000e+05 6.587000000000000000e+03
7.150000000000000000e+05 6.359000000000000000e+03
7.200000000000000000e+05 6.173000000000000000e+03
7.250000000000000000e+05 5.982000000000000000e+03
7.300000000000000000e+05 5.645000000000000000e+03
7.350000000000000000e+05 5.525000000000000000e+03
7.400000000000000000e+05 5.391000000000000000e+03
7.450000000000000000e+05 5.107000000000000000e+03
7.500000000000000000e+05 4.967000000000000000e+03
7.550000000000000000e+05 4.612000000000000000e+03
7.600000000000000000e+05 4.413000000000000000e+03
7.650000000000000000e+05 4.249000000000000000e+03
7.700000000000000000e+05 4.026000000000000000e+03
7.750000000000000000e+05 3.825000000000000000e+03
7.800000000000000000e+05 3.631000000000000000e+03
7.850000000000000000e+05 3.485000000000000000e+03
7.900000000000000000e+05 3.371000000000000000e+03
7.950000000000000000e+05 2.970000000000000000e+03
8.000000000000000000e+05 2.925000000000000000e+03
8.050000000000000000e+05 2.668000000000000000e+03
8.100000000000000000e+05 2.633000000000000000e+03
8.150000000000000000e+05 2.536000000000000000e+03
8.200000000000000000e+05 2.376000000000000000e+03
8.250000000000000000e+05 2.283000000000000000e+03
8.300000000000000000e+05 2.252000000000000000e+03
8.350000000000000000e+05 2.231000000000000000e+03
8.400000000000000000e+05 2.151000000000000000e+03
8.450000000000000000e+05 2.221000000000000000e+03
8.500000000000000000e+05 2.178000000000000000e+03
8.550000000000000000e+05 2.161000000000000000e+03
8.600000000000000000e+05 2.174000000000000000e+03
8.650000000000000000e+05 2.322000000000000000e+03
8.700000000000000000e+05 2.403000000000000000e+03
8.750000000000000000e+05 2.544000000000000000e+03
8.800000000000000000e+05 2.573000000000000000e+03
8.850000000000000000e+05 2.659000000000000000e+03
8.900000000000000000e+05 2.931000000000000000e+03
8.950000000000000000e+05 3.002000000000000000e+03
9.000000000000000000e+05 3.206000000000000000e+03
9.050000000000000000e+05 3.238000000000000000e+03
9.100000000000000000e+05 3.497000000000000000e+03
9.150000000000000000e+05 3.745000000000000000e+03
9.200000000000000000e+05 4.045000000000000000e+03
9.250000000000000000e+05 4.235000000000000000e+03
9.300000000000000000e+05 4.327000000000000000e+03
9.350000000000000000e+05 4.655000000000000000e+03
9.400000000000000000e+05 4.802000000000000000e+03
9.450000000000000000e+05 5.033000000000000000e+03
9.500000000000000000e+05 5.203000000000000000e+03
9.550000000000000000e+05 5.394000000000000000e+03
9.600000000000000000e+05 5.666000000000000000e+03
9.650000000000000000e+05 5.846000000000000000e+03
9.700000000000000000e+05 5.991000000000000000e+03
9.750000000000000000e+05 6.291000000000000000e+03
9.800000000000000000e+05 6.225000000000000000e+03
9.850000000000000000e+05 6.638000000000000000e+03
9.900000000000000000e+05 6.957000000000000000e+03
9.950000000000000000e+05 7.023000000000000000e+03
