0.000000000000000000e+00 5.921000000000000000e+03
3.300000000000000000e+01 6.157000000000000000e+03
6.600000000000000000e+01 6.280000000000000000e+03
9.900000000000000000e+01 6.295000000000000000e+03
1.320000000000000000e+02 6.525000000000000000e+03
1.650000000000000000e+02 6.733000000000000000e+03
1.980000000000000000e+02 6.801000000000000000e+03
2.310000000000000000e+02 6.825000000000000000e+03
2.640000000000000000e+02 6.866000000000000000e+03
2.970000000000000000e+02 6.993000000000000000e+03
3.300000000000000000e+02 7.094000000000000000e+03
3.630000000000000000e+02 7.156000000000000000e+03
3.960000000000000000e+02 7.002000000000000000e+03
4.290000000000000000e+02 7.238000000000000000e+03
4.620000000000000000e+02 7.183000000000000000e+03
4.950000000000000000e+02 7.258000000000000000e+03
5.280000000000000000e+02 7.325000000000000000e+03
5.610000000000000000e+02 7.343000000000000000e+03
5.940000000000000000e+02 7.269000000000000000e+03
6.270000000000000000e+02 7.353000000000000000e+03
6.600000000000000000e+02 7.393000000000000000e+03
6.930000000000000000e+02 7.426000000000000000e+03
7.260000000000000000e+02 7.309000000000000000e+03
7.590000000000000000e+02 7.453000000000000000e+03
7.920000000000000000e+02 7.318000000000000000e+03
8.250000000000000000e+02 7.360000000000000000e+03
8.580000000000000000e+02 7.305000000000000000e+03
8.910000000000000000e+02 7.319000000000000000e+03
9.240000000000000000e+02 7.382000000000000000e+03
9.570000000000000000e+02 7.415000000000000000e+03
9.900000000000000000e+02 7.221000000000000000e+03
1.023000000000000000e+03 7.123000000000000000e+03
1.056000000000000000e+03 7.117000000000000000e+03
1.089000000000000000e+03 7.228000000000000000e+03
1.122000000000000000e+03 7.006000000000000000e+03
1.155000000000000000e+03 7.001000000000000000e+03
1.188000000000000000e+03 6.974000000000000000e+03
1.221000000000000000e+03 6.921000000000000000e+03
1.254000000000000000e+03 6.596000000000000000e+03
1.287000000000000000e+03 6.447000000000000000e+03
1.320000000000000000e+03 6.375000000000000000e+03
1.353000000000000000e+03 6.349000000000000000e+03
1.386000000000000000e+03 6.239000000000000000e+03
1.419000000000000000e+03 6.177000000000000000e+03
1.452000000000000000e+03 5.884000000000000000e+03
1.485000000000000000e+03 5.811000000000000000e+03
1.518000000000000000e+03 5.714000000000000000e+03
1.551000000000000000e+03 5.550000000000000000e+03
1.584000000000000000e+03 5.411000000000000000e+03
1.617000000000000000e+03 5.160000000000000000e+03
1.650000000000000000e+03 5.002000000000000000e+03
1.683000000000000000e+03 4.893000000000000000e+03
1.716000000000000000e+03 4.793000000000000000e+03
1.749000000000000000e+03 4.444000000000000000e+03
1.782000000000000000e+03 4.314000000000000000e+03
1.815000000000000000e+03 4.084000000000000000e+03
1.848000000000000000e+03 3.875000000000000000e+03
1.881000000000000000e+03 3.745000000000000000e+03
1.914000000000000000e+03 3.637000000000000000e+03
1.947000000000000000e+03 3.514000000000000000e+03
1.980000000000000000e+03 3.264000000000000000e+03
2.013000000000000000e+03 3.159000000000000000e+03
2.046000000000000000e+03 3.051000000000000000e+03
2.079000000000000000e+03 2.936000000000000000e+03
2.112000000000000000e+03 2.700000000000000000e+03
2.145000000000000000e+03 2.589000000000000000e+03
2.178000000000000000e+03 2.605000000000000000e+03
2.211000000000000000e+03 2.496000000000000000e+03
2.244000000000000000e+03 2.399000000000000000e+03
2.277000000000000000e+03 2.258000000000000000e+03
2.310000000000000000e+03 2.251000000000000000e+03
2.343000000000000000e+03 2.201000000000000000e+03
2.376000000000000000e+03 2.177000000000000000e+03
2.409000000000000000e+03 2.114000000000000000e+03
2.442000000000000000e+03 2.116000000000000000e+03
2.475000000000000000e+03 2.006000000000000000e+03
2.508000000000000000e+03 2.081000000000000000e+03
2.541000000000000000e+03 2.228000000000000000e+03
2.574000000000000000e+03 2.221000000000000000e+03
2.607000000000000000e+03 2.209000000000000000e+03
2.640000000000000000e+03 2.415000000000000000e+03
2.673000000000000000e+03 2.388000000000000000e+03
2.706000000000000000e+03 2.519000000000000000e+03
2.739000000000000000e+03 2.777000000000000000e+03
2.772000000000000000e+03 2.800000000000000000e+03
2.805000000000000000e+03 3.076000000000000000e+03
2.838000000000000000e+03 3.291000000000000000e+03
2.871000000000000000e+03 3.403000000000000000e+03
2.904000000000000000e+03 3.587000000000000000e+03
2.937000000000000000e+03 3.838000000000000000e+03
2.970000000000000000e+03 4.003000000000000000e+03
3.003000000000000000e+03 4.176000000000000000e+03
3.036000000000000000e+03 4.421000000000000000e+03
3.069000000000000000e+03 4.599000000000000000e+03
3.102000000000000000e+03 4.730000000000000000e+03
3.135000000000000000e+03 5.017000000000000000e+03
3.168000000000000000e+03 5.287000000000000000e+03
3.201000000000000000e+03 5.315000000000000000e+03
3.234000000000000000e+03 5.603000000000000000e+03
3.267000000000000000e+03 5.713000000000000000e+03
3.300000000000000000e+03 5.941000000000000000e+03
3.333000000000000000e+03 6.054000000000000000e+03
3.366000000000000000e+03 6.021000000000000000e+03
3.399000000000000000e+03 6.143000000000000000e+03
3.432000000000000000e+03 6.552000000000000000e+03
3.465000000000000000e+03 6.536000000000000000e+03
3.498000000000000000e+03 6.544000000000000000e+03
3.531000000000000000e+03 6.776000000000000000e+03
3.564000000000000000e+03 6.816000000000000000e+03
3.597000000000000000e+03 6.929000000000000000e+03
3.630000000000000000e+03 7.138000000000000000e+03
3.663000000000000000e+03 7.113000000000000000e+03
3.696000000000000000e+03 6.982000000000000000e+03
3.729000000000000000e+03 6.966000000000000000e+03
3.762000000000000000e+03 6.984000000000000000e+03
3.795000000000000000e+03 7.203000000000000000e+03
3.828000000000000000e+03 7.308000000000000000e+03
3.861000000000000000e+03 7.173000000000000000e+03
3.894000000000000000e+03 7.371000000000000000e+03
3.927000000000000000e+03 7.272000000000000000e+03
3.960000000000000000e+03 7.367000000000000000e+03
3.993000000000000000e+03 7.395000000000000000e+03
4.026000000000000000e+03 7.393000000000000000e+03
4.059000000000000000e+03 7.599000000000000000e+03
4.092000000000000000e+03 7.490000000000000000e+03
4.125000000000000000e+03 7.296000000000000000e+03
4.158000000000000000e+03 7.458000000000000000e+03
4.191000000000000000e+03 7.472000000000000000e+03
4.224000000000000000e+03 7.328000000000000000e+03
4.257000000000000000e+03 7.296000000000000000e+03
4.290000000000000000e+03 7.351000000000000000e+03
4.323000000000000000e+03 7.292000000000000000e+03
4.356000000000000000e+03 7.049000000000000000e+03
4.389000000000000000e+03 7.136000000000000000e+03
4.422000000000000000e+03 7.135000000000000000e+03
4.455000000000000000e+03 6.980000000000000000e+03
4.488000000000000000e+03 7.024000000000000000e+03
4.521000000000000000e+03 6.934000000000000000e+03
4.554000000000000000e+03 6.736000000000000000e+03
4.587000000000000000e+03 6.728000000000000000e+03
4.620000000000000000e+03 6.611000000000000000e+03
4.653000000000000000e+03 6.532000000000000000e+03
4.686000000000000000e+03 6.384000000000000000e+03
4.719000000000000000e+03 6.166000000000000000e+03
4.752000000000000000e+03 6.045000000000000000e+03
4.785000000000000000e+03 6.072000000000000000e+03
4.818000000000000000e+03 5.754000000000000000e+03
4.851000000000000000e+03 5.673000000000000000e+03
4.884000000000000000e+03 5.452000000000000000e+03
4.917000000000000000e+03 5.217000000000000000e+03
4.950000000000000000e+03 5.140000000000000000e+03
4.983000000000000000e+03 4.953000000000000000e+03
5.016000000000000000e+03 4.742000000000000000e+03
5.049000000000000000e+03 4.692000000000000000e+03
5.082000000000000000e+03 4.474000000000000000e+03
5.115000000000000000e+03 4.277000000000000000e+03
5.148000000000000000e+03 4.050000000000000000e+03
5.181000000000000000e+03 3.860000000000000000e+03
5.214000000000000000e+03 3.663000000000000000e+03
5.247000000000000000e+03 3.569000000000000000e+03
5.280000000000000000e+03 3.499000000000000000e+03
5.313000000000000000e+03 3.368000000000000000e+03
5.346000000000000000e+03 3.170000000000000000e+03
5.379000000000000000e+03 2.950000000000000000e+03
5.412000000000000000e+03 2.853000000000000000e+03
5.445000000000000000e+03 2.699000000000000000e+03
5.478000000000000000e+03 2.583000000000000000e+03
5.511000000000000000e+03 2.530000000000000000e+03
5.544000000000000000e+03 2.382000000000000000e+03
5.577000000000000000e+03 2.366000000000000000e+03
5.610000000000000000e+03 2.363000000000000000e+03
5.643000000000000000e+03 2.204000000000000000e+03
5.676000000000000000e+03 2.250000000000000000e+03
5.709000000000000000e+03 2.102000000000000000e+03
5.742000000000000000e+03 2.127000000000000000e+03
5.775000000000000000e+03 2.128000000000000000e+03
5.808000000000000000e+03 2.095000000000000000e+03
5.841000000000000000e+03 2.132000000000000000e+03
5.874000000000000000e+03 2.234000000000000000e+03
5.907000000000000000e+03 2.270000000000000000e+03
5.940000000000000000e+03 2.311000000000000000e+03
5.973000000000000000e+03 2.318000000000000000e+03
6.006000000000000000e+03 2.499000000000000000e+03
6.039000000000000000e+03 2.577000000000000000e+03
6.072000000000000000e+03 2.686000000000000000e+03
6.105000000000000000e+03 2.996000000000000000e+03
6.138000000000000000e+03 3.024000000000000000e+03
6.171000000000000000e+03 3.248000000000000000e+03
6.204000000000000000e+03 3.449000000000000000e+03
6.237000000000000000e+03 3.591000000000000000e+03
6.270000000000000000e+03 3.797000000000000000e+03
6.303000000000000000e+03 3.964000000000000000e+03
6.336000000000000000e+03 4.194000000000000000e+03
6.369000000000000000e+03 4.498000000000000000e+03
6.402000000000000000e+03 4.648000000000000000e+03
6.435000000000000000e+03 4.815000000000000000e+03
6.468000000000000000e+03 4.912000000000000000e+03
6.501000000000000000e+03 5.178000000000000000e+03
6.534000000000000000e+03 5.329000000000000000e+03
6.567000000000000000e+03 5.499000000000000000e+03
6.600000000000000000e+03 5.814000000000000000e+03
6.633000000000000000e+03 6.116000000000000000e+03
