0.000000000000000000e+00 6.673000000000000000e+03
1.000000000000000000e+03 6.914000000000000000e+03
2.000000000000000000e+03 6.812000000000000000e+03
3.000000000000000000e+03 7.268000000000000000e+03
4.000000000000000000e+03 7.296000000000000000e+03
5.000000000000000000e+03 7.266000000000000000e+03
6.000000000000000000e+03 7.366000000000000000e+03
7.000000000000000000e+03 7.281000000000000000e+03
8.000000000000000000e+03 7.666000000000000000e+03
9.000000000000000000e+03 7.764000000000000000e+03
1.000000000000000000e+04 7.622000000000000000e+03
1.100000000000000000e+04 7.538000000000000000e+03
1.200000000000000000e+04 7.735000000000000000e+03
1.300000000000000000e+04 7.740000000000000000e+03
1.400000000000000000e+04 7.810000000000000000e+03
1.500000000000000000e+04 7.674000000000000000e+03
1.600000000000000000e+04 7.991000000000000000e+03
1.700000000000000000e+04 7.905000000000000000e+03
1.800000000000000000e+04 7.712000000000000000e+03
1.900000000000000000e+04 7.822000000000000000e+03
2.000000000000000000e+04 8.016000000000000000e+03
2.100000000000000000e+04 7.809000000000000000e+03
2.200000000000000000e+04 7.857000000000000000e+03
2.300000000000000000e+04 7.795000000000000000e+03
2.400000000000000000e+04 7.751000000000000000e+03
2.500000000000000000e+04 7.839000000000000000e+03
2.600000000000000000e+04 7.861000000000000000e+03
2.700000000000000000e+04 7.895000000000000000e+03
2.800000000000000000e+04 7.813000000000000000e+03
2.900000000000000000e+04 7.561000000000000000e+03
3.000000000000000000e+04 7.535000000000000000e+03
3.100000000000000000e+04 7.559000000000000000e+03
3.200000000000000000e+04 7.443000000000000000e+03
3.300000000000000000e+04 7.247000000000000000e+03
3.400000000000000000e+04 7.215000000000000000e+03
3.500000000000000000e+04 7.079000000000000000e+03
3.600000000000000000e+04 7.243000000000000000e+03
3.700000000000000000e+04 7.041000000000000000e+03
3.800000000000000000e+04 6.827000000000000000e+03
3.900000000000000000e+04 6.652000000000000000e+03
4.000000000000000000e+04 6.536000000000000000e+03
4.100000000000000000e+04 6.307000000000000000e+03
4.200000000000000000e+04 6.315000000000000000e+03
4.300000000000000000e+04 6.171000000000000000e+03
4.400000000000000000e+04 5.825000000000000000e+03
4.500000000000000000e+04 5.799000000000000000e+03
4.600000000000000000e+04 5.615000000000000000e+03
4.700000000000000000e+04 5.346000000000000000e+03
4.800000000000000000e+04 5.005000000000000000e+03
4.900000000000000000e+04 4.893000000000000000e+03
5.000000000000000000e+04 4.712000000000000000e+03
5.100000000000000000e+04 4.535000000000000000e+03
5.200000000000000000e+04 4.392000000000000000e+03
5.300000000000000000e+04 4.166000000000000000e+03
5.400000000000000000e+04 3.983000000000000000e+03
5.500000000000000000e+04 3.680000000000000000e+03
5.600000000000000000e+04 3.434000000000000000e+03
5.700000000000000000e+04 3.310000000000000000e+03
5.800000000000000000e+04 3.110000000000000000e+03
5.900000000000000000e+04 2.996000000000000000e+03
6.000000000000000000e+04 2.906000000000000000e+03
6.100000000000000000e+04 2.802000000000000000e+03
6.200000000000000000e+04 2.655000000000000000e+03
6.300000000000000000e+04 2.470000000000000000e+03
6.400000000000000000e+04 2.286000000000000000e+03
6.500000000000000000e+04 2.173000000000000000e+03
6.600000000000000000e+04 2.129000000000000000e+03
6.700000000000000000e+04 2.150000000000000000e+03
6.800000000000000000e+04 2.174000000000000000e+03
6.900000000000000000e+04 2.175000000000000000e+03
7.000000000000000000e+04 2.187000000000000000e+03
7.100000000000000000e+04 2.093000000000000000e+03
7.200000000000000000e+04 2.058000000000000000e+03
7.300000000000000000e+04 2.179000000000000000e+03
7.400000000000000000e+04 2.330000000000000000e+03
7.500000000000000000e+04 2.407000000000000000e+03
7.600000000000000000e+04 2.493000000000000000e+03
7.700000000000000000e+04 2.686000000000000000e+03
7.800000000000000000e+04 2.735000000000000000e+03
7.900000000000000000e+04 2.984000000000000000e+03
8.000000000000000000e+04 2.965000000000000000e+03
8.100000000000000000e+04 3.242000000000000000e+03
8.200000000000000000e+04 3.272000000000000000e+03
8.300000000000000000e+04 3.628000000000000000e+03
8.400000000000000000e+04 3.762000000000000000e+03
8.500000000000000000e+04 4.064000000000000000e+03
8.600000000000000000e+04 4.179000000000000000e+03
8.700000000000000000e+04 4.381000000000000000e+03
8.800000000000000000e+04 4.696000000000000000e+03
8.900000000000000000e+04 4.773000000000000000e+03
9.000000000000000000e+04 4.952000000000000000e+03
9.100000000000000000e+04 5.272000000000000000e+03
9.200000000000000000e+04 5.467000000000000000e+03
9.300000000000000000e+04 5.761000000000000000e+03
9.400000000000000000e+04 5.918000000000000000e+03
9.500000000000000000e+04 6.055000000000000000e+03
9.600000000000000000e+04 6.253000000000000000e+03
9.700000000000000000e+04 6.357000000000000000e+03
9.800000000000000000e+04 6.562000000000000000e+03
9.900000000000000000e+04 6.649000000000000000e+03
1.000000000000000000e+05 6.608000000000000000e+03
1.010000000000000000e+05 6.824000000000000000e+03
1.020000000000000000e+05 6.870000000000000000e+03
1.030000000000000000e+05 7.023000000000000000e+03
1.040000000000000000e+05 7.154000000000000000e+03
1.050000000000000000e+05 7.286000000000000000e+03
1.060000000000000000e+05 7.401000000000000000e+03
1.070000000000000000e+05 7.382000000000000000e+03
1.080000000000000000e+05 7.421000000000000000e+03
1.090000000000000000e+05 7.659000000000000000e+03
1.100000000000000000e+05 7.680000000000000000e+03
1.110000000000000000e+05 7.678000000000000000e+03
1.120000000000000000e+05 7.784000000000000000e+03
1.130000000000000000e+05 7.754000000000000000e+03
1.140000000000000000e+05 7.743000000000000000e+03
1.150000000000000000e+05 7.859000000000000000e+03
1.160000000000000000e+05 7.824000000000000000e+03
1.170000000000000000e+05 7.836000000000000000e+03
1.180000000000000000e+05 7.976000000000000000e+03
1.190000000000000000e+05 7.903000000000000000e+03
1.200000000000000000e+05 7.894000000000000000e+03
1.210000000000000000e+05 7.786000000000000000e+03
1.220000000000000000e+05 7.899000000000000000e+03
1.230000000000000000e+05 7.791000000000000000e+03
1.240000000000000000e+05 7.830000000000000000e+03
1.250000000000000000e+05 7.779000000000000000e+03
1.260000000000000000e+05 7.767000000000000000e+03
1.270000000000000000e+05 7.837000000000000000e+03
1.280000000000000000e+05 7.713000000000000000e+03
1.290000000000000000e+05 7.616000000000000000e+03
1.300000000000000000e+05 7.516000000000000000e+03
1.310000000000000000e+05 7.704000000000000000e+03
1.320000000000000000e+05 7.424000000000000000e+03
1.330000000000000000e+05 7.294000000000000000e+03
1.340000000000000000e+05 7.222000000000000000e+03
1.350000000000000000e+05 7.170000000000000000e+03
1.360000000000000000e+05 7.143000000000000000e+03
1.370000000000000000e+05 6.961000000000000000e+03
1.380000000000000000e+05 6.811000000000000000e+03
1.390000000000000000e+05 6.694000000000000000e+03
1.400000000000000000e+05 6.622000000000000000e+03
1.410000000000000000e+05 6.517000000000000000e+03
1.420000000000000000e+05 6.247000000000000000e+03
1.430000000000000000e+05 6.198000000000000000e+03
1.440000000000000000e+05 6.083000000000000000e+03
1.450000000000000000e+05 5.817000000000000000e+03
1.460000000000000000e+05 5.665000000000000000e+03
1.470000000000000000e+05 5.405000000000000000e+03
1.480000000000000000e+05 5.092000000000000000e+03
1.490000000000000000e+05 4.865000000000000000e+03
1.500000000000000000e+05 4.669000000000000000e+03
1.510000000000000000e+05 4.612000000000000000e+03
1.520000000000000000e+05 4.350000000000000000e+03
1.530000000000000000e+05 4.120000000000000000e+03
1.540000000000000000e+05 4.017000000000000000e+03
1.550000000000000000e+05 3.639000000000000000e+03
1.560000000000000000e+05 3.412000000000000000e+03
1.570000000000000000e+05 3.363000000000000000e+03
1.580000000000000000e+05 3.159000000000000000e+03
1.590000000000000000e+05 2.956000000000000000e+03
1.600000000000000000e+05 2.850000000000000000e+03
1.610000000000000000e+05 2.800000000000000000e+03
1.620000000000000000e+05 2.638000000000000000e+03
1.630000000000000000e+05 2.491000000000000000e+03
1.640000000000000000e+05 2.340000000000000000e+03
1.650000000000000000e+05 2.255000000000000000e+03
1.660000000000000000e+05 2.085000000000000000e+03
1.670000000000000000e+05 2.114000000000000000e+03
1.680000000000000000e+05 2.125000000000000000e+03
1.690000000000000000e+05 2.168000000000000000e+03
1.700000000000000000e+05 2.037000000000000000e+03
1.710000000000000000e+05 2.111000000000000000e+03
1.720000000000000000e+05 2.201000000000000000e+03
1.730000000000000000e+05 2.185000000000000000e+03
1.740000000000000000e+05 2.328000000000000000e+03
1.750000000000000000e+05 2.445000000000000000e+03
1.760000000000000000e+05 2.533000000000000000e+03
1.770000000000000000e+05 2.765000000000000000e+03
1.780000000000000000e+05 2.786000000000000000e+03
1.790000000000000000e+05 2.938000000000000000e+03
1.800000000000000000e+05 3.029000000000000000e+03
1.810000000000000000e+05 3.227000000000000000e+03
1.820000000000000000e+05 3.318000000000000000e+03
1.830000000000000000e+05 3.628000000000000000e+03
1.840000000000000000e+05 3.796000000000000000e+03
1.850000000000000000e+05 4.065000000000000000e+03
1.860000000000000000e+05 4.183000000000000000e+03
1.870000000000000000e+05 4.453000000000000000e+03
1.880000000000000000e+05 4.599000000000000000e+03
1.890000000000000000e+05 4.979000000000000000e+03
1.900000000000000000e+05 5.053000000000000000e+03
1.910000000000000000e+05 5.334000000000000000e+03
1.920000000000000000e+05 5.620000000000000000e+03
1.930000000000000000e+05 5.765000000000000000e+03
1.940000000000000000e+05 5.784000000000000000e+03
1.950000000000000000e+05 5.969000000000000000e+03
1.960000000000000000e+05 6.260000000000000000e+03
1.970000000000000000e+05 6.229000000000000000e+03
1.980000000000000000e+05 6.567000000000000000e+03
1.990000000000000000e+05 6.644000000000000000e+03
