0.000000000000000000e+00 6.781000000000000000e+03
2.500000000000000000e+02 6.810000000000000000e+03
5.000000000000000000e+02 7.172000000000000000e+03
7.500000000000000000e+02 7.085000000000000000e+03
1.000000000000000000e+03 7.149000000000000000e+03
1.250000000000000000e+03 7.216000000000000000e+03
1.500000000000000000e+03 7.370000000000000000e+03
1.750000000000000000e+03 7.420000000000000000e+03
2.000000000000000000e+03 7.526000000000000000e+03
2.250000000000000000e+03 7.552000000000000000e+03
2.500000000000000000e+03 7.579000000000000000e+03
2.750000000000000000e+03 7.868000000000000000e+03
3.000000000000000000e+03 7.695000000000000000e+03
3.250000000000000000e+03 7.722000000000000000e+03
3.500000000000000000e+03 7.802000000000000000e+03
3.750000000000000000e+03 7.763000000000000000e+03
4.000000000000000000e+03 8.067000000000000000e+03
4.250000000000000000e+03 8.063000000000000000e+03
4.500000000000000000e+03 7.882000000000000000e+03
4.750000000000000000e+03 7.815000000000000000e+03
5.000000000000000000e+03 7.907000000000000000e+03
5.250000000000000000e+03 7.897000000000000000e+03
5.500000000000000000e+03 7.852000000000000000e+03
5.750000000000000000e+03 7.919000000000000000e+03
6.000000000000000000e+03 7.901000000000000000e+03
6.250000000000000000e+03 7.721000000000000000e+03
6.500000000000000000e+03 7.811000000000000000e+03
6.750000000000000000e+03 7.708000000000000000e+03
7.000000000000000000e+03 7.723000000000000000e+03
7.250000000000000000e+03 7.848000000000000000e+03
7.500000000000000000e+03 7.637000000000000000e+03
7.750000000000000000e+03 7.730000000000000000e+03
8.000000000000000000e+03 7.510000000000000000e+03
8.250000000000000000e+03 7.379000000000000000e+03
8.500000000000000000e+03 7.512000000000000000e+03
8.750000000000000000e+03 7.289000000000000000e+03
9.000000000000000000e+03 7.103000000000000000e+03
9.250000000000000000e+03 7.139000000000000000e+03
9.500000000000000000e+03 6.968000000000000000e+03
9.750000000000000000e+03 6.707000000000000000e+03
1.000000000000000000e+04 6.443000000000000000e+03
1.025000000000000000e+04 6.233000000000000000e+03
1.050000000000000000e+04 6.368000000000000000e+03
1.075000000000000000e+04 6.039000000000000000e+03
1.100000000000000000e+04 5.999000000000000000e+03
1.125000000000000000e+04 5.882000000000000000e+03
1.150000000000000000e+04 5.574000000000000000e+03
1.175000000000000000e+04 5.614000000000000000e+03
1.200000000000000000e+04 5.166000000000000000e+03
1.225000000000000000e+04 5.214000000000000000e+03
1.250000000000000000e+04 4.880000000000000000e+03
1.275000000000000000e+04 4.663000000000000000e+03
1.300000000000000000e+04 4.572000000000000000e+03
1.325000000000000000e+04 4.399000000000000000e+03
1.350000000000000000e+04 4.091000000000000000e+03
1.375000000000000000e+04 3.919000000000000000e+03
1.400000000000000000e+04 3.801000000000000000e+03
1.425000000000000000e+04 3.537000000000000000e+03
1.450000000000000000e+04 3.458000000000000000e+03
1.475000000000000000e+04 3.244000000000000000e+03
1.500000000000000000e+04 3.030000000000000000e+03
1.525000000000000000e+04 2.887000000000000000e+03
1.550000000000000000e+04 2.731000000000000000e+03
1.575000000000000000e+04 2.699000000000000000e+03
1.600000000000000000e+04 2.594000000000000000e+03
1.625000000000000000e+04 2.370000000000000000e+03
1.650000000000000000e+04 2.360000000000000000e+03
1.675000000000000000e+04 2.183000000000000000e+03
1.700000000000000000e+04 2.207000000000000000e+03
1.725000000000000000e+04 2.220000000000000000e+03
1.750000000000000000e+04 2.171000000000000000e+03
1.775000000000000000e+04 2.270000000000000000e+03
1.800000000000000000e+04 2.304000000000000000e+03
1.825000000000000000e+04 2.299000000000000000e+03
1.850000000000000000e+04 2.435000000000000000e+03
1.875000000000000000e+04 2.434000000000000000e+03
1.900000000000000000e+04 2.620000000000000000e+03
1.925000000000000000e+04 2.595000000000000000e+03
1.950000000000000000e+04 2.842000000000000000e+03
1.975000000000000000e+04 2.985000000000000000e+03
2.000000000000000000e+04 3.087000000000000000e+03
2.025000000000000000e+04 3.256000000000000000e+03
2.050000000000000000e+04 3.471000000000000000e+03
2.075000000000000000e+04 3.740000000000000000e+03
2.100000000000000000e+04 3.897000000000000000e+03
2.125000000000000000e+04 4.222000000000000000e+03
2.150000000000000000e+04 4.364000000000000000e+03
2.175000000000000000e+04 4.616000000000000000e+03
2.200000000000000000e+04 4.770000000000000000e+03
2.225000000000000000e+04 4.939000000000000000e+03
2.250000000000000000e+04 5.305000000000000000e+03
2.275000000000000000e+04 5.558000000000000000e+03
2.300000000000000000e+04 5.626000000000000000e+03
2.325000000000000000e+04 5.868000000000000000e+03
2.350000000000000000e+04 5.859000000000000000e+03
2.375000000000000000e+04 6.081000000000000000e+03
2.400000000000000000e+04 6.223000000000000000e+03
2.425000000000000000e+04 6.358000000000000000e+03
2.450000000000000000e+04 6.507000000000000000e+03
2.475000000000000000e+04 6.927000000000000000e+03
2.500000000000000000e+04 6.913000000000000000e+03
2.525000000000000000e+04 6.841000000000000000e+03
2.550000000000000000e+04 7.082000000000000000e+03
2.575000000000000000e+04 7.209000000000000000e+03
2.600000000000000000e+04 7.232000000000000000e+03
2.625000000000000000e+04 7.160000000000000000e+03
2.650000000000000000e+04 7.364000000000000000e+03
2.675000000000000000e+04 7.368000000000000000e+03
2.700000000000000000e+04 7.426000000000000000e+03
2.725000000000000000e+04 7.617000000000000000e+03
2.750000000000000000e+04 7.805000000000000000e+03
2.775000000000000000e+04 7.713000000000000000e+03
2.800000000000000000e+04 7.768000000000000000e+03
2.825000000000000000e+04 7.631000000000000000e+03
2.850000000000000000e+04 7.906000000000000000e+03
2.875000000000000000e+04 7.991000000000000000e+03
2.900000000000000000e+04 8.085000000000000000e+03
2.925000000000000000e+04 8.038000000000000000e+03
2.950000000000000000e+04 8.035000000000000000e+03
2.975000000000000000e+04 7.893000000000000000e+03
3.000000000000000000e+04 7.798000000000000000e+03
3.025000000000000000e+04 8.024000000000000000e+03
3.050000000000000000e+04 7.828000000000000000e+03
3.075000000000000000e+04 8.014000000000000000e+03
3.100000000000000000e+04 7.890000000000000000e+03
3.125000000000000000e+04 7.948000000000000000e+03
3.150000000000000000e+04 7.891000000000000000e+03
3.175000000000000000e+04 7.786000000000000000e+03
3.200000000000000000e+04 7.697000000000000000e+03
3.225000000000000000e+04 7.609000000000000000e+03
3.250000000000000000e+04 7.632000000000000000e+03
3.275000000000000000e+04 7.541000000000000000e+03
3.300000000000000000e+04 7.496000000000000000e+03
3.325000000000000000e+04 7.485000000000000000e+03
3.350000000000000000e+04 7.192000000000000000e+03
3.375000000000000000e+04 7.127000000000000000e+03
3.400000000000000000e+04 7.122000000000000000e+03
3.425000000000000000e+04 7.119000000000000000e+03
3.450000000000000000e+04 7.082000000000000000e+03
3.475000000000000000e+04 6.609000000000000000e+03
3.500000000000000000e+04 6.632000000000000000e+03
3.525000000000000000e+04 6.421000000000000000e+03
3.550000000000000000e+04 6.172000000000000000e+03
3.575000000000000000e+04 6.062000000000000000e+03
3.600000000000000000e+04 5.916000000000000000e+03
3.625000000000000000e+04 5.767000000000000000e+03
3.650000000000000000e+04 5.653000000000000000e+03
3.675000000000000000e+04 5.529000000000000000e+03
3.700000000000000000e+04 5.366000000000000000e+03
3.725000000000000000e+04 5.024000000000000000e+03
3.750000000000000000e+04 4.868000000000000000e+03
3.775000000000000000e+04 4.789000000000000000e+03
3.800000000000000000e+04 4.616000000000000000e+03
3.825000000000000000e+04 4.457000000000000000e+03
3.850000000000000000e+04 4.321000000000000000e+03
3.875000000000000000e+04 3.771000000000000000e+03
3.900000000000000000e+04 3.662000000000000000e+03
3.925000000000000000e+04 3.657000000000000000e+03
3.950000000000000000e+04 3.489000000000000000e+03
3.975000000000000000e+04 3.191000000000000000e+03
4.000000000000000000e+04 3.014000000000000000e+03
4.025000000000000000e+04 2.889000000000000000e+03
4.050000000000000000e+04 2.702000000000000000e+03
4.075000000000000000e+04 2.694000000000000000e+03
4.100000000000000000e+04 2.561000000000000000e+03
4.125000000000000000e+04 2.423000000000000000e+03
4.150000000000000000e+04 2.311000000000000000e+03
4.175000000000000000e+04 2.225000000000000000e+03
4.200000000000000000e+04 2.269000000000000000e+03
4.225000000000000000e+04 2.168000000000000000e+03
4.250000000000000000e+04 2.205000000000000000e+03
4.275000000000000000e+04 2.239000000000000000e+03
4.300000000000000000e+04 2.316000000000000000e+03
4.325000000000000000e+04 2.273000000000000000e+03
4.350000000000000000e+04 2.451000000000000000e+03
4.375000000000000000e+04 2.470000000000000000e+03
4.400000000000000000e+04 2.507000000000000000e+03
4.425000000000000000e+04 2.757000000000000000e+03
4.450000000000000000e+04 2.867000000000000000e+03
4.475000000000000000e+04 3.025000000000000000e+03
4.500000000000000000e+04 3.221000000000000000e+03
4.525000000000000000e+04 3.407000000000000000e+03
4.550000000000000000e+04 3.491000000000000000e+03
4.575000000000000000e+04 3.786000000000000000e+03
4.600000000000000000e+04 3.993000000000000000e+03
4.625000000000000000e+04 4.239000000000000000e+03
4.650000000000000000e+04 4.449000000000000000e+03
4.675000000000000000e+04 4.603000000000000000e+03
4.700000000000000000e+04 4.811000000000000000e+03
4.725000000000000000e+04 5.258000000000000000e+03
4.750000000000000000e+04 5.204000000000000000e+03
4.775000000000000000e+04 5.501000000000000000e+03
4.800000000000000000e+04 5.659000000000000000e+03
4.825000000000000000e+04 5.746000000000000000e+03
4.850000000000000000e+04 5.937000000000000000e+03
4.875000000000000000e+04 6.056000000000000000e+03
4.900000000000000000e+04 6.226000000000000000e+03
4.925000000000000000e+04 6.367000000000000000e+03
4.950000000000000000e+04 6.686000000000000000e+03
4.975000000000000000e+04 6.825000000000000000e+03
