0.000000000000000000e+00 6.446000000000000000e+03
5.000000000000000000e+01 6.611000000000000000e+03
1.000000000000000000e+02 6.643000000000000000e+03
1.500000000000000000e+02 6.793000000000000000e+03
2.000000000000000000e+02 6.740000000000000000e+03
2.500000000000000000e+02 6.985000000000000000e+03
3.000000000000000000e+02 6.847000000000000000e+03
3.500000000000000000e+02 7.152000000000000000e+03
4.000000000000000000e+02 6.832000000000000000e+03
4.500000000000000000e+02 7.263000000000000000e+03
5.000000000000000000e+02 7.283000000000000000e+03
5.500000000000000000e+02 7.430000000000000000e+03
6.000000000000000000e+02 7.177000000000000000e+03
6.500000000000000000e+02 7.359000000000000000e+03
7.000000000000000000e+02 7.384000000000000000e+03
7.500000000000000000e+02 7.467000000000000000e+03
8.000000000000000000e+02 7.451000000000000000e+03
8.500000000000000000e+02 7.438000000000000000e+03
9.000000000000000000e+02 7.422000000000000000e+03
9.500000000000000000e+02 7.444000000000000000e+03
1.000000000000000000e+03 7.543000000000000000e+03
1.050000000000000000e+03 7.413000000000000000e+03
1.100000000000000000e+03 7.465000000000000000e+03
1.150000000000000000e+03 7.580000000000000000e+03
1.200000000000000000e+03 7.395000000000000000e+03
1.250000000000000000e+03 7.389000000000000000e+03
1.300000000000000000e+03 7.489000000000000000e+03
1.350000000000000000e+03 7.412000000000000000e+03
1.400000000000000000e+03 7.285000000000000000e+03
1.450000000000000000e+03 7.131000000000000000e+03
1.500000000000000000e+03 7.188000000000000000e+03
1.550000000000000000e+03 7.100000000000000000e+03
1.600000000000000000e+03 7.116000000000000000e+03
1.650000000000000000e+03 7.048000000000000000e+03
1.700000000000000000e+03 6.900000000000000000e+03
1.750000000000000000e+03 6.936000000000000000e+03
1.800000000000000000e+03 6.727000000000000000e+03
1.850000000000000000e+03 6.553000000000000000e+03
1.900000000000000000e+03 6.570000000000000000e+03
1.950000000000000000e+03 6.528000000000000000e+03
2.000000000000000000e+03 6.308000000000000000e+03
2.050000000000000000e+03 6.075000000000000000e+03
2.100000000000000000e+03 6.155000000000000000e+03
2.150000000000000000e+03 6.096000000000000000e+03
2.200000000000000000e+03 5.766000000000000000e+03
2.250000000000000000e+03 5.553000000000000000e+03
2.300000000000000000e+03 5.499000000000000000e+03
2.350000000000000000e+03 5.463000000000000000e+03
2.400000000000000000e+03 5.108000000000000000e+03
2.450000000000000000e+03 5.020000000000000000e+03
2.500000000000000000e+03 4.705000000000000000e+03
2.550000000000000000e+03 4.606000000000000000e+03
2.600000000000000000e+03 4.531000000000000000e+03
2.650000000000000000e+03 4.366000000000000000e+03
2.700000000000000000e+03 4.147000000000000000e+03
2.750000000000000000e+03 3.914000000000000000e+03
2.800000000000000000e+03 3.725000000000000000e+03
2.850000000000000000e+03 3.612000000000000000e+03
2.900000000000000000e+03 3.602000000000000000e+03
2.950000000000000000e+03 3.246000000000000000e+03
3.000000000000000000e+03 3.316000000000000000e+03
3.050000000000000000e+03 3.005000000000000000e+03
3.100000000000000000e+03 2.911000000000000000e+03
3.150000000000000000e+03 2.631000000000000000e+03
3.200000000000000000e+03 2.714000000000000000e+03
3.250000000000000000e+03 2.576000000000000000e+03
3.300000000000000000e+03 2.477000000000000000e+03
3.350000000000000000e+03 2.330000000000000000e+03
3.400000000000000000e+03 2.252000000000000000e+03
3.450000000000000000e+03 2.304000000000000000e+03
3.500000000000000000e+03 2.196000000000000000e+03
3.550000000000000000e+03 2.250000000000000000e+03
3.600000000000000000e+03 2.208000000000000000e+03
3.650000000000000000e+03 2.248000000000000000e+03
3.700000000000000000e+03 2.280000000000000000e+03
3.750000000000000000e+03 2.195000000000000000e+03
3.800000000000000000e+03 2.202000000000000000e+03
3.850000000000000000e+03 2.421000000000000000e+03
3.900000000000000000e+03 2.511000000000000000e+03
3.950000000000000000e+03 2.642000000000000000e+03
4.000000000000000000e+03 2.692000000000000000e+03
4.050000000000000000e+03 2.924000000000000000e+03
4.100000000000000000e+03 3.138000000000000000e+03
4.150000000000000000e+03 3.231000000000000000e+03
4.200000000000000000e+03 3.527000000000000000e+03
4.250000000000000000e+03 3.636000000000000000e+03
4.300000000000000000e+03 3.772000000000000000e+03
4.350000000000000000e+03 4.051000000000000000e+03
4.400000000000000000e+03 4.270000000000000000e+03
4.450000000000000000e+03 4.464000000000000000e+03
4.500000000000000000e+03 4.666000000000000000e+03
4.550000000000000000e+03 4.863000000000000000e+03
4.600000000000000000e+03 5.099000000000000000e+03
4.650000000000000000e+03 5.256000000000000000e+03
4.700000000000000000e+03 5.422000000000000000e+03
4.750000000000000000e+03 5.694000000000000000e+03
4.800000000000000000e+03 5.804000000000000000e+03
4.850000000000000000e+03 6.051000000000000000e+03
4.900000000000000000e+03 6.178000000000000000e+03
4.950000000000000000e+03 6.167000000000000000e+03
5.000000000000000000e+03 6.381000000000000000e+03
5.050000000000000000e+03 6.466000000000000000e+03
5.100000000000000000e+03 6.561000000000000000e+03
5.150000000000000000e+03 6.748000000000000000e+03
5.200000000000000000e+03 6.869000000000000000e+03
5.250000000000000000e+03 6.854000000000000000e+03
5.300000000000000000e+03 7.014000000000000000e+03
5.350000000000000000e+03 7.083000000000000000e+03
5.400000000000000000e+03 7.026000000000000000e+03
5.450000000000000000e+03 7.144000000000000000e+03
5.500000000000000000e+03 7.281000000000000000e+03
5.550000000000000000e+03 7.275000000000000000e+03
5.600000000000000000e+03 7.325000000000000000e+03
5.650000000000000000e+03 7.351000000000000000e+03
5.700000000000000000e+03 7.558000000000000000e+03
5.750000000000000000e+03 7.289000000000000000e+03
5.800000000000000000e+03 7.492000000000000000e+03
5.850000000000000000e+03 7.432000000000000000e+03
5.900000000000000000e+03 7.542000000000000000e+03
5.950000000000000000e+03 7.372000000000000000e+03
6.000000000000000000e+03 7.577000000000000000e+03
6.050000000000000000e+03 7.572000000000000000e+03
6.100000000000000000e+03 7.443000000000000000e+03
6.150000000000000000e+03 7.410000000000000000e+03
6.200000000000000000e+03 7.476000000000000000e+03
6.250000000000000000e+03 7.415000000000000000e+03
6.300000000000000000e+03 7.336000000000000000e+03
6.350000000000000000e+03 7.321000000000000000e+03
6.400000000000000000e+03 7.200000000000000000e+03
6.450000000000000000e+03 7.251000000000000000e+03
6.500000000000000000e+03 7.035000000000000000e+03
6.550000000000000000e+03 7.194000000000000000e+03
6.600000000000000000e+03 7.215000000000000000e+03
6.650000000000000000e+03 7.038000000000000000e+03
6.700000000000000000e+03 6.917000000000000000e+03
6.750000000000000000e+03 6.950000000000000000e+03
6.800000000000000000e+03 6.754000000000000000e+03
6.850000000000000000e+03 6.630000000000000000e+03
6.900000000000000000e+03 6.559000000000000000e+03
6.950000000000000000e+03 6.434000000000000000e+03
7.000000000000000000e+03 6.343000000000000000e+03
7.050000000000000000e+03 6.252000000000000000e+03
7.100000000000000000e+03 6.167000000000000000e+03
7.150000000000000000e+03 5.901000000000000000e+03
7.200000000000000000e+03 5.694000000000000000e+03
7.250000000000000000e+03 5.747000000000000000e+03
7.300000000000000000e+03 5.472000000000000000e+03
7.350000000000000000e+03 5.432000000000000000e+03
7.400000000000000000e+03 5.219000000000000000e+03
7.450000000000000000e+03 4.932000000000000000e+03
7.500000000000000000e+03 4.756000000000000000e+03
7.550000000000000000e+03 4.783000000000000000e+03
7.600000000000000000e+03 4.535000000000000000e+03
7.650000000000000000e+03 4.228000000000000000e+03
7.700000000000000000e+03 4.098000000000000000e+03
7.750000000000000000e+03 3.918000000000000000e+03
7.800000000000000000e+03 3.810000000000000000e+03
7.850000000000000000e+03 3.612000000000000000e+03
7.900000000000000000e+03 3.458000000000000000e+03
7.950000000000000000e+03 3.350000000000000000e+03
8.000000000000000000e+03 3.206000000000000000e+03
8.050000000000000000e+03 2.949000000000000000e+03
8.100000000000000000e+03 2.823000000000000000e+03
8.150000000000000000e+03 2.758000000000000000e+03
8.200000000000000000e+03 2.660000000000000000e+03
8.250000000000000000e+03 2.518000000000000000e+03
8.300000000000000000e+03 2.444000000000000000e+03
8.350000000000000000e+03 2.372000000000000000e+03
8.400000000000000000e+03 2.338000000000000000e+03
8.450000000000000000e+03 2.226000000000000000e+03
8.500000000000000000e+03 2.166000000000000000e+03
8.550000000000000000e+03 2.228000000000000000e+03
8.600000000000000000e+03 2.166000000000000000e+03
8.650000000000000000e+03 2.155000000000000000e+03
8.700000000000000000e+03 2.159000000000000000e+03
8.750000000000000000e+03 2.276000000000000000e+03
8.800000000000000000e+03 2.172000000000000000e+03
8.850000000000000000e+03 2.320000000000000000e+03
8.900000000000000000e+03 2.470000000000000000e+03
8.950000000000000000e+03 2.614000000000000000e+03
9.000000000000000000e+03 2.740000000000000000e+03
9.050000000000000000e+03 2.972000000000000000e+03
9.100000000000000000e+03 3.094000000000000000e+03
9.150000000000000000e+03 3.220000000000000000e+03
9.200000000000000000e+03 3.372000000000000000e+03
9.250000000000000000e+03 3.577000000000000000e+03
9.300000000000000000e+03 3.803000000000000000e+03
9.350000000000000000e+03 4.079000000000000000e+03
9.400000000000000000e+03 4.218000000000000000e+03
9.450000000000000000e+03 4.548000000000000000e+03
9.500000000000000000e+03 4.566000000000000000e+03
9.550000000000000000e+03 4.875000000000000000e+03
9.600000000000000000e+03 5.054000000000000000e+03
9.650000000000000000e+03 5.316000000000000000e+03
9.700000000000000000e+03 5.369000000000000000e+03
9.750000000000000000e+03 5.631000000000000000e+03
9.800000000000000000e+03 5.847000000000000000e+03
9.850000000000000000e+03 6.100000000000000000e+03
9.900000000000000000e+03 6.020000000000000000e+03
9.950000000000000000e+03 6.309000000000000000e+03
