0.000000000000000000e+00 1.176400000000000000e+04
1.000000000000000000e+04 1.213200000000000000e+04
2.000000000000000000e+04 1.228300000000000000e+04
3.000000000000000000e+04 1.264300000000000000e+04
4.000000000000000000e+04 1.281200000000000000e+04
5.000000000000000000e+04 1.291600000000000000e+04
6.000000000000000000e+04 1.330900000000000000e+04
7.000000000000000000e+04 1.309100000000000000e+04
8.000000000000000000e+04 1.335100000000000000e+04
9.000000000000000000e+04 1.334500000000000000e+04
1.000000000000000000e+05 1.381600000000000000e+04
1.100000000000000000e+05 1.349000000000000000e+04
1.200000000000000000e+05 1.398400000000000000e+04
1.300000000000000000e+05 1.355600000000000000e+04
1.400000000000000000e+05 1.382800000000000000e+04
1.500000000000000000e+05 1.381300000000000000e+04
1.600000000000000000e+05 1.397400000000000000e+04
1.700000000000000000e+05 1.389000000000000000e+04
1.800000000000000000e+05 1.419900000000000000e+04
1.900000000000000000e+05 1.420900000000000000e+04
2.000000000000000000e+05 1.382500000000000000e+04
2.100000000000000000e+05 1.407300000000000000e+04
2.200000000000000000e+05 1.418700000000000000e+04
2.300000000000000000e+05 1.404700000000000000e+04
2.400000000000000000e+05 1.407500000000000000e+04
2.500000000000000000e+05 1.386100000000000000e+04
2.600000000000000000e+05 1.393200000000000000e+04
2.700000000000000000e+05 1.358300000000000000e+04
2.800000000000000000e+05 1.371800000000000000e+04
2.900000000000000000e+05 1.351400000000000000e+04
3.000000000000000000e+05 1.352800000000000000e+04
3.100000000000000000e+05 1.335100000000000000e+04
3.200000000000000000e+05 1.310600000000000000e+04
3.300000000000000000e+05 1.297500000000000000e+04
3.400000000000000000e+05 1.276700000000000000e+04
3.500000000000000000e+05 1.265600000000000000e+04
3.600000000000000000e+05 1.244800000000000000e+04
3.700000000000000000e+05 1.252000000000000000e+04
3.800000000000000000e+05 1.183700000000000000e+04
3.900000000000000000e+05 1.178100000000000000e+04
4.000000000000000000e+05 1.166100000000000000e+04
4.100000000000000000e+05 1.135900000000000000e+04
4.200000000000000000e+05 1.099800000000000000e+04
4.300000000000000000e+05 1.071100000000000000e+04
4.400000000000000000e+05 1.022400000000000000e+04
4.500000000000000000e+05 9.959000000000000000e+03
4.600000000000000000e+05 9.829000000000000000e+03
4.700000000000000000e+05 9.083000000000000000e+03
4.800000000000000000e+05 8.814000000000000000e+03
4.900000000000000000e+05 8.344000000000000000e+03
5.000000000000000000e+05 8.042000000000000000e+03
5.100000000000000000e+05 7.842000000000000000e+03
5.200000000000000000e+05 7.264000000000000000e+03
5.300000000000000000e+05 6.967000000000000000e+03
5.400000000000000000e+05 6.628000000000000000e+03
5.500000000000000000e+05 6.170000000000000000e+03
5.600000000000000000e+05 5.895000000000000000e+03
5.700000000000000000e+05 5.534000000000000000e+03
5.800000000000000000e+05 5.239000000000000000e+03
5.900000000000000000e+05 4.910000000000000000e+03
6.000000000000000000e+05 4.722000000000000000e+03
6.100000000000000000e+05 4.395000000000000000e+03
6.200000000000000000e+05 4.145000000000000000e+03
6.300000000000000000e+05 4.139000000000000000e+03
6.400000000000000000e+05 3.808000000000000000e+03
6.500000000000000000e+05 3.619000000000000000e+03
6.600000000000000000e+05 3.643000000000000000e+03
6.700000000000000000e+05 3.570000000000000000e+03
6.800000000000000000e+05 3.397000000000000000e+03
6.900000000000000000e+05 3.368000000000000000e+03
7.000000000000000000e+05 3.487000000000000000e+03
7.100000000000000000e+05 3.553000000000000000e+03
7.200000000000000000e+05 3.548000000000000000e+03
7.300000000000000000e+05 3.523000000000000000e+03
7.400000000000000000e+05 3.735000000000000000e+03
7.500000000000000000e+05 3.864000000000000000e+03
7.600000000000000000e+05 4.160000000000000000e+03
7.700000000000000000e+05 4.315000000000000000e+03
7.800000000000000000e+05 4.529000000000000000e+03
7.900000000000000000e+05 4.801000000000000000e+03
8.000000000000000000e+05 5.156000000000000000e+03
8.100000000000000000e+05 5.477000000000000000e+03
8.200000000000000000e+05 5.566000000000000000e+03
8.300000000000000000e+05 6.110000000000000000e+03
8.400000000000000000e+05 6.423000000000000000e+03
8.500000000000000000e+05 6.779000000000000000e+03
8.600000000000000000e+05 7.352000000000000000e+03
8.700000000000000000e+05 7.617000000000000000e+03
8.800000000000000000e+05 7.863000000000000000e+03
8.900000000000000000e+05 8.307000000000000000e+03
9.000000000000000000e+05 8.772000000000000000e+03
9.100000000000000000e+05 9.177000000000000000e+03
9.200000000000000000e+05 9.582000000000000000e+03
9.300000000000000000e+05 9.945000000000000000e+03
9.400000000000000000e+05 1.013200000000000000e+04
9.500000000000000000e+05 1.045800000000000000e+04
9.600000000000000000e+05 1.086400000000000000e+04
9.700000000000000000e+05 1.109800000000000000e+04
9.800000000000000000e+05 1.141800000000000000e+04
9.900000000000000000e+05 1.169500000000000000e+04
1.000000000000000000e+06 1.153400000000000000e+04
1.010000000000000000e+06 1.223900000000000000e+04
1.020000000000000000e+06 1.227300000000000000e+04
1.030000000000000000e+06 1.268500000000000000e+04
1.040000000000000000e+06 1.279500000000000000e+04
1.050000000000000000e+06 1.291200000000000000e+04
1.060000000000000000e+06 1.310800000000000000e+04
1.070000000000000000e+06 1.345800000000000000e+04
1.080000000000000000e+06 1.355800000000000000e+04
1.090000000000000000e+06 1.353900000000000000e+04
1.100000000000000000e+06 1.372900000000000000e+04
1.110000000000000000e+06 1.376700000000000000e+04
1.120000000000000000e+06 1.390400000000000000e+04
1.130000000000000000e+06 1.379600000000000000e+04
1.140000000000000000e+06 1.394700000000000000e+04
1.150000000000000000e+06 1.413700000000000000e+04
1.160000000000000000e+06 1.407800000000000000e+04
1.170000000000000000e+06 1.423700000000000000e+04
1.180000000000000000e+06 1.420000000000000000e+04
1.190000000000000000e+06 1.402900000000000000e+04
1.200000000000000000e+06 1.423100000000000000e+04
1.210000000000000000e+06 1.416100000000000000e+04
1.220000000000000000e+06 1.399300000000000000e+04
1.230000000000000000e+06 1.409600000000000000e+04
1.240000000000000000e+06 1.409300000000000000e+04
1.250000000000000000e+06 1.394400000000000000e+04
1.260000000000000000e+06 1.416700000000000000e+04
1.270000000000000000e+06 1.366600000000000000e+04
1.280000000000000000e+06 1.368500000000000000e+04
1.290000000000000000e+06 1.364400000000000000e+04
1.300000000000000000e+06 1.361200000000000000e+04
1.310000000000000000e+06 1.359200000000000000e+04
1.320000000000000000e+06 1.331000000000000000e+04
1.330000000000000000e+06 1.292200000000000000e+04
1.340000000000000000e+06 1.303600000000000000e+04
1.350000000000000000e+06 1.281200000000000000e+04
1.360000000000000000e+06 1.250000000000000000e+04
1.370000000000000000e+06 1.225200000000000000e+04
1.380000000000000000e+06 1.195600000000000000e+04
1.390000000000000000e+06 1.170600000000000000e+04
1.400000000000000000e+06 1.155100000000000000e+04
1.410000000000000000e+06 1.113200000000000000e+04
1.420000000000000000e+06 1.097100000000000000e+04
1.430000000000000000e+06 1.062500000000000000e+04
1.440000000000000000e+06 1.021300000000000000e+04
1.450000000000000000e+06 9.865000000000000000e+03
1.460000000000000000e+06 9.759000000000000000e+03
1.470000000000000000e+06 9.407000000000000000e+03
1.480000000000000000e+06 8.737000000000000000e+03
1.490000000000000000e+06 8.431000000000000000e+03
1.500000000000000000e+06 8.019000000000000000e+03
1.510000000000000000e+06 7.738000000000000000e+03
1.520000000000000000e+06 7.225000000000000000e+03
1.530000000000000000e+06 7.013000000000000000e+03
1.540000000000000000e+06 6.528000000000000000e+03
1.550000000000000000e+06 6.219000000000000000e+03
1.560000000000000000e+06 5.821000000000000000e+03
1.570000000000000000e+06 5.496000000000000000e+03
1.580000000000000000e+06 5.128000000000000000e+03
1.590000000000000000e+06 4.818000000000000000e+03
1.600000000000000000e+06 4.639000000000000000e+03
1.610000000000000000e+06 4.281000000000000000e+03
1.620000000000000000e+06 4.088000000000000000e+03
1.630000000000000000e+06 3.865000000000000000e+03
1.640000000000000000e+06 3.641000000000000000e+03
1.650000000000000000e+06 3.601000000000000000e+03
1.660000000000000000e+06 3.590000000000000000e+03
1.670000000000000000e+06 3.496000000000000000e+03
1.680000000000000000e+06 3.246000000000000000e+03
1.690000000000000000e+06 3.279000000000000000e+03
1.700000000000000000e+06 3.332000000000000000e+03
1.710000000000000000e+06 3.353000000000000000e+03
1.720000000000000000e+06 3.441000000000000000e+03
1.730000000000000000e+06 3.575000000000000000e+03
1.740000000000000000e+06 3.644000000000000000e+03
1.750000000000000000e+06 3.822000000000000000e+03
1.760000000000000000e+06 3.963000000000000000e+03
1.770000000000000000e+06 4.309000000000000000e+03
1.780000000000000000e+06 4.488000000000000000e+03
1.790000000000000000e+06 4.783000000000000000e+03
1.800000000000000000e+06 5.023000000000000000e+03
1.810000000000000000e+06 5.400000000000000000e+03
1.820000000000000000e+06 5.612000000000000000e+03
1.830000000000000000e+06 6.009000000000000000e+03
1.840000000000000000e+06 6.421000000000000000e+03
1.850000000000000000e+06 6.789000000000000000e+03
1.860000000000000000e+06 7.141000000000000000e+03
1.870000000000000000e+06 7.417000000000000000e+03
1.880000000000000000e+06 7.894000000000000000e+03
1.890000000000000000e+06 8.201000000000000000e+03
1.900000000000000000e+06 8.798000000000000000e+03
1.910000000000000000e+06 9.034000000000000000e+03
1.920000000000000000e+06 9.443000000000000000e+03
1.930000000000000000e+06 9.832000000000000000e+03
1.940000000000000000e+06 1.006800000000000000e+04
1.950000000000000000e+06 1.050300000000000000e+04
1.960000000000000000e+06 1.080400000000000000e+04
1.970000000000000000e+06 1.099100000000000000e+04
1.980000000000000000e+06 1.134100000000000000e+04
1.990000000000000000e+06 1.154700000000000000e+04
