0.000000000000000000e+00 4.752000000000000000e+03
3.300000000000000000e+01 4.753000000000000000e+03
6.600000000000000000e+01 4.917000000000000000e+03
9.900000000000000000e+01 5.050000000000000000e+03
1.320000000000000000e+02 5.105000000000000000e+03
1.650000000000000000e+02 5.187000000000000000e+03
1.980000000000000000e+02 5.263000000000000000e+03
2.310000000000000000e+02 5.230000000000000000e+03
2.640000000000000000e+02 5.544000000000000000e+03
2.970000000000000000e+02 5.497000000000000000e+03
3.300000000000000000e+02 5.379000000000000000e+03
3.630000000000000000e+02 5.450000000000000000e+03
3.960000000000000000e+02 5.584000000000000000e+03
4.290000000000000000e+02 5.563000000000000000e+03
4.620000000000000000e+02 5.707000000000000000e+03
4.950000000000000000e+02 5.728000000000000000e+03
5.280000000000000000e+02 5.662000000000000000e+03
5.610000000000000000e+02 5.736000000000000000e+03
5.940000000000000000e+02 5.643000000000000000e+03
6.270000000000000000e+02 5.663000000000000000e+03
6.600000000000000000e+02 5.642000000000000000e+03
6.930000000000000000e+02 5.662000000000000000e+03
7.260000000000000000e+02 5.637000000000000000e+03
7.590000000000000000e+02 5.781000000000000000e+03
7.920000000000000000e+02 5.620000000000000000e+03
8.250000000000000000e+02 5.783000000000000000e+03
8.580000000000000000e+02 5.601000000000000000e+03
8.910000000000000000e+02 5.675000000000000000e+03
9.240000000000000000e+02 5.687000000000000000e+03
9.570000000000000000e+02 5.707000000000000000e+03
9.900000000000000000e+02 5.603000000000000000e+03
1.023000000000000000e+03 5.567000000000000000e+03
1.056000000000000000e+03 5.589000000000000000e+03
1.089000000000000000e+03 5.308000000000000000e+03
1.122000000000000000e+03 5.363000000000000000e+03
1.155000000000000000e+03 5.192000000000000000e+03
1.188000000000000000e+03 5.308000000000000000e+03
1.221000000000000000e+03 5.065000000000000000e+03
1.254000000000000000e+03 5.130000000000000000e+03
1.287000000000000000e+03 4.959000000000000000e+03
1.320000000000000000e+03 4.950000000000000000e+03
1.353000000000000000e+03 4.873000000000000000e+03
1.386000000000000000e+03 4.768000000000000000e+03
1.419000000000000000e+03 4.567000000000000000e+03
1.452000000000000000e+03 4.622000000000000000e+03
1.485000000000000000e+03 4.672000000000000000e+03
1.518000000000000000e+03 4.246000000000000000e+03
1.551000000000000000e+03 4.311000000000000000e+03
1.584000000000000000e+03 4.093000000000000000e+03
1.617000000000000000e+03 3.884000000000000000e+03
1.650000000000000000e+03 3.910000000000000000e+03
1.683000000000000000e+03 3.689000000000000000e+03
1.716000000000000000e+03 3.606000000000000000e+03
1.749000000000000000e+03 3.643000000000000000e+03
1.782000000000000000e+03 3.405000000000000000e+03
1.815000000000000000e+03 3.274000000000000000e+03
1.848000000000000000e+03 3.062000000000000000e+03
1.881000000000000000e+03 2.935000000000000000e+03
1.914000000000000000e+03 2.835000000000000000e+03
1.947000000000000000e+03 2.615000000000000000e+03
1.980000000000000000e+03 2.577000000000000000e+03
2.013000000000000000e+03 2.431000000000000000e+03
2.046000000000000000e+03 2.367000000000000000e+03
2.079000000000000000e+03 2.231000000000000000e+03
2.112000000000000000e+03 2.073000000000000000e+03
2.145000000000000000e+03 2.079000000000000000e+03
2.178000000000000000e+03 1.998000000000000000e+03
2.211000000000000000e+03 1.898000000000000000e+03
2.244000000000000000e+03 1.808000000000000000e+03
2.277000000000000000e+03 1.813000000000000000e+03
2.310000000000000000e+03 1.727000000000000000e+03
2.343000000000000000e+03 1.683000000000000000e+03
2.376000000000000000e+03 1.678000000000000000e+03
2.409000000000000000e+03 1.615000000000000000e+03
2.442000000000000000e+03 1.613000000000000000e+03
2.475000000000000000e+03 1.606000000000000000e+03
2.508000000000000000e+03 1.762000000000000000e+03
2.541000000000000000e+03 1.621000000000000000e+03
2.574000000000000000e+03 1.781000000000000000e+03
2.607000000000000000e+03 1.694000000000000000e+03
2.640000000000000000e+03 1.852000000000000000e+03
2.673000000000000000e+03 1.979000000000000000e+03
2.706000000000000000e+03 1.924000000000000000e+03
2.739000000000000000e+03 2.210000000000000000e+03
2.772000000000000000e+03 2.210000000000000000e+03
2.805000000000000000e+03 2.264000000000000000e+03
2.838000000000000000e+03 2.543000000000000000e+03
2.871000000000000000e+03 2.612000000000000000e+03
2.904000000000000000e+03 2.694000000000000000e+03
2.937000000000000000e+03 3.023000000000000000e+03
2.970000000000000000e+03 3.077000000000000000e+03
3.003000000000000000e+03 3.387000000000000000e+03
3.036000000000000000e+03 3.448000000000000000e+03
3.069000000000000000e+03 3.626000000000000000e+03
3.102000000000000000e+03 3.745000000000000000e+03
3.135000000000000000e+03 3.930000000000000000e+03
3.168000000000000000e+03 4.183000000000000000e+03
3.201000000000000000e+03 4.287000000000000000e+03
3.234000000000000000e+03 4.319000000000000000e+03
3.267000000000000000e+03 4.503000000000000000e+03
3.300000000000000000e+03 4.663000000000000000e+03
3.333000000000000000e+03 4.734000000000000000e+03
3.366000000000000000e+03 4.734000000000000000e+03
3.399000000000000000e+03 4.892000000000000000e+03
3.432000000000000000e+03 4.918000000000000000e+03
3.465000000000000000e+03 5.057000000000000000e+03
3.498000000000000000e+03 5.112000000000000000e+03
3.531000000000000000e+03 5.193000000000000000e+03
3.564000000000000000e+03 5.254000000000000000e+03
3.597000000000000000e+03 5.328000000000000000e+03
3.630000000000000000e+03 5.457000000000000000e+03
3.663000000000000000e+03 5.437000000000000000e+03
3.696000000000000000e+03 5.488000000000000000e+03
3.729000000000000000e+03 5.584000000000000000e+03
3.762000000000000000e+03 5.621000000000000000e+03
3.795000000000000000e+03 5.783000000000000000e+03
3.828000000000000000e+03 5.583000000000000000e+03
3.861000000000000000e+03 5.688000000000000000e+03
3.894000000000000000e+03 5.507000000000000000e+03
3.927000000000000000e+03 5.930000000000000000e+03
3.960000000000000000e+03 5.607000000000000000e+03
3.993000000000000000e+03 5.713000000000000000e+03
4.026000000000000000e+03 5.738000000000000000e+03
4.059000000000000000e+03 5.907000000000000000e+03
4.092000000000000000e+03 5.643000000000000000e+03
4.125000000000000000e+03 5.666000000000000000e+03
4.158000000000000000e+03 5.814000000000000000e+03
4.191000000000000000e+03 5.639000000000000000e+03
4.224000000000000000e+03 5.721000000000000000e+03
4.257000000000000000e+03 5.574000000000000000e+03
4.290000000000000000e+03 5.471000000000000000e+03
4.323000000000000000e+03 5.590000000000000000e+03
4.356000000000000000e+03 5.581000000000000000e+03
4.389000000000000000e+03 5.384000000000000000e+03
4.422000000000000000e+03 5.451000000000000000e+03
4.455000000000000000e+03 5.488000000000000000e+03
4.488000000000000000e+03 5.285000000000000000e+03
4.521000000000000000e+03 5.419000000000000000e+03
4.554000000000000000e+03 5.082000000000000000e+03
4.587000000000000000e+03 5.192000000000000000e+03
4.620000000000000000e+03 5.104000000000000000e+03
4.653000000000000000e+03 5.092000000000000000e+03
4.686000000000000000e+03 4.859000000000000000e+03
4.719000000000000000e+03 4.874000000000000000e+03
4.752000000000000000e+03 4.668000000000000000e+03
4.785000000000000000e+03 4.718000000000000000e+03
4.818000000000000000e+03 4.446000000000000000e+03
4.851000000000000000e+03 4.432000000000000000e+03
4.884000000000000000e+03 4.257000000000000000e+03
4.917000000000000000e+03 4.109000000000000000e+03
4.950000000000000000e+03 4.079000000000000000e+03
4.983000000000000000e+03 3.915000000000000000e+03
5.016000000000000000e+03 3.763000000000000000e+03
5.049000000000000000e+03 3.534000000000000000e+03
5.082000000000000000e+03 3.504000000000000000e+03
5.115000000000000000e+03 3.289000000000000000e+03
5.148000000000000000e+03 3.171000000000000000e+03
5.181000000000000000e+03 2.995000000000000000e+03
5.214000000000000000e+03 2.970000000000000000e+03
5.247000000000000000e+03 2.849000000000000000e+03
5.280000000000000000e+03 2.631000000000000000e+03
5.313000000000000000e+03 2.534000000000000000e+03
5.346000000000000000e+03 2.384000000000000000e+03
5.379000000000000000e+03 2.422000000000000000e+03
5.412000000000000000e+03 2.233000000000000000e+03
5.445000000000000000e+03 2.170000000000000000e+03
5.478000000000000000e+03 2.027000000000000000e+03
5.511000000000000000e+03 1.921000000000000000e+03
5.544000000000000000e+03 1.899000000000000000e+03
5.577000000000000000e+03 1.780000000000000000e+03
5.610000000000000000e+03 1.773000000000000000e+03
5.643000000000000000e+03 1.666000000000000000e+03
5.676000000000000000e+03 1.719000000000000000e+03
5.709000000000000000e+03 1.585000000000000000e+03
5.742000000000000000e+03 1.694000000000000000e+03
5.775000000000000000e+03 1.615000000000000000e+03
5.808000000000000000e+03 1.601000000000000000e+03
5.841000000000000000e+03 1.719000000000000000e+03
5.874000000000000000e+03 1.726000000000000000e+03
5.907000000000000000e+03 1.822000000000000000e+03
5.940000000000000000e+03 1.768000000000000000e+03
5.973000000000000000e+03 1.916000000000000000e+03
6.006000000000000000e+03 1.868000000000000000e+03
6.039000000000000000e+03 2.046000000000000000e+03
6.072000000000000000e+03 2.138000000000000000e+03
6.105000000000000000e+03 2.198000000000000000e+03
6.138000000000000000e+03 2.352000000000000000e+03
6.171000000000000000e+03 2.543000000000000000e+03
6.204000000000000000e+03 2.719000000000000000e+03
6.237000000000000000e+03 2.822000000000000000e+03
6.270000000000000000e+03 2.950000000000000000e+03
6.303000000000000000e+03 3.172000000000000000e+03
6.336000000000000000e+03 3.314000000000000000e+03
6.369000000000000000e+03 3.472000000000000000e+03
6.402000000000000000e+03 3.711000000000000000e+03
6.435000000000000000e+03 3.857000000000000000e+03
6.468000000000000000e+03 3.863000000000000000e+03
6.501000000000000000e+03 4.120000000000000000e+03
6.534000000000000000e+03 4.225000000000000000e+03
6.567000000000000000e+03 4.425000000000000000e+03
6.600000000000000000e+03 4.410000000000000000e+03
6.633000000000000000e+03 4.719000000000000000e+03
