0.000000000000000000e+00 3.018000000000000000e+03
1.400000000000000000e+01 3.269000000000000000e+03
2.800000000000000000e+01 3.416000000000000000e+03
4.200000000000000000e+01 3.429000000000000000e+03
5.600000000000000000e+01 3.511000000000000000e+03
7.000000000000000000e+01 3.720000000000000000e+03
8.400000000000000000e+01 3.790000000000000000e+03
9.800000000000000000e+01 3.725000000000000000e+03
1.120000000000000000e+02 3.979000000000000000e+03
1.260000000000000000e+02 4.054000000000000000e+03
1.400000000000000000e+02 4.092000000000000000e+03
1.540000000000000000e+02 4.031000000000000000e+03
1.680000000000000000e+02 4.188000000000000000e+03
1.820000000000000000e+02 4.138000000000000000e+03
1.960000000000000000e+02 4.309000000000000000e+03
2.100000000000000000e+02 4.289000000000000000e+03
2.240000000000000000e+02 4.210000000000000000e+03
2.380000000000000000e+02 4.322000000000000000e+03
2.520000000000000000e+02 4.240000000000000000e+03
2.660000000000000000e+02 4.368000000000000000e+03
2.800000000000000000e+02 4.541000000000000000e+03
2.940000000000000000e+02 4.498000000000000000e+03
3.080000000000000000e+02 4.499000000000000000e+03
3.220000000000000000e+02 4.463000000000000000e+03
3.360000000000000000e+02 4.422000000000000000e+03
3.500000000000000000e+02 4.445000000000000000e+03
3.640000000000000000e+02 4.522000000000000000e+03
3.780000000000000000e+02 4.455000000000000000e+03
3.920000000000000000e+02 4.487000000000000000e+03
4.060000000000000000e+02 4.439000000000000000e+03
4.200000000000000000e+02 4.470000000000000000e+03
4.340000000000000000e+02 4.524000000000000000e+03
4.480000000000000000e+02 4.370000000000000000e+03
4.620000000000000000e+02 4.317000000000000000e+03
4.760000000000000000e+02 4.420000000000000000e+03
4.900000000000000000e+02 4.332000000000000000e+03
5.040000000000000000e+02 4.279000000000000000e+03
5.180000000000000000e+02 4.247000000000000000e+03
5.320000000000000000e+02 4.234000000000000000e+03
5.460000000000000000e+02 4.087000000000000000e+03
5.600000000000000000e+02 4.136000000000000000e+03
5.740000000000000000e+02 3.976000000000000000e+03
5.880000000000000000e+02 3.877000000000000000e+03
6.020000000000000000e+02 3.902000000000000000e+03
6.160000000000000000e+02 3.813000000000000000e+03
6.300000000000000000e+02 3.810000000000000000e+03
6.440000000000000000e+02 3.627000000000000000e+03
6.580000000000000000e+02 3.557000000000000000e+03
6.720000000000000000e+02 3.544000000000000000e+03
6.860000000000000000e+02 3.335000000000000000e+03
7.000000000000000000e+02 3.461000000000000000e+03
7.140000000000000000e+02 3.192000000000000000e+03
7.280000000000000000e+02 3.119000000000000000e+03
7.420000000000000000e+02 3.110000000000000000e+03
7.560000000000000000e+02 2.939000000000000000e+03
7.700000000000000000e+02 2.862000000000000000e+03
7.840000000000000000e+02 2.792000000000000000e+03
7.980000000000000000e+02 2.706000000000000000e+03
8.120000000000000000e+02 2.548000000000000000e+03
8.260000000000000000e+02 2.507000000000000000e+03
8.400000000000000000e+02 2.405000000000000000e+03
8.540000000000000000e+02 2.300000000000000000e+03
8.680000000000000000e+02 2.279000000000000000e+03
8.820000000000000000e+02 2.174000000000000000e+03
8.960000000000000000e+02 2.070000000000000000e+03
9.100000000000000000e+02 2.100000000000000000e+03
9.240000000000000000e+02 1.928000000000000000e+03
9.380000000000000000e+02 1.909000000000000000e+03
9.520000000000000000e+02 1.812000000000000000e+03
9.660000000000000000e+02 1.732000000000000000e+03
9.800000000000000000e+02 1.692000000000000000e+03
9.940000000000000000e+02 1.697000000000000000e+03
1.008000000000000000e+03 1.711000000000000000e+03
1.022000000000000000e+03 1.523000000000000000e+03
1.036000000000000000e+03 1.470000000000000000e+03
1.050000000000000000e+03 1.517000000000000000e+03
1.064000000000000000e+03 1.487000000000000000e+03
1.078000000000000000e+03 1.440000000000000000e+03
1.092000000000000000e+03 1.498000000000000000e+03
1.106000000000000000e+03 1.424000000000000000e+03
1.120000000000000000e+03 1.435000000000000000e+03
1.134000000000000000e+03 1.470000000000000000e+03
1.148000000000000000e+03 1.449000000000000000e+03
1.162000000000000000e+03 1.492000000000000000e+03
1.176000000000000000e+03 1.456000000000000000e+03
1.190000000000000000e+03 1.478000000000000000e+03
1.204000000000000000e+03 1.612000000000000000e+03
1.218000000000000000e+03 1.637000000000000000e+03
1.232000000000000000e+03 1.710000000000000000e+03
1.246000000000000000e+03 1.831000000000000000e+03
1.260000000000000000e+03 1.869000000000000000e+03
1.274000000000000000e+03 1.953000000000000000e+03
1.288000000000000000e+03 2.136000000000000000e+03
1.302000000000000000e+03 2.098000000000000000e+03
1.316000000000000000e+03 2.324000000000000000e+03
1.330000000000000000e+03 2.445000000000000000e+03
1.344000000000000000e+03 2.543000000000000000e+03
1.358000000000000000e+03 2.583000000000000000e+03
1.372000000000000000e+03 2.663000000000000000e+03
1.386000000000000000e+03 2.877000000000000000e+03
1.400000000000000000e+03 3.079000000000000000e+03
1.414000000000000000e+03 3.069000000000000000e+03
1.428000000000000000e+03 3.296000000000000000e+03
1.442000000000000000e+03 3.332000000000000000e+03
1.456000000000000000e+03 3.486000000000000000e+03
1.470000000000000000e+03 3.539000000000000000e+03
1.484000000000000000e+03 3.687000000000000000e+03
1.498000000000000000e+03 3.669000000000000000e+03
1.512000000000000000e+03 3.752000000000000000e+03
1.526000000000000000e+03 3.851000000000000000e+03
1.540000000000000000e+03 4.163000000000000000e+03
1.554000000000000000e+03 3.897000000000000000e+03
1.568000000000000000e+03 4.168000000000000000e+03
1.582000000000000000e+03 4.180000000000000000e+03
1.596000000000000000e+03 4.195000000000000000e+03
1.610000000000000000e+03 4.276000000000000000e+03
1.624000000000000000e+03 4.282000000000000000e+03
1.638000000000000000e+03 4.365000000000000000e+03
1.652000000000000000e+03 4.293000000000000000e+03
1.666000000000000000e+03 4.367000000000000000e+03
1.680000000000000000e+03 4.517000000000000000e+03
1.694000000000000000e+03 4.422000000000000000e+03
1.708000000000000000e+03 4.512000000000000000e+03
1.722000000000000000e+03 4.428000000000000000e+03
1.736000000000000000e+03 4.559000000000000000e+03
1.750000000000000000e+03 4.551000000000000000e+03
1.764000000000000000e+03 4.435000000000000000e+03
1.778000000000000000e+03 4.433000000000000000e+03
1.792000000000000000e+03 4.510000000000000000e+03
1.806000000000000000e+03 4.597000000000000000e+03
1.820000000000000000e+03 4.593000000000000000e+03
1.834000000000000000e+03 4.577000000000000000e+03
1.848000000000000000e+03 4.512000000000000000e+03
1.862000000000000000e+03 4.470000000000000000e+03
1.876000000000000000e+03 4.482000000000000000e+03
1.890000000000000000e+03 4.579000000000000000e+03
1.904000000000000000e+03 4.384000000000000000e+03
1.918000000000000000e+03 4.293000000000000000e+03
1.932000000000000000e+03 4.181000000000000000e+03
1.946000000000000000e+03 4.183000000000000000e+03
1.960000000000000000e+03 4.300000000000000000e+03
1.974000000000000000e+03 4.162000000000000000e+03
1.988000000000000000e+03 4.062000000000000000e+03
2.002000000000000000e+03 4.174000000000000000e+03
2.016000000000000000e+03 3.922000000000000000e+03
2.030000000000000000e+03 3.874000000000000000e+03
2.044000000000000000e+03 3.931000000000000000e+03
2.058000000000000000e+03 3.754000000000000000e+03
2.072000000000000000e+03 3.738000000000000000e+03
2.086000000000000000e+03 3.618000000000000000e+03
2.100000000000000000e+03 3.534000000000000000e+03
2.114000000000000000e+03 3.302000000000000000e+03
2.128000000000000000e+03 3.390000000000000000e+03
2.142000000000000000e+03 3.296000000000000000e+03
2.156000000000000000e+03 3.232000000000000000e+03
2.170000000000000000e+03 3.226000000000000000e+03
2.184000000000000000e+03 2.978000000000000000e+03
2.198000000000000000e+03 2.869000000000000000e+03
2.212000000000000000e+03 2.874000000000000000e+03
2.226000000000000000e+03 2.699000000000000000e+03
2.240000000000000000e+03 2.639000000000000000e+03
2.254000000000000000e+03 2.610000000000000000e+03
2.268000000000000000e+03 2.464000000000000000e+03
2.282000000000000000e+03 2.382000000000000000e+03
2.296000000000000000e+03 2.299000000000000000e+03
2.310000000000000000e+03 2.171000000000000000e+03
2.324000000000000000e+03 2.030000000000000000e+03
2.338000000000000000e+03 1.992000000000000000e+03
2.352000000000000000e+03 1.917000000000000000e+03
2.366000000000000000e+03 1.863000000000000000e+03
2.380000000000000000e+03 1.781000000000000000e+03
2.394000000000000000e+03 1.748000000000000000e+03
2.408000000000000000e+03 1.700000000000000000e+03
2.422000000000000000e+03 1.714000000000000000e+03
2.436000000000000000e+03 1.515000000000000000e+03
2.450000000000000000e+03 1.501000000000000000e+03
2.464000000000000000e+03 1.429000000000000000e+03
2.478000000000000000e+03 1.511000000000000000e+03
2.492000000000000000e+03 1.448000000000000000e+03
2.506000000000000000e+03 1.439000000000000000e+03
2.520000000000000000e+03 1.424000000000000000e+03
2.534000000000000000e+03 1.411000000000000000e+03
2.548000000000000000e+03 1.445000000000000000e+03
2.562000000000000000e+03 1.489000000000000000e+03
2.576000000000000000e+03 1.421000000000000000e+03
2.590000000000000000e+03 1.488000000000000000e+03
2.604000000000000000e+03 1.479000000000000000e+03
2.618000000000000000e+03 1.535000000000000000e+03
2.632000000000000000e+03 1.516000000000000000e+03
2.646000000000000000e+03 1.676000000000000000e+03
2.660000000000000000e+03 1.697000000000000000e+03
2.674000000000000000e+03 1.737000000000000000e+03
2.688000000000000000e+03 1.808000000000000000e+03
2.702000000000000000e+03 1.919000000000000000e+03
2.716000000000000000e+03 1.978000000000000000e+03
2.730000000000000000e+03 2.196000000000000000e+03
2.744000000000000000e+03 2.202000000000000000e+03
2.758000000000000000e+03 2.402000000000000000e+03
2.772000000000000000e+03 2.427000000000000000e+03
2.786000000000000000e+03 2.475000000000000000e+03
2.800000000000000000e+03 2.592000000000000000e+03
2.814000000000000000e+03 2.793000000000000000e+03
2.828000000000000000e+03 2.874000000000000000e+03
2.842000000000000000e+03 3.060000000000000000e+03
