0.000000000000000000e+00 4.588000000000000000e+03
2.000000000000000000e+01 4.755000000000000000e+03
4.000000000000000000e+01 4.978000000000000000e+03
6.000000000000000000e+01 4.958000000000000000e+03
8.000000000000000000e+01 5.083000000000000000e+03
1.000000000000000000e+02 5.136000000000000000e+03
1.200000000000000000e+02 5.288000000000000000e+03
1.400000000000000000e+02 5.525000000000000000e+03
1.600000000000000000e+02 5.449000000000000000e+03
1.800000000000000000e+02 5.545000000000000000e+03
2.000000000000000000e+02 5.543000000000000000e+03
2.200000000000000000e+02 5.723000000000000000e+03
2.400000000000000000e+02 5.689000000000000000e+03
2.600000000000000000e+02 5.663000000000000000e+03
2.800000000000000000e+02 5.858000000000000000e+03
3.000000000000000000e+02 5.606000000000000000e+03
3.200000000000000000e+02 5.780000000000000000e+03
3.400000000000000000e+02 5.644000000000000000e+03
3.600000000000000000e+02 5.837000000000000000e+03
3.800000000000000000e+02 5.816000000000000000e+03
4.000000000000000000e+02 5.817000000000000000e+03
4.200000000000000000e+02 5.961000000000000000e+03
4.400000000000000000e+02 5.908000000000000000e+03
4.600000000000000000e+02 5.881000000000000000e+03
4.800000000000000000e+02 5.991000000000000000e+03
5.000000000000000000e+02 5.833000000000000000e+03
5.200000000000000000e+02 6.064000000000000000e+03
5.400000000000000000e+02 5.709000000000000000e+03
5.600000000000000000e+02 5.955000000000000000e+03
5.800000000000000000e+02 5.838000000000000000e+03
6.000000000000000000e+02 5.789000000000000000e+03
6.200000000000000000e+02 5.708000000000000000e+03
6.400000000000000000e+02 5.825000000000000000e+03
6.600000000000000000e+02 5.688000000000000000e+03
6.800000000000000000e+02 5.673000000000000000e+03
7.000000000000000000e+02 5.697000000000000000e+03
7.200000000000000000e+02 5.601000000000000000e+03
7.400000000000000000e+02 5.528000000000000000e+03
7.600000000000000000e+02 5.433000000000000000e+03
7.800000000000000000e+02 5.308000000000000000e+03
8.000000000000000000e+02 5.325000000000000000e+03
8.200000000000000000e+02 5.247000000000000000e+03
8.400000000000000000e+02 5.063000000000000000e+03
8.600000000000000000e+02 4.890000000000000000e+03
8.800000000000000000e+02 4.976000000000000000e+03
9.000000000000000000e+02 4.750000000000000000e+03
9.200000000000000000e+02 4.621000000000000000e+03
9.400000000000000000e+02 4.600000000000000000e+03
9.600000000000000000e+02 4.380000000000000000e+03
9.800000000000000000e+02 4.412000000000000000e+03
1.000000000000000000e+03 4.186000000000000000e+03
1.020000000000000000e+03 3.978000000000000000e+03
1.040000000000000000e+03 3.888000000000000000e+03
1.060000000000000000e+03 3.846000000000000000e+03
1.080000000000000000e+03 3.535000000000000000e+03
1.100000000000000000e+03 3.438000000000000000e+03
1.120000000000000000e+03 3.326000000000000000e+03
1.140000000000000000e+03 3.213000000000000000e+03
1.160000000000000000e+03 3.180000000000000000e+03
1.180000000000000000e+03 2.957000000000000000e+03
1.200000000000000000e+03 2.752000000000000000e+03
1.220000000000000000e+03 2.765000000000000000e+03
1.240000000000000000e+03 2.701000000000000000e+03
1.260000000000000000e+03 2.463000000000000000e+03
1.280000000000000000e+03 2.304000000000000000e+03
1.300000000000000000e+03 2.426000000000000000e+03
1.320000000000000000e+03 2.198000000000000000e+03
1.340000000000000000e+03 2.180000000000000000e+03
1.360000000000000000e+03 2.076000000000000000e+03
1.380000000000000000e+03 1.955000000000000000e+03
1.400000000000000000e+03 2.010000000000000000e+03
1.420000000000000000e+03 1.947000000000000000e+03
1.440000000000000000e+03 1.975000000000000000e+03
1.460000000000000000e+03 1.974000000000000000e+03
1.480000000000000000e+03 1.797000000000000000e+03
1.500000000000000000e+03 1.752000000000000000e+03
1.520000000000000000e+03 1.856000000000000000e+03
1.540000000000000000e+03 1.741000000000000000e+03
1.560000000000000000e+03 1.877000000000000000e+03
1.580000000000000000e+03 1.872000000000000000e+03
1.600000000000000000e+03 1.737000000000000000e+03
1.620000000000000000e+03 2.064000000000000000e+03
1.640000000000000000e+03 2.022000000000000000e+03
1.660000000000000000e+03 2.092000000000000000e+03
1.680000000000000000e+03 2.302000000000000000e+03
1.700000000000000000e+03 2.363000000000000000e+03
1.720000000000000000e+03 2.481000000000000000e+03
1.740000000000000000e+03 2.634000000000000000e+03
1.760000000000000000e+03 2.759000000000000000e+03
1.780000000000000000e+03 3.011000000000000000e+03
1.800000000000000000e+03 3.053000000000000000e+03
1.820000000000000000e+03 3.233000000000000000e+03
1.840000000000000000e+03 3.343000000000000000e+03
1.860000000000000000e+03 3.629000000000000000e+03
1.880000000000000000e+03 3.597000000000000000e+03
1.900000000000000000e+03 3.946000000000000000e+03
1.920000000000000000e+03 4.052000000000000000e+03
1.940000000000000000e+03 4.219000000000000000e+03
1.960000000000000000e+03 4.358000000000000000e+03
1.980000000000000000e+03 4.454000000000000000e+03
2.000000000000000000e+03 4.456000000000000000e+03
2.020000000000000000e+03 4.877000000000000000e+03
2.040000000000000000e+03 4.932000000000000000e+03
2.060000000000000000e+03 4.999000000000000000e+03
2.080000000000000000e+03 5.048000000000000000e+03
2.100000000000000000e+03 5.301000000000000000e+03
2.120000000000000000e+03 5.272000000000000000e+03
2.140000000000000000e+03 5.294000000000000000e+03
2.160000000000000000e+03 5.290000000000000000e+03
2.180000000000000000e+03 5.644000000000000000e+03
2.200000000000000000e+03 5.476000000000000000e+03
2.220000000000000000e+03 5.636000000000000000e+03
2.240000000000000000e+03 5.791000000000000000e+03
2.260000000000000000e+03 5.754000000000000000e+03
2.280000000000000000e+03 5.740000000000000000e+03
2.300000000000000000e+03 5.857000000000000000e+03
2.320000000000000000e+03 5.831000000000000000e+03
2.340000000000000000e+03 5.766000000000000000e+03
2.360000000000000000e+03 5.863000000000000000e+03
2.380000000000000000e+03 5.732000000000000000e+03
2.400000000000000000e+03 5.740000000000000000e+03
2.420000000000000000e+03 5.939000000000000000e+03
2.440000000000000000e+03 5.887000000000000000e+03
2.460000000000000000e+03 5.834000000000000000e+03
2.480000000000000000e+03 5.851000000000000000e+03
2.500000000000000000e+03 6.012000000000000000e+03
2.520000000000000000e+03 5.870000000000000000e+03
2.540000000000000000e+03 5.970000000000000000e+03
2.560000000000000000e+03 5.948000000000000000e+03
2.580000000000000000e+03 5.763000000000000000e+03
2.600000000000000000e+03 5.707000000000000000e+03
2.620000000000000000e+03 5.775000000000000000e+03
2.640000000000000000e+03 5.573000000000000000e+03
2.660000000000000000e+03 5.616000000000000000e+03
2.680000000000000000e+03 5.658000000000000000e+03
2.700000000000000000e+03 5.550000000000000000e+03
2.720000000000000000e+03 5.592000000000000000e+03
2.740000000000000000e+03 5.458000000000000000e+03
2.760000000000000000e+03 5.295000000000000000e+03
2.780000000000000000e+03 5.289000000000000000e+03
2.800000000000000000e+03 5.308000000000000000e+03
2.820000000000000000e+03 5.088000000000000000e+03
2.840000000000000000e+03 5.084000000000000000e+03
2.860000000000000000e+03 4.936000000000000000e+03
2.880000000000000000e+03 4.796000000000000000e+03
2.900000000000000000e+03 4.802000000000000000e+03
2.920000000000000000e+03 4.716000000000000000e+03
2.940000000000000000e+03 4.510000000000000000e+03
2.960000000000000000e+03 4.514000000000000000e+03
2.980000000000000000e+03 4.332000000000000000e+03
3.000000000000000000e+03 4.086000000000000000e+03
3.020000000000000000e+03 3.869000000000000000e+03
3.040000000000000000e+03 3.935000000000000000e+03
3.060000000000000000e+03 3.665000000000000000e+03
3.080000000000000000e+03 3.537000000000000000e+03
3.100000000000000000e+03 3.526000000000000000e+03
3.120000000000000000e+03 3.253000000000000000e+03
3.140000000000000000e+03 3.196000000000000000e+03
3.160000000000000000e+03 3.081000000000000000e+03
3.180000000000000000e+03 3.026000000000000000e+03
3.200000000000000000e+03 2.847000000000000000e+03
3.220000000000000000e+03 2.663000000000000000e+03
3.240000000000000000e+03 2.620000000000000000e+03
3.260000000000000000e+03 2.495000000000000000e+03
3.280000000000000000e+03 2.452000000000000000e+03
3.300000000000000000e+03 2.315000000000000000e+03
3.320000000000000000e+03 2.279000000000000000e+03
3.340000000000000000e+03 2.171000000000000000e+03
3.360000000000000000e+03 2.072000000000000000e+03
3.380000000000000000e+03 2.046000000000000000e+03
3.400000000000000000e+03 1.984000000000000000e+03
3.420000000000000000e+03 1.932000000000000000e+03
3.440000000000000000e+03 1.969000000000000000e+03
3.460000000000000000e+03 1.792000000000000000e+03
3.480000000000000000e+03 1.836000000000000000e+03
3.500000000000000000e+03 1.785000000000000000e+03
3.520000000000000000e+03 1.832000000000000000e+03
3.540000000000000000e+03 1.838000000000000000e+03
3.560000000000000000e+03 1.828000000000000000e+03
3.580000000000000000e+03 1.869000000000000000e+03
3.600000000000000000e+03 1.873000000000000000e+03
3.620000000000000000e+03 2.000000000000000000e+03
3.640000000000000000e+03 2.110000000000000000e+03
3.660000000000000000e+03 2.217000000000000000e+03
3.680000000000000000e+03 2.355000000000000000e+03
3.700000000000000000e+03 2.351000000000000000e+03
3.720000000000000000e+03 2.448000000000000000e+03
3.740000000000000000e+03 2.697000000000000000e+03
3.760000000000000000e+03 2.790000000000000000e+03
3.780000000000000000e+03 3.023000000000000000e+03
3.800000000000000000e+03 3.139000000000000000e+03
3.820000000000000000e+03 3.236000000000000000e+03
3.840000000000000000e+03 3.406000000000000000e+03
3.860000000000000000e+03 3.557000000000000000e+03
3.880000000000000000e+03 3.670000000000000000e+03
3.900000000000000000e+03 3.911000000000000000e+03
3.920000000000000000e+03 4.133000000000000000e+03
3.940000000000000000e+03 4.294000000000000000e+03
3.960000000000000000e+03 4.318000000000000000e+03
3.980000000000000000e+03 4.586000000000000000e+03
