0.000000000000000000e+00 6.358000000000000000e+03
1.000000000000000000e+03 6.654000000000000000e+03
2.000000000000000000e+03 6.663000000000000000e+03
3.000000000000000000e+03 6.798000000000000000e+03
4.000000000000000000e+03 6.815000000000000000e+03
5.000000000000000000e+03 6.845000000000000000e+03
6.000000000000000000e+03 7.151000000000000000e+03
7.000000000000000000e+03 7.026000000000000000e+03
8.000000000000000000e+03 7.053000000000000000e+03
9.000000000000000000e+03 7.287000000000000000e+03
1.000000000000000000e+04 7.250000000000000000e+03
1.100000000000000000e+04 7.295000000000000000e+03
1.200000000000000000e+04 7.370000000000000000e+03
1.300000000000000000e+04 7.414000000000000000e+03
1.400000000000000000e+04 7.534000000000000000e+03
1.500000000000000000e+04 7.563000000000000000e+03
1.600000000000000000e+04 7.449000000000000000e+03
1.700000000000000000e+04 7.345000000000000000e+03
1.800000000000000000e+04 7.507000000000000000e+03
1.900000000000000000e+04 7.412000000000000000e+03
2.000000000000000000e+04 7.676000000000000000e+03
2.100000000000000000e+04 7.606000000000000000e+03
2.200000000000000000e+04 7.444000000000000000e+03
2.300000000000000000e+04 7.339000000000000000e+03
2.400000000000000000e+04 7.333000000000000000e+03
2.500000000000000000e+04 7.244000000000000000e+03
2.600000000000000000e+04 7.359000000000000000e+03
2.700000000000000000e+04 7.260000000000000000e+03
2.800000000000000000e+04 7.395000000000000000e+03
2.900000000000000000e+04 7.336000000000000000e+03
3.000000000000000000e+04 7.115000000000000000e+03
3.100000000000000000e+04 7.120000000000000000e+03
3.200000000000000000e+04 7.085000000000000000e+03
3.300000000000000000e+04 7.099000000000000000e+03
3.400000000000000000e+04 6.995000000000000000e+03
3.500000000000000000e+04 6.756000000000000000e+03
3.600000000000000000e+04 6.718000000000000000e+03
3.700000000000000000e+04 6.605000000000000000e+03
3.800000000000000000e+04 6.532000000000000000e+03
3.900000000000000000e+04 6.338000000000000000e+03
4.000000000000000000e+04 6.370000000000000000e+03
4.100000000000000000e+04 6.075000000000000000e+03
4.200000000000000000e+04 6.016000000000000000e+03
4.300000000000000000e+04 5.754000000000000000e+03
4.400000000000000000e+04 5.674000000000000000e+03
4.500000000000000000e+04 5.526000000000000000e+03
4.600000000000000000e+04 5.246000000000000000e+03
4.700000000000000000e+04 5.112000000000000000e+03
4.800000000000000000e+04 4.801000000000000000e+03
4.900000000000000000e+04 4.700000000000000000e+03
5.000000000000000000e+04 4.646000000000000000e+03
5.100000000000000000e+04 4.290000000000000000e+03
5.200000000000000000e+04 4.208000000000000000e+03
5.300000000000000000e+04 4.013000000000000000e+03
5.400000000000000000e+04 3.674000000000000000e+03
5.500000000000000000e+04 3.640000000000000000e+03
5.600000000000000000e+04 3.313000000000000000e+03
5.700000000000000000e+04 3.192000000000000000e+03
5.800000000000000000e+04 2.933000000000000000e+03
5.900000000000000000e+04 2.885000000000000000e+03
6.000000000000000000e+04 2.662000000000000000e+03
6.100000000000000000e+04 2.506000000000000000e+03
6.200000000000000000e+04 2.476000000000000000e+03
6.300000000000000000e+04 2.267000000000000000e+03
6.400000000000000000e+04 2.268000000000000000e+03
6.500000000000000000e+04 2.069000000000000000e+03
6.600000000000000000e+04 2.093000000000000000e+03
6.700000000000000000e+04 1.967000000000000000e+03
6.800000000000000000e+04 1.911000000000000000e+03
6.900000000000000000e+04 1.967000000000000000e+03
7.000000000000000000e+04 2.035000000000000000e+03
7.100000000000000000e+04 2.070000000000000000e+03
7.200000000000000000e+04 2.057000000000000000e+03
7.300000000000000000e+04 2.121000000000000000e+03
7.400000000000000000e+04 2.232000000000000000e+03
7.500000000000000000e+04 2.313000000000000000e+03
7.600000000000000000e+04 2.313000000000000000e+03
7.700000000000000000e+04 2.566000000000000000e+03
7.800000000000000000e+04 2.632000000000000000e+03
7.900000000000000000e+04 2.861000000000000000e+03
8.000000000000000000e+04 2.879000000000000000e+03
8.100000000000000000e+04 3.076000000000000000e+03
8.200000000000000000e+04 3.215000000000000000e+03
8.300000000000000000e+04 3.379000000000000000e+03
8.400000000000000000e+04 3.750000000000000000e+03
8.500000000000000000e+04 3.757000000000000000e+03
8.600000000000000000e+04 4.028000000000000000e+03
8.700000000000000000e+04 4.219000000000000000e+03
8.800000000000000000e+04 4.504000000000000000e+03
8.900000000000000000e+04 4.512000000000000000e+03
9.000000000000000000e+04 4.820000000000000000e+03
9.100000000000000000e+04 5.079000000000000000e+03
9.200000000000000000e+04 5.217000000000000000e+03
9.300000000000000000e+04 5.421000000000000000e+03
9.400000000000000000e+04 5.499000000000000000e+03
9.500000000000000000e+04 5.708000000000000000e+03
9.600000000000000000e+04 5.826000000000000000e+03
9.700000000000000000e+04 5.917000000000000000e+03
9.800000000000000000e+04 6.280000000000000000e+03
9.900000000000000000e+04 6.377000000000000000e+03
1.000000000000000000e+05 6.517000000000000000e+03
1.010000000000000000e+05 6.397000000000000000e+03
1.020000000000000000e+05 6.642000000000000000e+03
1.030000000000000000e+05 6.682000000000000000e+03
1.040000000000000000e+05 6.844000000000000000e+03
1.050000000000000000e+05 6.995000000000000000e+03
1.060000000000000000e+05 7.056000000000000000e+03
1.070000000000000000e+05 7.073000000000000000e+03
1.080000000000000000e+05 7.114000000000000000e+03
1.090000000000000000e+05 7.155000000000000000e+03
1.100000000000000000e+05 7.178000000000000000e+03
1.110000000000000000e+05 7.314000000000000000e+03
1.120000000000000000e+05 7.420000000000000000e+03
1.130000000000000000e+05 7.308000000000000000e+03
1.140000000000000000e+05 7.391000000000000000e+03
1.150000000000000000e+05 7.343000000000000000e+03
1.160000000000000000e+05 7.282000000000000000e+03
1.170000000000000000e+05 7.390000000000000000e+03
1.180000000000000000e+05 7.496000000000000000e+03
1.190000000000000000e+05 7.460000000000000000e+03
1.200000000000000000e+05 7.586000000000000000e+03
1.210000000000000000e+05 7.467000000000000000e+03
1.220000000000000000e+05 7.436000000000000000e+03
1.230000000000000000e+05 7.423000000000000000e+03
1.240000000000000000e+05 7.309000000000000000e+03
1.250000000000000000e+05 7.314000000000000000e+03
1.260000000000000000e+05 7.275000000000000000e+03
1.270000000000000000e+05 7.392000000000000000e+03
1.280000000000000000e+05 7.254000000000000000e+03
1.290000000000000000e+05 7.164000000000000000e+03
1.300000000000000000e+05 7.253000000000000000e+03
1.310000000000000000e+05 7.028000000000000000e+03
1.320000000000000000e+05 6.939000000000000000e+03
1.330000000000000000e+05 6.974000000000000000e+03
1.340000000000000000e+05 6.852000000000000000e+03
1.350000000000000000e+05 6.763000000000000000e+03
1.360000000000000000e+05 6.553000000000000000e+03
1.370000000000000000e+05 6.499000000000000000e+03
1.380000000000000000e+05 6.510000000000000000e+03
1.390000000000000000e+05 6.370000000000000000e+03
1.400000000000000000e+05 6.271000000000000000e+03
1.410000000000000000e+05 6.118000000000000000e+03
1.420000000000000000e+05 5.969000000000000000e+03
1.430000000000000000e+05 5.929000000000000000e+03
1.440000000000000000e+05 5.718000000000000000e+03
1.450000000000000000e+05 5.447000000000000000e+03
1.460000000000000000e+05 5.293000000000000000e+03
1.470000000000000000e+05 5.194000000000000000e+03
1.480000000000000000e+05 4.844000000000000000e+03
1.490000000000000000e+05 4.627000000000000000e+03
1.500000000000000000e+05 4.496000000000000000e+03
1.510000000000000000e+05 4.413000000000000000e+03
1.520000000000000000e+05 4.077000000000000000e+03
1.530000000000000000e+05 3.875000000000000000e+03
1.540000000000000000e+05 3.708000000000000000e+03
1.550000000000000000e+05 3.701000000000000000e+03
1.560000000000000000e+05 3.408000000000000000e+03
1.570000000000000000e+05 3.160000000000000000e+03
1.580000000000000000e+05 2.989000000000000000e+03
1.590000000000000000e+05 2.752000000000000000e+03
1.600000000000000000e+05 2.662000000000000000e+03
1.610000000000000000e+05 2.722000000000000000e+03
1.620000000000000000e+05 2.411000000000000000e+03
1.630000000000000000e+05 2.261000000000000000e+03
1.640000000000000000e+05 2.160000000000000000e+03
1.650000000000000000e+05 2.157000000000000000e+03
1.660000000000000000e+05 2.057000000000000000e+03
1.670000000000000000e+05 2.012000000000000000e+03
1.680000000000000000e+05 1.974000000000000000e+03
1.690000000000000000e+05 1.937000000000000000e+03
1.700000000000000000e+05 1.930000000000000000e+03
1.710000000000000000e+05 2.000000000000000000e+03
1.720000000000000000e+05 2.059000000000000000e+03
1.730000000000000000e+05 2.089000000000000000e+03
1.740000000000000000e+05 2.167000000000000000e+03
1.750000000000000000e+05 2.171000000000000000e+03
1.760000000000000000e+05 2.356000000000000000e+03
1.770000000000000000e+05 2.385000000000000000e+03
1.780000000000000000e+05 2.623000000000000000e+03
1.790000000000000000e+05 2.859000000000000000e+03
1.800000000000000000e+05 2.937000000000000000e+03
1.810000000000000000e+05 3.069000000000000000e+03
1.820000000000000000e+05 3.204000000000000000e+03
1.830000000000000000e+05 3.521000000000000000e+03
1.840000000000000000e+05 3.730000000000000000e+03
1.850000000000000000e+05 3.876000000000000000e+03
1.860000000000000000e+05 4.124000000000000000e+03
1.870000000000000000e+05 4.356000000000000000e+03
1.880000000000000000e+05 4.398000000000000000e+03
1.890000000000000000e+05 4.507000000000000000e+03
1.900000000000000000e+05 4.844000000000000000e+03
1.910000000000000000e+05 4.932000000000000000e+03
1.920000000000000000e+05 5.192000000000000000e+03
1.930000000000000000e+05 5.425000000000000000e+03
1.940000000000000000e+05 5.420000000000000000e+03
1.950000000000000000e+05 5.683000000000000000e+03
1.960000000000000000e+05 5.882000000000000000e+03
1.970000000000000000e+05 5.939000000000000000e+03
1.980000000000000000e+05 6.138000000000000000e+03
1.990000000000000000e+05 6.263000000000000000e+03
