0.000000000000000000e+00 1.047000000000000000e+04
3.333000000000000000e+03 1.063900000000000000e+04
6.666000000000000000e+03 1.116600000000000000e+04
9.999000000000000000e+03 1.097900000000000000e+04
1.333200000000000000e+04 1.126700000000000000e+04
1.666500000000000000e+04 1.153000000000000000e+04
1.999800000000000000e+04 1.149000000000000000e+04
2.333100000000000000e+04 1.164300000000000000e+04
2.666400000000000000e+04 1.189600000000000000e+04
2.999700000000000000e+04 1.182400000000000000e+04
3.333000000000000000e+04 1.206800000000000000e+04
3.666300000000000000e+04 1.184900000000000000e+04
3.999600000000000000e+04 1.216000000000000000e+04
4.332900000000000000e+04 1.205000000000000000e+04
4.666200000000000000e+04 1.250500000000000000e+04
4.999500000000000000e+04 1.225900000000000000e+04
5.332800000000000000e+04 1.200600000000000000e+04
5.666100000000000000e+04 1.216800000000000000e+04
5.999400000000000000e+04 1.203300000000000000e+04
6.332700000000000000e+04 1.220200000000000000e+04
6.666000000000000000e+04 1.212000000000000000e+04
6.999300000000000000e+04 1.219600000000000000e+04
7.332600000000000000e+04 1.200800000000000000e+04
7.665900000000000000e+04 1.229100000000000000e+04
7.999200000000000000e+04 1.232500000000000000e+04
8.332500000000000000e+04 1.222600000000000000e+04
8.665800000000000000e+04 1.207500000000000000e+04
8.999100000000000000e+04 1.187900000000000000e+04
9.332400000000000000e+04 1.193000000000000000e+04
9.665700000000000000e+04 1.178900000000000000e+04
9.999000000000000000e+04 1.176900000000000000e+04
1.033230000000000000e+05 1.186700000000000000e+04
1.066560000000000000e+05 1.136200000000000000e+04
1.099890000000000000e+05 1.141900000000000000e+04
1.133220000000000000e+05 1.138200000000000000e+04
1.166550000000000000e+05 1.110200000000000000e+04
1.199880000000000000e+05 1.107200000000000000e+04
1.233210000000000000e+05 1.089200000000000000e+04
1.266540000000000000e+05 1.073200000000000000e+04
1.299870000000000000e+05 1.044500000000000000e+04
1.333200000000000000e+05 1.025800000000000000e+04
1.366530000000000000e+05 1.001600000000000000e+04
1.399860000000000000e+05 9.857000000000000000e+03
1.433190000000000000e+05 9.567000000000000000e+03
1.466520000000000000e+05 9.274000000000000000e+03
1.499850000000000000e+05 9.108000000000000000e+03
1.533180000000000000e+05 8.722000000000000000e+03
1.566510000000000000e+05 8.344000000000000000e+03
1.599840000000000000e+05 8.098000000000000000e+03
1.633170000000000000e+05 7.931000000000000000e+03
1.666500000000000000e+05 7.542000000000000000e+03
1.699830000000000000e+05 7.281000000000000000e+03
1.733160000000000000e+05 6.988000000000000000e+03
1.766490000000000000e+05 6.556000000000000000e+03
1.799820000000000000e+05 6.324000000000000000e+03
1.833150000000000000e+05 5.739000000000000000e+03
1.866480000000000000e+05 5.532000000000000000e+03
1.899810000000000000e+05 5.292000000000000000e+03
1.933140000000000000e+05 4.970000000000000000e+03
1.966470000000000000e+05 4.686000000000000000e+03
1.999800000000000000e+05 4.657000000000000000e+03
2.033130000000000000e+05 4.310000000000000000e+03
2.066460000000000000e+05 4.046000000000000000e+03
2.099790000000000000e+05 3.816000000000000000e+03
2.133120000000000000e+05 3.644000000000000000e+03
2.166450000000000000e+05 3.605000000000000000e+03
2.199780000000000000e+05 3.588000000000000000e+03
2.233110000000000000e+05 3.357000000000000000e+03
2.266440000000000000e+05 3.245000000000000000e+03
2.299770000000000000e+05 3.253000000000000000e+03
2.333100000000000000e+05 3.392000000000000000e+03
2.366430000000000000e+05 3.357000000000000000e+03
2.399760000000000000e+05 3.514000000000000000e+03
2.433090000000000000e+05 3.525000000000000000e+03
2.466420000000000000e+05 3.694000000000000000e+03
2.499750000000000000e+05 3.748000000000000000e+03
2.533080000000000000e+05 3.941000000000000000e+03
2.566410000000000000e+05 4.103000000000000000e+03
2.599740000000000000e+05 4.256000000000000000e+03
2.633070000000000000e+05 4.676000000000000000e+03
2.666400000000000000e+05 4.838000000000000000e+03
2.699730000000000000e+05 5.178000000000000000e+03
2.733060000000000000e+05 5.498000000000000000e+03
2.766390000000000000e+05 5.764000000000000000e+03
2.799720000000000000e+05 6.135000000000000000e+03
2.833050000000000000e+05 6.332000000000000000e+03
2.866380000000000000e+05 6.708000000000000000e+03
2.899710000000000000e+05 7.189000000000000000e+03
2.933040000000000000e+05 7.561000000000000000e+03
2.966370000000000000e+05 7.734000000000000000e+03
2.999700000000000000e+05 8.076000000000000000e+03
3.033030000000000000e+05 8.576000000000000000e+03
3.066360000000000000e+05 8.875000000000000000e+03
3.099690000000000000e+05 8.757000000000000000e+03
3.133020000000000000e+05 9.214000000000000000e+03
3.166350000000000000e+05 9.179000000000000000e+03
3.199680000000000000e+05 9.700000000000000000e+03
3.233010000000000000e+05 1.005500000000000000e+04
3.266340000000000000e+05 1.005500000000000000e+04
3.299670000000000000e+05 1.031200000000000000e+04
3.333000000000000000e+05 1.055100000000000000e+04
3.366330000000000000e+05 1.101000000000000000e+04
3.399660000000000000e+05 1.104600000000000000e+04
3.432990000000000000e+05 1.103000000000000000e+04
3.466320000000000000e+05 1.141000000000000000e+04
3.499650000000000000e+05 1.166300000000000000e+04
3.532980000000000000e+05 1.138100000000000000e+04
3.566310000000000000e+05 1.158600000000000000e+04
3.599640000000000000e+05 1.174300000000000000e+04
3.632970000000000000e+05 1.184300000000000000e+04
3.666300000000000000e+05 1.183300000000000000e+04
3.699630000000000000e+05 1.214900000000000000e+04
3.732960000000000000e+05 1.219000000000000000e+04
3.766290000000000000e+05 1.233500000000000000e+04
3.799620000000000000e+05 1.210800000000000000e+04
3.832950000000000000e+05 1.227800000000000000e+04
3.866280000000000000e+05 1.208800000000000000e+04
3.899610000000000000e+05 1.217100000000000000e+04
3.932940000000000000e+05 1.237200000000000000e+04
3.966270000000000000e+05 1.239600000000000000e+04
3.999600000000000000e+05 1.220000000000000000e+04
4.032930000000000000e+05 1.201200000000000000e+04
4.066260000000000000e+05 1.226900000000000000e+04
4.099590000000000000e+05 1.223800000000000000e+04
4.132920000000000000e+05 1.224400000000000000e+04
4.166250000000000000e+05 1.215500000000000000e+04
4.199580000000000000e+05 1.200000000000000000e+04
4.232910000000000000e+05 1.195700000000000000e+04
4.266240000000000000e+05 1.188400000000000000e+04
4.299570000000000000e+05 1.180500000000000000e+04
4.332900000000000000e+05 1.186500000000000000e+04
4.366230000000000000e+05 1.166100000000000000e+04
4.399560000000000000e+05 1.125200000000000000e+04
4.432890000000000000e+05 1.141200000000000000e+04
4.466220000000000000e+05 1.143400000000000000e+04
4.499550000000000000e+05 1.125000000000000000e+04
4.532880000000000000e+05 1.105900000000000000e+04
4.566210000000000000e+05 1.091900000000000000e+04
4.599540000000000000e+05 1.076300000000000000e+04
4.632870000000000000e+05 1.061100000000000000e+04
4.666200000000000000e+05 1.043300000000000000e+04
4.699530000000000000e+05 1.001400000000000000e+04
4.732860000000000000e+05 9.736000000000000000e+03
4.766190000000000000e+05 9.453000000000000000e+03
4.799520000000000000e+05 9.195000000000000000e+03
4.832850000000000000e+05 9.130000000000000000e+03
4.866180000000000000e+05 8.754000000000000000e+03
4.899510000000000000e+05 8.460000000000000000e+03
4.932840000000000000e+05 8.176000000000000000e+03
4.966170000000000000e+05 7.815000000000000000e+03
4.999500000000000000e+05 7.371000000000000000e+03
5.032830000000000000e+05 7.279000000000000000e+03
5.066160000000000000e+05 6.935000000000000000e+03
5.099490000000000000e+05 6.590000000000000000e+03
5.132820000000000000e+05 6.220000000000000000e+03
5.166150000000000000e+05 5.897000000000000000e+03
5.199480000000000000e+05 5.483000000000000000e+03
5.232810000000000000e+05 5.263000000000000000e+03
5.266140000000000000e+05 4.873000000000000000e+03
5.299470000000000000e+05 4.845000000000000000e+03
5.332800000000000000e+05 4.506000000000000000e+03
5.366130000000000000e+05 4.317000000000000000e+03
5.399460000000000000e+05 4.112000000000000000e+03
5.432790000000000000e+05 4.030000000000000000e+03
5.466120000000000000e+05 3.643000000000000000e+03
5.499450000000000000e+05 3.619000000000000000e+03
5.532780000000000000e+05 3.490000000000000000e+03
5.566110000000000000e+05 3.411000000000000000e+03
5.599440000000000000e+05 3.235000000000000000e+03
5.632770000000000000e+05 3.377000000000000000e+03
5.666100000000000000e+05 3.332000000000000000e+03
5.699430000000000000e+05 3.401000000000000000e+03
5.732760000000000000e+05 3.480000000000000000e+03
5.766090000000000000e+05 3.603000000000000000e+03
5.799420000000000000e+05 3.767000000000000000e+03
5.832750000000000000e+05 3.850000000000000000e+03
5.866080000000000000e+05 3.932000000000000000e+03
5.899410000000000000e+05 4.251000000000000000e+03
5.932740000000000000e+05 4.465000000000000000e+03
5.966070000000000000e+05 4.663000000000000000e+03
5.999400000000000000e+05 4.970000000000000000e+03
6.032730000000000000e+05 5.125000000000000000e+03
6.066060000000000000e+05 5.491000000000000000e+03
6.099390000000000000e+05 5.699000000000000000e+03
6.132720000000000000e+05 6.040000000000000000e+03
6.166050000000000000e+05 6.320000000000000000e+03
6.199380000000000000e+05 6.715000000000000000e+03
6.232710000000000000e+05 7.038000000000000000e+03
6.266040000000000000e+05 7.501000000000000000e+03
6.299370000000000000e+05 7.837000000000000000e+03
6.332700000000000000e+05 7.909000000000000000e+03
6.366030000000000000e+05 8.367000000000000000e+03
6.399360000000000000e+05 8.873000000000000000e+03
6.432690000000000000e+05 8.931000000000000000e+03
6.466020000000000000e+05 9.172000000000000000e+03
6.499350000000000000e+05 9.479000000000000000e+03
6.532680000000000000e+05 9.924000000000000000e+03
6.566010000000000000e+05 9.971000000000000000e+03
6.599340000000000000e+05 9.910000000000000000e+03
6.632670000000000000e+05 1.037300000000000000e+04
