0.000000000000000000e+00 5.845000000000000000e+03
1.428000000000000000e+03 5.956000000000000000e+03
2.856000000000000000e+03 5.916000000000000000e+03
4.284000000000000000e+03 6.170000000000000000e+03
5.712000000000000000e+03 6.122000000000000000e+03
7.140000000000000000e+03 6.394000000000000000e+03
8.568000000000000000e+03 6.530000000000000000e+03
9.996000000000000000e+03 6.453000000000000000e+03
1.142400000000000000e+04 6.559000000000000000e+03
1.285200000000000000e+04 6.527000000000000000e+03
1.428000000000000000e+04 6.612000000000000000e+03
1.570800000000000000e+04 6.592000000000000000e+03
1.713600000000000000e+04 6.660000000000000000e+03
1.856400000000000000e+04 6.616000000000000000e+03
1.999200000000000000e+04 6.829000000000000000e+03
2.142000000000000000e+04 6.985000000000000000e+03
2.284800000000000000e+04 6.946000000000000000e+03
2.427600000000000000e+04 6.810000000000000000e+03
2.570400000000000000e+04 6.877000000000000000e+03
2.713200000000000000e+04 6.726000000000000000e+03
2.856000000000000000e+04 6.776000000000000000e+03
2.998800000000000000e+04 6.819000000000000000e+03
3.141600000000000000e+04 6.849000000000000000e+03
3.284400000000000000e+04 6.745000000000000000e+03
3.427200000000000000e+04 6.801000000000000000e+03
3.570000000000000000e+04 6.603000000000000000e+03
3.712800000000000000e+04 6.882000000000000000e+03
3.855600000000000000e+04 6.633000000000000000e+03
3.998400000000000000e+04 6.653000000000000000e+03
4.141200000000000000e+04 6.370000000000000000e+03
4.284000000000000000e+04 6.537000000000000000e+03
4.426800000000000000e+04 6.355000000000000000e+03
4.569600000000000000e+04 6.318000000000000000e+03
4.712400000000000000e+04 6.413000000000000000e+03
4.855200000000000000e+04 6.285000000000000000e+03
4.998000000000000000e+04 6.123000000000000000e+03
5.140800000000000000e+04 6.190000000000000000e+03
5.283600000000000000e+04 5.875000000000000000e+03
5.426400000000000000e+04 5.925000000000000000e+03
5.569200000000000000e+04 5.885000000000000000e+03
5.712000000000000000e+04 5.599000000000000000e+03
5.854800000000000000e+04 5.502000000000000000e+03
5.997600000000000000e+04 5.439000000000000000e+03
6.140400000000000000e+04 5.296000000000000000e+03
6.283200000000000000e+04 5.063000000000000000e+03
6.426000000000000000e+04 4.840000000000000000e+03
6.568800000000000000e+04 4.738000000000000000e+03
6.711600000000000000e+04 4.403000000000000000e+03
6.854400000000000000e+04 4.365000000000000000e+03
6.997200000000000000e+04 4.178000000000000000e+03
7.140000000000000000e+04 4.125000000000000000e+03
7.282800000000000000e+04 3.804000000000000000e+03
7.425600000000000000e+04 3.769000000000000000e+03
7.568400000000000000e+04 3.419000000000000000e+03
7.711200000000000000e+04 3.358000000000000000e+03
7.854000000000000000e+04 3.231000000000000000e+03
7.996800000000000000e+04 2.972000000000000000e+03
8.139600000000000000e+04 2.727000000000000000e+03
8.282400000000000000e+04 2.601000000000000000e+03
8.425200000000000000e+04 2.479000000000000000e+03
8.568000000000000000e+04 2.321000000000000000e+03
8.710800000000000000e+04 2.303000000000000000e+03
8.853600000000000000e+04 2.125000000000000000e+03
8.996400000000000000e+04 2.074000000000000000e+03
9.139200000000000000e+04 1.968000000000000000e+03
9.282000000000000000e+04 1.910000000000000000e+03
9.424800000000000000e+04 1.827000000000000000e+03
9.567600000000000000e+04 1.677000000000000000e+03
9.710400000000000000e+04 1.719000000000000000e+03
9.853200000000000000e+04 1.793000000000000000e+03
9.996000000000000000e+04 1.701000000000000000e+03
1.013880000000000000e+05 1.719000000000000000e+03
1.028160000000000000e+05 1.786000000000000000e+03
1.042440000000000000e+05 1.813000000000000000e+03
1.056720000000000000e+05 1.874000000000000000e+03
1.071000000000000000e+05 1.957000000000000000e+03
1.085280000000000000e+05 2.056000000000000000e+03
1.099560000000000000e+05 2.169000000000000000e+03
1.113840000000000000e+05 2.306000000000000000e+03
1.128120000000000000e+05 2.354000000000000000e+03
1.142400000000000000e+05 2.479000000000000000e+03
1.156680000000000000e+05 2.625000000000000000e+03
1.170960000000000000e+05 2.808000000000000000e+03
1.185240000000000000e+05 3.017000000000000000e+03
1.199520000000000000e+05 3.121000000000000000e+03
1.213800000000000000e+05 3.269000000000000000e+03
1.228080000000000000e+05 3.605000000000000000e+03
1.242360000000000000e+05 3.794000000000000000e+03
1.256640000000000000e+05 3.769000000000000000e+03
1.270920000000000000e+05 4.035000000000000000e+03
1.285200000000000000e+05 4.343000000000000000e+03
1.299480000000000000e+05 4.546000000000000000e+03
1.313760000000000000e+05 4.714000000000000000e+03
1.328040000000000000e+05 4.795000000000000000e+03
1.342320000000000000e+05 5.183000000000000000e+03
1.356600000000000000e+05 5.216000000000000000e+03
1.370880000000000000e+05 5.349000000000000000e+03
1.385160000000000000e+05 5.441000000000000000e+03
1.399440000000000000e+05 5.493000000000000000e+03
1.413720000000000000e+05 5.740000000000000000e+03
1.428000000000000000e+05 5.832000000000000000e+03
1.442280000000000000e+05 6.017000000000000000e+03
1.456560000000000000e+05 6.087000000000000000e+03
1.470840000000000000e+05 6.223000000000000000e+03
1.485120000000000000e+05 6.290000000000000000e+03
1.499400000000000000e+05 6.392000000000000000e+03
1.513680000000000000e+05 6.425000000000000000e+03
1.527960000000000000e+05 6.496000000000000000e+03
1.542240000000000000e+05 6.686000000000000000e+03
1.556520000000000000e+05 6.627000000000000000e+03
1.570800000000000000e+05 6.581000000000000000e+03
1.585080000000000000e+05 6.538000000000000000e+03
1.599360000000000000e+05 6.722000000000000000e+03
1.613640000000000000e+05 6.703000000000000000e+03
1.627920000000000000e+05 6.763000000000000000e+03
1.642200000000000000e+05 6.784000000000000000e+03
1.656480000000000000e+05 6.967000000000000000e+03
1.670760000000000000e+05 6.736000000000000000e+03
1.685040000000000000e+05 6.928000000000000000e+03
1.699320000000000000e+05 6.728000000000000000e+03
1.713600000000000000e+05 6.860000000000000000e+03
1.727880000000000000e+05 6.826000000000000000e+03
1.742160000000000000e+05 6.834000000000000000e+03
1.756440000000000000e+05 6.741000000000000000e+03
1.770720000000000000e+05 6.734000000000000000e+03
1.785000000000000000e+05 6.693000000000000000e+03
1.799280000000000000e+05 6.588000000000000000e+03
1.813560000000000000e+05 6.582000000000000000e+03
1.827840000000000000e+05 6.504000000000000000e+03
1.842120000000000000e+05 6.496000000000000000e+03
1.856400000000000000e+05 6.550000000000000000e+03
1.870680000000000000e+05 6.455000000000000000e+03
1.884960000000000000e+05 6.381000000000000000e+03
1.899240000000000000e+05 6.155000000000000000e+03
1.913520000000000000e+05 6.341000000000000000e+03
1.927800000000000000e+05 6.103000000000000000e+03
1.942080000000000000e+05 6.169000000000000000e+03
1.956360000000000000e+05 6.094000000000000000e+03
1.970640000000000000e+05 5.903000000000000000e+03
1.984920000000000000e+05 5.819000000000000000e+03
1.999200000000000000e+05 5.619000000000000000e+03
2.013480000000000000e+05 5.507000000000000000e+03
2.027760000000000000e+05 5.307000000000000000e+03
2.042040000000000000e+05 5.370000000000000000e+03
2.056320000000000000e+05 5.209000000000000000e+03
2.070600000000000000e+05 5.079000000000000000e+03
2.084880000000000000e+05 4.816000000000000000e+03
2.099160000000000000e+05 4.483000000000000000e+03
2.113440000000000000e+05 4.331000000000000000e+03
2.127720000000000000e+05 4.110000000000000000e+03
2.142000000000000000e+05 3.998000000000000000e+03
2.156280000000000000e+05 3.916000000000000000e+03
2.170560000000000000e+05 3.686000000000000000e+03
2.184840000000000000e+05 3.481000000000000000e+03
2.199120000000000000e+05 3.326000000000000000e+03
2.213400000000000000e+05 3.043000000000000000e+03
2.227680000000000000e+05 2.879000000000000000e+03
2.241960000000000000e+05 2.802000000000000000e+03
2.256240000000000000e+05 2.623000000000000000e+03
2.270520000000000000e+05 2.515000000000000000e+03
2.284800000000000000e+05 2.432000000000000000e+03
2.299080000000000000e+05 2.210000000000000000e+03
2.313360000000000000e+05 2.093000000000000000e+03
2.327640000000000000e+05 2.082000000000000000e+03
2.341920000000000000e+05 1.940000000000000000e+03
2.356200000000000000e+05 1.827000000000000000e+03
2.370480000000000000e+05 1.804000000000000000e+03
2.384760000000000000e+05 1.716000000000000000e+03
2.399040000000000000e+05 1.708000000000000000e+03
2.413320000000000000e+05 1.663000000000000000e+03
2.427600000000000000e+05 1.717000000000000000e+03
2.441880000000000000e+05 1.762000000000000000e+03
2.456160000000000000e+05 1.706000000000000000e+03
2.470440000000000000e+05 1.853000000000000000e+03
2.484720000000000000e+05 1.851000000000000000e+03
2.499000000000000000e+05 1.902000000000000000e+03
2.513280000000000000e+05 2.053000000000000000e+03
2.527560000000000000e+05 2.202000000000000000e+03
2.541840000000000000e+05 2.272000000000000000e+03
2.556120000000000000e+05 2.423000000000000000e+03
2.570400000000000000e+05 2.676000000000000000e+03
2.584680000000000000e+05 2.600000000000000000e+03
2.598960000000000000e+05 2.867000000000000000e+03
2.613240000000000000e+05 3.093000000000000000e+03
2.627520000000000000e+05 3.161000000000000000e+03
2.641800000000000000e+05 3.207000000000000000e+03
2.656080000000000000e+05 3.591000000000000000e+03
2.670360000000000000e+05 3.692000000000000000e+03
2.684640000000000000e+05 3.917000000000000000e+03
2.698920000000000000e+05 4.146000000000000000e+03
2.713200000000000000e+05 4.240000000000000000e+03
2.727480000000000000e+05 4.519000000000000000e+03
2.741760000000000000e+05 4.591000000000000000e+03
2.756040000000000000e+05 4.866000000000000000e+03
2.770320000000000000e+05 4.883000000000000000e+03
2.784600000000000000e+05 5.078000000000000000e+03
2.798880000000000000e+05 5.403000000000000000e+03
2.813160000000000000e+05 5.348000000000000000e+03
2.827440000000000000e+05 5.592000000000000000e+03
2.841720000000000000e+05 5.610000000000000000e+03
