0.000000000000000000e+00 1.612000000000000000e+03
3.300000000000000000e+01 1.659000000000000000e+03
6.600000000000000000e+01 1.618000000000000000e+03
9.900000000000000000e+01 1.806000000000000000e+03
1.320000000000000000e+02 1.832000000000000000e+03
1.650000000000000000e+02 1.910000000000000000e+03
1.980000000000000000e+02 1.944000000000000000e+03
2.310000000000000000e+02 2.124000000000000000e+03
2.640000000000000000e+02 2.146000000000000000e+03
2.970000000000000000e+02 2.352000000000000000e+03
3.300000000000000000e+02 2.311000000000000000e+03
3.630000000000000000e+02 2.336000000000000000e+03
3.960000000000000000e+02 2.408000000000000000e+03
4.290000000000000000e+02 2.438000000000000000e+03
4.620000000000000000e+02 2.499000000000000000e+03
4.950000000000000000e+02 2.592000000000000000e+03
5.280000000000000000e+02 2.689000000000000000e+03
5.610000000000000000e+02 2.572000000000000000e+03
5.940000000000000000e+02 2.706000000000000000e+03
6.270000000000000000e+02 2.721000000000000000e+03
6.600000000000000000e+02 2.682000000000000000e+03
6.930000000000000000e+02 2.787000000000000000e+03
7.260000000000000000e+02 2.758000000000000000e+03
7.590000000000000000e+02 2.781000000000000000e+03
7.920000000000000000e+02 2.848000000000000000e+03
8.250000000000000000e+02 2.925000000000000000e+03
8.580000000000000000e+02 2.929000000000000000e+03
8.910000000000000000e+02 2.951000000000000000e+03
9.240000000000000000e+02 2.788000000000000000e+03
9.570000000000000000e+02 2.892000000000000000e+03
9.900000000000000000e+02 2.880000000000000000e+03
1.023000000000000000e+03 2.838000000000000000e+03
1.056000000000000000e+03 2.880000000000000000e+03
1.089000000000000000e+03 2.749000000000000000e+03
1.122000000000000000e+03 2.852000000000000000e+03
1.155000000000000000e+03 2.714000000000000000e+03
1.188000000000000000e+03 2.855000000000000000e+03
1.221000000000000000e+03 2.759000000000000000e+03
1.254000000000000000e+03 2.688000000000000000e+03
1.287000000000000000e+03 2.583000000000000000e+03
1.320000000000000000e+03 2.624000000000000000e+03
1.353000000000000000e+03 2.666000000000000000e+03
1.386000000000000000e+03 2.489000000000000000e+03
1.419000000000000000e+03 2.522000000000000000e+03
1.452000000000000000e+03 2.491000000000000000e+03
1.485000000000000000e+03 2.379000000000000000e+03
1.518000000000000000e+03 2.358000000000000000e+03
1.551000000000000000e+03 2.249000000000000000e+03
1.584000000000000000e+03 2.247000000000000000e+03
1.617000000000000000e+03 2.033000000000000000e+03
1.650000000000000000e+03 2.078000000000000000e+03
1.683000000000000000e+03 2.022000000000000000e+03
1.716000000000000000e+03 1.949000000000000000e+03
1.749000000000000000e+03 1.852000000000000000e+03
1.782000000000000000e+03 1.839000000000000000e+03
1.815000000000000000e+03 1.746000000000000000e+03
1.848000000000000000e+03 1.711000000000000000e+03
1.881000000000000000e+03 1.594000000000000000e+03
1.914000000000000000e+03 1.531000000000000000e+03
1.947000000000000000e+03 1.498000000000000000e+03
1.980000000000000000e+03 1.454000000000000000e+03
2.013000000000000000e+03 1.318000000000000000e+03
2.046000000000000000e+03 1.376000000000000000e+03
2.079000000000000000e+03 1.226000000000000000e+03
2.112000000000000000e+03 1.241000000000000000e+03
2.145000000000000000e+03 1.171000000000000000e+03
2.178000000000000000e+03 1.193000000000000000e+03
2.211000000000000000e+03 1.010000000000000000e+03
2.244000000000000000e+03 1.032000000000000000e+03
2.277000000000000000e+03 1.020000000000000000e+03
2.310000000000000000e+03 9.510000000000000000e+02
2.343000000000000000e+03 9.290000000000000000e+02
2.376000000000000000e+03 8.330000000000000000e+02
2.409000000000000000e+03 8.900000000000000000e+02
2.442000000000000000e+03 8.380000000000000000e+02
2.475000000000000000e+03 8.060000000000000000e+02
2.508000000000000000e+03 7.490000000000000000e+02
2.541000000000000000e+03 7.490000000000000000e+02
2.574000000000000000e+03 7.690000000000000000e+02
2.607000000000000000e+03 7.530000000000000000e+02
2.640000000000000000e+03 8.210000000000000000e+02
2.673000000000000000e+03 7.780000000000000000e+02
2.706000000000000000e+03 7.470000000000000000e+02
2.739000000000000000e+03 7.290000000000000000e+02
2.772000000000000000e+03 7.800000000000000000e+02
2.805000000000000000e+03 7.970000000000000000e+02
2.838000000000000000e+03 7.940000000000000000e+02
2.871000000000000000e+03 8.260000000000000000e+02
2.904000000000000000e+03 8.090000000000000000e+02
2.937000000000000000e+03 8.340000000000000000e+02
2.970000000000000000e+03 9.000000000000000000e+02
3.003000000000000000e+03 9.050000000000000000e+02
3.036000000000000000e+03 9.640000000000000000e+02
3.069000000000000000e+03 1.008000000000000000e+03
3.102000000000000000e+03 1.133000000000000000e+03
3.135000000000000000e+03 1.126000000000000000e+03
3.168000000000000000e+03 1.138000000000000000e+03
3.201000000000000000e+03 1.217000000000000000e+03
3.234000000000000000e+03 1.387000000000000000e+03
3.267000000000000000e+03 1.438000000000000000e+03
3.300000000000000000e+03 1.494000000000000000e+03
3.333000000000000000e+03 1.538000000000000000e+03
3.366000000000000000e+03 1.604000000000000000e+03
3.399000000000000000e+03 1.745000000000000000e+03
3.432000000000000000e+03 1.680000000000000000e+03
3.465000000000000000e+03 1.822000000000000000e+03
3.498000000000000000e+03 1.967000000000000000e+03
3.531000000000000000e+03 1.946000000000000000e+03
3.564000000000000000e+03 2.127000000000000000e+03
3.597000000000000000e+03 2.252000000000000000e+03
3.630000000000000000e+03 2.163000000000000000e+03
3.663000000000000000e+03 2.245000000000000000e+03
3.696000000000000000e+03 2.350000000000000000e+03
3.729000000000000000e+03 2.379000000000000000e+03
3.762000000000000000e+03 2.424000000000000000e+03
3.795000000000000000e+03 2.503000000000000000e+03
3.828000000000000000e+03 2.549000000000000000e+03
3.861000000000000000e+03 2.641000000000000000e+03
3.894000000000000000e+03 2.663000000000000000e+03
3.927000000000000000e+03 2.666000000000000000e+03
3.960000000000000000e+03 2.612000000000000000e+03
3.993000000000000000e+03 2.897000000000000000e+03
4.026000000000000000e+03 2.869000000000000000e+03
4.059000000000000000e+03 2.872000000000000000e+03
4.092000000000000000e+03 2.800000000000000000e+03
4.125000000000000000e+03 2.774000000000000000e+03
4.158000000000000000e+03 2.883000000000000000e+03
4.191000000000000000e+03 2.959000000000000000e+03
4.224000000000000000e+03 3.049000000000000000e+03
4.257000000000000000e+03 3.015000000000000000e+03
4.290000000000000000e+03 2.883000000000000000e+03
4.323000000000000000e+03 2.838000000000000000e+03
4.356000000000000000e+03 2.900000000000000000e+03
4.389000000000000000e+03 2.857000000000000000e+03
4.422000000000000000e+03 2.932000000000000000e+03
4.455000000000000000e+03 2.852000000000000000e+03
4.488000000000000000e+03 2.821000000000000000e+03
4.521000000000000000e+03 2.807000000000000000e+03
4.554000000000000000e+03 2.827000000000000000e+03
4.587000000000000000e+03 2.628000000000000000e+03
4.620000000000000000e+03 2.679000000000000000e+03
4.653000000000000000e+03 2.639000000000000000e+03
4.686000000000000000e+03 2.595000000000000000e+03
4.719000000000000000e+03 2.546000000000000000e+03
4.752000000000000000e+03 2.535000000000000000e+03
4.785000000000000000e+03 2.557000000000000000e+03
4.818000000000000000e+03 2.381000000000000000e+03
4.851000000000000000e+03 2.417000000000000000e+03
4.884000000000000000e+03 2.327000000000000000e+03
4.917000000000000000e+03 2.161000000000000000e+03
4.950000000000000000e+03 2.285000000000000000e+03
4.983000000000000000e+03 2.032000000000000000e+03
5.016000000000000000e+03 2.106000000000000000e+03
5.049000000000000000e+03 2.093000000000000000e+03
5.082000000000000000e+03 1.938000000000000000e+03
5.115000000000000000e+03 1.837000000000000000e+03
5.148000000000000000e+03 1.728000000000000000e+03
5.181000000000000000e+03 1.701000000000000000e+03
5.214000000000000000e+03 1.602000000000000000e+03
5.247000000000000000e+03 1.603000000000000000e+03
5.280000000000000000e+03 1.603000000000000000e+03
5.313000000000000000e+03 1.449000000000000000e+03
5.346000000000000000e+03 1.395000000000000000e+03
5.379000000000000000e+03 1.360000000000000000e+03
5.412000000000000000e+03 1.249000000000000000e+03
5.445000000000000000e+03 1.248000000000000000e+03
5.478000000000000000e+03 1.226000000000000000e+03
5.511000000000000000e+03 1.169000000000000000e+03
5.544000000000000000e+03 1.086000000000000000e+03
5.577000000000000000e+03 1.038000000000000000e+03
5.610000000000000000e+03 9.900000000000000000e+02
5.643000000000000000e+03 1.001000000000000000e+03
5.676000000000000000e+03 9.390000000000000000e+02
5.709000000000000000e+03 8.820000000000000000e+02
5.742000000000000000e+03 8.560000000000000000e+02
5.775000000000000000e+03 8.360000000000000000e+02
5.808000000000000000e+03 8.720000000000000000e+02
5.841000000000000000e+03 7.830000000000000000e+02
5.874000000000000000e+03 7.820000000000000000e+02
5.907000000000000000e+03 7.640000000000000000e+02
5.940000000000000000e+03 7.510000000000000000e+02
5.973000000000000000e+03 7.230000000000000000e+02
6.006000000000000000e+03 7.830000000000000000e+02
6.039000000000000000e+03 7.460000000000000000e+02
6.072000000000000000e+03 7.330000000000000000e+02
6.105000000000000000e+03 7.410000000000000000e+02
6.138000000000000000e+03 7.440000000000000000e+02
6.171000000000000000e+03 7.840000000000000000e+02
6.204000000000000000e+03 7.620000000000000000e+02
6.237000000000000000e+03 7.840000000000000000e+02
6.270000000000000000e+03 8.500000000000000000e+02
6.303000000000000000e+03 8.460000000000000000e+02
6.336000000000000000e+03 9.440000000000000000e+02
6.369000000000000000e+03 9.530000000000000000e+02
6.402000000000000000e+03 1.037000000000000000e+03
6.435000000000000000e+03 1.076000000000000000e+03
6.468000000000000000e+03 1.150000000000000000e+03
6.501000000000000000e+03 1.217000000000000000e+03
6.534000000000000000e+03 1.241000000000000000e+03
6.567000000000000000e+03 1.364000000000000000e+03
6.600000000000000000e+03 1.466000000000000000e+03
6.633000000000000000e+03 1.445000000000000000e+03
