0.000000000000000000e+00 3.370000000000000000e+03
1.000000000000000000e+03 3.606000000000000000e+03
2.000000000000000000e+03 3.613000000000000000e+03
3.000000000000000000e+03 3.680000000000000000e+03
4.000000000000000000e+03 3.852000000000000000e+03
5.000000000000000000e+03 3.810000000000000000e+03
6.000000000000000000e+03 4.030000000000000000e+03
7.000000000000000000e+03 4.008000000000000000e+03
8.000000000000000000e+03 4.060000000000000000e+03
9.000000000000000000e+03 4.047000000000000000e+03
1.000000000000000000e+04 4.291000000000000000e+03
1.100000000000000000e+04 4.176000000000000000e+03
1.200000000000000000e+04 4.276000000000000000e+03
1.300000000000000000e+04 4.349000000000000000e+03
1.400000000000000000e+04 4.308000000000000000e+03
1.500000000000000000e+04 4.381000000000000000e+03
1.600000000000000000e+04 4.338000000000000000e+03
1.700000000000000000e+04 4.404000000000000000e+03
1.800000000000000000e+04 4.404000000000000000e+03
1.900000000000000000e+04 4.442000000000000000e+03
2.000000000000000000e+04 4.407000000000000000e+03
2.100000000000000000e+04 4.312000000000000000e+03
2.200000000000000000e+04 4.405000000000000000e+03
2.300000000000000000e+04 4.454000000000000000e+03
2.400000000000000000e+04 4.257000000000000000e+03
2.500000000000000000e+04 4.410000000000000000e+03
2.600000000000000000e+04 4.211000000000000000e+03
2.700000000000000000e+04 4.346000000000000000e+03
2.800000000000000000e+04 4.317000000000000000e+03
2.900000000000000000e+04 4.059000000000000000e+03
3.000000000000000000e+04 4.223000000000000000e+03
3.100000000000000000e+04 4.174000000000000000e+03
3.200000000000000000e+04 4.057000000000000000e+03
3.300000000000000000e+04 3.880000000000000000e+03
3.400000000000000000e+04 3.892000000000000000e+03
3.500000000000000000e+04 3.819000000000000000e+03
3.600000000000000000e+04 3.667000000000000000e+03
3.700000000000000000e+04 3.571000000000000000e+03
3.800000000000000000e+04 3.459000000000000000e+03
3.900000000000000000e+04 3.489000000000000000e+03
4.000000000000000000e+04 3.318000000000000000e+03
4.100000000000000000e+04 3.197000000000000000e+03
4.200000000000000000e+04 2.962000000000000000e+03
4.300000000000000000e+04 2.964000000000000000e+03
4.400000000000000000e+04 2.797000000000000000e+03
4.500000000000000000e+04 2.723000000000000000e+03
4.600000000000000000e+04 2.501000000000000000e+03
4.700000000000000000e+04 2.268000000000000000e+03
4.800000000000000000e+04 2.275000000000000000e+03
4.900000000000000000e+04 2.016000000000000000e+03
5.000000000000000000e+04 1.989000000000000000e+03
5.100000000000000000e+04 1.772000000000000000e+03
5.200000000000000000e+04 1.749000000000000000e+03
5.300000000000000000e+04 1.571000000000000000e+03
5.400000000000000000e+04 1.405000000000000000e+03
5.500000000000000000e+04 1.316000000000000000e+03
5.600000000000000000e+04 1.155000000000000000e+03
5.700000000000000000e+04 1.121000000000000000e+03
5.800000000000000000e+04 1.020000000000000000e+03
5.900000000000000000e+04 9.370000000000000000e+02
6.000000000000000000e+04 9.240000000000000000e+02
6.100000000000000000e+04 8.370000000000000000e+02
6.200000000000000000e+04 6.900000000000000000e+02
6.300000000000000000e+04 6.500000000000000000e+02
6.400000000000000000e+04 7.210000000000000000e+02
6.500000000000000000e+04 5.810000000000000000e+02
6.600000000000000000e+04 4.960000000000000000e+02
6.700000000000000000e+04 5.110000000000000000e+02
6.800000000000000000e+04 4.720000000000000000e+02
6.900000000000000000e+04 5.100000000000000000e+02
7.000000000000000000e+04 4.940000000000000000e+02
7.100000000000000000e+04 4.860000000000000000e+02
7.200000000000000000e+04 4.990000000000000000e+02
7.300000000000000000e+04 5.520000000000000000e+02
7.400000000000000000e+04 5.380000000000000000e+02
7.500000000000000000e+04 5.640000000000000000e+02
7.600000000000000000e+04 6.080000000000000000e+02
7.700000000000000000e+04 6.660000000000000000e+02
7.800000000000000000e+04 7.040000000000000000e+02
7.900000000000000000e+04 8.450000000000000000e+02
8.000000000000000000e+04 9.510000000000000000e+02
8.100000000000000000e+04 9.060000000000000000e+02
8.200000000000000000e+04 1.027000000000000000e+03
8.300000000000000000e+04 1.187000000000000000e+03
8.400000000000000000e+04 1.296000000000000000e+03
8.500000000000000000e+04 1.456000000000000000e+03
8.600000000000000000e+04 1.439000000000000000e+03
8.700000000000000000e+04 1.606000000000000000e+03
8.800000000000000000e+04 1.684000000000000000e+03
8.900000000000000000e+04 1.952000000000000000e+03
9.000000000000000000e+04 2.108000000000000000e+03
9.100000000000000000e+04 2.211000000000000000e+03
9.200000000000000000e+04 2.492000000000000000e+03
9.300000000000000000e+04 2.541000000000000000e+03
9.400000000000000000e+04 2.576000000000000000e+03
9.500000000000000000e+04 2.779000000000000000e+03
9.600000000000000000e+04 2.997000000000000000e+03
9.700000000000000000e+04 3.055000000000000000e+03
9.800000000000000000e+04 3.132000000000000000e+03
9.900000000000000000e+04 3.289000000000000000e+03
1.000000000000000000e+05 3.470000000000000000e+03
1.010000000000000000e+05 3.572000000000000000e+03
1.020000000000000000e+05 3.590000000000000000e+03
1.030000000000000000e+05 3.749000000000000000e+03
1.040000000000000000e+05 3.858000000000000000e+03
1.050000000000000000e+05 3.898000000000000000e+03
1.060000000000000000e+05 3.974000000000000000e+03
1.070000000000000000e+05 3.925000000000000000e+03
1.080000000000000000e+05 4.107000000000000000e+03
1.090000000000000000e+05 4.179000000000000000e+03
1.100000000000000000e+05 4.298000000000000000e+03
1.110000000000000000e+05 4.164000000000000000e+03
1.120000000000000000e+05 4.067000000000000000e+03
1.130000000000000000e+05 4.273000000000000000e+03
1.140000000000000000e+05 4.421000000000000000e+03
1.150000000000000000e+05 4.311000000000000000e+03
1.160000000000000000e+05 4.384000000000000000e+03
1.170000000000000000e+05 4.358000000000000000e+03
1.180000000000000000e+05 4.415000000000000000e+03
1.190000000000000000e+05 4.408000000000000000e+03
1.200000000000000000e+05 4.442000000000000000e+03
1.210000000000000000e+05 4.425000000000000000e+03
1.220000000000000000e+05 4.363000000000000000e+03
1.230000000000000000e+05 4.372000000000000000e+03
1.240000000000000000e+05 4.260000000000000000e+03
1.250000000000000000e+05 4.355000000000000000e+03
1.260000000000000000e+05 4.368000000000000000e+03
1.270000000000000000e+05 4.243000000000000000e+03
1.280000000000000000e+05 4.203000000000000000e+03
1.290000000000000000e+05 4.283000000000000000e+03
1.300000000000000000e+05 4.122000000000000000e+03
1.310000000000000000e+05 4.109000000000000000e+03
1.320000000000000000e+05 3.991000000000000000e+03
1.330000000000000000e+05 3.941000000000000000e+03
1.340000000000000000e+05 3.911000000000000000e+03
1.350000000000000000e+05 3.626000000000000000e+03
1.360000000000000000e+05 3.672000000000000000e+03
1.370000000000000000e+05 3.623000000000000000e+03
1.380000000000000000e+05 3.580000000000000000e+03
1.390000000000000000e+05 3.411000000000000000e+03
1.400000000000000000e+05 3.313000000000000000e+03
1.410000000000000000e+05 3.189000000000000000e+03
1.420000000000000000e+05 3.188000000000000000e+03
1.430000000000000000e+05 3.051000000000000000e+03
1.440000000000000000e+05 2.731000000000000000e+03
1.450000000000000000e+05 2.615000000000000000e+03
1.460000000000000000e+05 2.535000000000000000e+03
1.470000000000000000e+05 2.344000000000000000e+03
1.480000000000000000e+05 2.223000000000000000e+03
1.490000000000000000e+05 2.061000000000000000e+03
1.500000000000000000e+05 1.949000000000000000e+03
1.510000000000000000e+05 1.876000000000000000e+03
1.520000000000000000e+05 1.695000000000000000e+03
1.530000000000000000e+05 1.572000000000000000e+03
1.540000000000000000e+05 1.405000000000000000e+03
1.550000000000000000e+05 1.345000000000000000e+03
1.560000000000000000e+05 1.234000000000000000e+03
1.570000000000000000e+05 1.053000000000000000e+03
1.580000000000000000e+05 9.970000000000000000e+02
1.590000000000000000e+05 9.020000000000000000e+02
1.600000000000000000e+05 8.800000000000000000e+02
1.610000000000000000e+05 7.400000000000000000e+02
1.620000000000000000e+05 7.130000000000000000e+02
1.630000000000000000e+05 6.890000000000000000e+02
1.640000000000000000e+05 6.700000000000000000e+02
1.650000000000000000e+05 5.760000000000000000e+02
1.660000000000000000e+05 5.050000000000000000e+02
1.670000000000000000e+05 5.350000000000000000e+02
1.680000000000000000e+05 5.060000000000000000e+02
1.690000000000000000e+05 5.800000000000000000e+02
1.700000000000000000e+05 4.890000000000000000e+02
1.710000000000000000e+05 5.180000000000000000e+02
1.720000000000000000e+05 5.100000000000000000e+02
1.730000000000000000e+05 5.150000000000000000e+02
1.740000000000000000e+05 5.340000000000000000e+02
1.750000000000000000e+05 5.670000000000000000e+02
1.760000000000000000e+05 6.150000000000000000e+02
1.770000000000000000e+05 7.130000000000000000e+02
1.780000000000000000e+05 7.420000000000000000e+02
1.790000000000000000e+05 8.300000000000000000e+02
1.800000000000000000e+05 8.990000000000000000e+02
1.810000000000000000e+05 9.910000000000000000e+02
1.820000000000000000e+05 1.049000000000000000e+03
1.830000000000000000e+05 1.070000000000000000e+03
1.840000000000000000e+05 1.206000000000000000e+03
1.850000000000000000e+05 1.356000000000000000e+03
1.860000000000000000e+05 1.504000000000000000e+03
1.870000000000000000e+05 1.702000000000000000e+03
1.880000000000000000e+05 1.719000000000000000e+03
1.890000000000000000e+05 1.998000000000000000e+03
1.900000000000000000e+05 2.139000000000000000e+03
1.910000000000000000e+05 2.222000000000000000e+03
1.920000000000000000e+05 2.364000000000000000e+03
1.930000000000000000e+05 2.605000000000000000e+03
1.940000000000000000e+05 2.747000000000000000e+03
1.950000000000000000e+05 2.894000000000000000e+03
1.960000000000000000e+05 2.805000000000000000e+03
1.970000000000000000e+05 3.020000000000000000e+03
1.980000000000000000e+05 3.238000000000000000e+03
1.990000000000000000e+05 3.329000000000000000e+03
