0.000000000000000000e+00 1.981000000000000000e+03
5.000000000000000000e+01 2.041000000000000000e+03
1.000000000000000000e+02 2.086000000000000000e+03
1.500000000000000000e+02 2.274000000000000000e+03
2.000000000000000000e+02 2.316000000000000000e+03
2.500000000000000000e+02 2.579000000000000000e+03
3.000000000000000000e+02 2.514000000000000000e+03
3.500000000000000000e+02 2.697000000000000000e+03
4.000000000000000000e+02 2.756000000000000000e+03
4.500000000000000000e+02 2.797000000000000000e+03
5.000000000000000000e+02 2.807000000000000000e+03
5.500000000000000000e+02 2.927000000000000000e+03
6.000000000000000000e+02 3.081000000000000000e+03
6.500000000000000000e+02 3.093000000000000000e+03
7.000000000000000000e+02 3.103000000000000000e+03
7.500000000000000000e+02 3.223000000000000000e+03
8.000000000000000000e+02 3.168000000000000000e+03
8.500000000000000000e+02 3.359000000000000000e+03
9.000000000000000000e+02 3.201000000000000000e+03
9.500000000000000000e+02 3.294000000000000000e+03
1.000000000000000000e+03 3.272000000000000000e+03
1.050000000000000000e+03 3.318000000000000000e+03
1.100000000000000000e+03 3.299000000000000000e+03
1.150000000000000000e+03 3.277000000000000000e+03
1.200000000000000000e+03 3.311000000000000000e+03
1.250000000000000000e+03 3.418000000000000000e+03
1.300000000000000000e+03 3.485000000000000000e+03
1.350000000000000000e+03 3.310000000000000000e+03
1.400000000000000000e+03 3.377000000000000000e+03
1.450000000000000000e+03 3.371000000000000000e+03
1.500000000000000000e+03 3.348000000000000000e+03
1.550000000000000000e+03 3.353000000000000000e+03
1.600000000000000000e+03 3.324000000000000000e+03
1.650000000000000000e+03 3.279000000000000000e+03
1.700000000000000000e+03 3.217000000000000000e+03
1.750000000000000000e+03 3.123000000000000000e+03
1.800000000000000000e+03 3.080000000000000000e+03
1.850000000000000000e+03 3.013000000000000000e+03
1.900000000000000000e+03 3.083000000000000000e+03
1.950000000000000000e+03 2.985000000000000000e+03
2.000000000000000000e+03 2.868000000000000000e+03
2.050000000000000000e+03 2.791000000000000000e+03
2.100000000000000000e+03 2.700000000000000000e+03
2.150000000000000000e+03 2.787000000000000000e+03
2.200000000000000000e+03 2.694000000000000000e+03
2.250000000000000000e+03 2.618000000000000000e+03
2.300000000000000000e+03 2.487000000000000000e+03
2.350000000000000000e+03 2.372000000000000000e+03
2.400000000000000000e+03 2.312000000000000000e+03
2.450000000000000000e+03 2.179000000000000000e+03
2.500000000000000000e+03 2.158000000000000000e+03
2.550000000000000000e+03 2.003000000000000000e+03
2.600000000000000000e+03 1.975000000000000000e+03
2.650000000000000000e+03 1.849000000000000000e+03
2.700000000000000000e+03 1.827000000000000000e+03
2.750000000000000000e+03 1.740000000000000000e+03
2.800000000000000000e+03 1.654000000000000000e+03
2.850000000000000000e+03 1.572000000000000000e+03
2.900000000000000000e+03 1.519000000000000000e+03
2.950000000000000000e+03 1.459000000000000000e+03
3.000000000000000000e+03 1.326000000000000000e+03
3.050000000000000000e+03 1.363000000000000000e+03
3.100000000000000000e+03 1.156000000000000000e+03
3.150000000000000000e+03 1.210000000000000000e+03
3.200000000000000000e+03 1.060000000000000000e+03
3.250000000000000000e+03 1.064000000000000000e+03
3.300000000000000000e+03 9.980000000000000000e+02
3.350000000000000000e+03 9.970000000000000000e+02
3.400000000000000000e+03 9.770000000000000000e+02
3.450000000000000000e+03 8.470000000000000000e+02
3.500000000000000000e+03 8.680000000000000000e+02
3.550000000000000000e+03 8.580000000000000000e+02
3.600000000000000000e+03 7.870000000000000000e+02
3.650000000000000000e+03 7.770000000000000000e+02
3.700000000000000000e+03 6.870000000000000000e+02
3.750000000000000000e+03 7.460000000000000000e+02
3.800000000000000000e+03 7.040000000000000000e+02
3.850000000000000000e+03 6.510000000000000000e+02
3.900000000000000000e+03 6.800000000000000000e+02
3.950000000000000000e+03 6.920000000000000000e+02
4.000000000000000000e+03 6.780000000000000000e+02
4.050000000000000000e+03 7.300000000000000000e+02
4.100000000000000000e+03 7.460000000000000000e+02
4.150000000000000000e+03 7.370000000000000000e+02
4.200000000000000000e+03 7.590000000000000000e+02
4.250000000000000000e+03 8.120000000000000000e+02
4.300000000000000000e+03 8.440000000000000000e+02
4.350000000000000000e+03 9.140000000000000000e+02
4.400000000000000000e+03 9.690000000000000000e+02
4.450000000000000000e+03 9.900000000000000000e+02
4.500000000000000000e+03 1.079000000000000000e+03
4.550000000000000000e+03 1.084000000000000000e+03
4.600000000000000000e+03 1.188000000000000000e+03
4.650000000000000000e+03 1.252000000000000000e+03
4.700000000000000000e+03 1.382000000000000000e+03
4.750000000000000000e+03 1.446000000000000000e+03
4.800000000000000000e+03 1.572000000000000000e+03
4.850000000000000000e+03 1.630000000000000000e+03
4.900000000000000000e+03 1.741000000000000000e+03
4.950000000000000000e+03 1.840000000000000000e+03
5.000000000000000000e+03 2.024000000000000000e+03
5.050000000000000000e+03 2.142000000000000000e+03
5.100000000000000000e+03 2.159000000000000000e+03
5.150000000000000000e+03 2.314000000000000000e+03
5.200000000000000000e+03 2.345000000000000000e+03
5.250000000000000000e+03 2.483000000000000000e+03
5.300000000000000000e+03 2.555000000000000000e+03
5.350000000000000000e+03 2.533000000000000000e+03
5.400000000000000000e+03 2.693000000000000000e+03
5.450000000000000000e+03 2.832000000000000000e+03
5.500000000000000000e+03 2.887000000000000000e+03
5.550000000000000000e+03 2.934000000000000000e+03
5.600000000000000000e+03 3.113000000000000000e+03
5.650000000000000000e+03 3.054000000000000000e+03
5.700000000000000000e+03 3.040000000000000000e+03
5.750000000000000000e+03 3.156000000000000000e+03
5.800000000000000000e+03 3.263000000000000000e+03
5.850000000000000000e+03 3.209000000000000000e+03
5.900000000000000000e+03 3.133000000000000000e+03
5.950000000000000000e+03 3.348000000000000000e+03
6.000000000000000000e+03 3.349000000000000000e+03
6.050000000000000000e+03 3.309000000000000000e+03
6.100000000000000000e+03 3.409000000000000000e+03
6.150000000000000000e+03 3.337000000000000000e+03
6.200000000000000000e+03 3.471000000000000000e+03
6.250000000000000000e+03 3.249000000000000000e+03
6.300000000000000000e+03 3.308000000000000000e+03
6.350000000000000000e+03 3.387000000000000000e+03
6.400000000000000000e+03 3.366000000000000000e+03
6.450000000000000000e+03 3.341000000000000000e+03
6.500000000000000000e+03 3.428000000000000000e+03
6.550000000000000000e+03 3.267000000000000000e+03
6.600000000000000000e+03 3.202000000000000000e+03
6.650000000000000000e+03 3.331000000000000000e+03
6.700000000000000000e+03 3.176000000000000000e+03
6.750000000000000000e+03 3.162000000000000000e+03
6.800000000000000000e+03 3.036000000000000000e+03
6.850000000000000000e+03 3.075000000000000000e+03
6.900000000000000000e+03 3.121000000000000000e+03
6.950000000000000000e+03 3.063000000000000000e+03
7.000000000000000000e+03 3.015000000000000000e+03
7.050000000000000000e+03 2.907000000000000000e+03
7.100000000000000000e+03 2.784000000000000000e+03
7.150000000000000000e+03 2.718000000000000000e+03
7.200000000000000000e+03 2.562000000000000000e+03
7.250000000000000000e+03 2.610000000000000000e+03
7.300000000000000000e+03 2.518000000000000000e+03
7.350000000000000000e+03 2.414000000000000000e+03
7.400000000000000000e+03 2.315000000000000000e+03
7.450000000000000000e+03 2.249000000000000000e+03
7.500000000000000000e+03 2.156000000000000000e+03
7.550000000000000000e+03 2.048000000000000000e+03
7.600000000000000000e+03 2.015000000000000000e+03
7.650000000000000000e+03 1.935000000000000000e+03
7.700000000000000000e+03 1.896000000000000000e+03
7.750000000000000000e+03 1.748000000000000000e+03
7.800000000000000000e+03 1.668000000000000000e+03
7.850000000000000000e+03 1.604000000000000000e+03
7.900000000000000000e+03 1.520000000000000000e+03
7.950000000000000000e+03 1.490000000000000000e+03
8.000000000000000000e+03 1.337000000000000000e+03
8.050000000000000000e+03 1.306000000000000000e+03
8.100000000000000000e+03 1.197000000000000000e+03
8.150000000000000000e+03 1.144000000000000000e+03
8.200000000000000000e+03 1.170000000000000000e+03
8.250000000000000000e+03 1.066000000000000000e+03
8.300000000000000000e+03 1.031000000000000000e+03
8.350000000000000000e+03 9.890000000000000000e+02
8.400000000000000000e+03 9.510000000000000000e+02
8.450000000000000000e+03 8.790000000000000000e+02
8.500000000000000000e+03 8.190000000000000000e+02
8.550000000000000000e+03 7.920000000000000000e+02
8.600000000000000000e+03 7.540000000000000000e+02
8.650000000000000000e+03 7.980000000000000000e+02
8.700000000000000000e+03 7.140000000000000000e+02
8.750000000000000000e+03 6.890000000000000000e+02
8.800000000000000000e+03 7.270000000000000000e+02
8.850000000000000000e+03 6.520000000000000000e+02
8.900000000000000000e+03 6.860000000000000000e+02
8.950000000000000000e+03 6.710000000000000000e+02
9.000000000000000000e+03 7.240000000000000000e+02
9.050000000000000000e+03 6.890000000000000000e+02
9.100000000000000000e+03 7.540000000000000000e+02
9.150000000000000000e+03 7.650000000000000000e+02
9.200000000000000000e+03 7.850000000000000000e+02
9.250000000000000000e+03 7.900000000000000000e+02
9.300000000000000000e+03 8.230000000000000000e+02
9.350000000000000000e+03 8.830000000000000000e+02
9.400000000000000000e+03 9.250000000000000000e+02
9.450000000000000000e+03 1.011000000000000000e+03
9.500000000000000000e+03 1.112000000000000000e+03
9.550000000000000000e+03 1.064000000000000000e+03
9.600000000000000000e+03 1.116000000000000000e+03
9.650000000000000000e+03 1.313000000000000000e+03
9.700000000000000000e+03 1.385000000000000000e+03
9.750000000000000000e+03 1.467000000000000000e+03
9.800000000000000000e+03 1.558000000000000000e+03
9.850000000000000000e+03 1.661000000000000000e+03
9.900000000000000000e+03 1.696000000000000000e+03
9.950000000000000000e+03 1.759000000000000000e+03
