0.000000000000000000e+00 2.684000000000000000e+03
3.330000000000000000e+02 2.720000000000000000e+03
6.660000000000000000e+02 2.969000000000000000e+03
9.990000000000000000e+02 2.813000000000000000e+03
1.332000000000000000e+03 3.042000000000000000e+03
1.665000000000000000e+03 3.085000000000000000e+03
1.998000000000000000e+03 3.176000000000000000e+03
2.331000000000000000e+03 3.257000000000000000e+03
2.664000000000000000e+03 3.255000000000000000e+03
2.997000000000000000e+03 3.306000000000000000e+03
3.330000000000000000e+03 3.458000000000000000e+03
3.663000000000000000e+03 3.419000000000000000e+03
3.996000000000000000e+03 3.581000000000000000e+03
4.329000000000000000e+03 3.517000000000000000e+03
4.662000000000000000e+03 3.544000000000000000e+03
4.995000000000000000e+03 3.456000000000000000e+03
5.328000000000000000e+03 3.510000000000000000e+03
5.661000000000000000e+03 3.470000000000000000e+03
5.994000000000000000e+03 3.570000000000000000e+03
6.327000000000000000e+03 3.530000000000000000e+03
6.660000000000000000e+03 3.643000000000000000e+03
6.993000000000000000e+03 3.494000000000000000e+03
7.326000000000000000e+03 3.607000000000000000e+03
7.659000000000000000e+03 3.443000000000000000e+03
7.992000000000000000e+03 3.492000000000000000e+03
8.325000000000000000e+03 3.608000000000000000e+03
8.658000000000000000e+03 3.568000000000000000e+03
8.991000000000000000e+03 3.500000000000000000e+03
9.324000000000000000e+03 3.411000000000000000e+03
9.657000000000000000e+03 3.488000000000000000e+03
9.990000000000000000e+03 3.409000000000000000e+03
1.032300000000000000e+04 3.275000000000000000e+03
1.065600000000000000e+04 3.172000000000000000e+03
1.098900000000000000e+04 3.289000000000000000e+03
1.132200000000000000e+04 3.208000000000000000e+03
1.165500000000000000e+04 3.124000000000000000e+03
1.198800000000000000e+04 3.049000000000000000e+03
1.232100000000000000e+04 3.050000000000000000e+03
1.265400000000000000e+04 2.837000000000000000e+03
1.298700000000000000e+04 2.781000000000000000e+03
1.332000000000000000e+04 2.740000000000000000e+03
1.365300000000000000e+04 2.598000000000000000e+03
1.398600000000000000e+04 2.577000000000000000e+03
1.431900000000000000e+04 2.566000000000000000e+03
1.465200000000000000e+04 2.280000000000000000e+03
1.498500000000000000e+04 2.246000000000000000e+03
1.531800000000000000e+04 2.014000000000000000e+03
1.565100000000000000e+04 1.947000000000000000e+03
1.598400000000000000e+04 1.837000000000000000e+03
1.631700000000000000e+04 1.763000000000000000e+03
1.665000000000000000e+04 1.738000000000000000e+03
1.698300000000000000e+04 1.523000000000000000e+03
1.731600000000000000e+04 1.444000000000000000e+03
1.764900000000000000e+04 1.355000000000000000e+03
1.798200000000000000e+04 1.289000000000000000e+03
1.831500000000000000e+04 1.173000000000000000e+03
1.864800000000000000e+04 1.098000000000000000e+03
1.898100000000000000e+04 9.720000000000000000e+02
1.931400000000000000e+04 9.020000000000000000e+02
1.964700000000000000e+04 8.610000000000000000e+02
1.998000000000000000e+04 7.870000000000000000e+02
2.031300000000000000e+04 6.730000000000000000e+02
2.064600000000000000e+04 6.480000000000000000e+02
2.097900000000000000e+04 5.140000000000000000e+02
2.131200000000000000e+04 5.420000000000000000e+02
2.164500000000000000e+04 5.440000000000000000e+02
2.197800000000000000e+04 4.630000000000000000e+02
2.231100000000000000e+04 4.980000000000000000e+02
2.264400000000000000e+04 4.120000000000000000e+02
2.297700000000000000e+04 4.480000000000000000e+02
2.331000000000000000e+04 4.300000000000000000e+02
2.364300000000000000e+04 4.580000000000000000e+02
2.397600000000000000e+04 4.020000000000000000e+02
2.430900000000000000e+04 4.180000000000000000e+02
2.464200000000000000e+04 4.430000000000000000e+02
2.497500000000000000e+04 4.410000000000000000e+02
2.530800000000000000e+04 4.400000000000000000e+02
2.564100000000000000e+04 5.060000000000000000e+02
2.597400000000000000e+04 5.310000000000000000e+02
2.630700000000000000e+04 6.000000000000000000e+02
2.664000000000000000e+04 5.790000000000000000e+02
2.697300000000000000e+04 6.400000000000000000e+02
2.730600000000000000e+04 7.350000000000000000e+02
2.763900000000000000e+04 8.190000000000000000e+02
2.797200000000000000e+04 9.520000000000000000e+02
2.830500000000000000e+04 1.001000000000000000e+03
2.863800000000000000e+04 1.162000000000000000e+03
2.897100000000000000e+04 1.192000000000000000e+03
2.930400000000000000e+04 1.341000000000000000e+03
2.963700000000000000e+04 1.365000000000000000e+03
2.997000000000000000e+04 1.558000000000000000e+03
3.030300000000000000e+04 1.763000000000000000e+03
3.063600000000000000e+04 1.761000000000000000e+03
3.096900000000000000e+04 1.978000000000000000e+03
3.130200000000000000e+04 2.019000000000000000e+03
3.163500000000000000e+04 2.294000000000000000e+03
3.196800000000000000e+04 2.309000000000000000e+03
3.230100000000000000e+04 2.450000000000000000e+03
3.263400000000000000e+04 2.498000000000000000e+03
3.296700000000000000e+04 2.732000000000000000e+03
3.330000000000000000e+04 2.773000000000000000e+03
3.363300000000000000e+04 2.907000000000000000e+03
3.396600000000000000e+04 2.902000000000000000e+03
3.429900000000000000e+04 3.079000000000000000e+03
3.463200000000000000e+04 3.146000000000000000e+03
3.496500000000000000e+04 3.183000000000000000e+03
3.529800000000000000e+04 3.251000000000000000e+03
3.563100000000000000e+04 3.143000000000000000e+03
3.596400000000000000e+04 3.404000000000000000e+03
3.629700000000000000e+04 3.400000000000000000e+03
3.663000000000000000e+04 3.476000000000000000e+03
3.696300000000000000e+04 3.544000000000000000e+03
3.729600000000000000e+04 3.475000000000000000e+03
3.762900000000000000e+04 3.488000000000000000e+03
3.796200000000000000e+04 3.512000000000000000e+03
3.829500000000000000e+04 3.508000000000000000e+03
3.862800000000000000e+04 3.560000000000000000e+03
3.896100000000000000e+04 3.539000000000000000e+03
3.929400000000000000e+04 3.493000000000000000e+03
3.962700000000000000e+04 3.491000000000000000e+03
3.996000000000000000e+04 3.651000000000000000e+03
4.029300000000000000e+04 3.743000000000000000e+03
4.062600000000000000e+04 3.567000000000000000e+03
4.095900000000000000e+04 3.634000000000000000e+03
4.129200000000000000e+04 3.594000000000000000e+03
4.162500000000000000e+04 3.510000000000000000e+03
4.195800000000000000e+04 3.541000000000000000e+03
4.229100000000000000e+04 3.484000000000000000e+03
4.262400000000000000e+04 3.473000000000000000e+03
4.295700000000000000e+04 3.446000000000000000e+03
4.329000000000000000e+04 3.309000000000000000e+03
4.362300000000000000e+04 3.304000000000000000e+03
4.395600000000000000e+04 3.285000000000000000e+03
4.428900000000000000e+04 3.248000000000000000e+03
4.462200000000000000e+04 3.155000000000000000e+03
4.495500000000000000e+04 3.121000000000000000e+03
4.528800000000000000e+04 3.076000000000000000e+03
4.562100000000000000e+04 3.046000000000000000e+03
4.595400000000000000e+04 2.931000000000000000e+03
4.628700000000000000e+04 2.948000000000000000e+03
4.662000000000000000e+04 2.763000000000000000e+03
4.695300000000000000e+04 2.505000000000000000e+03
4.728600000000000000e+04 2.567000000000000000e+03
4.761900000000000000e+04 2.450000000000000000e+03
4.795200000000000000e+04 2.366000000000000000e+03
4.828500000000000000e+04 2.298000000000000000e+03
4.861800000000000000e+04 2.211000000000000000e+03
4.895100000000000000e+04 1.997000000000000000e+03
4.928400000000000000e+04 1.922000000000000000e+03
4.961700000000000000e+04 1.824000000000000000e+03
4.995000000000000000e+04 1.702000000000000000e+03
5.028300000000000000e+04 1.599000000000000000e+03
5.061600000000000000e+04 1.561000000000000000e+03
5.094900000000000000e+04 1.330000000000000000e+03
5.128200000000000000e+04 1.256000000000000000e+03
5.161500000000000000e+04 1.169000000000000000e+03
5.194800000000000000e+04 1.073000000000000000e+03
5.228100000000000000e+04 9.800000000000000000e+02
5.261400000000000000e+04 9.560000000000000000e+02
5.294700000000000000e+04 8.850000000000000000e+02
5.328000000000000000e+04 7.350000000000000000e+02
5.361300000000000000e+04 7.570000000000000000e+02
5.394600000000000000e+04 6.950000000000000000e+02
5.427900000000000000e+04 6.010000000000000000e+02
5.461200000000000000e+04 5.400000000000000000e+02
5.494500000000000000e+04 5.850000000000000000e+02
5.527800000000000000e+04 5.160000000000000000e+02
5.561100000000000000e+04 4.890000000000000000e+02
5.594400000000000000e+04 4.650000000000000000e+02
5.627700000000000000e+04 4.310000000000000000e+02
5.661000000000000000e+04 3.990000000000000000e+02
5.694300000000000000e+04 3.650000000000000000e+02
5.727600000000000000e+04 3.990000000000000000e+02
5.760900000000000000e+04 4.260000000000000000e+02
5.794200000000000000e+04 4.380000000000000000e+02
5.827500000000000000e+04 4.500000000000000000e+02
5.860800000000000000e+04 4.890000000000000000e+02
5.894100000000000000e+04 5.110000000000000000e+02
5.927400000000000000e+04 5.140000000000000000e+02
5.960700000000000000e+04 5.420000000000000000e+02
5.994000000000000000e+04 6.460000000000000000e+02
6.027300000000000000e+04 6.940000000000000000e+02
6.060600000000000000e+04 7.040000000000000000e+02
6.093900000000000000e+04 8.460000000000000000e+02
6.127200000000000000e+04 8.730000000000000000e+02
6.160500000000000000e+04 9.880000000000000000e+02
6.193800000000000000e+04 1.063000000000000000e+03
6.227100000000000000e+04 1.149000000000000000e+03
6.260400000000000000e+04 1.333000000000000000e+03
6.293700000000000000e+04 1.526000000000000000e+03
6.327000000000000000e+04 1.571000000000000000e+03
6.360300000000000000e+04 1.696000000000000000e+03
6.393600000000000000e+04 1.793000000000000000e+03
6.426900000000000000e+04 1.967000000000000000e+03
6.460200000000000000e+04 2.013000000000000000e+03
6.493500000000000000e+04 2.178000000000000000e+03
6.526800000000000000e+04 2.245000000000000000e+03
6.560100000000000000e+04 2.399000000000000000e+03
6.593400000000000000e+04 2.535000000000000000e+03
6.626700000000000000e+04 2.649000000000000000e+03
