0.000000000000000000e+00 2.139000000000000000e+03
1.670000000000000000e+02 2.269000000000000000e+03
3.340000000000000000e+02 2.216000000000000000e+03
5.010000000000000000e+02 2.324000000000000000e+03
6.680000000000000000e+02 2.403000000000000000e+03
8.350000000000000000e+02 2.489000000000000000e+03
1.002000000000000000e+03 2.580000000000000000e+03
1.169000000000000000e+03 2.657000000000000000e+03
1.336000000000000000e+03 2.688000000000000000e+03
1.503000000000000000e+03 2.662000000000000000e+03
1.670000000000000000e+03 2.765000000000000000e+03
1.837000000000000000e+03 2.784000000000000000e+03
2.004000000000000000e+03 2.893000000000000000e+03
2.171000000000000000e+03 2.853000000000000000e+03
2.338000000000000000e+03 2.921000000000000000e+03
2.505000000000000000e+03 2.856000000000000000e+03
2.672000000000000000e+03 2.922000000000000000e+03
2.839000000000000000e+03 2.943000000000000000e+03
3.006000000000000000e+03 2.873000000000000000e+03
3.173000000000000000e+03 2.925000000000000000e+03
3.340000000000000000e+03 2.907000000000000000e+03
3.507000000000000000e+03 3.051000000000000000e+03
3.674000000000000000e+03 2.991000000000000000e+03
3.841000000000000000e+03 2.928000000000000000e+03
4.008000000000000000e+03 2.993000000000000000e+03
4.175000000000000000e+03 2.958000000000000000e+03
4.342000000000000000e+03 2.890000000000000000e+03
4.509000000000000000e+03 2.919000000000000000e+03
4.676000000000000000e+03 2.928000000000000000e+03
4.843000000000000000e+03 2.844000000000000000e+03
5.010000000000000000e+03 2.816000000000000000e+03
5.177000000000000000e+03 2.793000000000000000e+03
5.344000000000000000e+03 2.827000000000000000e+03
5.511000000000000000e+03 2.572000000000000000e+03
5.678000000000000000e+03 2.606000000000000000e+03
5.845000000000000000e+03 2.609000000000000000e+03
6.012000000000000000e+03 2.405000000000000000e+03
6.179000000000000000e+03 2.528000000000000000e+03
6.346000000000000000e+03 2.543000000000000000e+03
6.513000000000000000e+03 2.227000000000000000e+03
6.680000000000000000e+03 2.246000000000000000e+03
6.847000000000000000e+03 2.256000000000000000e+03
7.014000000000000000e+03 2.136000000000000000e+03
7.181000000000000000e+03 2.080000000000000000e+03
7.348000000000000000e+03 2.030000000000000000e+03
7.515000000000000000e+03 1.946000000000000000e+03
7.682000000000000000e+03 1.820000000000000000e+03
7.849000000000000000e+03 1.709000000000000000e+03
8.016000000000000000e+03 1.650000000000000000e+03
8.183000000000000000e+03 1.575000000000000000e+03
8.350000000000000000e+03 1.479000000000000000e+03
8.517000000000000000e+03 1.328000000000000000e+03
8.684000000000000000e+03 1.414000000000000000e+03
8.851000000000000000e+03 1.240000000000000000e+03
9.018000000000000000e+03 1.213000000000000000e+03
9.185000000000000000e+03 1.085000000000000000e+03
9.352000000000000000e+03 9.830000000000000000e+02
9.519000000000000000e+03 9.030000000000000000e+02
9.686000000000000000e+03 9.120000000000000000e+02
9.853000000000000000e+03 7.940000000000000000e+02
1.002000000000000000e+04 6.800000000000000000e+02
1.018700000000000000e+04 7.170000000000000000e+02
1.035400000000000000e+04 6.440000000000000000e+02
1.052100000000000000e+04 6.650000000000000000e+02
1.068800000000000000e+04 5.580000000000000000e+02
1.085500000000000000e+04 5.180000000000000000e+02
1.102200000000000000e+04 4.940000000000000000e+02
1.118900000000000000e+04 5.070000000000000000e+02
1.135600000000000000e+04 4.870000000000000000e+02
1.152300000000000000e+04 4.320000000000000000e+02
1.169000000000000000e+04 4.280000000000000000e+02
1.185700000000000000e+04 4.000000000000000000e+02
1.202400000000000000e+04 4.080000000000000000e+02
1.219100000000000000e+04 3.840000000000000000e+02
1.235800000000000000e+04 3.810000000000000000e+02
1.252500000000000000e+04 4.150000000000000000e+02
1.269200000000000000e+04 4.220000000000000000e+02
1.285900000000000000e+04 4.070000000000000000e+02
1.302600000000000000e+04 4.340000000000000000e+02
1.319300000000000000e+04 4.760000000000000000e+02
1.336000000000000000e+04 4.780000000000000000e+02
1.352700000000000000e+04 5.470000000000000000e+02
1.369400000000000000e+04 5.700000000000000000e+02
1.386100000000000000e+04 6.700000000000000000e+02
1.402800000000000000e+04 7.410000000000000000e+02
1.419500000000000000e+04 7.320000000000000000e+02
1.436200000000000000e+04 8.300000000000000000e+02
1.452900000000000000e+04 8.970000000000000000e+02
1.469600000000000000e+04 1.005000000000000000e+03
1.486300000000000000e+04 1.120000000000000000e+03
1.503000000000000000e+04 1.197000000000000000e+03
1.519700000000000000e+04 1.300000000000000000e+03
1.536400000000000000e+04 1.412000000000000000e+03
1.553100000000000000e+04 1.433000000000000000e+03
1.569800000000000000e+04 1.652000000000000000e+03
1.586500000000000000e+04 1.746000000000000000e+03
1.603200000000000000e+04 1.690000000000000000e+03
1.619900000000000000e+04 1.856000000000000000e+03
1.636600000000000000e+04 1.924000000000000000e+03
1.653300000000000000e+04 2.153000000000000000e+03
1.670000000000000000e+04 2.190000000000000000e+03
1.686700000000000000e+04 2.244000000000000000e+03
1.703400000000000000e+04 2.351000000000000000e+03
1.720100000000000000e+04 2.431000000000000000e+03
1.736800000000000000e+04 2.529000000000000000e+03
1.753500000000000000e+04 2.499000000000000000e+03
1.770200000000000000e+04 2.583000000000000000e+03
1.786900000000000000e+04 2.707000000000000000e+03
1.803600000000000000e+04 2.676000000000000000e+03
1.820300000000000000e+04 2.727000000000000000e+03
1.837000000000000000e+04 2.680000000000000000e+03
1.853700000000000000e+04 2.737000000000000000e+03
1.870400000000000000e+04 2.793000000000000000e+03
1.887100000000000000e+04 2.944000000000000000e+03
1.903800000000000000e+04 2.868000000000000000e+03
1.920500000000000000e+04 2.911000000000000000e+03
1.937200000000000000e+04 2.815000000000000000e+03
1.953900000000000000e+04 2.924000000000000000e+03
1.970600000000000000e+04 2.928000000000000000e+03
1.987300000000000000e+04 2.989000000000000000e+03
2.004000000000000000e+04 2.923000000000000000e+03
2.020700000000000000e+04 2.942000000000000000e+03
2.037400000000000000e+04 2.913000000000000000e+03
2.054100000000000000e+04 2.949000000000000000e+03
2.070800000000000000e+04 2.913000000000000000e+03
2.087500000000000000e+04 2.959000000000000000e+03
2.104200000000000000e+04 2.829000000000000000e+03
2.120900000000000000e+04 2.885000000000000000e+03
2.137600000000000000e+04 2.947000000000000000e+03
2.154300000000000000e+04 2.889000000000000000e+03
2.171000000000000000e+04 2.797000000000000000e+03
2.187700000000000000e+04 2.817000000000000000e+03
2.204400000000000000e+04 2.712000000000000000e+03
2.221100000000000000e+04 2.611000000000000000e+03
2.237800000000000000e+04 2.610000000000000000e+03
2.254500000000000000e+04 2.549000000000000000e+03
2.271200000000000000e+04 2.578000000000000000e+03
2.287900000000000000e+04 2.503000000000000000e+03
2.304600000000000000e+04 2.467000000000000000e+03
2.321300000000000000e+04 2.496000000000000000e+03
2.338000000000000000e+04 2.263000000000000000e+03
2.354700000000000000e+04 2.221000000000000000e+03
2.371400000000000000e+04 2.196000000000000000e+03
2.388100000000000000e+04 2.100000000000000000e+03
2.404800000000000000e+04 1.948000000000000000e+03
2.421500000000000000e+04 1.890000000000000000e+03
2.438200000000000000e+04 1.830000000000000000e+03
2.454900000000000000e+04 1.764000000000000000e+03
2.471600000000000000e+04 1.627000000000000000e+03
2.488300000000000000e+04 1.566000000000000000e+03
2.505000000000000000e+04 1.515000000000000000e+03
2.521700000000000000e+04 1.375000000000000000e+03
2.538400000000000000e+04 1.387000000000000000e+03
2.555100000000000000e+04 1.191000000000000000e+03
2.571800000000000000e+04 1.174000000000000000e+03
2.588500000000000000e+04 1.064000000000000000e+03
2.605200000000000000e+04 1.010000000000000000e+03
2.621900000000000000e+04 9.170000000000000000e+02
2.638600000000000000e+04 8.070000000000000000e+02
2.655300000000000000e+04 8.180000000000000000e+02
2.672000000000000000e+04 7.460000000000000000e+02
2.688700000000000000e+04 6.810000000000000000e+02
2.705400000000000000e+04 6.240000000000000000e+02
2.722100000000000000e+04 5.990000000000000000e+02
2.738800000000000000e+04 5.850000000000000000e+02
2.755500000000000000e+04 4.710000000000000000e+02
2.772200000000000000e+04 5.110000000000000000e+02
2.788900000000000000e+04 4.670000000000000000e+02
2.805600000000000000e+04 4.420000000000000000e+02
2.822300000000000000e+04 4.560000000000000000e+02
2.839000000000000000e+04 4.360000000000000000e+02
2.855700000000000000e+04 4.170000000000000000e+02
2.872400000000000000e+04 3.840000000000000000e+02
2.889100000000000000e+04 3.900000000000000000e+02
2.905800000000000000e+04 3.990000000000000000e+02
2.922500000000000000e+04 4.070000000000000000e+02
2.939200000000000000e+04 4.170000000000000000e+02
2.955900000000000000e+04 4.050000000000000000e+02
2.972600000000000000e+04 4.390000000000000000e+02
2.989300000000000000e+04 4.870000000000000000e+02
3.006000000000000000e+04 4.840000000000000000e+02
3.022700000000000000e+04 5.620000000000000000e+02
3.039400000000000000e+04 5.620000000000000000e+02
3.056100000000000000e+04 6.400000000000000000e+02
3.072800000000000000e+04 6.980000000000000000e+02
3.089500000000000000e+04 7.850000000000000000e+02
3.106200000000000000e+04 8.720000000000000000e+02
3.122900000000000000e+04 9.280000000000000000e+02
3.139600000000000000e+04 1.004000000000000000e+03
3.156300000000000000e+04 1.127000000000000000e+03
3.173000000000000000e+04 1.161000000000000000e+03
3.189700000000000000e+04 1.264000000000000000e+03
3.206400000000000000e+04 1.433000000000000000e+03
3.223100000000000000e+04 1.561000000000000000e+03
3.239800000000000000e+04 1.588000000000000000e+03
3.256500000000000000e+04 1.741000000000000000e+03
3.273200000000000000e+04 1.896000000000000000e+03
3.289900000000000000e+04 1.903000000000000000e+03
3.306600000000000000e+04 1.991000000000000000e+03
