0.000000000000000000e+00 2.863000000000000000e+03
2.500000000000000000e+02 3.036000000000000000e+03
5.000000000000000000e+02 3.242000000000000000e+03
7.500000000000000000e+02 3.257000000000000000e+03
1.000000000000000000e+03 3.324000000000000000e+03
1.250000000000000000e+03 3.473000000000000000e+03
1.500000000000000000e+03 3.584000000000000000e+03
1.750000000000000000e+03 3.456000000000000000e+03
2.000000000000000000e+03 3.638000000000000000e+03
2.250000000000000000e+03 3.768000000000000000e+03
2.500000000000000000e+03 3.649000000000000000e+03
2.750000000000000000e+03 3.782000000000000000e+03
3.000000000000000000e+03 3.793000000000000000e+03
3.250000000000000000e+03 3.859000000000000000e+03
3.500000000000000000e+03 3.900000000000000000e+03
3.750000000000000000e+03 4.003000000000000000e+03
4.000000000000000000e+03 4.065000000000000000e+03
4.250000000000000000e+03 4.000000000000000000e+03
4.500000000000000000e+03 3.934000000000000000e+03
4.750000000000000000e+03 3.947000000000000000e+03
5.000000000000000000e+03 4.060000000000000000e+03
5.250000000000000000e+03 3.937000000000000000e+03
5.500000000000000000e+03 3.972000000000000000e+03
5.750000000000000000e+03 3.941000000000000000e+03
6.000000000000000000e+03 3.961000000000000000e+03
6.250000000000000000e+03 3.839000000000000000e+03
6.500000000000000000e+03 3.973000000000000000e+03
6.750000000000000000e+03 3.927000000000000000e+03
7.000000000000000000e+03 3.786000000000000000e+03
7.250000000000000000e+03 3.734000000000000000e+03
7.500000000000000000e+03 3.827000000000000000e+03
7.750000000000000000e+03 3.690000000000000000e+03
8.000000000000000000e+03 3.703000000000000000e+03
8.250000000000000000e+03 3.596000000000000000e+03
8.500000000000000000e+03 3.407000000000000000e+03
8.750000000000000000e+03 3.434000000000000000e+03
9.000000000000000000e+03 3.361000000000000000e+03
9.250000000000000000e+03 3.421000000000000000e+03
9.500000000000000000e+03 3.326000000000000000e+03
9.750000000000000000e+03 3.170000000000000000e+03
1.000000000000000000e+04 3.027000000000000000e+03
1.025000000000000000e+04 2.948000000000000000e+03
1.050000000000000000e+04 2.794000000000000000e+03
1.075000000000000000e+04 2.783000000000000000e+03
1.100000000000000000e+04 2.729000000000000000e+03
1.125000000000000000e+04 2.497000000000000000e+03
1.150000000000000000e+04 2.449000000000000000e+03
1.175000000000000000e+04 2.271000000000000000e+03
1.200000000000000000e+04 2.054000000000000000e+03
1.225000000000000000e+04 2.004000000000000000e+03
1.250000000000000000e+04 1.981000000000000000e+03
1.275000000000000000e+04 1.673000000000000000e+03
1.300000000000000000e+04 1.659000000000000000e+03
1.325000000000000000e+04 1.563000000000000000e+03
1.350000000000000000e+04 1.423000000000000000e+03
1.375000000000000000e+04 1.255000000000000000e+03
1.400000000000000000e+04 1.189000000000000000e+03
1.425000000000000000e+04 1.115000000000000000e+03
1.450000000000000000e+04 1.074000000000000000e+03
1.475000000000000000e+04 9.670000000000000000e+02
1.500000000000000000e+04 9.130000000000000000e+02
1.525000000000000000e+04 8.150000000000000000e+02
1.550000000000000000e+04 7.140000000000000000e+02
1.575000000000000000e+04 6.740000000000000000e+02
1.600000000000000000e+04 6.410000000000000000e+02
1.625000000000000000e+04 5.760000000000000000e+02
1.650000000000000000e+04 5.630000000000000000e+02
1.675000000000000000e+04 5.070000000000000000e+02
1.700000000000000000e+04 5.110000000000000000e+02
1.725000000000000000e+04 4.450000000000000000e+02
1.750000000000000000e+04 4.430000000000000000e+02
1.775000000000000000e+04 5.020000000000000000e+02
1.800000000000000000e+04 4.890000000000000000e+02
1.825000000000000000e+04 4.600000000000000000e+02
1.850000000000000000e+04 4.650000000000000000e+02
1.875000000000000000e+04 4.470000000000000000e+02
1.900000000000000000e+04 4.830000000000000000e+02
1.925000000000000000e+04 5.190000000000000000e+02
1.950000000000000000e+04 4.910000000000000000e+02
1.975000000000000000e+04 6.130000000000000000e+02
2.000000000000000000e+04 6.700000000000000000e+02
2.025000000000000000e+04 6.730000000000000000e+02
2.050000000000000000e+04 7.420000000000000000e+02
2.075000000000000000e+04 8.950000000000000000e+02
2.100000000000000000e+04 8.880000000000000000e+02
2.125000000000000000e+04 1.030000000000000000e+03
2.150000000000000000e+04 1.138000000000000000e+03
2.175000000000000000e+04 1.270000000000000000e+03
2.200000000000000000e+04 1.339000000000000000e+03
2.225000000000000000e+04 1.522000000000000000e+03
2.250000000000000000e+04 1.737000000000000000e+03
2.275000000000000000e+04 1.789000000000000000e+03
2.300000000000000000e+04 1.950000000000000000e+03
2.325000000000000000e+04 2.024000000000000000e+03
2.350000000000000000e+04 2.186000000000000000e+03
2.375000000000000000e+04 2.303000000000000000e+03
2.400000000000000000e+04 2.384000000000000000e+03
2.425000000000000000e+04 2.557000000000000000e+03
2.450000000000000000e+04 2.810000000000000000e+03
2.475000000000000000e+04 2.854000000000000000e+03
2.500000000000000000e+04 2.980000000000000000e+03
2.525000000000000000e+04 2.967000000000000000e+03
2.550000000000000000e+04 3.119000000000000000e+03
2.575000000000000000e+04 3.333000000000000000e+03
2.600000000000000000e+04 3.286000000000000000e+03
2.625000000000000000e+04 3.485000000000000000e+03
2.650000000000000000e+04 3.512000000000000000e+03
2.675000000000000000e+04 3.496000000000000000e+03
2.700000000000000000e+04 3.585000000000000000e+03
2.725000000000000000e+04 3.720000000000000000e+03
2.750000000000000000e+04 3.732000000000000000e+03
2.775000000000000000e+04 3.729000000000000000e+03
2.800000000000000000e+04 3.699000000000000000e+03
2.825000000000000000e+04 3.836000000000000000e+03
2.850000000000000000e+04 3.845000000000000000e+03
2.875000000000000000e+04 3.908000000000000000e+03
2.900000000000000000e+04 3.963000000000000000e+03
2.925000000000000000e+04 3.981000000000000000e+03
2.950000000000000000e+04 4.069000000000000000e+03
2.975000000000000000e+04 3.982000000000000000e+03
3.000000000000000000e+04 3.988000000000000000e+03
3.025000000000000000e+04 3.979000000000000000e+03
3.050000000000000000e+04 3.971000000000000000e+03
3.075000000000000000e+04 3.975000000000000000e+03
3.100000000000000000e+04 3.961000000000000000e+03
3.125000000000000000e+04 3.935000000000000000e+03
3.150000000000000000e+04 3.987000000000000000e+03
3.175000000000000000e+04 3.986000000000000000e+03
3.200000000000000000e+04 4.045000000000000000e+03
3.225000000000000000e+04 3.817000000000000000e+03
3.250000000000000000e+04 3.764000000000000000e+03
3.275000000000000000e+04 3.715000000000000000e+03
3.300000000000000000e+04 3.746000000000000000e+03
3.325000000000000000e+04 3.626000000000000000e+03
3.350000000000000000e+04 3.562000000000000000e+03
3.375000000000000000e+04 3.528000000000000000e+03
3.400000000000000000e+04 3.355000000000000000e+03
3.425000000000000000e+04 3.367000000000000000e+03
3.450000000000000000e+04 3.130000000000000000e+03
3.475000000000000000e+04 3.106000000000000000e+03
3.500000000000000000e+04 3.036000000000000000e+03
3.525000000000000000e+04 3.037000000000000000e+03
3.550000000000000000e+04 2.838000000000000000e+03
3.575000000000000000e+04 2.787000000000000000e+03
3.600000000000000000e+04 2.695000000000000000e+03
3.625000000000000000e+04 2.574000000000000000e+03
3.650000000000000000e+04 2.359000000000000000e+03
3.675000000000000000e+04 2.300000000000000000e+03
3.700000000000000000e+04 2.139000000000000000e+03
3.725000000000000000e+04 2.065000000000000000e+03
3.750000000000000000e+04 1.856000000000000000e+03
3.775000000000000000e+04 1.913000000000000000e+03
3.800000000000000000e+04 1.698000000000000000e+03
3.825000000000000000e+04 1.579000000000000000e+03
3.850000000000000000e+04 1.404000000000000000e+03
3.875000000000000000e+04 1.366000000000000000e+03
3.900000000000000000e+04 1.183000000000000000e+03
3.925000000000000000e+04 1.172000000000000000e+03
3.950000000000000000e+04 1.047000000000000000e+03
3.975000000000000000e+04 9.860000000000000000e+02
4.000000000000000000e+04 8.820000000000000000e+02
4.025000000000000000e+04 8.430000000000000000e+02
4.050000000000000000e+04 7.610000000000000000e+02
4.075000000000000000e+04 6.210000000000000000e+02
4.100000000000000000e+04 6.480000000000000000e+02
4.125000000000000000e+04 6.180000000000000000e+02
4.150000000000000000e+04 5.830000000000000000e+02
4.175000000000000000e+04 5.480000000000000000e+02
4.200000000000000000e+04 4.400000000000000000e+02
4.225000000000000000e+04 5.040000000000000000e+02
4.250000000000000000e+04 4.590000000000000000e+02
4.275000000000000000e+04 4.540000000000000000e+02
4.300000000000000000e+04 4.610000000000000000e+02
4.325000000000000000e+04 4.440000000000000000e+02
4.350000000000000000e+04 4.450000000000000000e+02
4.375000000000000000e+04 4.520000000000000000e+02
4.400000000000000000e+04 4.880000000000000000e+02
4.425000000000000000e+04 5.390000000000000000e+02
4.450000000000000000e+04 5.800000000000000000e+02
4.475000000000000000e+04 5.960000000000000000e+02
4.500000000000000000e+04 6.660000000000000000e+02
4.525000000000000000e+04 7.400000000000000000e+02
4.550000000000000000e+04 7.930000000000000000e+02
4.575000000000000000e+04 8.610000000000000000e+02
4.600000000000000000e+04 9.320000000000000000e+02
4.625000000000000000e+04 9.870000000000000000e+02
4.650000000000000000e+04 1.095000000000000000e+03
4.675000000000000000e+04 1.247000000000000000e+03
4.700000000000000000e+04 1.409000000000000000e+03
4.725000000000000000e+04 1.575000000000000000e+03
4.750000000000000000e+04 1.637000000000000000e+03
4.775000000000000000e+04 1.762000000000000000e+03
4.800000000000000000e+04 1.861000000000000000e+03
4.825000000000000000e+04 2.030000000000000000e+03
4.850000000000000000e+04 2.212000000000000000e+03
4.875000000000000000e+04 2.376000000000000000e+03
4.900000000000000000e+04 2.506000000000000000e+03
4.925000000000000000e+04 2.561000000000000000e+03
4.950000000000000000e+04 2.835000000000000000e+03
4.975000000000000000e+04 2.873000000000000000e+03
