0.000000000000000000e+00 1.586000000000000000e+03
1.700000000000000000e+01 1.564000000000000000e+03
3.400000000000000000e+01 1.603000000000000000e+03
5.100000000000000000e+01 1.697000000000000000e+03
6.800000000000000000e+01 1.859000000000000000e+03
8.500000000000000000e+01 1.821000000000000000e+03
1.020000000000000000e+02 1.926000000000000000e+03
1.190000000000000000e+02 2.004000000000000000e+03
1.360000000000000000e+02 2.099000000000000000e+03
1.530000000000000000e+02 2.131000000000000000e+03
1.700000000000000000e+02 2.234000000000000000e+03
1.870000000000000000e+02 2.244000000000000000e+03
2.040000000000000000e+02 2.204000000000000000e+03
2.210000000000000000e+02 2.352000000000000000e+03
2.380000000000000000e+02 2.451000000000000000e+03
2.550000000000000000e+02 2.443000000000000000e+03
2.720000000000000000e+02 2.524000000000000000e+03
2.890000000000000000e+02 2.522000000000000000e+03
3.060000000000000000e+02 2.517000000000000000e+03
3.230000000000000000e+02 2.494000000000000000e+03
3.400000000000000000e+02 2.644000000000000000e+03
3.570000000000000000e+02 2.831000000000000000e+03
3.740000000000000000e+02 2.759000000000000000e+03
3.910000000000000000e+02 2.845000000000000000e+03
4.080000000000000000e+02 2.880000000000000000e+03
4.250000000000000000e+02 2.836000000000000000e+03
4.420000000000000000e+02 2.868000000000000000e+03
4.590000000000000000e+02 2.879000000000000000e+03
4.760000000000000000e+02 2.952000000000000000e+03
4.930000000000000000e+02 2.927000000000000000e+03
5.100000000000000000e+02 2.843000000000000000e+03
5.270000000000000000e+02 2.949000000000000000e+03
5.440000000000000000e+02 2.969000000000000000e+03
5.610000000000000000e+02 3.101000000000000000e+03
5.780000000000000000e+02 3.009000000000000000e+03
5.950000000000000000e+02 3.035000000000000000e+03
6.120000000000000000e+02 3.022000000000000000e+03
6.290000000000000000e+02 2.928000000000000000e+03
6.460000000000000000e+02 2.981000000000000000e+03
6.630000000000000000e+02 2.992000000000000000e+03
6.800000000000000000e+02 2.854000000000000000e+03
6.970000000000000000e+02 2.880000000000000000e+03
7.140000000000000000e+02 2.864000000000000000e+03
7.310000000000000000e+02 2.771000000000000000e+03
7.480000000000000000e+02 2.720000000000000000e+03
7.650000000000000000e+02 2.759000000000000000e+03
7.820000000000000000e+02 2.628000000000000000e+03
7.990000000000000000e+02 2.644000000000000000e+03
8.160000000000000000e+02 2.512000000000000000e+03
8.330000000000000000e+02 2.507000000000000000e+03
8.500000000000000000e+02 2.507000000000000000e+03
8.670000000000000000e+02 2.557000000000000000e+03
8.840000000000000000e+02 2.337000000000000000e+03
9.010000000000000000e+02 2.260000000000000000e+03
9.180000000000000000e+02 2.268000000000000000e+03
9.350000000000000000e+02 2.185000000000000000e+03
9.520000000000000000e+02 2.192000000000000000e+03
9.690000000000000000e+02 2.134000000000000000e+03
9.860000000000000000e+02 2.217000000000000000e+03
1.003000000000000000e+03 1.973000000000000000e+03
1.020000000000000000e+03 1.983000000000000000e+03
1.037000000000000000e+03 1.914000000000000000e+03
1.054000000000000000e+03 1.783000000000000000e+03
1.071000000000000000e+03 1.751000000000000000e+03
1.088000000000000000e+03 1.845000000000000000e+03
1.105000000000000000e+03 1.731000000000000000e+03
1.122000000000000000e+03 1.664000000000000000e+03
1.139000000000000000e+03 1.483000000000000000e+03
1.156000000000000000e+03 1.548000000000000000e+03
1.173000000000000000e+03 1.512000000000000000e+03
1.190000000000000000e+03 1.460000000000000000e+03
1.207000000000000000e+03 1.441000000000000000e+03
1.224000000000000000e+03 1.391000000000000000e+03
1.241000000000000000e+03 1.369000000000000000e+03
1.258000000000000000e+03 1.380000000000000000e+03
1.275000000000000000e+03 1.276000000000000000e+03
1.292000000000000000e+03 1.253000000000000000e+03
1.309000000000000000e+03 1.252000000000000000e+03
1.326000000000000000e+03 1.237000000000000000e+03
1.343000000000000000e+03 1.250000000000000000e+03
1.360000000000000000e+03 1.287000000000000000e+03
1.377000000000000000e+03 1.268000000000000000e+03
1.394000000000000000e+03 1.153000000000000000e+03
1.411000000000000000e+03 1.167000000000000000e+03
1.428000000000000000e+03 1.190000000000000000e+03
1.445000000000000000e+03 1.219000000000000000e+03
1.462000000000000000e+03 1.264000000000000000e+03
1.479000000000000000e+03 1.253000000000000000e+03
1.496000000000000000e+03 1.223000000000000000e+03
1.513000000000000000e+03 1.269000000000000000e+03
1.530000000000000000e+03 1.292000000000000000e+03
1.547000000000000000e+03 1.309000000000000000e+03
1.564000000000000000e+03 1.289000000000000000e+03
1.581000000000000000e+03 1.384000000000000000e+03
1.598000000000000000e+03 1.442000000000000000e+03
1.615000000000000000e+03 1.489000000000000000e+03
1.632000000000000000e+03 1.485000000000000000e+03
1.649000000000000000e+03 1.515000000000000000e+03
1.666000000000000000e+03 1.664000000000000000e+03
1.683000000000000000e+03 1.677000000000000000e+03
1.700000000000000000e+03 1.673000000000000000e+03
1.717000000000000000e+03 1.776000000000000000e+03
1.734000000000000000e+03 1.864000000000000000e+03
1.751000000000000000e+03 1.805000000000000000e+03
1.768000000000000000e+03 1.891000000000000000e+03
1.785000000000000000e+03 2.066000000000000000e+03
1.802000000000000000e+03 1.954000000000000000e+03
1.819000000000000000e+03 2.102000000000000000e+03
1.836000000000000000e+03 2.132000000000000000e+03
1.853000000000000000e+03 2.304000000000000000e+03
1.870000000000000000e+03 2.242000000000000000e+03
1.887000000000000000e+03 2.389000000000000000e+03
1.904000000000000000e+03 2.411000000000000000e+03
1.921000000000000000e+03 2.393000000000000000e+03
1.938000000000000000e+03 2.580000000000000000e+03
1.955000000000000000e+03 2.552000000000000000e+03
1.972000000000000000e+03 2.524000000000000000e+03
1.989000000000000000e+03 2.677000000000000000e+03
2.006000000000000000e+03 2.732000000000000000e+03
2.023000000000000000e+03 2.786000000000000000e+03
2.040000000000000000e+03 2.713000000000000000e+03
2.057000000000000000e+03 2.760000000000000000e+03
2.074000000000000000e+03 2.792000000000000000e+03
2.091000000000000000e+03 2.963000000000000000e+03
2.108000000000000000e+03 2.932000000000000000e+03
2.125000000000000000e+03 2.856000000000000000e+03
2.142000000000000000e+03 2.956000000000000000e+03
2.159000000000000000e+03 2.919000000000000000e+03
2.176000000000000000e+03 2.996000000000000000e+03
2.193000000000000000e+03 2.916000000000000000e+03
2.210000000000000000e+03 2.930000000000000000e+03
2.227000000000000000e+03 3.000000000000000000e+03
2.244000000000000000e+03 2.948000000000000000e+03
2.261000000000000000e+03 2.971000000000000000e+03
2.278000000000000000e+03 2.973000000000000000e+03
2.295000000000000000e+03 2.943000000000000000e+03
2.312000000000000000e+03 2.866000000000000000e+03
2.329000000000000000e+03 2.895000000000000000e+03
2.346000000000000000e+03 2.867000000000000000e+03
2.363000000000000000e+03 2.790000000000000000e+03
2.380000000000000000e+03 2.790000000000000000e+03
2.397000000000000000e+03 2.847000000000000000e+03
2.414000000000000000e+03 2.773000000000000000e+03
2.431000000000000000e+03 2.694000000000000000e+03
2.448000000000000000e+03 2.713000000000000000e+03
2.465000000000000000e+03 2.556000000000000000e+03
2.482000000000000000e+03 2.659000000000000000e+03
2.499000000000000000e+03 2.549000000000000000e+03
2.516000000000000000e+03 2.434000000000000000e+03
2.533000000000000000e+03 2.437000000000000000e+03
2.550000000000000000e+03 2.462000000000000000e+03
2.567000000000000000e+03 2.287000000000000000e+03
2.584000000000000000e+03 2.205000000000000000e+03
2.601000000000000000e+03 2.261000000000000000e+03
2.618000000000000000e+03 2.133000000000000000e+03
2.635000000000000000e+03 2.119000000000000000e+03
2.652000000000000000e+03 2.053000000000000000e+03
2.669000000000000000e+03 2.054000000000000000e+03
2.686000000000000000e+03 1.999000000000000000e+03
2.703000000000000000e+03 1.919000000000000000e+03
2.720000000000000000e+03 1.830000000000000000e+03
2.737000000000000000e+03 1.832000000000000000e+03
2.754000000000000000e+03 1.772000000000000000e+03
2.771000000000000000e+03 1.682000000000000000e+03
2.788000000000000000e+03 1.681000000000000000e+03
2.805000000000000000e+03 1.631000000000000000e+03
2.822000000000000000e+03 1.528000000000000000e+03
2.839000000000000000e+03 1.554000000000000000e+03
2.856000000000000000e+03 1.428000000000000000e+03
2.873000000000000000e+03 1.490000000000000000e+03
2.890000000000000000e+03 1.450000000000000000e+03
2.907000000000000000e+03 1.306000000000000000e+03
2.924000000000000000e+03 1.402000000000000000e+03
2.941000000000000000e+03 1.233000000000000000e+03
2.958000000000000000e+03 1.325000000000000000e+03
2.975000000000000000e+03 1.263000000000000000e+03
2.992000000000000000e+03 1.207000000000000000e+03
3.009000000000000000e+03 1.239000000000000000e+03
3.026000000000000000e+03 1.241000000000000000e+03
3.043000000000000000e+03 1.258000000000000000e+03
3.060000000000000000e+03 1.207000000000000000e+03
3.077000000000000000e+03 1.269000000000000000e+03
3.094000000000000000e+03 1.172000000000000000e+03
3.111000000000000000e+03 1.198000000000000000e+03
3.128000000000000000e+03 1.233000000000000000e+03
3.145000000000000000e+03 1.271000000000000000e+03
3.162000000000000000e+03 1.241000000000000000e+03
3.179000000000000000e+03 1.284000000000000000e+03
3.196000000000000000e+03 1.332000000000000000e+03
3.213000000000000000e+03 1.304000000000000000e+03
3.230000000000000000e+03 1.284000000000000000e+03
3.247000000000000000e+03 1.338000000000000000e+03
3.264000000000000000e+03 1.450000000000000000e+03
3.281000000000000000e+03 1.467000000000000000e+03
3.298000000000000000e+03 1.447000000000000000e+03
3.315000000000000000e+03 1.506000000000000000e+03
