0.000000000000000000e+00 6.613000000000000000e+03
1.000000000000000000e+02 6.912000000000000000e+03
2.000000000000000000e+02 6.920000000000000000e+03
3.000000000000000000e+02 7.176000000000000000e+03
4.000000000000000000e+02 7.340000000000000000e+03
5.000000000000000000e+02 7.314000000000000000e+03
6.000000000000000000e+02 7.581000000000000000e+03
7.000000000000000000e+02 7.517000000000000000e+03
8.000000000000000000e+02 7.549000000000000000e+03
9.000000000000000000e+02 7.685000000000000000e+03
1.000000000000000000e+03 7.795000000000000000e+03
1.100000000000000000e+03 7.832000000000000000e+03
1.200000000000000000e+03 7.813000000000000000e+03
1.300000000000000000e+03 7.851000000000000000e+03
1.400000000000000000e+03 7.860000000000000000e+03
1.500000000000000000e+03 7.932000000000000000e+03
1.600000000000000000e+03 7.678000000000000000e+03
1.700000000000000000e+03 7.965000000000000000e+03
1.800000000000000000e+03 7.779000000000000000e+03
1.900000000000000000e+03 7.911000000000000000e+03
2.000000000000000000e+03 7.981000000000000000e+03
2.100000000000000000e+03 7.996000000000000000e+03
2.200000000000000000e+03 7.920000000000000000e+03
2.300000000000000000e+03 7.886000000000000000e+03
2.400000000000000000e+03 7.778000000000000000e+03
2.500000000000000000e+03 8.000000000000000000e+03
2.600000000000000000e+03 7.966000000000000000e+03
2.700000000000000000e+03 7.824000000000000000e+03
2.800000000000000000e+03 7.688000000000000000e+03
2.900000000000000000e+03 7.576000000000000000e+03
3.000000000000000000e+03 7.522000000000000000e+03
3.100000000000000000e+03 7.558000000000000000e+03
3.200000000000000000e+03 7.371000000000000000e+03
3.300000000000000000e+03 7.484000000000000000e+03
3.400000000000000000e+03 7.368000000000000000e+03
3.500000000000000000e+03 7.151000000000000000e+03
3.600000000000000000e+03 6.964000000000000000e+03
3.700000000000000000e+03 6.998000000000000000e+03
3.800000000000000000e+03 6.814000000000000000e+03
3.900000000000000000e+03 6.901000000000000000e+03
4.000000000000000000e+03 6.656000000000000000e+03
4.100000000000000000e+03 6.705000000000000000e+03
4.200000000000000000e+03 6.388000000000000000e+03
4.300000000000000000e+03 6.288000000000000000e+03
4.400000000000000000e+03 6.034000000000000000e+03
4.500000000000000000e+03 5.980000000000000000e+03
4.600000000000000000e+03 5.734000000000000000e+03
4.700000000000000000e+03 5.345000000000000000e+03
4.800000000000000000e+03 5.280000000000000000e+03
4.900000000000000000e+03 5.138000000000000000e+03
5.000000000000000000e+03 4.902000000000000000e+03
5.100000000000000000e+03 4.604000000000000000e+03
5.200000000000000000e+03 4.593000000000000000e+03
5.300000000000000000e+03 4.248000000000000000e+03
5.400000000000000000e+03 4.130000000000000000e+03
5.500000000000000000e+03 3.867000000000000000e+03
5.600000000000000000e+03 3.758000000000000000e+03
5.700000000000000000e+03 3.420000000000000000e+03
5.800000000000000000e+03 3.184000000000000000e+03
5.900000000000000000e+03 3.058000000000000000e+03
6.000000000000000000e+03 2.896000000000000000e+03
6.100000000000000000e+03 2.713000000000000000e+03
6.200000000000000000e+03 2.515000000000000000e+03
6.300000000000000000e+03 2.474000000000000000e+03
6.400000000000000000e+03 2.445000000000000000e+03
6.500000000000000000e+03 2.198000000000000000e+03
6.600000000000000000e+03 2.091000000000000000e+03
6.700000000000000000e+03 2.039000000000000000e+03
6.800000000000000000e+03 2.056000000000000000e+03
6.900000000000000000e+03 1.940000000000000000e+03
7.000000000000000000e+03 1.967000000000000000e+03
7.100000000000000000e+03 1.880000000000000000e+03
7.200000000000000000e+03 1.918000000000000000e+03
7.300000000000000000e+03 1.952000000000000000e+03
7.400000000000000000e+03 2.031000000000000000e+03
7.500000000000000000e+03 2.090000000000000000e+03
7.600000000000000000e+03 2.162000000000000000e+03
7.700000000000000000e+03 2.232000000000000000e+03
7.800000000000000000e+03 2.360000000000000000e+03
7.900000000000000000e+03 2.529000000000000000e+03
8.000000000000000000e+03 2.650000000000000000e+03
8.100000000000000000e+03 2.932000000000000000e+03
8.200000000000000000e+03 3.153000000000000000e+03
8.300000000000000000e+03 3.402000000000000000e+03
8.400000000000000000e+03 3.532000000000000000e+03
8.500000000000000000e+03 3.701000000000000000e+03
8.600000000000000000e+03 3.962000000000000000e+03
8.700000000000000000e+03 4.227000000000000000e+03
8.800000000000000000e+03 4.488000000000000000e+03
8.900000000000000000e+03 4.628000000000000000e+03
9.000000000000000000e+03 4.800000000000000000e+03
9.100000000000000000e+03 5.084000000000000000e+03
9.200000000000000000e+03 5.539000000000000000e+03
9.300000000000000000e+03 5.477000000000000000e+03
9.400000000000000000e+03 5.636000000000000000e+03
9.500000000000000000e+03 5.824000000000000000e+03
9.600000000000000000e+03 6.176000000000000000e+03
9.700000000000000000e+03 6.258000000000000000e+03
9.800000000000000000e+03 6.618000000000000000e+03
9.900000000000000000e+03 6.580000000000000000e+03
1.000000000000000000e+04 6.655000000000000000e+03
1.010000000000000000e+04 6.891000000000000000e+03
1.020000000000000000e+04 7.031000000000000000e+03
1.030000000000000000e+04 7.231000000000000000e+03
1.040000000000000000e+04 7.347000000000000000e+03
1.050000000000000000e+04 7.497000000000000000e+03
1.060000000000000000e+04 7.500000000000000000e+03
1.070000000000000000e+04 7.649000000000000000e+03
1.080000000000000000e+04 7.544000000000000000e+03
1.090000000000000000e+04 7.581000000000000000e+03
1.100000000000000000e+04 7.750000000000000000e+03
1.110000000000000000e+04 7.841000000000000000e+03
1.120000000000000000e+04 7.693000000000000000e+03
1.130000000000000000e+04 7.758000000000000000e+03
1.140000000000000000e+04 7.856000000000000000e+03
1.150000000000000000e+04 7.907000000000000000e+03
1.160000000000000000e+04 7.843000000000000000e+03
1.170000000000000000e+04 7.784000000000000000e+03
1.180000000000000000e+04 7.924000000000000000e+03
1.190000000000000000e+04 7.946000000000000000e+03
1.200000000000000000e+04 7.822000000000000000e+03
1.210000000000000000e+04 7.971000000000000000e+03
1.220000000000000000e+04 7.707000000000000000e+03
1.230000000000000000e+04 7.907000000000000000e+03
1.240000000000000000e+04 7.828000000000000000e+03
1.250000000000000000e+04 7.749000000000000000e+03
1.260000000000000000e+04 7.795000000000000000e+03
1.270000000000000000e+04 7.919000000000000000e+03
1.280000000000000000e+04 7.750000000000000000e+03
1.290000000000000000e+04 7.584000000000000000e+03
1.300000000000000000e+04 7.565000000000000000e+03
1.310000000000000000e+04 7.622000000000000000e+03
1.320000000000000000e+04 7.460000000000000000e+03
1.330000000000000000e+04 7.386000000000000000e+03
1.340000000000000000e+04 7.334000000000000000e+03
1.350000000000000000e+04 7.205000000000000000e+03
1.360000000000000000e+04 7.003000000000000000e+03
1.370000000000000000e+04 6.875000000000000000e+03
1.380000000000000000e+04 6.810000000000000000e+03
1.390000000000000000e+04 6.882000000000000000e+03
1.400000000000000000e+04 6.613000000000000000e+03
1.410000000000000000e+04 6.635000000000000000e+03
1.420000000000000000e+04 6.162000000000000000e+03
1.430000000000000000e+04 6.240000000000000000e+03
1.440000000000000000e+04 5.965000000000000000e+03
1.450000000000000000e+04 5.915000000000000000e+03
1.460000000000000000e+04 5.624000000000000000e+03
1.470000000000000000e+04 5.491000000000000000e+03
1.480000000000000000e+04 5.287000000000000000e+03
1.490000000000000000e+04 5.033000000000000000e+03
1.500000000000000000e+04 4.838000000000000000e+03
1.510000000000000000e+04 4.724000000000000000e+03
1.520000000000000000e+04 4.440000000000000000e+03
1.530000000000000000e+04 4.224000000000000000e+03
1.540000000000000000e+04 4.034000000000000000e+03
1.550000000000000000e+04 3.842000000000000000e+03
1.560000000000000000e+04 3.700000000000000000e+03
1.570000000000000000e+04 3.388000000000000000e+03
1.580000000000000000e+04 3.255000000000000000e+03
1.590000000000000000e+04 3.026000000000000000e+03
1.600000000000000000e+04 2.925000000000000000e+03
1.610000000000000000e+04 2.710000000000000000e+03
1.620000000000000000e+04 2.551000000000000000e+03
1.630000000000000000e+04 2.531000000000000000e+03
1.640000000000000000e+04 2.374000000000000000e+03
1.650000000000000000e+04 2.160000000000000000e+03
1.660000000000000000e+04 2.165000000000000000e+03
1.670000000000000000e+04 2.064000000000000000e+03
1.680000000000000000e+04 2.049000000000000000e+03
1.690000000000000000e+04 2.026000000000000000e+03
1.700000000000000000e+04 1.930000000000000000e+03
1.710000000000000000e+04 2.008000000000000000e+03
1.720000000000000000e+04 1.959000000000000000e+03
1.730000000000000000e+04 1.905000000000000000e+03
1.740000000000000000e+04 2.024000000000000000e+03
1.750000000000000000e+04 2.057000000000000000e+03
1.760000000000000000e+04 2.175000000000000000e+03
1.770000000000000000e+04 2.203000000000000000e+03
1.780000000000000000e+04 2.437000000000000000e+03
1.790000000000000000e+04 2.695000000000000000e+03
1.800000000000000000e+04 2.757000000000000000e+03
1.810000000000000000e+04 2.984000000000000000e+03
1.820000000000000000e+04 3.235000000000000000e+03
1.830000000000000000e+04 3.384000000000000000e+03
1.840000000000000000e+04 3.518000000000000000e+03
1.850000000000000000e+04 3.861000000000000000e+03
1.860000000000000000e+04 4.084000000000000000e+03
1.870000000000000000e+04 4.240000000000000000e+03
1.880000000000000000e+04 4.471000000000000000e+03
1.890000000000000000e+04 4.752000000000000000e+03
1.900000000000000000e+04 4.874000000000000000e+03
1.910000000000000000e+04 5.168000000000000000e+03
1.920000000000000000e+04 5.388000000000000000e+03
1.930000000000000000e+04 5.592000000000000000e+03
1.940000000000000000e+04 5.758000000000000000e+03
1.950000000000000000e+04 5.896000000000000000e+03
1.960000000000000000e+04 6.147000000000000000e+03
1.970000000000000000e+04 6.191000000000000000e+03
1.980000000000000000e+04 6.446000000000000000e+03
1.990000000000000000e+04 6.567000000000000000e+03
