0.000000000000000000e+00 1.036200000000000000e+04
1.667000000000000000e+03 1.026500000000000000e+04
3.334000000000000000e+03 1.070500000000000000e+04
5.001000000000000000e+03 1.077400000000000000e+04
6.668000000000000000e+03 1.086500000000000000e+04
8.335000000000000000e+03 1.126500000000000000e+04
1.000200000000000000e+04 1.123600000000000000e+04
1.166900000000000000e+04 1.132400000000000000e+04
1.333600000000000000e+04 1.132900000000000000e+04
1.500300000000000000e+04 1.141900000000000000e+04
1.667000000000000000e+04 1.171800000000000000e+04
1.833700000000000000e+04 1.151700000000000000e+04
2.000400000000000000e+04 1.174400000000000000e+04
2.167100000000000000e+04 1.175600000000000000e+04
2.333800000000000000e+04 1.184000000000000000e+04
2.500500000000000000e+04 1.166100000000000000e+04
2.667200000000000000e+04 1.166200000000000000e+04
2.833900000000000000e+04 1.201300000000000000e+04
3.000600000000000000e+04 1.197600000000000000e+04
3.167300000000000000e+04 1.184900000000000000e+04
3.334000000000000000e+04 1.198000000000000000e+04
3.500700000000000000e+04 1.177400000000000000e+04
3.667400000000000000e+04 1.175200000000000000e+04
3.834100000000000000e+04 1.197500000000000000e+04
4.000800000000000000e+04 1.176500000000000000e+04
4.167500000000000000e+04 1.178400000000000000e+04
4.334200000000000000e+04 1.173800000000000000e+04
4.500900000000000000e+04 1.162900000000000000e+04
4.667600000000000000e+04 1.163900000000000000e+04
4.834300000000000000e+04 1.142100000000000000e+04
5.001000000000000000e+04 1.134500000000000000e+04
5.167700000000000000e+04 1.140100000000000000e+04
5.334400000000000000e+04 1.105500000000000000e+04
5.501100000000000000e+04 1.117500000000000000e+04
5.667800000000000000e+04 1.080200000000000000e+04
5.834500000000000000e+04 1.088800000000000000e+04
6.001200000000000000e+04 1.087900000000000000e+04
6.167900000000000000e+04 1.048100000000000000e+04
6.334600000000000000e+04 1.025200000000000000e+04
6.501300000000000000e+04 1.018100000000000000e+04
6.668000000000000000e+04 9.866000000000000000e+03
6.834700000000000000e+04 9.658000000000000000e+03
7.001400000000000000e+04 9.448000000000000000e+03
7.168100000000000000e+04 9.397000000000000000e+03
7.334800000000000000e+04 8.966000000000000000e+03
7.501500000000000000e+04 8.756000000000000000e+03
7.668200000000000000e+04 8.421000000000000000e+03
7.834900000000000000e+04 8.143000000000000000e+03
8.001600000000000000e+04 7.983000000000000000e+03
8.168300000000000000e+04 7.490000000000000000e+03
8.335000000000000000e+04 7.104000000000000000e+03
8.501700000000000000e+04 6.743000000000000000e+03
8.668400000000000000e+04 6.698000000000000000e+03
8.835100000000000000e+04 6.392000000000000000e+03
9.001800000000000000e+04 6.018000000000000000e+03
9.168500000000000000e+04 5.585000000000000000e+03
9.335200000000000000e+04 5.468000000000000000e+03
9.501900000000000000e+04 4.912000000000000000e+03
9.668600000000000000e+04 4.759000000000000000e+03
9.835300000000000000e+04 4.502000000000000000e+03
1.000200000000000000e+05 4.229000000000000000e+03
1.016870000000000000e+05 3.931000000000000000e+03
1.033540000000000000e+05 3.772000000000000000e+03
1.050210000000000000e+05 3.500000000000000000e+03
1.066880000000000000e+05 3.370000000000000000e+03
1.083550000000000000e+05 3.332000000000000000e+03
1.100220000000000000e+05 3.261000000000000000e+03
1.116890000000000000e+05 3.173000000000000000e+03
1.133560000000000000e+05 3.187000000000000000e+03
1.150230000000000000e+05 3.125000000000000000e+03
1.166900000000000000e+05 3.062000000000000000e+03
1.183570000000000000e+05 3.049000000000000000e+03
1.200240000000000000e+05 3.111000000000000000e+03
1.216910000000000000e+05 3.293000000000000000e+03
1.233580000000000000e+05 3.416000000000000000e+03
1.250250000000000000e+05 3.547000000000000000e+03
1.266920000000000000e+05 3.714000000000000000e+03
1.283590000000000000e+05 3.793000000000000000e+03
1.300260000000000000e+05 4.096000000000000000e+03
1.316930000000000000e+05 4.279000000000000000e+03
1.333600000000000000e+05 4.609000000000000000e+03
1.350270000000000000e+05 4.804000000000000000e+03
1.366940000000000000e+05 5.054000000000000000e+03
1.383610000000000000e+05 5.501000000000000000e+03
1.400280000000000000e+05 5.888000000000000000e+03
1.416950000000000000e+05 6.188000000000000000e+03
1.433620000000000000e+05 6.366000000000000000e+03
1.450290000000000000e+05 6.688000000000000000e+03
1.466960000000000000e+05 7.012000000000000000e+03
1.483630000000000000e+05 7.431000000000000000e+03
1.500300000000000000e+05 7.671000000000000000e+03
1.516970000000000000e+05 7.975000000000000000e+03
1.533640000000000000e+05 8.280000000000000000e+03
1.550310000000000000e+05 8.747000000000000000e+03
1.566980000000000000e+05 8.876000000000000000e+03
1.583650000000000000e+05 9.281000000000000000e+03
1.600320000000000000e+05 9.462000000000000000e+03
1.616990000000000000e+05 9.472000000000000000e+03
1.633660000000000000e+05 9.840000000000000000e+03
1.650330000000000000e+05 1.025000000000000000e+04
1.667000000000000000e+05 1.007700000000000000e+04
1.683670000000000000e+05 1.059400000000000000e+04
1.700340000000000000e+05 1.072600000000000000e+04
1.717010000000000000e+05 1.061800000000000000e+04
1.733680000000000000e+05 1.099300000000000000e+04
1.750350000000000000e+05 1.100800000000000000e+04
1.767020000000000000e+05 1.127500000000000000e+04
1.783690000000000000e+05 1.126200000000000000e+04
1.800360000000000000e+05 1.140100000000000000e+04
1.817030000000000000e+05 1.148000000000000000e+04
1.833700000000000000e+05 1.164200000000000000e+04
1.850370000000000000e+05 1.149500000000000000e+04
1.867040000000000000e+05 1.169600000000000000e+04
1.883710000000000000e+05 1.169000000000000000e+04
1.900380000000000000e+05 1.175600000000000000e+04
1.917050000000000000e+05 1.173300000000000000e+04
1.933720000000000000e+05 1.184600000000000000e+04
1.950390000000000000e+05 1.182500000000000000e+04
1.967060000000000000e+05 1.197500000000000000e+04
1.983730000000000000e+05 1.190000000000000000e+04
2.000400000000000000e+05 1.192400000000000000e+04
2.017070000000000000e+05 1.193600000000000000e+04
2.033740000000000000e+05 1.183100000000000000e+04
2.050410000000000000e+05 1.196300000000000000e+04
2.067080000000000000e+05 1.178600000000000000e+04
2.083750000000000000e+05 1.191500000000000000e+04
2.100420000000000000e+05 1.170800000000000000e+04
2.117090000000000000e+05 1.156700000000000000e+04
2.133760000000000000e+05 1.161100000000000000e+04
2.150430000000000000e+05 1.152200000000000000e+04
2.167100000000000000e+05 1.133500000000000000e+04
2.183770000000000000e+05 1.130100000000000000e+04
2.200440000000000000e+05 1.121300000000000000e+04
2.217110000000000000e+05 1.103500000000000000e+04
2.233780000000000000e+05 1.094900000000000000e+04
2.250450000000000000e+05 1.069300000000000000e+04
2.267120000000000000e+05 1.079900000000000000e+04
2.283790000000000000e+05 1.048800000000000000e+04
2.300460000000000000e+05 1.043100000000000000e+04
2.317130000000000000e+05 1.003200000000000000e+04
2.333800000000000000e+05 9.924000000000000000e+03
2.350470000000000000e+05 9.625000000000000000e+03
2.367140000000000000e+05 9.760000000000000000e+03
2.383810000000000000e+05 9.322000000000000000e+03
2.400480000000000000e+05 9.075000000000000000e+03
2.417150000000000000e+05 8.691000000000000000e+03
2.433820000000000000e+05 8.505000000000000000e+03
2.450490000000000000e+05 8.225000000000000000e+03
2.467160000000000000e+05 7.999000000000000000e+03
2.483830000000000000e+05 7.703000000000000000e+03
2.500500000000000000e+05 7.200000000000000000e+03
2.517170000000000000e+05 7.128000000000000000e+03
2.533840000000000000e+05 6.614000000000000000e+03
2.550510000000000000e+05 6.279000000000000000e+03
2.567180000000000000e+05 5.920000000000000000e+03
2.583850000000000000e+05 5.735000000000000000e+03
2.600520000000000000e+05 5.192000000000000000e+03
2.617190000000000000e+05 5.018000000000000000e+03
2.633860000000000000e+05 4.589000000000000000e+03
2.650530000000000000e+05 4.471000000000000000e+03
2.667200000000000000e+05 4.324000000000000000e+03
2.683870000000000000e+05 3.893000000000000000e+03
2.700540000000000000e+05 3.823000000000000000e+03
2.717210000000000000e+05 3.539000000000000000e+03
2.733880000000000000e+05 3.329000000000000000e+03
2.750550000000000000e+05 3.220000000000000000e+03
2.767220000000000000e+05 3.100000000000000000e+03
2.783890000000000000e+05 3.015000000000000000e+03
2.800560000000000000e+05 3.023000000000000000e+03
2.817230000000000000e+05 3.011000000000000000e+03
2.833900000000000000e+05 2.973000000000000000e+03
2.850570000000000000e+05 3.083000000000000000e+03
2.867240000000000000e+05 3.194000000000000000e+03
2.883910000000000000e+05 3.266000000000000000e+03
2.900580000000000000e+05 3.430000000000000000e+03
2.917250000000000000e+05 3.487000000000000000e+03
2.933920000000000000e+05 3.742000000000000000e+03
2.950590000000000000e+05 3.855000000000000000e+03
2.967260000000000000e+05 4.080000000000000000e+03
2.983930000000000000e+05 4.416000000000000000e+03
3.000600000000000000e+05 4.607000000000000000e+03
3.017270000000000000e+05 4.835000000000000000e+03
3.033940000000000000e+05 5.176000000000000000e+03
3.050610000000000000e+05 5.540000000000000000e+03
3.067280000000000000e+05 5.749000000000000000e+03
3.083950000000000000e+05 6.042000000000000000e+03
3.100620000000000000e+05 6.399000000000000000e+03
3.117290000000000000e+05 6.687000000000000000e+03
3.133960000000000000e+05 7.074000000000000000e+03
3.150630000000000000e+05 7.493000000000000000e+03
3.167300000000000000e+05 7.655000000000000000e+03
3.183970000000000000e+05 8.162000000000000000e+03
3.200640000000000000e+05 8.453000000000000000e+03
3.217310000000000000e+05 8.596000000000000000e+03
3.233980000000000000e+05 8.983000000000000000e+03
3.250650000000000000e+05 9.142000000000000000e+03
3.267320000000000000e+05 9.394000000000000000e+03
3.283990000000000000e+05 9.708000000000000000e+03
3.300660000000000000e+05 9.834000000000000000e+03
3.317330000000000000e+05 1.010000000000000000e+04
