0.000000000000000000e+00 6.514000000000000000e+03
1.670000000000000000e+02 6.787000000000000000e+03
3.340000000000000000e+02 6.823000000000000000e+03
5.010000000000000000e+02 6.968000000000000000e+03
6.680000000000000000e+02 6.951000000000000000e+03
8.350000000000000000e+02 7.265000000000000000e+03
1.002000000000000000e+03 7.054000000000000000e+03
1.169000000000000000e+03 7.320000000000000000e+03
1.336000000000000000e+03 7.264000000000000000e+03
1.503000000000000000e+03 7.568000000000000000e+03
1.670000000000000000e+03 7.499000000000000000e+03
1.837000000000000000e+03 7.431000000000000000e+03
2.004000000000000000e+03 7.547000000000000000e+03
2.171000000000000000e+03 7.559000000000000000e+03
2.338000000000000000e+03 7.677000000000000000e+03
2.505000000000000000e+03 7.649000000000000000e+03
2.672000000000000000e+03 7.952000000000000000e+03
2.839000000000000000e+03 7.742000000000000000e+03
3.006000000000000000e+03 7.837000000000000000e+03
3.173000000000000000e+03 7.729000000000000000e+03
3.340000000000000000e+03 7.693000000000000000e+03
3.507000000000000000e+03 7.913000000000000000e+03
3.674000000000000000e+03 7.611000000000000000e+03
3.841000000000000000e+03 7.774000000000000000e+03
4.008000000000000000e+03 7.822000000000000000e+03
4.175000000000000000e+03 7.846000000000000000e+03
4.342000000000000000e+03 7.699000000000000000e+03
4.509000000000000000e+03 7.727000000000000000e+03
4.676000000000000000e+03 7.576000000000000000e+03
4.843000000000000000e+03 7.544000000000000000e+03
5.010000000000000000e+03 7.603000000000000000e+03
5.177000000000000000e+03 7.441000000000000000e+03
5.344000000000000000e+03 7.326000000000000000e+03
5.511000000000000000e+03 7.245000000000000000e+03
5.678000000000000000e+03 7.016000000000000000e+03
5.845000000000000000e+03 7.104000000000000000e+03
6.012000000000000000e+03 6.857000000000000000e+03
6.179000000000000000e+03 6.724000000000000000e+03
6.346000000000000000e+03 6.761000000000000000e+03
6.513000000000000000e+03 6.536000000000000000e+03
6.680000000000000000e+03 6.299000000000000000e+03
6.847000000000000000e+03 6.330000000000000000e+03
7.014000000000000000e+03 6.053000000000000000e+03
7.181000000000000000e+03 6.047000000000000000e+03
7.348000000000000000e+03 5.793000000000000000e+03
7.515000000000000000e+03 5.660000000000000000e+03
7.682000000000000000e+03 5.494000000000000000e+03
7.849000000000000000e+03 5.349000000000000000e+03
8.016000000000000000e+03 5.083000000000000000e+03
8.183000000000000000e+03 4.794000000000000000e+03
8.350000000000000000e+03 4.530000000000000000e+03
8.517000000000000000e+03 4.515000000000000000e+03
8.684000000000000000e+03 4.214000000000000000e+03
8.851000000000000000e+03 3.921000000000000000e+03
9.018000000000000000e+03 3.782000000000000000e+03
9.185000000000000000e+03 3.575000000000000000e+03
9.352000000000000000e+03 3.426000000000000000e+03
9.519000000000000000e+03 3.173000000000000000e+03
9.686000000000000000e+03 2.945000000000000000e+03
9.853000000000000000e+03 2.742000000000000000e+03
1.002000000000000000e+04 2.691000000000000000e+03
1.018700000000000000e+04 2.495000000000000000e+03
1.035400000000000000e+04 2.298000000000000000e+03
1.052100000000000000e+04 2.183000000000000000e+03
1.068800000000000000e+04 2.058000000000000000e+03
1.085500000000000000e+04 1.996000000000000000e+03
1.102200000000000000e+04 1.942000000000000000e+03
1.118900000000000000e+04 1.917000000000000000e+03
1.135600000000000000e+04 1.859000000000000000e+03
1.152300000000000000e+04 1.827000000000000000e+03
1.169000000000000000e+04 1.798000000000000000e+03
1.185700000000000000e+04 1.791000000000000000e+03
1.202400000000000000e+04 1.833000000000000000e+03
1.219100000000000000e+04 1.779000000000000000e+03
1.235800000000000000e+04 1.946000000000000000e+03
1.252500000000000000e+04 1.977000000000000000e+03
1.269200000000000000e+04 2.073000000000000000e+03
1.285900000000000000e+04 2.167000000000000000e+03
1.302600000000000000e+04 2.281000000000000000e+03
1.319300000000000000e+04 2.627000000000000000e+03
1.336000000000000000e+04 2.643000000000000000e+03
1.352700000000000000e+04 2.910000000000000000e+03
1.369400000000000000e+04 3.090000000000000000e+03
1.386100000000000000e+04 3.214000000000000000e+03
1.402800000000000000e+04 3.410000000000000000e+03
1.419500000000000000e+04 3.637000000000000000e+03
1.436200000000000000e+04 3.936000000000000000e+03
1.452900000000000000e+04 4.285000000000000000e+03
1.469600000000000000e+04 4.382000000000000000e+03
1.486300000000000000e+04 4.565000000000000000e+03
1.503000000000000000e+04 4.795000000000000000e+03
1.519700000000000000e+04 5.142000000000000000e+03
1.536400000000000000e+04 5.240000000000000000e+03
1.553100000000000000e+04 5.468000000000000000e+03
1.569800000000000000e+04 5.923000000000000000e+03
1.586500000000000000e+04 5.928000000000000000e+03
1.603200000000000000e+04 6.052000000000000000e+03
1.619900000000000000e+04 6.296000000000000000e+03
1.636600000000000000e+04 6.409000000000000000e+03
1.653300000000000000e+04 6.441000000000000000e+03
1.670000000000000000e+04 6.582000000000000000e+03
1.686700000000000000e+04 6.836000000000000000e+03
1.703400000000000000e+04 6.937000000000000000e+03
1.720100000000000000e+04 6.818000000000000000e+03
1.736800000000000000e+04 7.119000000000000000e+03
1.753500000000000000e+04 7.259000000000000000e+03
1.770200000000000000e+04 7.365000000000000000e+03
1.786900000000000000e+04 7.373000000000000000e+03
1.803600000000000000e+04 7.512000000000000000e+03
1.820300000000000000e+04 7.359000000000000000e+03
1.837000000000000000e+04 7.507000000000000000e+03
1.853700000000000000e+04 7.496000000000000000e+03
1.870400000000000000e+04 7.628000000000000000e+03
1.887100000000000000e+04 7.885000000000000000e+03
1.903800000000000000e+04 7.594000000000000000e+03
1.920500000000000000e+04 7.729000000000000000e+03
1.937200000000000000e+04 7.755000000000000000e+03
1.953900000000000000e+04 7.629000000000000000e+03
1.970600000000000000e+04 7.770000000000000000e+03
1.987300000000000000e+04 7.631000000000000000e+03
2.004000000000000000e+04 7.920000000000000000e+03
2.020700000000000000e+04 7.892000000000000000e+03
2.037400000000000000e+04 7.746000000000000000e+03
2.054100000000000000e+04 7.835000000000000000e+03
2.070800000000000000e+04 7.579000000000000000e+03
2.087500000000000000e+04 7.760000000000000000e+03
2.104200000000000000e+04 7.543000000000000000e+03
2.120900000000000000e+04 7.868000000000000000e+03
2.137600000000000000e+04 7.605000000000000000e+03
2.154300000000000000e+04 7.624000000000000000e+03
2.171000000000000000e+04 7.668000000000000000e+03
2.187700000000000000e+04 7.455000000000000000e+03
2.204400000000000000e+04 7.289000000000000000e+03
2.221100000000000000e+04 7.249000000000000000e+03
2.237800000000000000e+04 7.137000000000000000e+03
2.254500000000000000e+04 7.084000000000000000e+03
2.271200000000000000e+04 6.967000000000000000e+03
2.287900000000000000e+04 6.718000000000000000e+03
2.304600000000000000e+04 6.770000000000000000e+03
2.321300000000000000e+04 6.563000000000000000e+03
2.338000000000000000e+04 6.541000000000000000e+03
2.354700000000000000e+04 6.155000000000000000e+03
2.371400000000000000e+04 6.037000000000000000e+03
2.388100000000000000e+04 5.949000000000000000e+03
2.404800000000000000e+04 5.687000000000000000e+03
2.421500000000000000e+04 5.579000000000000000e+03
2.438200000000000000e+04 5.441000000000000000e+03
2.454900000000000000e+04 5.073000000000000000e+03
2.471600000000000000e+04 5.053000000000000000e+03
2.488300000000000000e+04 4.786000000000000000e+03
2.505000000000000000e+04 4.618000000000000000e+03
2.521700000000000000e+04 4.289000000000000000e+03
2.538400000000000000e+04 4.150000000000000000e+03
2.555100000000000000e+04 3.808000000000000000e+03
2.571800000000000000e+04 3.785000000000000000e+03
2.588500000000000000e+04 3.458000000000000000e+03
2.605200000000000000e+04 3.495000000000000000e+03
2.621900000000000000e+04 3.118000000000000000e+03
2.638600000000000000e+04 2.945000000000000000e+03
2.655300000000000000e+04 2.771000000000000000e+03
2.672000000000000000e+04 2.688000000000000000e+03
2.688700000000000000e+04 2.348000000000000000e+03
2.705400000000000000e+04 2.416000000000000000e+03
2.722100000000000000e+04 2.190000000000000000e+03
2.738800000000000000e+04 2.155000000000000000e+03
2.755500000000000000e+04 1.969000000000000000e+03
2.772200000000000000e+04 1.965000000000000000e+03
2.788900000000000000e+04 1.924000000000000000e+03
2.805600000000000000e+04 1.827000000000000000e+03
2.822300000000000000e+04 1.827000000000000000e+03
2.839000000000000000e+04 1.838000000000000000e+03
2.855700000000000000e+04 1.882000000000000000e+03
2.872400000000000000e+04 1.870000000000000000e+03
2.889100000000000000e+04 1.970000000000000000e+03
2.905800000000000000e+04 1.988000000000000000e+03
2.922500000000000000e+04 2.015000000000000000e+03
2.939200000000000000e+04 2.108000000000000000e+03
2.955900000000000000e+04 2.321000000000000000e+03
2.972600000000000000e+04 2.378000000000000000e+03
2.989300000000000000e+04 2.507000000000000000e+03
3.006000000000000000e+04 2.753000000000000000e+03
3.022700000000000000e+04 2.935000000000000000e+03
3.039400000000000000e+04 3.170000000000000000e+03
3.056100000000000000e+04 3.411000000000000000e+03
3.072800000000000000e+04 3.593000000000000000e+03
3.089500000000000000e+04 3.808000000000000000e+03
3.106200000000000000e+04 4.017000000000000000e+03
3.122900000000000000e+04 4.213000000000000000e+03
3.139600000000000000e+04 4.360000000000000000e+03
3.156300000000000000e+04 4.730000000000000000e+03
3.173000000000000000e+04 4.788000000000000000e+03
3.189700000000000000e+04 5.166000000000000000e+03
3.206400000000000000e+04 5.366000000000000000e+03
3.223100000000000000e+04 5.545000000000000000e+03
3.239800000000000000e+04 5.720000000000000000e+03
3.256500000000000000e+04 5.844000000000000000e+03
3.273200000000000000e+04 6.086000000000000000e+03
3.289900000000000000e+04 6.401000000000000000e+03
3.306600000000000000e+04 6.472000000000000000e+03
