0.000000000000000000e+00 7.603000000000000000e+03
2.500000000000000000e+03 7.773000000000000000e+03
5.000000000000000000e+03 8.071000000000000000e+03
7.500000000000000000e+03 8.073000000000000000e+03
1.000000000000000000e+04 8.271000000000000000e+03
1.250000000000000000e+04 8.378000000000000000e+03
1.500000000000000000e+04 8.513000000000000000e+03
1.750000000000000000e+04 8.616000000000000000e+03
2.000000000000000000e+04 8.634000000000000000e+03
2.250000000000000000e+04 8.981000000000000000e+03
2.500000000000000000e+04 8.734000000000000000e+03
2.750000000000000000e+04 8.846000000000000000e+03
3.000000000000000000e+04 8.851000000000000000e+03
3.250000000000000000e+04 8.891000000000000000e+03
3.500000000000000000e+04 9.232000000000000000e+03
3.750000000000000000e+04 8.883000000000000000e+03
4.000000000000000000e+04 8.998000000000000000e+03
4.250000000000000000e+04 9.070000000000000000e+03
4.500000000000000000e+04 9.273000000000000000e+03
4.750000000000000000e+04 9.254000000000000000e+03
5.000000000000000000e+04 9.009000000000000000e+03
5.250000000000000000e+04 9.234000000000000000e+03
5.500000000000000000e+04 8.834000000000000000e+03
5.750000000000000000e+04 9.032000000000000000e+03
6.000000000000000000e+04 8.897000000000000000e+03
6.250000000000000000e+04 9.004000000000000000e+03
6.500000000000000000e+04 8.961000000000000000e+03
6.750000000000000000e+04 9.095000000000000000e+03
7.000000000000000000e+04 8.744000000000000000e+03
7.250000000000000000e+04 8.857000000000000000e+03
7.500000000000000000e+04 8.844000000000000000e+03
7.750000000000000000e+04 8.560000000000000000e+03
8.000000000000000000e+04 8.423000000000000000e+03
8.250000000000000000e+04 8.587000000000000000e+03
8.500000000000000000e+04 8.348000000000000000e+03
8.750000000000000000e+04 8.336000000000000000e+03
9.000000000000000000e+04 8.038000000000000000e+03
9.250000000000000000e+04 7.849000000000000000e+03
9.500000000000000000e+04 7.741000000000000000e+03
9.750000000000000000e+04 7.654000000000000000e+03
1.000000000000000000e+05 7.457000000000000000e+03
1.025000000000000000e+05 7.435000000000000000e+03
1.050000000000000000e+05 7.124000000000000000e+03
1.075000000000000000e+05 6.884000000000000000e+03
1.100000000000000000e+05 6.627000000000000000e+03
1.125000000000000000e+05 6.170000000000000000e+03
1.150000000000000000e+05 6.322000000000000000e+03
1.175000000000000000e+05 5.891000000000000000e+03
1.200000000000000000e+05 5.653000000000000000e+03
1.225000000000000000e+05 5.298000000000000000e+03
1.250000000000000000e+05 5.131000000000000000e+03
1.275000000000000000e+05 4.963000000000000000e+03
1.300000000000000000e+05 4.585000000000000000e+03
1.325000000000000000e+05 4.335000000000000000e+03
1.350000000000000000e+05 4.143000000000000000e+03
1.375000000000000000e+05 3.842000000000000000e+03
1.400000000000000000e+05 3.542000000000000000e+03
1.425000000000000000e+05 3.341000000000000000e+03
1.450000000000000000e+05 3.158000000000000000e+03
1.475000000000000000e+05 3.008000000000000000e+03
1.500000000000000000e+05 2.755000000000000000e+03
1.525000000000000000e+05 2.545000000000000000e+03
1.550000000000000000e+05 2.389000000000000000e+03
1.575000000000000000e+05 2.373000000000000000e+03
1.600000000000000000e+05 2.044000000000000000e+03
1.625000000000000000e+05 2.147000000000000000e+03
1.650000000000000000e+05 1.963000000000000000e+03
1.675000000000000000e+05 1.959000000000000000e+03
1.700000000000000000e+05 1.921000000000000000e+03
1.725000000000000000e+05 1.842000000000000000e+03
1.750000000000000000e+05 1.915000000000000000e+03
1.775000000000000000e+05 1.863000000000000000e+03
1.800000000000000000e+05 1.956000000000000000e+03
1.825000000000000000e+05 2.032000000000000000e+03
1.850000000000000000e+05 2.121000000000000000e+03
1.875000000000000000e+05 2.266000000000000000e+03
1.900000000000000000e+05 2.375000000000000000e+03
1.925000000000000000e+05 2.482000000000000000e+03
1.950000000000000000e+05 2.644000000000000000e+03
1.975000000000000000e+05 2.824000000000000000e+03
2.000000000000000000e+05 2.990000000000000000e+03
2.025000000000000000e+05 3.270000000000000000e+03
2.050000000000000000e+05 3.439000000000000000e+03
2.075000000000000000e+05 3.714000000000000000e+03
2.100000000000000000e+05 3.967000000000000000e+03
2.125000000000000000e+05 4.248000000000000000e+03
2.150000000000000000e+05 4.460000000000000000e+03
2.175000000000000000e+05 4.827000000000000000e+03
2.200000000000000000e+05 4.970000000000000000e+03
2.225000000000000000e+05 5.317000000000000000e+03
2.250000000000000000e+05 5.511000000000000000e+03
2.275000000000000000e+05 5.919000000000000000e+03
2.300000000000000000e+05 6.047000000000000000e+03
2.325000000000000000e+05 6.366000000000000000e+03
2.350000000000000000e+05 6.680000000000000000e+03
2.375000000000000000e+05 6.627000000000000000e+03
2.400000000000000000e+05 7.085000000000000000e+03
2.425000000000000000e+05 7.160000000000000000e+03
2.450000000000000000e+05 7.274000000000000000e+03
2.475000000000000000e+05 7.463000000000000000e+03
2.500000000000000000e+05 7.715000000000000000e+03
2.525000000000000000e+05 7.768000000000000000e+03
2.550000000000000000e+05 8.229000000000000000e+03
2.575000000000000000e+05 8.339000000000000000e+03
2.600000000000000000e+05 8.328000000000000000e+03
2.625000000000000000e+05 8.450000000000000000e+03
2.650000000000000000e+05 8.581000000000000000e+03
2.675000000000000000e+05 8.407000000000000000e+03
2.700000000000000000e+05 8.636000000000000000e+03
2.725000000000000000e+05 8.979000000000000000e+03
2.750000000000000000e+05 8.738000000000000000e+03
2.775000000000000000e+05 8.847000000000000000e+03
2.800000000000000000e+05 9.100000000000000000e+03
2.825000000000000000e+05 9.109000000000000000e+03
2.850000000000000000e+05 8.983000000000000000e+03
2.875000000000000000e+05 9.204000000000000000e+03
2.900000000000000000e+05 8.930000000000000000e+03
2.925000000000000000e+05 8.928000000000000000e+03
2.950000000000000000e+05 9.076000000000000000e+03
2.975000000000000000e+05 8.992000000000000000e+03
3.000000000000000000e+05 9.067000000000000000e+03
3.025000000000000000e+05 9.143000000000000000e+03
3.050000000000000000e+05 9.099000000000000000e+03
3.075000000000000000e+05 9.276000000000000000e+03
3.100000000000000000e+05 8.900000000000000000e+03
3.125000000000000000e+05 8.965000000000000000e+03
3.150000000000000000e+05 8.964000000000000000e+03
3.175000000000000000e+05 8.814000000000000000e+03
3.200000000000000000e+05 8.932000000000000000e+03
3.225000000000000000e+05 8.779000000000000000e+03
3.250000000000000000e+05 8.719000000000000000e+03
3.275000000000000000e+05 8.624000000000000000e+03
3.300000000000000000e+05 8.770000000000000000e+03
3.325000000000000000e+05 8.519000000000000000e+03
3.350000000000000000e+05 8.273000000000000000e+03
3.375000000000000000e+05 8.237000000000000000e+03
3.400000000000000000e+05 8.165000000000000000e+03
3.425000000000000000e+05 7.973000000000000000e+03
3.450000000000000000e+05 7.705000000000000000e+03
3.475000000000000000e+05 7.652000000000000000e+03
3.500000000000000000e+05 7.491000000000000000e+03
3.525000000000000000e+05 7.196000000000000000e+03
3.550000000000000000e+05 7.043000000000000000e+03
3.575000000000000000e+05 6.764000000000000000e+03
3.600000000000000000e+05 6.516000000000000000e+03
3.625000000000000000e+05 6.514000000000000000e+03
3.650000000000000000e+05 6.037000000000000000e+03
3.675000000000000000e+05 6.012000000000000000e+03
3.700000000000000000e+05 5.455000000000000000e+03
3.725000000000000000e+05 5.442000000000000000e+03
3.750000000000000000e+05 5.134000000000000000e+03
3.775000000000000000e+05 4.870000000000000000e+03
3.800000000000000000e+05 4.668000000000000000e+03
3.825000000000000000e+05 4.381000000000000000e+03
3.850000000000000000e+05 4.233000000000000000e+03
3.875000000000000000e+05 3.906000000000000000e+03
3.900000000000000000e+05 3.679000000000000000e+03
3.925000000000000000e+05 3.330000000000000000e+03
3.950000000000000000e+05 3.171000000000000000e+03
3.975000000000000000e+05 3.014000000000000000e+03
4.000000000000000000e+05 2.813000000000000000e+03
4.025000000000000000e+05 2.564000000000000000e+03
4.050000000000000000e+05 2.404000000000000000e+03
4.075000000000000000e+05 2.312000000000000000e+03
4.100000000000000000e+05 2.177000000000000000e+03
4.125000000000000000e+05 2.129000000000000000e+03
4.150000000000000000e+05 1.966000000000000000e+03
4.175000000000000000e+05 1.830000000000000000e+03
4.200000000000000000e+05 1.978000000000000000e+03
4.225000000000000000e+05 1.970000000000000000e+03
4.250000000000000000e+05 1.891000000000000000e+03
4.275000000000000000e+05 2.018000000000000000e+03
4.300000000000000000e+05 1.957000000000000000e+03
4.325000000000000000e+05 2.075000000000000000e+03
4.350000000000000000e+05 2.146000000000000000e+03
4.375000000000000000e+05 2.219000000000000000e+03
4.400000000000000000e+05 2.419000000000000000e+03
4.425000000000000000e+05 2.479000000000000000e+03
4.450000000000000000e+05 2.759000000000000000e+03
4.475000000000000000e+05 2.863000000000000000e+03
4.500000000000000000e+05 2.993000000000000000e+03
4.525000000000000000e+05 3.335000000000000000e+03
4.550000000000000000e+05 3.428000000000000000e+03
4.575000000000000000e+05 3.647000000000000000e+03
4.600000000000000000e+05 3.936000000000000000e+03
4.625000000000000000e+05 4.212000000000000000e+03
4.650000000000000000e+05 4.547000000000000000e+03
4.675000000000000000e+05 4.812000000000000000e+03
4.700000000000000000e+05 5.050000000000000000e+03
4.725000000000000000e+05 5.140000000000000000e+03
4.750000000000000000e+05 5.608000000000000000e+03
4.775000000000000000e+05 5.780000000000000000e+03
4.800000000000000000e+05 6.056000000000000000e+03
4.825000000000000000e+05 6.398000000000000000e+03
4.850000000000000000e+05 6.539000000000000000e+03
4.875000000000000000e+05 6.795000000000000000e+03
4.900000000000000000e+05 7.056000000000000000e+03
4.925000000000000000e+05 7.265000000000000000e+03
4.950000000000000000e+05 7.463000000000000000e+03
4.975000000000000000e+05 7.641000000000000000e+03
