0.000000000000000000e+00 7.426000000000000000e+03
1.000000000000000000e+03 7.615000000000000000e+03
2.000000000000000000e+03 7.798000000000000000e+03
3.000000000000000000e+03 7.651000000000000000e+03
4.000000000000000000e+03 8.227000000000000000e+03
5.000000000000000000e+03 8.218000000000000000e+03
6.000000000000000000e+03 8.113000000000000000e+03
7.000000000000000000e+03 8.262000000000000000e+03
8.000000000000000000e+03 8.498000000000000000e+03
9.000000000000000000e+03 8.412000000000000000e+03
1.000000000000000000e+04 8.453000000000000000e+03
1.100000000000000000e+04 8.385000000000000000e+03
1.200000000000000000e+04 8.595000000000000000e+03
1.300000000000000000e+04 8.740000000000000000e+03
1.400000000000000000e+04 8.853000000000000000e+03
1.500000000000000000e+04 8.505000000000000000e+03
1.600000000000000000e+04 8.536000000000000000e+03
1.700000000000000000e+04 8.748000000000000000e+03
1.800000000000000000e+04 8.758000000000000000e+03
1.900000000000000000e+04 8.819000000000000000e+03
2.000000000000000000e+04 8.724000000000000000e+03
2.100000000000000000e+04 8.942000000000000000e+03
2.200000000000000000e+04 8.783000000000000000e+03
2.300000000000000000e+04 8.895000000000000000e+03
2.400000000000000000e+04 8.515000000000000000e+03
2.500000000000000000e+04 8.729000000000000000e+03
2.600000000000000000e+04 8.767000000000000000e+03
2.700000000000000000e+04 8.564000000000000000e+03
2.800000000000000000e+04 8.455000000000000000e+03
2.900000000000000000e+04 8.457000000000000000e+03
3.000000000000000000e+04 8.593000000000000000e+03
3.100000000000000000e+04 8.231000000000000000e+03
3.200000000000000000e+04 8.040000000000000000e+03
3.300000000000000000e+04 8.221000000000000000e+03
3.400000000000000000e+04 8.145000000000000000e+03
3.500000000000000000e+04 7.971000000000000000e+03
3.600000000000000000e+04 7.762000000000000000e+03
3.700000000000000000e+04 7.722000000000000000e+03
3.800000000000000000e+04 7.525000000000000000e+03
3.900000000000000000e+04 7.331000000000000000e+03
4.000000000000000000e+04 7.573000000000000000e+03
4.100000000000000000e+04 7.064000000000000000e+03
4.200000000000000000e+04 6.961000000000000000e+03
4.300000000000000000e+04 6.781000000000000000e+03
4.400000000000000000e+04 6.735000000000000000e+03
4.500000000000000000e+04 6.628000000000000000e+03
4.600000000000000000e+04 6.191000000000000000e+03
4.700000000000000000e+04 5.979000000000000000e+03
4.800000000000000000e+04 5.869000000000000000e+03
4.900000000000000000e+04 5.635000000000000000e+03
5.000000000000000000e+04 5.340000000000000000e+03
5.100000000000000000e+04 5.051000000000000000e+03
5.200000000000000000e+04 4.818000000000000000e+03
5.300000000000000000e+04 4.623000000000000000e+03
5.400000000000000000e+04 4.322000000000000000e+03
5.500000000000000000e+04 4.067000000000000000e+03
5.600000000000000000e+04 3.796000000000000000e+03
5.700000000000000000e+04 3.709000000000000000e+03
5.800000000000000000e+04 3.470000000000000000e+03
5.900000000000000000e+04 3.290000000000000000e+03
6.000000000000000000e+04 3.093000000000000000e+03
6.100000000000000000e+04 2.912000000000000000e+03
6.200000000000000000e+04 2.748000000000000000e+03
6.300000000000000000e+04 2.558000000000000000e+03
6.400000000000000000e+04 2.541000000000000000e+03
6.500000000000000000e+04 2.332000000000000000e+03
6.600000000000000000e+04 2.412000000000000000e+03
6.700000000000000000e+04 2.291000000000000000e+03
6.800000000000000000e+04 2.258000000000000000e+03
6.900000000000000000e+04 2.252000000000000000e+03
7.000000000000000000e+04 2.245000000000000000e+03
7.100000000000000000e+04 2.195000000000000000e+03
7.200000000000000000e+04 2.243000000000000000e+03
7.300000000000000000e+04 2.300000000000000000e+03
7.400000000000000000e+04 2.388000000000000000e+03
7.500000000000000000e+04 2.488000000000000000e+03
7.600000000000000000e+04 2.623000000000000000e+03
7.700000000000000000e+04 2.785000000000000000e+03
7.800000000000000000e+04 2.933000000000000000e+03
7.900000000000000000e+04 3.093000000000000000e+03
8.000000000000000000e+04 3.430000000000000000e+03
8.100000000000000000e+04 3.606000000000000000e+03
8.200000000000000000e+04 3.678000000000000000e+03
8.300000000000000000e+04 4.103000000000000000e+03
8.400000000000000000e+04 4.120000000000000000e+03
8.500000000000000000e+04 4.379000000000000000e+03
8.600000000000000000e+04 4.769000000000000000e+03
8.700000000000000000e+04 4.885000000000000000e+03
8.800000000000000000e+04 5.054000000000000000e+03
8.900000000000000000e+04 5.519000000000000000e+03
9.000000000000000000e+04 5.531000000000000000e+03
9.100000000000000000e+04 5.795000000000000000e+03
9.200000000000000000e+04 6.121000000000000000e+03
9.300000000000000000e+04 6.311000000000000000e+03
9.400000000000000000e+04 6.621000000000000000e+03
9.500000000000000000e+04 6.821000000000000000e+03
9.600000000000000000e+04 6.896000000000000000e+03
9.700000000000000000e+04 7.142000000000000000e+03
9.800000000000000000e+04 7.347000000000000000e+03
9.900000000000000000e+04 7.609000000000000000e+03
1.000000000000000000e+05 7.586000000000000000e+03
1.010000000000000000e+05 7.757000000000000000e+03
1.020000000000000000e+05 7.997000000000000000e+03
1.030000000000000000e+05 7.759000000000000000e+03
1.040000000000000000e+05 8.097000000000000000e+03
1.050000000000000000e+05 7.995000000000000000e+03
1.060000000000000000e+05 8.210000000000000000e+03
1.070000000000000000e+05 8.432000000000000000e+03
1.080000000000000000e+05 8.386000000000000000e+03
1.090000000000000000e+05 8.487000000000000000e+03
1.100000000000000000e+05 8.321000000000000000e+03
1.110000000000000000e+05 8.381000000000000000e+03
1.120000000000000000e+05 8.601000000000000000e+03
1.130000000000000000e+05 8.535000000000000000e+03
1.140000000000000000e+05 8.727000000000000000e+03
1.150000000000000000e+05 8.758000000000000000e+03
1.160000000000000000e+05 8.618000000000000000e+03
1.170000000000000000e+05 8.779000000000000000e+03
1.180000000000000000e+05 8.779000000000000000e+03
1.190000000000000000e+05 8.549000000000000000e+03
1.200000000000000000e+05 8.670000000000000000e+03
1.210000000000000000e+05 8.848000000000000000e+03
1.220000000000000000e+05 8.879000000000000000e+03
1.230000000000000000e+05 8.673000000000000000e+03
1.240000000000000000e+05 8.728000000000000000e+03
1.250000000000000000e+05 8.679000000000000000e+03
1.260000000000000000e+05 8.671000000000000000e+03
1.270000000000000000e+05 8.742000000000000000e+03
1.280000000000000000e+05 8.586000000000000000e+03
1.290000000000000000e+05 8.489000000000000000e+03
1.300000000000000000e+05 8.257000000000000000e+03
1.310000000000000000e+05 8.467000000000000000e+03
1.320000000000000000e+05 8.119000000000000000e+03
1.330000000000000000e+05 8.192000000000000000e+03
1.340000000000000000e+05 8.080000000000000000e+03
1.350000000000000000e+05 8.050000000000000000e+03
1.360000000000000000e+05 7.940000000000000000e+03
1.370000000000000000e+05 7.816000000000000000e+03
1.380000000000000000e+05 7.678000000000000000e+03
1.390000000000000000e+05 7.432000000000000000e+03
1.400000000000000000e+05 7.310000000000000000e+03
1.410000000000000000e+05 7.314000000000000000e+03
1.420000000000000000e+05 7.039000000000000000e+03
1.430000000000000000e+05 6.913000000000000000e+03
1.440000000000000000e+05 6.664000000000000000e+03
1.450000000000000000e+05 6.475000000000000000e+03
1.460000000000000000e+05 6.271000000000000000e+03
1.470000000000000000e+05 5.933000000000000000e+03
1.480000000000000000e+05 5.827000000000000000e+03
1.490000000000000000e+05 5.500000000000000000e+03
1.500000000000000000e+05 5.446000000000000000e+03
1.510000000000000000e+05 5.170000000000000000e+03
1.520000000000000000e+05 4.788000000000000000e+03
1.530000000000000000e+05 4.477000000000000000e+03
1.540000000000000000e+05 4.362000000000000000e+03
1.550000000000000000e+05 4.059000000000000000e+03
1.560000000000000000e+05 3.928000000000000000e+03
1.570000000000000000e+05 3.716000000000000000e+03
1.580000000000000000e+05 3.437000000000000000e+03
1.590000000000000000e+05 3.277000000000000000e+03
1.600000000000000000e+05 3.019000000000000000e+03
1.610000000000000000e+05 2.897000000000000000e+03
1.620000000000000000e+05 2.703000000000000000e+03
1.630000000000000000e+05 2.647000000000000000e+03
1.640000000000000000e+05 2.549000000000000000e+03
1.650000000000000000e+05 2.468000000000000000e+03
1.660000000000000000e+05 2.325000000000000000e+03
1.670000000000000000e+05 2.280000000000000000e+03
1.680000000000000000e+05 2.202000000000000000e+03
1.690000000000000000e+05 2.151000000000000000e+03
1.700000000000000000e+05 2.288000000000000000e+03
1.710000000000000000e+05 2.333000000000000000e+03
1.720000000000000000e+05 2.202000000000000000e+03
1.730000000000000000e+05 2.355000000000000000e+03
1.740000000000000000e+05 2.355000000000000000e+03
1.750000000000000000e+05 2.581000000000000000e+03
1.760000000000000000e+05 2.632000000000000000e+03
1.770000000000000000e+05 2.725000000000000000e+03
1.780000000000000000e+05 3.027000000000000000e+03
1.790000000000000000e+05 3.292000000000000000e+03
1.800000000000000000e+05 3.389000000000000000e+03
1.810000000000000000e+05 3.585000000000000000e+03
1.820000000000000000e+05 3.690000000000000000e+03
1.830000000000000000e+05 3.950000000000000000e+03
1.840000000000000000e+05 4.233000000000000000e+03
1.850000000000000000e+05 4.385000000000000000e+03
1.860000000000000000e+05 4.679000000000000000e+03
1.870000000000000000e+05 5.073000000000000000e+03
1.880000000000000000e+05 5.183000000000000000e+03
1.890000000000000000e+05 5.257000000000000000e+03
1.900000000000000000e+05 5.735000000000000000e+03
1.910000000000000000e+05 5.756000000000000000e+03
1.920000000000000000e+05 5.886000000000000000e+03
1.930000000000000000e+05 6.287000000000000000e+03
1.940000000000000000e+05 6.696000000000000000e+03
1.950000000000000000e+05 6.728000000000000000e+03
1.960000000000000000e+05 6.966000000000000000e+03
1.970000000000000000e+05 7.017000000000000000e+03
1.980000000000000000e+05 7.264000000000000000e+03
1.990000000000000000e+05 7.335000000000000000e+03
