0.000000000000000000e+00 7.248000000000000000e+03
5.000000000000000000e+02 7.424000000000000000e+03
1.000000000000000000e+03 7.307000000000000000e+03
1.500000000000000000e+03 7.339000000000000000e+03
2.000000000000000000e+03 7.569000000000000000e+03
2.500000000000000000e+03 7.585000000000000000e+03
3.000000000000000000e+03 7.665000000000000000e+03
3.500000000000000000e+03 8.090000000000000000e+03
4.000000000000000000e+03 8.188000000000000000e+03
4.500000000000000000e+03 8.010000000000000000e+03
5.000000000000000000e+03 8.017000000000000000e+03
5.500000000000000000e+03 7.955000000000000000e+03
6.000000000000000000e+03 7.950000000000000000e+03
6.500000000000000000e+03 8.227000000000000000e+03
7.000000000000000000e+03 8.121000000000000000e+03
7.500000000000000000e+03 8.130000000000000000e+03
8.000000000000000000e+03 8.201000000000000000e+03
8.500000000000000000e+03 8.226000000000000000e+03
9.000000000000000000e+03 8.305000000000000000e+03
9.500000000000000000e+03 8.257000000000000000e+03
1.000000000000000000e+04 8.223000000000000000e+03
1.050000000000000000e+04 8.122000000000000000e+03
1.100000000000000000e+04 8.167000000000000000e+03
1.150000000000000000e+04 8.107000000000000000e+03
1.200000000000000000e+04 8.215000000000000000e+03
1.250000000000000000e+04 8.257000000000000000e+03
1.300000000000000000e+04 8.094000000000000000e+03
1.350000000000000000e+04 8.269000000000000000e+03
1.400000000000000000e+04 8.224000000000000000e+03
1.450000000000000000e+04 7.921000000000000000e+03
1.500000000000000000e+04 7.803000000000000000e+03
1.550000000000000000e+04 7.756000000000000000e+03
1.600000000000000000e+04 7.892000000000000000e+03
1.650000000000000000e+04 7.742000000000000000e+03
1.700000000000000000e+04 7.625000000000000000e+03
1.750000000000000000e+04 7.617000000000000000e+03
1.800000000000000000e+04 7.616000000000000000e+03
1.850000000000000000e+04 7.350000000000000000e+03
1.900000000000000000e+04 7.184000000000000000e+03
1.950000000000000000e+04 7.197000000000000000e+03
2.000000000000000000e+04 6.767000000000000000e+03
2.050000000000000000e+04 6.751000000000000000e+03
2.100000000000000000e+04 6.558000000000000000e+03
2.150000000000000000e+04 6.294000000000000000e+03
2.200000000000000000e+04 6.224000000000000000e+03
2.250000000000000000e+04 6.057000000000000000e+03
2.300000000000000000e+04 5.736000000000000000e+03
2.350000000000000000e+04 5.532000000000000000e+03
2.400000000000000000e+04 5.352000000000000000e+03
2.450000000000000000e+04 5.088000000000000000e+03
2.500000000000000000e+04 4.788000000000000000e+03
2.550000000000000000e+04 4.577000000000000000e+03
2.600000000000000000e+04 4.380000000000000000e+03
2.650000000000000000e+04 4.181000000000000000e+03
2.700000000000000000e+04 3.996000000000000000e+03
2.750000000000000000e+04 3.711000000000000000e+03
2.800000000000000000e+04 3.677000000000000000e+03
2.850000000000000000e+04 3.325000000000000000e+03
2.900000000000000000e+04 3.067000000000000000e+03
2.950000000000000000e+04 2.893000000000000000e+03
3.000000000000000000e+04 2.738000000000000000e+03
3.050000000000000000e+04 2.613000000000000000e+03
3.100000000000000000e+04 2.606000000000000000e+03
3.150000000000000000e+04 2.345000000000000000e+03
3.200000000000000000e+04 2.319000000000000000e+03
3.250000000000000000e+04 2.140000000000000000e+03
3.300000000000000000e+04 2.109000000000000000e+03
3.350000000000000000e+04 2.015000000000000000e+03
3.400000000000000000e+04 1.956000000000000000e+03
3.450000000000000000e+04 1.919000000000000000e+03
3.500000000000000000e+04 2.051000000000000000e+03
3.550000000000000000e+04 1.939000000000000000e+03
3.600000000000000000e+04 1.992000000000000000e+03
3.650000000000000000e+04 2.132000000000000000e+03
3.700000000000000000e+04 2.123000000000000000e+03
3.750000000000000000e+04 2.261000000000000000e+03
3.800000000000000000e+04 2.266000000000000000e+03
3.850000000000000000e+04 2.500000000000000000e+03
3.900000000000000000e+04 2.636000000000000000e+03
3.950000000000000000e+04 2.840000000000000000e+03
4.000000000000000000e+04 2.959000000000000000e+03
4.050000000000000000e+04 3.262000000000000000e+03
4.100000000000000000e+04 3.481000000000000000e+03
4.150000000000000000e+04 3.598000000000000000e+03
4.200000000000000000e+04 3.889000000000000000e+03
4.250000000000000000e+04 4.036000000000000000e+03
4.300000000000000000e+04 4.312000000000000000e+03
4.350000000000000000e+04 4.548000000000000000e+03
4.400000000000000000e+04 4.884000000000000000e+03
4.450000000000000000e+04 5.087000000000000000e+03
4.500000000000000000e+04 5.183000000000000000e+03
4.550000000000000000e+04 5.579000000000000000e+03
4.600000000000000000e+04 5.603000000000000000e+03
4.650000000000000000e+04 5.848000000000000000e+03
4.700000000000000000e+04 6.101000000000000000e+03
4.750000000000000000e+04 6.220000000000000000e+03
4.800000000000000000e+04 6.503000000000000000e+03
4.850000000000000000e+04 6.649000000000000000e+03
4.900000000000000000e+04 6.944000000000000000e+03
4.950000000000000000e+04 6.799000000000000000e+03
5.000000000000000000e+04 7.169000000000000000e+03
5.050000000000000000e+04 7.285000000000000000e+03
5.100000000000000000e+04 7.401000000000000000e+03
5.150000000000000000e+04 7.495000000000000000e+03
5.200000000000000000e+04 7.522000000000000000e+03
5.250000000000000000e+04 7.519000000000000000e+03
5.300000000000000000e+04 7.618000000000000000e+03
5.350000000000000000e+04 7.847000000000000000e+03
5.400000000000000000e+04 7.964000000000000000e+03
5.450000000000000000e+04 8.156000000000000000e+03
5.500000000000000000e+04 8.053000000000000000e+03
5.550000000000000000e+04 8.096000000000000000e+03
5.600000000000000000e+04 8.032000000000000000e+03
5.650000000000000000e+04 8.221000000000000000e+03
5.700000000000000000e+04 8.152000000000000000e+03
5.750000000000000000e+04 8.287000000000000000e+03
5.800000000000000000e+04 8.161000000000000000e+03
5.850000000000000000e+04 8.240000000000000000e+03
5.900000000000000000e+04 8.289000000000000000e+03
5.950000000000000000e+04 8.199000000000000000e+03
6.000000000000000000e+04 8.282000000000000000e+03
6.050000000000000000e+04 8.086000000000000000e+03
6.100000000000000000e+04 8.124000000000000000e+03
6.150000000000000000e+04 8.180000000000000000e+03
6.200000000000000000e+04 8.056000000000000000e+03
6.250000000000000000e+04 8.150000000000000000e+03
6.300000000000000000e+04 8.355000000000000000e+03
6.350000000000000000e+04 8.211000000000000000e+03
6.400000000000000000e+04 8.096000000000000000e+03
6.450000000000000000e+04 7.939000000000000000e+03
6.500000000000000000e+04 7.923000000000000000e+03
6.550000000000000000e+04 7.661000000000000000e+03
6.600000000000000000e+04 7.795000000000000000e+03
6.650000000000000000e+04 7.583000000000000000e+03
6.700000000000000000e+04 7.628000000000000000e+03
6.750000000000000000e+04 7.566000000000000000e+03
6.800000000000000000e+04 7.393000000000000000e+03
6.850000000000000000e+04 7.284000000000000000e+03
6.900000000000000000e+04 7.225000000000000000e+03
6.950000000000000000e+04 7.155000000000000000e+03
7.000000000000000000e+04 6.697000000000000000e+03
7.050000000000000000e+04 6.684000000000000000e+03
7.100000000000000000e+04 6.517000000000000000e+03
7.150000000000000000e+04 6.463000000000000000e+03
7.200000000000000000e+04 6.149000000000000000e+03
7.250000000000000000e+04 5.801000000000000000e+03
7.300000000000000000e+04 5.965000000000000000e+03
7.350000000000000000e+04 5.601000000000000000e+03
7.400000000000000000e+04 5.264000000000000000e+03
7.450000000000000000e+04 5.138000000000000000e+03
7.500000000000000000e+04 4.875000000000000000e+03
7.550000000000000000e+04 4.798000000000000000e+03
7.600000000000000000e+04 4.491000000000000000e+03
7.650000000000000000e+04 4.333000000000000000e+03
7.700000000000000000e+04 3.932000000000000000e+03
7.750000000000000000e+04 3.822000000000000000e+03
7.800000000000000000e+04 3.607000000000000000e+03
7.850000000000000000e+04 3.437000000000000000e+03
7.900000000000000000e+04 3.141000000000000000e+03
7.950000000000000000e+04 2.933000000000000000e+03
8.000000000000000000e+04 2.794000000000000000e+03
8.050000000000000000e+04 2.609000000000000000e+03
8.100000000000000000e+04 2.486000000000000000e+03
8.150000000000000000e+04 2.459000000000000000e+03
8.200000000000000000e+04 2.335000000000000000e+03
8.250000000000000000e+04 2.202000000000000000e+03
8.300000000000000000e+04 2.181000000000000000e+03
8.350000000000000000e+04 2.059000000000000000e+03
8.400000000000000000e+04 1.971000000000000000e+03
8.450000000000000000e+04 1.909000000000000000e+03
8.500000000000000000e+04 1.931000000000000000e+03
8.550000000000000000e+04 1.989000000000000000e+03
8.600000000000000000e+04 2.077000000000000000e+03
8.650000000000000000e+04 2.174000000000000000e+03
8.700000000000000000e+04 2.058000000000000000e+03
8.750000000000000000e+04 2.237000000000000000e+03
8.800000000000000000e+04 2.419000000000000000e+03
8.850000000000000000e+04 2.475000000000000000e+03
8.900000000000000000e+04 2.711000000000000000e+03
8.950000000000000000e+04 2.885000000000000000e+03
9.000000000000000000e+04 3.042000000000000000e+03
9.050000000000000000e+04 3.226000000000000000e+03
9.100000000000000000e+04 3.530000000000000000e+03
9.150000000000000000e+04 3.660000000000000000e+03
9.200000000000000000e+04 3.887000000000000000e+03
9.250000000000000000e+04 4.215000000000000000e+03
9.300000000000000000e+04 4.399000000000000000e+03
9.350000000000000000e+04 4.445000000000000000e+03
9.400000000000000000e+04 4.837000000000000000e+03
9.450000000000000000e+04 5.104000000000000000e+03
9.500000000000000000e+04 5.483000000000000000e+03
9.550000000000000000e+04 5.441000000000000000e+03
9.600000000000000000e+04 5.691000000000000000e+03
9.650000000000000000e+04 5.795000000000000000e+03
9.700000000000000000e+04 6.027000000000000000e+03
9.750000000000000000e+04 6.218000000000000000e+03
9.800000000000000000e+04 6.605000000000000000e+03
9.850000000000000000e+04 6.533000000000000000e+03
9.900000000000000000e+04 6.818000000000000000e+03
9.950000000000000000e+04 6.952000000000000000e+03
