0.000000000000000000e+00 6.996000000000000000e+03
2.500000000000000000e+02 7.135000000000000000e+03
5.000000000000000000e+02 7.292000000000000000e+03
7.500000000000000000e+02 7.473000000000000000e+03
1.000000000000000000e+03 7.579000000000000000e+03
1.250000000000000000e+03 7.573000000000000000e+03
1.500000000000000000e+03 7.638000000000000000e+03
1.750000000000000000e+03 7.954000000000000000e+03
2.000000000000000000e+03 7.960000000000000000e+03
2.250000000000000000e+03 7.906000000000000000e+03
2.500000000000000000e+03 8.034000000000000000e+03
2.750000000000000000e+03 8.127000000000000000e+03
3.000000000000000000e+03 8.191000000000000000e+03
3.250000000000000000e+03 8.284000000000000000e+03
3.500000000000000000e+03 8.105000000000000000e+03
3.750000000000000000e+03 8.310000000000000000e+03
4.000000000000000000e+03 8.361000000000000000e+03
4.250000000000000000e+03 8.240000000000000000e+03
4.500000000000000000e+03 8.301000000000000000e+03
4.750000000000000000e+03 8.491000000000000000e+03
5.000000000000000000e+03 8.289000000000000000e+03
5.250000000000000000e+03 8.241000000000000000e+03
5.500000000000000000e+03 8.144000000000000000e+03
5.750000000000000000e+03 8.128000000000000000e+03
6.000000000000000000e+03 8.297000000000000000e+03
6.250000000000000000e+03 8.121000000000000000e+03
6.500000000000000000e+03 8.029000000000000000e+03
6.750000000000000000e+03 8.007000000000000000e+03
7.000000000000000000e+03 7.960000000000000000e+03
7.250000000000000000e+03 7.857000000000000000e+03
7.500000000000000000e+03 8.008000000000000000e+03
7.750000000000000000e+03 7.890000000000000000e+03
8.000000000000000000e+03 8.050000000000000000e+03
8.250000000000000000e+03 7.700000000000000000e+03
8.500000000000000000e+03 7.846000000000000000e+03
8.750000000000000000e+03 7.435000000000000000e+03
9.000000000000000000e+03 7.415000000000000000e+03
9.250000000000000000e+03 7.253000000000000000e+03
9.500000000000000000e+03 7.290000000000000000e+03
9.750000000000000000e+03 6.962000000000000000e+03
1.000000000000000000e+04 6.800000000000000000e+03
1.025000000000000000e+04 6.711000000000000000e+03
1.050000000000000000e+04 6.780000000000000000e+03
1.075000000000000000e+04 6.387000000000000000e+03
1.100000000000000000e+04 6.455000000000000000e+03
1.125000000000000000e+04 6.006000000000000000e+03
1.150000000000000000e+04 5.762000000000000000e+03
1.175000000000000000e+04 5.674000000000000000e+03
1.200000000000000000e+04 5.506000000000000000e+03
1.225000000000000000e+04 5.277000000000000000e+03
1.250000000000000000e+04 5.030000000000000000e+03
1.275000000000000000e+04 5.010000000000000000e+03
1.300000000000000000e+04 4.633000000000000000e+03
1.325000000000000000e+04 4.425000000000000000e+03
1.350000000000000000e+04 4.055000000000000000e+03
1.375000000000000000e+04 3.934000000000000000e+03
1.400000000000000000e+04 3.654000000000000000e+03
1.425000000000000000e+04 3.490000000000000000e+03
1.450000000000000000e+04 3.260000000000000000e+03
1.475000000000000000e+04 3.109000000000000000e+03
1.500000000000000000e+04 2.970000000000000000e+03
1.525000000000000000e+04 2.846000000000000000e+03
1.550000000000000000e+04 2.632000000000000000e+03
1.575000000000000000e+04 2.574000000000000000e+03
1.600000000000000000e+04 2.452000000000000000e+03
1.625000000000000000e+04 2.253000000000000000e+03
1.650000000000000000e+04 2.282000000000000000e+03
1.675000000000000000e+04 2.129000000000000000e+03
1.700000000000000000e+04 2.043000000000000000e+03
1.725000000000000000e+04 2.056000000000000000e+03
1.750000000000000000e+04 2.112000000000000000e+03
1.775000000000000000e+04 1.994000000000000000e+03
1.800000000000000000e+04 2.102000000000000000e+03
1.825000000000000000e+04 2.130000000000000000e+03
1.850000000000000000e+04 2.295000000000000000e+03
1.875000000000000000e+04 2.347000000000000000e+03
1.900000000000000000e+04 2.393000000000000000e+03
1.925000000000000000e+04 2.545000000000000000e+03
1.950000000000000000e+04 2.756000000000000000e+03
1.975000000000000000e+04 2.856000000000000000e+03
2.000000000000000000e+04 3.053000000000000000e+03
2.025000000000000000e+04 3.259000000000000000e+03
2.050000000000000000e+04 3.519000000000000000e+03
2.075000000000000000e+04 3.670000000000000000e+03
2.100000000000000000e+04 3.871000000000000000e+03
2.125000000000000000e+04 4.163000000000000000e+03
2.150000000000000000e+04 4.362000000000000000e+03
2.175000000000000000e+04 4.653000000000000000e+03
2.200000000000000000e+04 4.806000000000000000e+03
2.225000000000000000e+04 5.046000000000000000e+03
2.250000000000000000e+04 5.304000000000000000e+03
2.275000000000000000e+04 5.601000000000000000e+03
2.300000000000000000e+04 5.652000000000000000e+03
2.325000000000000000e+04 5.846000000000000000e+03
2.350000000000000000e+04 6.151000000000000000e+03
2.375000000000000000e+04 6.432000000000000000e+03
2.400000000000000000e+04 6.295000000000000000e+03
2.425000000000000000e+04 6.562000000000000000e+03
2.450000000000000000e+04 6.813000000000000000e+03
2.475000000000000000e+04 6.919000000000000000e+03
2.500000000000000000e+04 7.085000000000000000e+03
2.525000000000000000e+04 7.326000000000000000e+03
2.550000000000000000e+04 7.393000000000000000e+03
2.575000000000000000e+04 7.421000000000000000e+03
2.600000000000000000e+04 7.432000000000000000e+03
2.625000000000000000e+04 7.589000000000000000e+03
2.650000000000000000e+04 7.756000000000000000e+03
2.675000000000000000e+04 7.958000000000000000e+03
2.700000000000000000e+04 7.968000000000000000e+03
2.725000000000000000e+04 7.991000000000000000e+03
2.750000000000000000e+04 8.175000000000000000e+03
2.775000000000000000e+04 8.036000000000000000e+03
2.800000000000000000e+04 8.048000000000000000e+03
2.825000000000000000e+04 8.256000000000000000e+03
2.850000000000000000e+04 8.164000000000000000e+03
2.875000000000000000e+04 8.133000000000000000e+03
2.900000000000000000e+04 8.279000000000000000e+03
2.925000000000000000e+04 8.338000000000000000e+03
2.950000000000000000e+04 8.245000000000000000e+03
2.975000000000000000e+04 8.296000000000000000e+03
3.000000000000000000e+04 8.419000000000000000e+03
3.025000000000000000e+04 8.271000000000000000e+03
3.050000000000000000e+04 8.281000000000000000e+03
3.075000000000000000e+04 8.244000000000000000e+03
3.100000000000000000e+04 8.264000000000000000e+03
3.125000000000000000e+04 8.319000000000000000e+03
3.150000000000000000e+04 8.123000000000000000e+03
3.175000000000000000e+04 8.077000000000000000e+03
3.200000000000000000e+04 8.134000000000000000e+03
3.225000000000000000e+04 7.961000000000000000e+03
3.250000000000000000e+04 7.993000000000000000e+03
3.275000000000000000e+04 7.856000000000000000e+03
3.300000000000000000e+04 7.840000000000000000e+03
3.325000000000000000e+04 7.690000000000000000e+03
3.350000000000000000e+04 7.580000000000000000e+03
3.375000000000000000e+04 7.465000000000000000e+03
3.400000000000000000e+04 7.470000000000000000e+03
3.425000000000000000e+04 7.330000000000000000e+03
3.450000000000000000e+04 7.243000000000000000e+03
3.475000000000000000e+04 7.118000000000000000e+03
3.500000000000000000e+04 7.112000000000000000e+03
3.525000000000000000e+04 6.795000000000000000e+03
3.550000000000000000e+04 6.517000000000000000e+03
3.575000000000000000e+04 6.448000000000000000e+03
3.600000000000000000e+04 6.340000000000000000e+03
3.625000000000000000e+04 6.063000000000000000e+03
3.650000000000000000e+04 5.910000000000000000e+03
3.675000000000000000e+04 5.804000000000000000e+03
3.700000000000000000e+04 5.388000000000000000e+03
3.725000000000000000e+04 5.326000000000000000e+03
3.750000000000000000e+04 5.061000000000000000e+03
3.775000000000000000e+04 4.869000000000000000e+03
3.800000000000000000e+04 4.635000000000000000e+03
3.825000000000000000e+04 4.436000000000000000e+03
3.850000000000000000e+04 4.176000000000000000e+03
3.875000000000000000e+04 3.843000000000000000e+03
3.900000000000000000e+04 3.823000000000000000e+03
3.925000000000000000e+04 3.584000000000000000e+03
3.950000000000000000e+04 3.290000000000000000e+03
3.975000000000000000e+04 3.166000000000000000e+03
4.000000000000000000e+04 2.937000000000000000e+03
4.025000000000000000e+04 2.844000000000000000e+03
4.050000000000000000e+04 2.714000000000000000e+03
4.075000000000000000e+04 2.508000000000000000e+03
4.100000000000000000e+04 2.474000000000000000e+03
4.125000000000000000e+04 2.351000000000000000e+03
4.150000000000000000e+04 2.215000000000000000e+03
4.175000000000000000e+04 2.149000000000000000e+03
4.200000000000000000e+04 2.198000000000000000e+03
4.225000000000000000e+04 2.057000000000000000e+03
4.250000000000000000e+04 2.084000000000000000e+03
4.275000000000000000e+04 2.143000000000000000e+03
4.300000000000000000e+04 2.087000000000000000e+03
4.325000000000000000e+04 2.207000000000000000e+03
4.350000000000000000e+04 2.235000000000000000e+03
4.375000000000000000e+04 2.327000000000000000e+03
4.400000000000000000e+04 2.449000000000000000e+03
4.425000000000000000e+04 2.568000000000000000e+03
4.450000000000000000e+04 2.673000000000000000e+03
4.475000000000000000e+04 2.845000000000000000e+03
4.500000000000000000e+04 3.104000000000000000e+03
4.525000000000000000e+04 3.195000000000000000e+03
4.550000000000000000e+04 3.493000000000000000e+03
4.575000000000000000e+04 3.668000000000000000e+03
4.600000000000000000e+04 3.990000000000000000e+03
4.625000000000000000e+04 4.108000000000000000e+03
4.650000000000000000e+04 4.320000000000000000e+03
4.675000000000000000e+04 4.721000000000000000e+03
4.700000000000000000e+04 4.886000000000000000e+03
4.725000000000000000e+04 5.268000000000000000e+03
4.750000000000000000e+04 5.422000000000000000e+03
4.775000000000000000e+04 5.566000000000000000e+03
4.800000000000000000e+04 5.731000000000000000e+03
4.825000000000000000e+04 6.053000000000000000e+03
4.850000000000000000e+04 6.143000000000000000e+03
4.875000000000000000e+04 6.451000000000000000e+03
4.900000000000000000e+04 6.414000000000000000e+03
4.925000000000000000e+04 6.751000000000000000e+03
4.950000000000000000e+04 6.862000000000000000e+03
4.975000000000000000e+04 7.049000000000000000e+03
