0.000000000000000000e+00 3.693000000000000000e+03
1.000000000000000000e+02 3.848000000000000000e+03
2.000000000000000000e+02 3.906000000000000000e+03
3.000000000000000000e+02 4.132000000000000000e+03
4.000000000000000000e+02 4.226000000000000000e+03
5.000000000000000000e+02 4.198000000000000000e+03
6.000000000000000000e+02 4.244000000000000000e+03
7.000000000000000000e+02 4.256000000000000000e+03
8.000000000000000000e+02 4.468000000000000000e+03
9.000000000000000000e+02 4.334000000000000000e+03
1.000000000000000000e+03 4.498000000000000000e+03
1.100000000000000000e+03 4.572000000000000000e+03
1.200000000000000000e+03 4.435000000000000000e+03
1.300000000000000000e+03 4.651000000000000000e+03
1.400000000000000000e+03 4.571000000000000000e+03
1.500000000000000000e+03 4.582000000000000000e+03
1.600000000000000000e+03 4.637000000000000000e+03
1.700000000000000000e+03 4.638000000000000000e+03
1.800000000000000000e+03 4.641000000000000000e+03
1.900000000000000000e+03 4.669000000000000000e+03
2.000000000000000000e+03 4.777000000000000000e+03
2.100000000000000000e+03 4.727000000000000000e+03
2.200000000000000000e+03 4.690000000000000000e+03
2.300000000000000000e+03 4.700000000000000000e+03
2.400000000000000000e+03 4.644000000000000000e+03
2.500000000000000000e+03 4.560000000000000000e+03
2.600000000000000000e+03 4.724000000000000000e+03
2.700000000000000000e+03 4.519000000000000000e+03
2.800000000000000000e+03 4.490000000000000000e+03
2.900000000000000000e+03 4.540000000000000000e+03
3.000000000000000000e+03 4.648000000000000000e+03
3.100000000000000000e+03 4.423000000000000000e+03
3.200000000000000000e+03 4.406000000000000000e+03
3.300000000000000000e+03 4.329000000000000000e+03
3.400000000000000000e+03 4.277000000000000000e+03
3.500000000000000000e+03 4.194000000000000000e+03
3.600000000000000000e+03 4.009000000000000000e+03
3.700000000000000000e+03 4.150000000000000000e+03
3.800000000000000000e+03 3.931000000000000000e+03
3.900000000000000000e+03 3.892000000000000000e+03
4.000000000000000000e+03 3.823000000000000000e+03
4.100000000000000000e+03 3.615000000000000000e+03
4.200000000000000000e+03 3.595000000000000000e+03
4.300000000000000000e+03 3.307000000000000000e+03
4.400000000000000000e+03 3.392000000000000000e+03
4.500000000000000000e+03 3.218000000000000000e+03
4.600000000000000000e+03 3.083000000000000000e+03
4.700000000000000000e+03 2.997000000000000000e+03
4.800000000000000000e+03 2.757000000000000000e+03
4.900000000000000000e+03 2.754000000000000000e+03
5.000000000000000000e+03 2.574000000000000000e+03
5.100000000000000000e+03 2.422000000000000000e+03
5.200000000000000000e+03 2.387000000000000000e+03
5.300000000000000000e+03 2.197000000000000000e+03
5.400000000000000000e+03 2.103000000000000000e+03
5.500000000000000000e+03 1.987000000000000000e+03
5.600000000000000000e+03 1.802000000000000000e+03
5.700000000000000000e+03 1.722000000000000000e+03
5.800000000000000000e+03 1.648000000000000000e+03
5.900000000000000000e+03 1.582000000000000000e+03
6.000000000000000000e+03 1.480000000000000000e+03
6.100000000000000000e+03 1.351000000000000000e+03
6.200000000000000000e+03 1.292000000000000000e+03
6.300000000000000000e+03 1.234000000000000000e+03
6.400000000000000000e+03 1.170000000000000000e+03
6.500000000000000000e+03 1.116000000000000000e+03
6.600000000000000000e+03 1.079000000000000000e+03
6.700000000000000000e+03 1.032000000000000000e+03
6.800000000000000000e+03 9.790000000000000000e+02
6.900000000000000000e+03 9.260000000000000000e+02
7.000000000000000000e+03 9.650000000000000000e+02
7.100000000000000000e+03 9.380000000000000000e+02
7.200000000000000000e+03 8.710000000000000000e+02
7.300000000000000000e+03 8.720000000000000000e+02
7.400000000000000000e+03 9.240000000000000000e+02
7.500000000000000000e+03 9.330000000000000000e+02
7.600000000000000000e+03 9.600000000000000000e+02
7.700000000000000000e+03 9.910000000000000000e+02
7.800000000000000000e+03 1.072000000000000000e+03
7.900000000000000000e+03 1.201000000000000000e+03
8.000000000000000000e+03 1.215000000000000000e+03
8.100000000000000000e+03 1.254000000000000000e+03
8.200000000000000000e+03 1.365000000000000000e+03
8.300000000000000000e+03 1.446000000000000000e+03
8.400000000000000000e+03 1.529000000000000000e+03
8.500000000000000000e+03 1.653000000000000000e+03
8.600000000000000000e+03 1.787000000000000000e+03
8.700000000000000000e+03 1.976000000000000000e+03
8.800000000000000000e+03 2.162000000000000000e+03
8.900000000000000000e+03 2.261000000000000000e+03
9.000000000000000000e+03 2.432000000000000000e+03
9.100000000000000000e+03 2.539000000000000000e+03
9.200000000000000000e+03 2.645000000000000000e+03
9.300000000000000000e+03 2.790000000000000000e+03
9.400000000000000000e+03 2.921000000000000000e+03
9.500000000000000000e+03 3.231000000000000000e+03
9.600000000000000000e+03 3.181000000000000000e+03
9.700000000000000000e+03 3.382000000000000000e+03
9.800000000000000000e+03 3.437000000000000000e+03
9.900000000000000000e+03 3.532000000000000000e+03
1.000000000000000000e+04 3.703000000000000000e+03
1.010000000000000000e+04 3.697000000000000000e+03
1.020000000000000000e+04 3.870000000000000000e+03
1.030000000000000000e+04 3.948000000000000000e+03
1.040000000000000000e+04 4.056000000000000000e+03
1.050000000000000000e+04 4.185000000000000000e+03
1.060000000000000000e+04 4.331000000000000000e+03
1.070000000000000000e+04 4.187000000000000000e+03
1.080000000000000000e+04 4.275000000000000000e+03
1.090000000000000000e+04 4.477000000000000000e+03
1.100000000000000000e+04 4.495000000000000000e+03
1.110000000000000000e+04 4.575000000000000000e+03
1.120000000000000000e+04 4.634000000000000000e+03
1.130000000000000000e+04 4.377000000000000000e+03
1.140000000000000000e+04 4.699000000000000000e+03
1.150000000000000000e+04 4.591000000000000000e+03
1.160000000000000000e+04 4.668000000000000000e+03
1.170000000000000000e+04 4.609000000000000000e+03
1.180000000000000000e+04 4.615000000000000000e+03
1.190000000000000000e+04 4.607000000000000000e+03
1.200000000000000000e+04 4.703000000000000000e+03
1.210000000000000000e+04 4.603000000000000000e+03
1.220000000000000000e+04 4.629000000000000000e+03
1.230000000000000000e+04 4.611000000000000000e+03
1.240000000000000000e+04 4.643000000000000000e+03
1.250000000000000000e+04 4.595000000000000000e+03
1.260000000000000000e+04 4.541000000000000000e+03
1.270000000000000000e+04 4.531000000000000000e+03
1.280000000000000000e+04 4.600000000000000000e+03
1.290000000000000000e+04 4.517000000000000000e+03
1.300000000000000000e+04 4.406000000000000000e+03
1.310000000000000000e+04 4.332000000000000000e+03
1.320000000000000000e+04 4.280000000000000000e+03
1.330000000000000000e+04 4.354000000000000000e+03
1.340000000000000000e+04 4.186000000000000000e+03
1.350000000000000000e+04 4.232000000000000000e+03
1.360000000000000000e+04 4.154000000000000000e+03
1.370000000000000000e+04 3.973000000000000000e+03
1.380000000000000000e+04 3.973000000000000000e+03
1.390000000000000000e+04 3.932000000000000000e+03
1.400000000000000000e+04 3.811000000000000000e+03
1.410000000000000000e+04 3.757000000000000000e+03
1.420000000000000000e+04 3.512000000000000000e+03
1.430000000000000000e+04 3.451000000000000000e+03
1.440000000000000000e+04 3.307000000000000000e+03
1.450000000000000000e+04 3.243000000000000000e+03
1.460000000000000000e+04 3.053000000000000000e+03
1.470000000000000000e+04 3.122000000000000000e+03
1.480000000000000000e+04 2.824000000000000000e+03
1.490000000000000000e+04 2.797000000000000000e+03
1.500000000000000000e+04 2.676000000000000000e+03
1.510000000000000000e+04 2.524000000000000000e+03
1.520000000000000000e+04 2.297000000000000000e+03
1.530000000000000000e+04 2.210000000000000000e+03
1.540000000000000000e+04 2.174000000000000000e+03
1.550000000000000000e+04 1.969000000000000000e+03
1.560000000000000000e+04 1.889000000000000000e+03
1.570000000000000000e+04 1.799000000000000000e+03
1.580000000000000000e+04 1.651000000000000000e+03
1.590000000000000000e+04 1.529000000000000000e+03
1.600000000000000000e+04 1.439000000000000000e+03
1.610000000000000000e+04 1.332000000000000000e+03
1.620000000000000000e+04 1.359000000000000000e+03
1.630000000000000000e+04 1.274000000000000000e+03
1.640000000000000000e+04 1.182000000000000000e+03
1.650000000000000000e+04 1.125000000000000000e+03
1.660000000000000000e+04 1.046000000000000000e+03
1.670000000000000000e+04 1.028000000000000000e+03
1.680000000000000000e+04 1.023000000000000000e+03
1.690000000000000000e+04 9.000000000000000000e+02
1.700000000000000000e+04 9.230000000000000000e+02
1.710000000000000000e+04 9.030000000000000000e+02
1.720000000000000000e+04 9.240000000000000000e+02
1.730000000000000000e+04 9.390000000000000000e+02
1.740000000000000000e+04 9.330000000000000000e+02
1.750000000000000000e+04 9.880000000000000000e+02
1.760000000000000000e+04 9.720000000000000000e+02
1.770000000000000000e+04 1.072000000000000000e+03
1.780000000000000000e+04 1.070000000000000000e+03
1.790000000000000000e+04 1.070000000000000000e+03
1.800000000000000000e+04 1.177000000000000000e+03
1.810000000000000000e+04 1.353000000000000000e+03
1.820000000000000000e+04 1.391000000000000000e+03
1.830000000000000000e+04 1.451000000000000000e+03
1.840000000000000000e+04 1.572000000000000000e+03
1.850000000000000000e+04 1.705000000000000000e+03
1.860000000000000000e+04 1.912000000000000000e+03
1.870000000000000000e+04 2.050000000000000000e+03
1.880000000000000000e+04 2.178000000000000000e+03
1.890000000000000000e+04 2.268000000000000000e+03
1.900000000000000000e+04 2.395000000000000000e+03
1.910000000000000000e+04 2.546000000000000000e+03
1.920000000000000000e+04 2.765000000000000000e+03
1.930000000000000000e+04 2.741000000000000000e+03
1.940000000000000000e+04 2.868000000000000000e+03
1.950000000000000000e+04 3.171000000000000000e+03
1.960000000000000000e+04 3.333000000000000000e+03
1.970000000000000000e+04 3.292000000000000000e+03
1.980000000000000000e+04 3.506000000000000000e+03
1.990000000000000000e+04 3.648000000000000000e+03
