0.000000000000000000e+00 3.164000000000000000e+03
1.000000000000000000e+04 3.269000000000000000e+03
2.000000000000000000e+04 3.393000000000000000e+03
3.000000000000000000e+04 3.358000000000000000e+03
4.000000000000000000e+04 3.396000000000000000e+03
5.000000000000000000e+04 3.464000000000000000e+03
6.000000000000000000e+04 3.422000000000000000e+03
7.000000000000000000e+04 3.414000000000000000e+03
8.000000000000000000e+04 3.700000000000000000e+03
9.000000000000000000e+04 3.543000000000000000e+03
1.000000000000000000e+05 3.632000000000000000e+03
1.100000000000000000e+05 3.540000000000000000e+03
1.200000000000000000e+05 3.605000000000000000e+03
1.300000000000000000e+05 3.735000000000000000e+03
1.400000000000000000e+05 3.735000000000000000e+03
1.500000000000000000e+05 3.737000000000000000e+03
1.600000000000000000e+05 3.628000000000000000e+03
1.700000000000000000e+05 3.563000000000000000e+03
1.800000000000000000e+05 3.656000000000000000e+03
1.900000000000000000e+05 3.740000000000000000e+03
2.000000000000000000e+05 3.654000000000000000e+03
2.100000000000000000e+05 3.668000000000000000e+03
2.200000000000000000e+05 3.729000000000000000e+03
2.300000000000000000e+05 3.652000000000000000e+03
2.400000000000000000e+05 3.687000000000000000e+03
2.500000000000000000e+05 3.591000000000000000e+03
2.600000000000000000e+05 3.565000000000000000e+03
2.700000000000000000e+05 3.639000000000000000e+03
2.800000000000000000e+05 3.573000000000000000e+03
2.900000000000000000e+05 3.493000000000000000e+03
3.000000000000000000e+05 3.551000000000000000e+03
3.100000000000000000e+05 3.577000000000000000e+03
3.200000000000000000e+05 3.437000000000000000e+03
3.300000000000000000e+05 3.406000000000000000e+03
3.400000000000000000e+05 3.383000000000000000e+03
3.500000000000000000e+05 3.399000000000000000e+03
3.600000000000000000e+05 3.221000000000000000e+03
3.700000000000000000e+05 3.130000000000000000e+03
3.800000000000000000e+05 3.193000000000000000e+03
3.900000000000000000e+05 3.075000000000000000e+03
4.000000000000000000e+05 3.047000000000000000e+03
4.100000000000000000e+05 3.050000000000000000e+03
4.200000000000000000e+05 2.841000000000000000e+03
4.300000000000000000e+05 2.776000000000000000e+03
4.400000000000000000e+05 2.816000000000000000e+03
4.500000000000000000e+05 2.641000000000000000e+03
4.600000000000000000e+05 2.518000000000000000e+03
4.700000000000000000e+05 2.428000000000000000e+03
4.800000000000000000e+05 2.276000000000000000e+03
4.900000000000000000e+05 2.262000000000000000e+03
5.000000000000000000e+05 2.227000000000000000e+03
5.100000000000000000e+05 2.180000000000000000e+03
5.200000000000000000e+05 1.944000000000000000e+03
5.300000000000000000e+05 1.846000000000000000e+03
5.400000000000000000e+05 1.744000000000000000e+03
5.500000000000000000e+05 1.652000000000000000e+03
5.600000000000000000e+05 1.503000000000000000e+03
5.700000000000000000e+05 1.512000000000000000e+03
5.800000000000000000e+05 1.486000000000000000e+03
5.900000000000000000e+05 1.375000000000000000e+03
6.000000000000000000e+05 1.213000000000000000e+03
6.100000000000000000e+05 1.183000000000000000e+03
6.200000000000000000e+05 1.125000000000000000e+03
6.300000000000000000e+05 1.125000000000000000e+03
6.400000000000000000e+05 1.079000000000000000e+03
6.500000000000000000e+05 1.031000000000000000e+03
6.600000000000000000e+05 9.570000000000000000e+02
6.700000000000000000e+05 9.270000000000000000e+02
6.800000000000000000e+05 9.680000000000000000e+02
6.900000000000000000e+05 9.240000000000000000e+02
7.000000000000000000e+05 9.860000000000000000e+02
7.100000000000000000e+05 9.670000000000000000e+02
7.200000000000000000e+05 9.620000000000000000e+02
7.300000000000000000e+05 9.810000000000000000e+02
7.400000000000000000e+05 1.030000000000000000e+03
7.500000000000000000e+05 1.055000000000000000e+03
7.600000000000000000e+05 1.119000000000000000e+03
7.700000000000000000e+05 1.234000000000000000e+03
7.800000000000000000e+05 1.230000000000000000e+03
7.900000000000000000e+05 1.355000000000000000e+03
8.000000000000000000e+05 1.365000000000000000e+03
8.100000000000000000e+05 1.491000000000000000e+03
8.200000000000000000e+05 1.520000000000000000e+03
8.300000000000000000e+05 1.689000000000000000e+03
8.400000000000000000e+05 1.784000000000000000e+03
8.500000000000000000e+05 1.796000000000000000e+03
8.600000000000000000e+05 1.904000000000000000e+03
8.700000000000000000e+05 2.022000000000000000e+03
8.800000000000000000e+05 2.144000000000000000e+03
8.900000000000000000e+05 2.280000000000000000e+03
9.000000000000000000e+05 2.328000000000000000e+03
9.100000000000000000e+05 2.311000000000000000e+03
9.200000000000000000e+05 2.489000000000000000e+03
9.300000000000000000e+05 2.684000000000000000e+03
9.400000000000000000e+05 2.704000000000000000e+03
9.500000000000000000e+05 2.825000000000000000e+03
9.600000000000000000e+05 2.836000000000000000e+03
9.700000000000000000e+05 2.958000000000000000e+03
9.800000000000000000e+05 3.066000000000000000e+03
9.900000000000000000e+05 3.050000000000000000e+03
1.000000000000000000e+06 3.148000000000000000e+03
1.010000000000000000e+06 3.162000000000000000e+03
1.020000000000000000e+06 3.147000000000000000e+03
1.030000000000000000e+06 3.339000000000000000e+03
1.040000000000000000e+06 3.317000000000000000e+03
1.050000000000000000e+06 3.385000000000000000e+03
1.060000000000000000e+06 3.401000000000000000e+03
1.070000000000000000e+06 3.519000000000000000e+03
1.080000000000000000e+06 3.644000000000000000e+03
1.090000000000000000e+06 3.440000000000000000e+03
1.100000000000000000e+06 3.575000000000000000e+03
1.110000000000000000e+06 3.556000000000000000e+03
1.120000000000000000e+06 3.629000000000000000e+03
1.130000000000000000e+06 3.561000000000000000e+03
1.140000000000000000e+06 3.737000000000000000e+03
1.150000000000000000e+06 3.664000000000000000e+03
1.160000000000000000e+06 3.630000000000000000e+03
1.170000000000000000e+06 3.679000000000000000e+03
1.180000000000000000e+06 3.730000000000000000e+03
1.190000000000000000e+06 3.707000000000000000e+03
1.200000000000000000e+06 3.670000000000000000e+03
1.210000000000000000e+06 3.701000000000000000e+03
1.220000000000000000e+06 3.619000000000000000e+03
1.230000000000000000e+06 3.665000000000000000e+03
1.240000000000000000e+06 3.640000000000000000e+03
1.250000000000000000e+06 3.542000000000000000e+03
1.260000000000000000e+06 3.486000000000000000e+03
1.270000000000000000e+06 3.549000000000000000e+03
1.280000000000000000e+06 3.531000000000000000e+03
1.290000000000000000e+06 3.590000000000000000e+03
1.300000000000000000e+06 3.465000000000000000e+03
1.310000000000000000e+06 3.416000000000000000e+03
1.320000000000000000e+06 3.543000000000000000e+03
1.330000000000000000e+06 3.481000000000000000e+03
1.340000000000000000e+06 3.365000000000000000e+03
1.350000000000000000e+06 3.492000000000000000e+03
1.360000000000000000e+06 3.305000000000000000e+03
1.370000000000000000e+06 3.252000000000000000e+03
1.380000000000000000e+06 3.163000000000000000e+03
1.390000000000000000e+06 3.145000000000000000e+03
1.400000000000000000e+06 3.040000000000000000e+03
1.410000000000000000e+06 3.018000000000000000e+03
1.420000000000000000e+06 2.965000000000000000e+03
1.430000000000000000e+06 2.830000000000000000e+03
1.440000000000000000e+06 2.790000000000000000e+03
1.450000000000000000e+06 2.666000000000000000e+03
1.460000000000000000e+06 2.569000000000000000e+03
1.470000000000000000e+06 2.517000000000000000e+03
1.480000000000000000e+06 2.352000000000000000e+03
1.490000000000000000e+06 2.370000000000000000e+03
1.500000000000000000e+06 2.187000000000000000e+03
1.510000000000000000e+06 2.158000000000000000e+03
1.520000000000000000e+06 1.983000000000000000e+03
1.530000000000000000e+06 1.792000000000000000e+03
1.540000000000000000e+06 1.773000000000000000e+03
1.550000000000000000e+06 1.686000000000000000e+03
1.560000000000000000e+06 1.548000000000000000e+03
1.570000000000000000e+06 1.529000000000000000e+03
1.580000000000000000e+06 1.447000000000000000e+03
1.590000000000000000e+06 1.347000000000000000e+03
1.600000000000000000e+06 1.231000000000000000e+03
1.610000000000000000e+06 1.223000000000000000e+03
1.620000000000000000e+06 1.122000000000000000e+03
1.630000000000000000e+06 1.081000000000000000e+03
1.640000000000000000e+06 9.860000000000000000e+02
1.650000000000000000e+06 9.940000000000000000e+02
1.660000000000000000e+06 9.250000000000000000e+02
1.670000000000000000e+06 9.680000000000000000e+02
1.680000000000000000e+06 9.350000000000000000e+02
1.690000000000000000e+06 9.440000000000000000e+02
1.700000000000000000e+06 9.330000000000000000e+02
1.710000000000000000e+06 8.870000000000000000e+02
1.720000000000000000e+06 9.470000000000000000e+02
1.730000000000000000e+06 1.031000000000000000e+03
1.740000000000000000e+06 1.021000000000000000e+03
1.750000000000000000e+06 1.093000000000000000e+03
1.760000000000000000e+06 1.125000000000000000e+03
1.770000000000000000e+06 1.129000000000000000e+03
1.780000000000000000e+06 1.284000000000000000e+03
1.790000000000000000e+06 1.291000000000000000e+03
1.800000000000000000e+06 1.384000000000000000e+03
1.810000000000000000e+06 1.420000000000000000e+03
1.820000000000000000e+06 1.581000000000000000e+03
1.830000000000000000e+06 1.680000000000000000e+03
1.840000000000000000e+06 1.695000000000000000e+03
1.850000000000000000e+06 1.939000000000000000e+03
1.860000000000000000e+06 2.019000000000000000e+03
1.870000000000000000e+06 1.979000000000000000e+03
1.880000000000000000e+06 2.104000000000000000e+03
1.890000000000000000e+06 2.296000000000000000e+03
1.900000000000000000e+06 2.371000000000000000e+03
1.910000000000000000e+06 2.356000000000000000e+03
1.920000000000000000e+06 2.501000000000000000e+03
1.930000000000000000e+06 2.624000000000000000e+03
1.940000000000000000e+06 2.699000000000000000e+03
1.950000000000000000e+06 2.819000000000000000e+03
1.960000000000000000e+06 2.957000000000000000e+03
1.970000000000000000e+06 2.930000000000000000e+03
1.980000000000000000e+06 2.896000000000000000e+03
1.990000000000000000e+06 3.012000000000000000e+03
