0.000000000000000000e+00 2.109000000000000000e+03
3.333000000000000000e+03 2.203000000000000000e+03
6.666000000000000000e+03 2.137000000000000000e+03
9.999000000000000000e+03 2.135000000000000000e+03
1.333200000000000000e+04 2.138000000000000000e+03
1.666500000000000000e+04 2.246000000000000000e+03
1.999800000000000000e+04 2.312000000000000000e+03
2.333100000000000000e+04 2.215000000000000000e+03
2.666400000000000000e+04 2.304000000000000000e+03
2.999700000000000000e+04 2.344000000000000000e+03
3.333000000000000000e+04 2.364000000000000000e+03
3.666300000000000000e+04 2.320000000000000000e+03
3.999600000000000000e+04 2.339000000000000000e+03
4.332900000000000000e+04 2.373000000000000000e+03
4.666200000000000000e+04 2.430000000000000000e+03
4.999500000000000000e+04 2.347000000000000000e+03
5.332800000000000000e+04 2.445000000000000000e+03
5.666100000000000000e+04 2.518000000000000000e+03
5.999400000000000000e+04 2.315000000000000000e+03
6.332700000000000000e+04 2.474000000000000000e+03
6.666000000000000000e+04 2.377000000000000000e+03
6.999300000000000000e+04 2.440000000000000000e+03
7.332600000000000000e+04 2.379000000000000000e+03
7.665900000000000000e+04 2.315000000000000000e+03
7.999200000000000000e+04 2.390000000000000000e+03
8.332500000000000000e+04 2.373000000000000000e+03
8.665800000000000000e+04 2.337000000000000000e+03
8.999100000000000000e+04 2.414000000000000000e+03
9.332400000000000000e+04 2.305000000000000000e+03
9.665700000000000000e+04 2.233000000000000000e+03
9.999000000000000000e+04 2.298000000000000000e+03
1.033230000000000000e+05 2.257000000000000000e+03
1.066560000000000000e+05 2.277000000000000000e+03
1.099890000000000000e+05 2.153000000000000000e+03
1.133220000000000000e+05 2.238000000000000000e+03
1.166550000000000000e+05 2.172000000000000000e+03
1.199880000000000000e+05 2.175000000000000000e+03
1.233210000000000000e+05 2.020000000000000000e+03
1.266540000000000000e+05 2.067000000000000000e+03
1.299870000000000000e+05 2.031000000000000000e+03
1.333200000000000000e+05 2.015000000000000000e+03
1.366530000000000000e+05 1.959000000000000000e+03
1.399860000000000000e+05 1.875000000000000000e+03
1.433190000000000000e+05 1.828000000000000000e+03
1.466520000000000000e+05 1.843000000000000000e+03
1.499850000000000000e+05 1.664000000000000000e+03
1.533180000000000000e+05 1.639000000000000000e+03
1.566510000000000000e+05 1.616000000000000000e+03
1.599840000000000000e+05 1.506000000000000000e+03
1.633170000000000000e+05 1.507000000000000000e+03
1.666500000000000000e+05 1.429000000000000000e+03
1.699830000000000000e+05 1.413000000000000000e+03
1.733160000000000000e+05 1.299000000000000000e+03
1.766490000000000000e+05 1.200000000000000000e+03
1.799820000000000000e+05 1.159000000000000000e+03
1.833150000000000000e+05 1.177000000000000000e+03
1.866480000000000000e+05 1.023000000000000000e+03
1.899810000000000000e+05 1.057000000000000000e+03
1.933140000000000000e+05 9.580000000000000000e+02
1.966470000000000000e+05 9.530000000000000000e+02
1.999800000000000000e+05 8.450000000000000000e+02
2.033130000000000000e+05 8.440000000000000000e+02
2.066460000000000000e+05 7.980000000000000000e+02
2.099790000000000000e+05 7.730000000000000000e+02
2.133120000000000000e+05 7.490000000000000000e+02
2.166450000000000000e+05 7.050000000000000000e+02
2.199780000000000000e+05 6.390000000000000000e+02
2.233110000000000000e+05 6.190000000000000000e+02
2.266440000000000000e+05 5.870000000000000000e+02
2.299770000000000000e+05 6.230000000000000000e+02
2.333100000000000000e+05 6.570000000000000000e+02
2.366430000000000000e+05 6.660000000000000000e+02
2.399760000000000000e+05 6.390000000000000000e+02
2.433090000000000000e+05 6.170000000000000000e+02
2.466420000000000000e+05 6.650000000000000000e+02
2.499750000000000000e+05 7.610000000000000000e+02
2.533080000000000000e+05 7.890000000000000000e+02
2.566410000000000000e+05 7.960000000000000000e+02
2.599740000000000000e+05 8.170000000000000000e+02
2.633070000000000000e+05 8.790000000000000000e+02
2.666400000000000000e+05 1.015000000000000000e+03
2.699730000000000000e+05 1.005000000000000000e+03
2.733060000000000000e+05 1.034000000000000000e+03
2.766390000000000000e+05 1.113000000000000000e+03
2.799720000000000000e+05 1.231000000000000000e+03
2.833050000000000000e+05 1.192000000000000000e+03
2.866380000000000000e+05 1.255000000000000000e+03
2.899710000000000000e+05 1.385000000000000000e+03
2.933040000000000000e+05 1.446000000000000000e+03
2.966370000000000000e+05 1.492000000000000000e+03
2.999700000000000000e+05 1.577000000000000000e+03
3.033030000000000000e+05 1.627000000000000000e+03
3.066360000000000000e+05 1.697000000000000000e+03
3.099690000000000000e+05 1.814000000000000000e+03
3.133020000000000000e+05 1.728000000000000000e+03
3.166350000000000000e+05 1.878000000000000000e+03
3.199680000000000000e+05 1.834000000000000000e+03
3.233010000000000000e+05 1.932000000000000000e+03
3.266340000000000000e+05 2.013000000000000000e+03
3.299670000000000000e+05 2.084000000000000000e+03
3.333000000000000000e+05 2.005000000000000000e+03
3.366330000000000000e+05 2.024000000000000000e+03
3.399660000000000000e+05 2.021000000000000000e+03
3.432990000000000000e+05 2.174000000000000000e+03
3.466320000000000000e+05 2.214000000000000000e+03
3.499650000000000000e+05 2.184000000000000000e+03
3.532980000000000000e+05 2.265000000000000000e+03
3.566310000000000000e+05 2.354000000000000000e+03
3.599640000000000000e+05 2.293000000000000000e+03
3.632970000000000000e+05 2.317000000000000000e+03
3.666300000000000000e+05 2.284000000000000000e+03
3.699630000000000000e+05 2.330000000000000000e+03
3.732960000000000000e+05 2.349000000000000000e+03
3.766290000000000000e+05 2.356000000000000000e+03
3.799620000000000000e+05 2.458000000000000000e+03
3.832950000000000000e+05 2.469000000000000000e+03
3.866280000000000000e+05 2.428000000000000000e+03
3.899610000000000000e+05 2.312000000000000000e+03
3.932940000000000000e+05 2.315000000000000000e+03
3.966270000000000000e+05 2.444000000000000000e+03
3.999600000000000000e+05 2.356000000000000000e+03
4.032930000000000000e+05 2.437000000000000000e+03
4.066260000000000000e+05 2.355000000000000000e+03
4.099590000000000000e+05 2.261000000000000000e+03
4.132920000000000000e+05 2.291000000000000000e+03
4.166250000000000000e+05 2.371000000000000000e+03
4.199580000000000000e+05 2.361000000000000000e+03
4.232910000000000000e+05 2.408000000000000000e+03
4.266240000000000000e+05 2.332000000000000000e+03
4.299570000000000000e+05 2.375000000000000000e+03
4.332900000000000000e+05 2.385000000000000000e+03
4.366230000000000000e+05 2.291000000000000000e+03
4.399560000000000000e+05 2.229000000000000000e+03
4.432890000000000000e+05 2.259000000000000000e+03
4.466220000000000000e+05 2.214000000000000000e+03
4.499550000000000000e+05 2.184000000000000000e+03
4.532880000000000000e+05 2.091000000000000000e+03
4.566210000000000000e+05 2.111000000000000000e+03
4.599540000000000000e+05 2.104000000000000000e+03
4.632870000000000000e+05 1.911000000000000000e+03
4.666200000000000000e+05 1.959000000000000000e+03
4.699530000000000000e+05 1.949000000000000000e+03
4.732860000000000000e+05 1.838000000000000000e+03
4.766190000000000000e+05 1.908000000000000000e+03
4.799520000000000000e+05 1.804000000000000000e+03
4.832850000000000000e+05 1.798000000000000000e+03
4.866180000000000000e+05 1.691000000000000000e+03
4.899510000000000000e+05 1.692000000000000000e+03
4.932840000000000000e+05 1.549000000000000000e+03
4.966170000000000000e+05 1.489000000000000000e+03
4.999500000000000000e+05 1.480000000000000000e+03
5.032830000000000000e+05 1.350000000000000000e+03
5.066160000000000000e+05 1.338000000000000000e+03
5.099490000000000000e+05 1.269000000000000000e+03
5.132820000000000000e+05 1.220000000000000000e+03
5.166150000000000000e+05 1.179000000000000000e+03
5.199480000000000000e+05 1.115000000000000000e+03
5.232810000000000000e+05 1.009000000000000000e+03
5.266140000000000000e+05 9.940000000000000000e+02
5.299470000000000000e+05 8.820000000000000000e+02
5.332800000000000000e+05 8.480000000000000000e+02
5.366130000000000000e+05 8.470000000000000000e+02
5.399460000000000000e+05 7.710000000000000000e+02
5.432790000000000000e+05 7.920000000000000000e+02
5.466120000000000000e+05 7.190000000000000000e+02
5.499450000000000000e+05 7.040000000000000000e+02
5.532780000000000000e+05 6.720000000000000000e+02
5.566110000000000000e+05 6.840000000000000000e+02
5.599440000000000000e+05 6.290000000000000000e+02
5.632770000000000000e+05 6.630000000000000000e+02
5.666100000000000000e+05 5.860000000000000000e+02
5.699430000000000000e+05 6.500000000000000000e+02
5.732760000000000000e+05 6.540000000000000000e+02
5.766090000000000000e+05 7.260000000000000000e+02
5.799420000000000000e+05 7.170000000000000000e+02
5.832750000000000000e+05 6.830000000000000000e+02
5.866080000000000000e+05 7.290000000000000000e+02
5.899410000000000000e+05 7.590000000000000000e+02
5.932740000000000000e+05 8.190000000000000000e+02
5.966070000000000000e+05 8.760000000000000000e+02
5.999400000000000000e+05 9.680000000000000000e+02
6.032730000000000000e+05 9.710000000000000000e+02
6.066060000000000000e+05 1.061000000000000000e+03
6.099390000000000000e+05 1.106000000000000000e+03
6.132720000000000000e+05 1.199000000000000000e+03
6.166050000000000000e+05 1.264000000000000000e+03
6.199380000000000000e+05 1.337000000000000000e+03
6.232710000000000000e+05 1.370000000000000000e+03
6.266040000000000000e+05 1.455000000000000000e+03
6.299370000000000000e+05 1.436000000000000000e+03
6.332700000000000000e+05 1.554000000000000000e+03
6.366030000000000000e+05 1.595000000000000000e+03
6.399360000000000000e+05 1.671000000000000000e+03
6.432690000000000000e+05 1.805000000000000000e+03
6.466020000000000000e+05 1.731000000000000000e+03
6.499350000000000000e+05 1.795000000000000000e+03
6.532680000000000000e+05 1.860000000000000000e+03
6.566010000000000000e+05 1.928000000000000000e+03
6.599340000000000000e+05 2.042000000000000000e+03
6.632670000000000000e+05 2.016000000000000000e+03
