0.000000000000000000e+00 1.231000000000000000e+03
1.667000000000000000e+03 1.240000000000000000e+03
3.334000000000000000e+03 1.267000000000000000e+03
5.001000000000000000e+03 1.279000000000000000e+03
6.668000000000000000e+03 1.271000000000000000e+03
8.335000000000000000e+03 1.309000000000000000e+03
1.000200000000000000e+04 1.406000000000000000e+03
1.166900000000000000e+04 1.378000000000000000e+03
1.333600000000000000e+04 1.353000000000000000e+03
1.500300000000000000e+04 1.335000000000000000e+03
1.667000000000000000e+04 1.438000000000000000e+03
1.833700000000000000e+04 1.393000000000000000e+03
2.000400000000000000e+04 1.478000000000000000e+03
2.167100000000000000e+04 1.387000000000000000e+03
2.333800000000000000e+04 1.388000000000000000e+03
2.500500000000000000e+04 1.368000000000000000e+03
2.667200000000000000e+04 1.387000000000000000e+03
2.833900000000000000e+04 1.442000000000000000e+03
3.000600000000000000e+04 1.452000000000000000e+03
3.167300000000000000e+04 1.485000000000000000e+03
3.334000000000000000e+04 1.447000000000000000e+03
3.500700000000000000e+04 1.490000000000000000e+03
3.667400000000000000e+04 1.485000000000000000e+03
3.834100000000000000e+04 1.389000000000000000e+03
4.000800000000000000e+04 1.462000000000000000e+03
4.167500000000000000e+04 1.365000000000000000e+03
4.334200000000000000e+04 1.392000000000000000e+03
4.500900000000000000e+04 1.378000000000000000e+03
4.667600000000000000e+04 1.357000000000000000e+03
4.834300000000000000e+04 1.382000000000000000e+03
5.001000000000000000e+04 1.386000000000000000e+03
5.167700000000000000e+04 1.343000000000000000e+03
5.334400000000000000e+04 1.352000000000000000e+03
5.501100000000000000e+04 1.378000000000000000e+03
5.667800000000000000e+04 1.290000000000000000e+03
5.834500000000000000e+04 1.330000000000000000e+03
6.001200000000000000e+04 1.230000000000000000e+03
6.167900000000000000e+04 1.303000000000000000e+03
6.334600000000000000e+04 1.301000000000000000e+03
6.501300000000000000e+04 1.257000000000000000e+03
6.668000000000000000e+04 1.183000000000000000e+03
6.834700000000000000e+04 1.268000000000000000e+03
7.001400000000000000e+04 1.148000000000000000e+03
7.168100000000000000e+04 1.211000000000000000e+03
7.334800000000000000e+04 1.122000000000000000e+03
7.501500000000000000e+04 1.051000000000000000e+03
7.668200000000000000e+04 1.027000000000000000e+03
7.834900000000000000e+04 1.000000000000000000e+03
8.001600000000000000e+04 1.030000000000000000e+03
8.168300000000000000e+04 9.070000000000000000e+02
8.335000000000000000e+04 9.430000000000000000e+02
8.501700000000000000e+04 9.150000000000000000e+02
8.668400000000000000e+04 8.440000000000000000e+02
8.835100000000000000e+04 8.680000000000000000e+02
9.001800000000000000e+04 8.230000000000000000e+02
9.168500000000000000e+04 7.400000000000000000e+02
9.335200000000000000e+04 7.110000000000000000e+02
9.501900000000000000e+04 6.580000000000000000e+02
9.668600000000000000e+04 6.250000000000000000e+02
9.835300000000000000e+04 6.300000000000000000e+02
1.000200000000000000e+05 5.650000000000000000e+02
1.016870000000000000e+05 5.860000000000000000e+02
1.033540000000000000e+05 5.610000000000000000e+02
1.050210000000000000e+05 5.810000000000000000e+02
1.066880000000000000e+05 5.520000000000000000e+02
1.083550000000000000e+05 5.700000000000000000e+02
1.100220000000000000e+05 5.230000000000000000e+02
1.116890000000000000e+05 4.550000000000000000e+02
1.133560000000000000e+05 4.950000000000000000e+02
1.150230000000000000e+05 4.810000000000000000e+02
1.166900000000000000e+05 4.980000000000000000e+02
1.183570000000000000e+05 4.730000000000000000e+02
1.200240000000000000e+05 5.010000000000000000e+02
1.216910000000000000e+05 4.980000000000000000e+02
1.233580000000000000e+05 5.020000000000000000e+02
1.250250000000000000e+05 5.380000000000000000e+02
1.266920000000000000e+05 5.430000000000000000e+02
1.283590000000000000e+05 5.860000000000000000e+02
1.300260000000000000e+05 6.030000000000000000e+02
1.316930000000000000e+05 6.490000000000000000e+02
1.333600000000000000e+05 6.560000000000000000e+02
1.350270000000000000e+05 6.850000000000000000e+02
1.366940000000000000e+05 7.190000000000000000e+02
1.383610000000000000e+05 7.470000000000000000e+02
1.400280000000000000e+05 7.410000000000000000e+02
1.416950000000000000e+05 8.220000000000000000e+02
1.433620000000000000e+05 8.330000000000000000e+02
1.450290000000000000e+05 9.260000000000000000e+02
1.466960000000000000e+05 8.980000000000000000e+02
1.483630000000000000e+05 8.880000000000000000e+02
1.500300000000000000e+05 9.630000000000000000e+02
1.516970000000000000e+05 1.046000000000000000e+03
1.533640000000000000e+05 1.047000000000000000e+03
1.550310000000000000e+05 1.025000000000000000e+03
1.566980000000000000e+05 1.130000000000000000e+03
1.583650000000000000e+05 1.123000000000000000e+03
1.600320000000000000e+05 1.190000000000000000e+03
1.616990000000000000e+05 1.187000000000000000e+03
1.633660000000000000e+05 1.184000000000000000e+03
1.650330000000000000e+05 1.238000000000000000e+03
1.667000000000000000e+05 1.205000000000000000e+03
1.683670000000000000e+05 1.231000000000000000e+03
1.700340000000000000e+05 1.222000000000000000e+03
1.717010000000000000e+05 1.340000000000000000e+03
1.733680000000000000e+05 1.316000000000000000e+03
1.750350000000000000e+05 1.312000000000000000e+03
1.767020000000000000e+05 1.325000000000000000e+03
1.783690000000000000e+05 1.345000000000000000e+03
1.800360000000000000e+05 1.458000000000000000e+03
1.817030000000000000e+05 1.415000000000000000e+03
1.833700000000000000e+05 1.394000000000000000e+03
1.850370000000000000e+05 1.436000000000000000e+03
1.867040000000000000e+05 1.399000000000000000e+03
1.883710000000000000e+05 1.408000000000000000e+03
1.900380000000000000e+05 1.419000000000000000e+03
1.917050000000000000e+05 1.521000000000000000e+03
1.933720000000000000e+05 1.342000000000000000e+03
1.950390000000000000e+05 1.453000000000000000e+03
1.967060000000000000e+05 1.456000000000000000e+03
1.983730000000000000e+05 1.408000000000000000e+03
2.000400000000000000e+05 1.434000000000000000e+03
2.017070000000000000e+05 1.425000000000000000e+03
2.033740000000000000e+05 1.457000000000000000e+03
2.050410000000000000e+05 1.416000000000000000e+03
2.067080000000000000e+05 1.392000000000000000e+03
2.083750000000000000e+05 1.409000000000000000e+03
2.100420000000000000e+05 1.447000000000000000e+03
2.117090000000000000e+05 1.418000000000000000e+03
2.133760000000000000e+05 1.375000000000000000e+03
2.150430000000000000e+05 1.357000000000000000e+03
2.167100000000000000e+05 1.440000000000000000e+03
2.183770000000000000e+05 1.365000000000000000e+03
2.200440000000000000e+05 1.332000000000000000e+03
2.217110000000000000e+05 1.397000000000000000e+03
2.233780000000000000e+05 1.344000000000000000e+03
2.250450000000000000e+05 1.296000000000000000e+03
2.267120000000000000e+05 1.375000000000000000e+03
2.283790000000000000e+05 1.270000000000000000e+03
2.300460000000000000e+05 1.272000000000000000e+03
2.317130000000000000e+05 1.219000000000000000e+03
2.333800000000000000e+05 1.240000000000000000e+03
2.350470000000000000e+05 1.178000000000000000e+03
2.367140000000000000e+05 1.234000000000000000e+03
2.383810000000000000e+05 1.161000000000000000e+03
2.400480000000000000e+05 1.161000000000000000e+03
2.417150000000000000e+05 1.091000000000000000e+03
2.433820000000000000e+05 1.055000000000000000e+03
2.450490000000000000e+05 1.043000000000000000e+03
2.467160000000000000e+05 1.004000000000000000e+03
2.483830000000000000e+05 1.037000000000000000e+03
2.500500000000000000e+05 9.390000000000000000e+02
2.517170000000000000e+05 8.790000000000000000e+02
2.533840000000000000e+05 8.840000000000000000e+02
2.550510000000000000e+05 7.610000000000000000e+02
2.567180000000000000e+05 7.810000000000000000e+02
2.583850000000000000e+05 7.770000000000000000e+02
2.600520000000000000e+05 7.510000000000000000e+02
2.617190000000000000e+05 7.250000000000000000e+02
2.633860000000000000e+05 6.830000000000000000e+02
2.650530000000000000e+05 6.720000000000000000e+02
2.667200000000000000e+05 6.350000000000000000e+02
2.683870000000000000e+05 6.730000000000000000e+02
2.700540000000000000e+05 5.570000000000000000e+02
2.717210000000000000e+05 5.410000000000000000e+02
2.733880000000000000e+05 5.390000000000000000e+02
2.750550000000000000e+05 5.610000000000000000e+02
2.767220000000000000e+05 4.910000000000000000e+02
2.783890000000000000e+05 5.650000000000000000e+02
2.800560000000000000e+05 5.450000000000000000e+02
2.817230000000000000e+05 4.990000000000000000e+02
2.833900000000000000e+05 5.030000000000000000e+02
2.850570000000000000e+05 5.150000000000000000e+02
2.867240000000000000e+05 5.090000000000000000e+02
2.883910000000000000e+05 5.670000000000000000e+02
2.900580000000000000e+05 5.100000000000000000e+02
2.917250000000000000e+05 5.650000000000000000e+02
2.933920000000000000e+05 5.220000000000000000e+02
2.950590000000000000e+05 5.380000000000000000e+02
2.967260000000000000e+05 6.300000000000000000e+02
2.983930000000000000e+05 5.970000000000000000e+02
3.000600000000000000e+05 6.670000000000000000e+02
3.017270000000000000e+05 7.250000000000000000e+02
3.033940000000000000e+05 6.550000000000000000e+02
3.050610000000000000e+05 7.300000000000000000e+02
3.067280000000000000e+05 7.960000000000000000e+02
3.083950000000000000e+05 7.850000000000000000e+02
3.100620000000000000e+05 8.200000000000000000e+02
3.117290000000000000e+05 8.830000000000000000e+02
3.133960000000000000e+05 8.980000000000000000e+02
3.150630000000000000e+05 1.012000000000000000e+03
3.167300000000000000e+05 1.011000000000000000e+03
3.183970000000000000e+05 1.021000000000000000e+03
3.200640000000000000e+05 1.036000000000000000e+03
3.217310000000000000e+05 9.910000000000000000e+02
3.233980000000000000e+05 1.173000000000000000e+03
3.250650000000000000e+05 1.145000000000000000e+03
3.267320000000000000e+05 1.196000000000000000e+03
3.283990000000000000e+05 1.179000000000000000e+03
3.300660000000000000e+05 1.264000000000000000e+03
3.317330000000000000e+05 1.207000000000000000e+03
