0.000000000000000000e+00 6.590000000000000000e+02
5.000000000000000000e+01 6.750000000000000000e+02
1.000000000000000000e+02 7.540000000000000000e+02
1.500000000000000000e+02 6.770000000000000000e+02
2.000000000000000000e+02 7.610000000000000000e+02
2.500000000000000000e+02 7.370000000000000000e+02
3.000000000000000000e+02 7.160000000000000000e+02
3.500000000000000000e+02 7.390000000000000000e+02
4.000000000000000000e+02 6.940000000000000000e+02
4.500000000000000000e+02 7.570000000000000000e+02
5.000000000000000000e+02 7.880000000000000000e+02
5.500000000000000000e+02 8.390000000000000000e+02
6.000000000000000000e+02 7.460000000000000000e+02
6.500000000000000000e+02 7.740000000000000000e+02
7.000000000000000000e+02 7.950000000000000000e+02
7.500000000000000000e+02 8.220000000000000000e+02
8.000000000000000000e+02 8.220000000000000000e+02
8.500000000000000000e+02 8.430000000000000000e+02
9.000000000000000000e+02 7.850000000000000000e+02
9.500000000000000000e+02 8.100000000000000000e+02
1.000000000000000000e+03 8.150000000000000000e+02
1.050000000000000000e+03 7.750000000000000000e+02
1.100000000000000000e+03 7.630000000000000000e+02
1.150000000000000000e+03 8.530000000000000000e+02
1.200000000000000000e+03 8.520000000000000000e+02
1.250000000000000000e+03 7.830000000000000000e+02
1.300000000000000000e+03 8.510000000000000000e+02
1.350000000000000000e+03 8.360000000000000000e+02
1.400000000000000000e+03 7.990000000000000000e+02
1.450000000000000000e+03 8.090000000000000000e+02
1.500000000000000000e+03 7.860000000000000000e+02
1.550000000000000000e+03 7.620000000000000000e+02
1.600000000000000000e+03 7.470000000000000000e+02
1.650000000000000000e+03 7.630000000000000000e+02
1.700000000000000000e+03 7.900000000000000000e+02
1.750000000000000000e+03 7.640000000000000000e+02
1.800000000000000000e+03 7.670000000000000000e+02
1.850000000000000000e+03 7.040000000000000000e+02
1.900000000000000000e+03 7.170000000000000000e+02
1.950000000000000000e+03 7.490000000000000000e+02
2.000000000000000000e+03 6.860000000000000000e+02
2.050000000000000000e+03 6.920000000000000000e+02
2.100000000000000000e+03 6.520000000000000000e+02
2.150000000000000000e+03 6.450000000000000000e+02
2.200000000000000000e+03 6.230000000000000000e+02
2.250000000000000000e+03 6.150000000000000000e+02
2.300000000000000000e+03 5.530000000000000000e+02
2.350000000000000000e+03 5.850000000000000000e+02
2.400000000000000000e+03 6.230000000000000000e+02
2.450000000000000000e+03 5.840000000000000000e+02
2.500000000000000000e+03 5.450000000000000000e+02
2.550000000000000000e+03 5.030000000000000000e+02
2.600000000000000000e+03 5.010000000000000000e+02
2.650000000000000000e+03 4.570000000000000000e+02
2.700000000000000000e+03 4.750000000000000000e+02
2.750000000000000000e+03 4.680000000000000000e+02
2.800000000000000000e+03 4.900000000000000000e+02
2.850000000000000000e+03 4.460000000000000000e+02
2.900000000000000000e+03 4.480000000000000000e+02
2.950000000000000000e+03 4.360000000000000000e+02
3.000000000000000000e+03 4.510000000000000000e+02
3.050000000000000000e+03 4.100000000000000000e+02
3.100000000000000000e+03 3.430000000000000000e+02
3.150000000000000000e+03 3.110000000000000000e+02
3.200000000000000000e+03 3.590000000000000000e+02
3.250000000000000000e+03 3.430000000000000000e+02
3.300000000000000000e+03 3.040000000000000000e+02
3.350000000000000000e+03 2.920000000000000000e+02
3.400000000000000000e+03 3.360000000000000000e+02
3.450000000000000000e+03 3.120000000000000000e+02
3.500000000000000000e+03 3.320000000000000000e+02
3.550000000000000000e+03 2.930000000000000000e+02
3.600000000000000000e+03 3.100000000000000000e+02
3.650000000000000000e+03 3.150000000000000000e+02
3.700000000000000000e+03 2.710000000000000000e+02
3.750000000000000000e+03 2.870000000000000000e+02
3.800000000000000000e+03 2.740000000000000000e+02
3.850000000000000000e+03 3.130000000000000000e+02
3.900000000000000000e+03 3.130000000000000000e+02
3.950000000000000000e+03 3.410000000000000000e+02
4.000000000000000000e+03 3.220000000000000000e+02
4.050000000000000000e+03 3.370000000000000000e+02
4.100000000000000000e+03 3.880000000000000000e+02
4.150000000000000000e+03 3.750000000000000000e+02
4.200000000000000000e+03 4.220000000000000000e+02
4.250000000000000000e+03 4.000000000000000000e+02
4.300000000000000000e+03 4.350000000000000000e+02
4.350000000000000000e+03 4.470000000000000000e+02
4.400000000000000000e+03 4.380000000000000000e+02
4.450000000000000000e+03 4.890000000000000000e+02
4.500000000000000000e+03 5.330000000000000000e+02
4.550000000000000000e+03 5.080000000000000000e+02
4.600000000000000000e+03 5.610000000000000000e+02
4.650000000000000000e+03 5.360000000000000000e+02
4.700000000000000000e+03 5.310000000000000000e+02
4.750000000000000000e+03 5.940000000000000000e+02
4.800000000000000000e+03 5.840000000000000000e+02
4.850000000000000000e+03 6.340000000000000000e+02
4.900000000000000000e+03 5.880000000000000000e+02
4.950000000000000000e+03 6.560000000000000000e+02
5.000000000000000000e+03 6.630000000000000000e+02
5.050000000000000000e+03 7.390000000000000000e+02
5.100000000000000000e+03 6.970000000000000000e+02
5.150000000000000000e+03 7.230000000000000000e+02
5.200000000000000000e+03 7.390000000000000000e+02
5.250000000000000000e+03 6.960000000000000000e+02
5.300000000000000000e+03 7.320000000000000000e+02
5.350000000000000000e+03 7.440000000000000000e+02
5.400000000000000000e+03 7.680000000000000000e+02
5.450000000000000000e+03 7.440000000000000000e+02
5.500000000000000000e+03 7.530000000000000000e+02
5.550000000000000000e+03 8.410000000000000000e+02
5.600000000000000000e+03 7.240000000000000000e+02
5.650000000000000000e+03 7.960000000000000000e+02
5.700000000000000000e+03 8.190000000000000000e+02
5.750000000000000000e+03 8.080000000000000000e+02
5.800000000000000000e+03 8.030000000000000000e+02
5.850000000000000000e+03 8.470000000000000000e+02
5.900000000000000000e+03 8.000000000000000000e+02
5.950000000000000000e+03 8.170000000000000000e+02
6.000000000000000000e+03 8.050000000000000000e+02
6.050000000000000000e+03 8.120000000000000000e+02
6.100000000000000000e+03 8.290000000000000000e+02
6.150000000000000000e+03 8.050000000000000000e+02
6.200000000000000000e+03 7.690000000000000000e+02
6.250000000000000000e+03 7.930000000000000000e+02
6.300000000000000000e+03 8.180000000000000000e+02
6.350000000000000000e+03 7.840000000000000000e+02
6.400000000000000000e+03 7.800000000000000000e+02
6.450000000000000000e+03 8.000000000000000000e+02
6.500000000000000000e+03 7.660000000000000000e+02
6.550000000000000000e+03 7.710000000000000000e+02
6.600000000000000000e+03 8.000000000000000000e+02
6.650000000000000000e+03 6.710000000000000000e+02
6.700000000000000000e+03 7.170000000000000000e+02
6.750000000000000000e+03 7.600000000000000000e+02
6.800000000000000000e+03 7.550000000000000000e+02
6.850000000000000000e+03 7.370000000000000000e+02
6.900000000000000000e+03 6.950000000000000000e+02
6.950000000000000000e+03 7.070000000000000000e+02
7.000000000000000000e+03 6.940000000000000000e+02
7.050000000000000000e+03 6.790000000000000000e+02
7.100000000000000000e+03 6.850000000000000000e+02
7.150000000000000000e+03 6.830000000000000000e+02
7.200000000000000000e+03 6.330000000000000000e+02
7.250000000000000000e+03 6.720000000000000000e+02
7.300000000000000000e+03 6.090000000000000000e+02
7.350000000000000000e+03 5.760000000000000000e+02
7.400000000000000000e+03 5.950000000000000000e+02
7.450000000000000000e+03 5.330000000000000000e+02
7.500000000000000000e+03 5.250000000000000000e+02
7.550000000000000000e+03 5.460000000000000000e+02
7.600000000000000000e+03 5.040000000000000000e+02
7.650000000000000000e+03 4.890000000000000000e+02
7.700000000000000000e+03 4.970000000000000000e+02
7.750000000000000000e+03 4.470000000000000000e+02
7.800000000000000000e+03 4.280000000000000000e+02
7.850000000000000000e+03 4.440000000000000000e+02
7.900000000000000000e+03 4.450000000000000000e+02
7.950000000000000000e+03 4.070000000000000000e+02
8.000000000000000000e+03 4.050000000000000000e+02
8.050000000000000000e+03 3.330000000000000000e+02
8.100000000000000000e+03 3.830000000000000000e+02
8.150000000000000000e+03 3.600000000000000000e+02
8.200000000000000000e+03 3.540000000000000000e+02
8.250000000000000000e+03 3.260000000000000000e+02
8.300000000000000000e+03 2.960000000000000000e+02
8.350000000000000000e+03 3.210000000000000000e+02
8.400000000000000000e+03 3.050000000000000000e+02
8.450000000000000000e+03 3.010000000000000000e+02
8.500000000000000000e+03 3.000000000000000000e+02
8.550000000000000000e+03 2.950000000000000000e+02
8.600000000000000000e+03 2.870000000000000000e+02
8.650000000000000000e+03 2.570000000000000000e+02
8.700000000000000000e+03 2.890000000000000000e+02
8.750000000000000000e+03 2.950000000000000000e+02
8.800000000000000000e+03 2.980000000000000000e+02
8.850000000000000000e+03 2.980000000000000000e+02
8.900000000000000000e+03 3.130000000000000000e+02
8.950000000000000000e+03 2.970000000000000000e+02
9.000000000000000000e+03 3.160000000000000000e+02
9.050000000000000000e+03 3.470000000000000000e+02
9.100000000000000000e+03 3.880000000000000000e+02
9.150000000000000000e+03 3.650000000000000000e+02
9.200000000000000000e+03 3.880000000000000000e+02
9.250000000000000000e+03 4.110000000000000000e+02
9.300000000000000000e+03 4.240000000000000000e+02
9.350000000000000000e+03 4.640000000000000000e+02
9.400000000000000000e+03 4.420000000000000000e+02
9.450000000000000000e+03 4.820000000000000000e+02
9.500000000000000000e+03 5.160000000000000000e+02
9.550000000000000000e+03 5.430000000000000000e+02
9.600000000000000000e+03 5.360000000000000000e+02
9.650000000000000000e+03 5.510000000000000000e+02
9.700000000000000000e+03 5.110000000000000000e+02
9.750000000000000000e+03 5.930000000000000000e+02
9.800000000000000000e+03 5.930000000000000000e+02
9.850000000000000000e+03 6.590000000000000000e+02
9.900000000000000000e+03 6.570000000000000000e+02
9.950000000000000000e+03 6.930000000000000000e+02
