0.000000000000000000e+00 8.140000000000000000e+02
2.500000000000000000e+02 8.150000000000000000e+02
5.000000000000000000e+02 9.430000000000000000e+02
7.500000000000000000e+02 8.890000000000000000e+02
1.000000000000000000e+03 8.990000000000000000e+02
1.250000000000000000e+03 9.010000000000000000e+02
1.500000000000000000e+03 8.930000000000000000e+02
1.750000000000000000e+03 9.490000000000000000e+02
2.000000000000000000e+03 9.560000000000000000e+02
2.250000000000000000e+03 9.920000000000000000e+02
2.500000000000000000e+03 9.790000000000000000e+02
2.750000000000000000e+03 9.920000000000000000e+02
3.000000000000000000e+03 9.290000000000000000e+02
3.250000000000000000e+03 9.300000000000000000e+02
3.500000000000000000e+03 9.870000000000000000e+02
3.750000000000000000e+03 9.580000000000000000e+02
4.000000000000000000e+03 1.022000000000000000e+03
4.250000000000000000e+03 9.330000000000000000e+02
4.500000000000000000e+03 1.030000000000000000e+03
4.750000000000000000e+03 9.640000000000000000e+02
5.000000000000000000e+03 1.002000000000000000e+03
5.250000000000000000e+03 9.950000000000000000e+02
5.500000000000000000e+03 9.590000000000000000e+02
5.750000000000000000e+03 9.980000000000000000e+02
6.000000000000000000e+03 9.770000000000000000e+02
6.250000000000000000e+03 9.780000000000000000e+02
6.500000000000000000e+03 1.037000000000000000e+03
6.750000000000000000e+03 9.670000000000000000e+02
7.000000000000000000e+03 9.260000000000000000e+02
7.250000000000000000e+03 9.520000000000000000e+02
7.500000000000000000e+03 9.140000000000000000e+02
7.750000000000000000e+03 9.670000000000000000e+02
8.000000000000000000e+03 9.230000000000000000e+02
8.250000000000000000e+03 9.080000000000000000e+02
8.500000000000000000e+03 9.260000000000000000e+02
8.750000000000000000e+03 8.600000000000000000e+02
9.000000000000000000e+03 8.680000000000000000e+02
9.250000000000000000e+03 8.870000000000000000e+02
9.500000000000000000e+03 8.030000000000000000e+02
9.750000000000000000e+03 8.300000000000000000e+02
1.000000000000000000e+04 8.970000000000000000e+02
1.025000000000000000e+04 8.290000000000000000e+02
1.050000000000000000e+04 7.550000000000000000e+02
1.075000000000000000e+04 7.830000000000000000e+02
1.100000000000000000e+04 7.560000000000000000e+02
1.125000000000000000e+04 7.530000000000000000e+02
1.150000000000000000e+04 6.560000000000000000e+02
1.175000000000000000e+04 7.140000000000000000e+02
1.200000000000000000e+04 6.710000000000000000e+02
1.225000000000000000e+04 6.380000000000000000e+02
1.250000000000000000e+04 5.910000000000000000e+02
1.275000000000000000e+04 6.130000000000000000e+02
1.300000000000000000e+04 4.970000000000000000e+02
1.325000000000000000e+04 5.110000000000000000e+02
1.350000000000000000e+04 5.090000000000000000e+02
1.375000000000000000e+04 4.810000000000000000e+02
1.400000000000000000e+04 4.300000000000000000e+02
1.425000000000000000e+04 3.820000000000000000e+02
1.450000000000000000e+04 3.840000000000000000e+02
1.475000000000000000e+04 3.640000000000000000e+02
1.500000000000000000e+04 3.740000000000000000e+02
1.525000000000000000e+04 3.040000000000000000e+02
1.550000000000000000e+04 3.280000000000000000e+02
1.575000000000000000e+04 2.880000000000000000e+02
1.600000000000000000e+04 2.900000000000000000e+02
1.625000000000000000e+04 3.080000000000000000e+02
1.650000000000000000e+04 2.770000000000000000e+02
1.675000000000000000e+04 2.720000000000000000e+02
1.700000000000000000e+04 2.540000000000000000e+02
1.725000000000000000e+04 2.410000000000000000e+02
1.750000000000000000e+04 2.540000000000000000e+02
1.775000000000000000e+04 2.680000000000000000e+02
1.800000000000000000e+04 2.110000000000000000e+02
1.825000000000000000e+04 2.500000000000000000e+02
1.850000000000000000e+04 2.700000000000000000e+02
1.875000000000000000e+04 2.610000000000000000e+02
1.900000000000000000e+04 3.150000000000000000e+02
1.925000000000000000e+04 2.940000000000000000e+02
1.950000000000000000e+04 3.100000000000000000e+02
1.975000000000000000e+04 3.720000000000000000e+02
2.000000000000000000e+04 3.310000000000000000e+02
2.025000000000000000e+04 3.330000000000000000e+02
2.050000000000000000e+04 3.710000000000000000e+02
2.075000000000000000e+04 3.820000000000000000e+02
2.100000000000000000e+04 4.140000000000000000e+02
2.125000000000000000e+04 5.120000000000000000e+02
2.150000000000000000e+04 5.350000000000000000e+02
2.175000000000000000e+04 5.010000000000000000e+02
2.200000000000000000e+04 5.010000000000000000e+02
2.225000000000000000e+04 5.730000000000000000e+02
2.250000000000000000e+04 5.790000000000000000e+02
2.275000000000000000e+04 6.090000000000000000e+02
2.300000000000000000e+04 6.300000000000000000e+02
2.325000000000000000e+04 7.050000000000000000e+02
2.350000000000000000e+04 6.680000000000000000e+02
2.375000000000000000e+04 7.260000000000000000e+02
2.400000000000000000e+04 7.520000000000000000e+02
2.425000000000000000e+04 7.190000000000000000e+02
2.450000000000000000e+04 7.550000000000000000e+02
2.475000000000000000e+04 7.990000000000000000e+02
2.500000000000000000e+04 8.150000000000000000e+02
2.525000000000000000e+04 8.900000000000000000e+02
2.550000000000000000e+04 9.270000000000000000e+02
2.575000000000000000e+04 8.680000000000000000e+02
2.600000000000000000e+04 9.560000000000000000e+02
2.625000000000000000e+04 8.600000000000000000e+02
2.650000000000000000e+04 9.210000000000000000e+02
2.675000000000000000e+04 9.770000000000000000e+02
2.700000000000000000e+04 8.900000000000000000e+02
2.725000000000000000e+04 9.830000000000000000e+02
2.750000000000000000e+04 9.490000000000000000e+02
2.775000000000000000e+04 9.320000000000000000e+02
2.800000000000000000e+04 9.730000000000000000e+02
2.825000000000000000e+04 9.770000000000000000e+02
2.850000000000000000e+04 9.950000000000000000e+02
2.875000000000000000e+04 9.840000000000000000e+02
2.900000000000000000e+04 1.005000000000000000e+03
2.925000000000000000e+04 9.200000000000000000e+02
2.950000000000000000e+04 9.990000000000000000e+02
2.975000000000000000e+04 1.008000000000000000e+03
3.000000000000000000e+04 9.910000000000000000e+02
3.025000000000000000e+04 9.940000000000000000e+02
3.050000000000000000e+04 1.024000000000000000e+03
3.075000000000000000e+04 9.500000000000000000e+02
3.100000000000000000e+04 9.640000000000000000e+02
3.125000000000000000e+04 9.680000000000000000e+02
3.150000000000000000e+04 9.100000000000000000e+02
3.175000000000000000e+04 9.370000000000000000e+02
3.200000000000000000e+04 9.400000000000000000e+02
3.225000000000000000e+04 9.320000000000000000e+02
3.250000000000000000e+04 9.220000000000000000e+02
3.275000000000000000e+04 9.080000000000000000e+02
3.300000000000000000e+04 9.220000000000000000e+02
3.325000000000000000e+04 9.480000000000000000e+02
3.350000000000000000e+04 9.260000000000000000e+02
3.375000000000000000e+04 8.920000000000000000e+02
3.400000000000000000e+04 9.240000000000000000e+02
3.425000000000000000e+04 9.060000000000000000e+02
3.450000000000000000e+04 8.580000000000000000e+02
3.475000000000000000e+04 8.260000000000000000e+02
3.500000000000000000e+04 8.310000000000000000e+02
3.525000000000000000e+04 7.830000000000000000e+02
3.550000000000000000e+04 7.940000000000000000e+02
3.575000000000000000e+04 8.420000000000000000e+02
3.600000000000000000e+04 7.280000000000000000e+02
3.625000000000000000e+04 6.520000000000000000e+02
3.650000000000000000e+04 7.320000000000000000e+02
3.675000000000000000e+04 6.630000000000000000e+02
3.700000000000000000e+04 6.330000000000000000e+02
3.725000000000000000e+04 5.990000000000000000e+02
3.750000000000000000e+04 6.190000000000000000e+02
3.775000000000000000e+04 5.800000000000000000e+02
3.800000000000000000e+04 5.490000000000000000e+02
3.825000000000000000e+04 5.950000000000000000e+02
3.850000000000000000e+04 5.170000000000000000e+02
3.875000000000000000e+04 4.590000000000000000e+02
3.900000000000000000e+04 4.600000000000000000e+02
3.925000000000000000e+04 4.550000000000000000e+02
3.950000000000000000e+04 3.900000000000000000e+02
3.975000000000000000e+04 3.810000000000000000e+02
4.000000000000000000e+04 3.690000000000000000e+02
4.025000000000000000e+04 3.500000000000000000e+02
4.050000000000000000e+04 3.410000000000000000e+02
4.075000000000000000e+04 2.860000000000000000e+02
4.100000000000000000e+04 2.880000000000000000e+02
4.125000000000000000e+04 2.900000000000000000e+02
4.150000000000000000e+04 2.400000000000000000e+02
4.175000000000000000e+04 2.460000000000000000e+02
4.200000000000000000e+04 2.160000000000000000e+02
4.225000000000000000e+04 2.600000000000000000e+02
4.250000000000000000e+04 2.660000000000000000e+02
4.275000000000000000e+04 2.490000000000000000e+02
4.300000000000000000e+04 3.000000000000000000e+02
4.325000000000000000e+04 2.360000000000000000e+02
4.350000000000000000e+04 2.610000000000000000e+02
4.375000000000000000e+04 2.750000000000000000e+02
4.400000000000000000e+04 2.710000000000000000e+02
4.425000000000000000e+04 3.140000000000000000e+02
4.450000000000000000e+04 2.970000000000000000e+02
4.475000000000000000e+04 3.300000000000000000e+02
4.500000000000000000e+04 3.650000000000000000e+02
4.525000000000000000e+04 3.380000000000000000e+02
4.550000000000000000e+04 3.810000000000000000e+02
4.575000000000000000e+04 4.480000000000000000e+02
4.600000000000000000e+04 4.480000000000000000e+02
4.625000000000000000e+04 4.970000000000000000e+02
4.650000000000000000e+04 4.570000000000000000e+02
4.675000000000000000e+04 5.180000000000000000e+02
4.700000000000000000e+04 5.200000000000000000e+02
4.725000000000000000e+04 5.290000000000000000e+02
4.750000000000000000e+04 6.260000000000000000e+02
4.775000000000000000e+04 6.300000000000000000e+02
4.800000000000000000e+04 6.330000000000000000e+02
4.825000000000000000e+04 6.700000000000000000e+02
4.850000000000000000e+04 7.030000000000000000e+02
4.875000000000000000e+04 6.980000000000000000e+02
4.900000000000000000e+04 7.960000000000000000e+02
4.925000000000000000e+04 7.230000000000000000e+02
4.950000000000000000e+04 8.170000000000000000e+02
4.975000000000000000e+04 7.610000000000000000e+02
