0.000000000000000000e+00 9.370000000000000000e+02
1.670000000000000000e+02 1.001000000000000000e+03
3.340000000000000000e+02 9.760000000000000000e+02
5.010000000000000000e+02 9.620000000000000000e+02
6.680000000000000000e+02 9.950000000000000000e+02
8.350000000000000000e+02 1.018000000000000000e+03
1.002000000000000000e+03 1.000000000000000000e+03
1.169000000000000000e+03 9.770000000000000000e+02
1.336000000000000000e+03 1.005000000000000000e+03
1.503000000000000000e+03 1.067000000000000000e+03
1.670000000000000000e+03 9.550000000000000000e+02
1.837000000000000000e+03 1.036000000000000000e+03
2.004000000000000000e+03 1.012000000000000000e+03
2.171000000000000000e+03 1.021000000000000000e+03
2.338000000000000000e+03 1.063000000000000000e+03
2.505000000000000000e+03 1.037000000000000000e+03
2.672000000000000000e+03 1.013000000000000000e+03
2.839000000000000000e+03 1.060000000000000000e+03
3.006000000000000000e+03 1.061000000000000000e+03
3.173000000000000000e+03 1.072000000000000000e+03
3.340000000000000000e+03 1.055000000000000000e+03
3.507000000000000000e+03 1.084000000000000000e+03
3.674000000000000000e+03 1.051000000000000000e+03
3.841000000000000000e+03 1.081000000000000000e+03
4.008000000000000000e+03 1.040000000000000000e+03
4.175000000000000000e+03 1.066000000000000000e+03
4.342000000000000000e+03 1.064000000000000000e+03
4.509000000000000000e+03 1.046000000000000000e+03
4.676000000000000000e+03 1.059000000000000000e+03
4.843000000000000000e+03 9.910000000000000000e+02
5.010000000000000000e+03 1.001000000000000000e+03
5.177000000000000000e+03 1.002000000000000000e+03
5.344000000000000000e+03 1.021000000000000000e+03
5.511000000000000000e+03 1.059000000000000000e+03
5.678000000000000000e+03 1.005000000000000000e+03
5.845000000000000000e+03 9.300000000000000000e+02
6.012000000000000000e+03 1.007000000000000000e+03
6.179000000000000000e+03 9.920000000000000000e+02
6.346000000000000000e+03 9.080000000000000000e+02
6.513000000000000000e+03 9.260000000000000000e+02
6.680000000000000000e+03 9.170000000000000000e+02
6.847000000000000000e+03 9.130000000000000000e+02
7.014000000000000000e+03 8.800000000000000000e+02
7.181000000000000000e+03 8.320000000000000000e+02
7.348000000000000000e+03 8.340000000000000000e+02
7.515000000000000000e+03 8.320000000000000000e+02
7.682000000000000000e+03 7.130000000000000000e+02
7.849000000000000000e+03 7.350000000000000000e+02
8.016000000000000000e+03 7.240000000000000000e+02
8.183000000000000000e+03 7.050000000000000000e+02
8.350000000000000000e+03 7.080000000000000000e+02
8.517000000000000000e+03 6.650000000000000000e+02
8.684000000000000000e+03 6.150000000000000000e+02
8.851000000000000000e+03 6.050000000000000000e+02
9.018000000000000000e+03 6.370000000000000000e+02
9.185000000000000000e+03 5.280000000000000000e+02
9.352000000000000000e+03 5.440000000000000000e+02
9.519000000000000000e+03 5.160000000000000000e+02
9.686000000000000000e+03 4.700000000000000000e+02
9.853000000000000000e+03 4.690000000000000000e+02
1.002000000000000000e+04 4.500000000000000000e+02
1.018700000000000000e+04 4.550000000000000000e+02
1.035400000000000000e+04 3.870000000000000000e+02
1.052100000000000000e+04 3.640000000000000000e+02
1.068800000000000000e+04 3.580000000000000000e+02
1.085500000000000000e+04 3.380000000000000000e+02
1.102200000000000000e+04 3.000000000000000000e+02
1.118900000000000000e+04 3.370000000000000000e+02
1.135600000000000000e+04 3.060000000000000000e+02
1.152300000000000000e+04 2.990000000000000000e+02
1.169000000000000000e+04 3.030000000000000000e+02
1.185700000000000000e+04 3.430000000000000000e+02
1.202400000000000000e+04 3.280000000000000000e+02
1.219100000000000000e+04 3.110000000000000000e+02
1.235800000000000000e+04 3.460000000000000000e+02
1.252500000000000000e+04 3.170000000000000000e+02
1.269200000000000000e+04 3.880000000000000000e+02
1.285900000000000000e+04 3.710000000000000000e+02
1.302600000000000000e+04 3.760000000000000000e+02
1.319300000000000000e+04 4.120000000000000000e+02
1.336000000000000000e+04 3.920000000000000000e+02
1.352700000000000000e+04 4.540000000000000000e+02
1.369400000000000000e+04 3.980000000000000000e+02
1.386100000000000000e+04 5.090000000000000000e+02
1.402800000000000000e+04 5.140000000000000000e+02
1.419500000000000000e+04 5.760000000000000000e+02
1.436200000000000000e+04 5.810000000000000000e+02
1.452900000000000000e+04 6.590000000000000000e+02
1.469600000000000000e+04 6.390000000000000000e+02
1.486300000000000000e+04 6.330000000000000000e+02
1.503000000000000000e+04 7.340000000000000000e+02
1.519700000000000000e+04 6.990000000000000000e+02
1.536400000000000000e+04 8.040000000000000000e+02
1.553100000000000000e+04 7.640000000000000000e+02
1.569800000000000000e+04 7.960000000000000000e+02
1.586500000000000000e+04 8.510000000000000000e+02
1.603200000000000000e+04 8.370000000000000000e+02
1.619900000000000000e+04 9.110000000000000000e+02
1.636600000000000000e+04 9.310000000000000000e+02
1.653300000000000000e+04 9.950000000000000000e+02
1.670000000000000000e+04 9.430000000000000000e+02
1.686700000000000000e+04 8.960000000000000000e+02
1.703400000000000000e+04 1.012000000000000000e+03
1.720100000000000000e+04 1.007000000000000000e+03
1.736800000000000000e+04 9.730000000000000000e+02
1.753500000000000000e+04 9.990000000000000000e+02
1.770200000000000000e+04 9.810000000000000000e+02
1.786900000000000000e+04 1.068000000000000000e+03
1.803600000000000000e+04 1.008000000000000000e+03
1.820300000000000000e+04 1.024000000000000000e+03
1.837000000000000000e+04 1.071000000000000000e+03
1.853700000000000000e+04 1.013000000000000000e+03
1.870400000000000000e+04 1.061000000000000000e+03
1.887100000000000000e+04 1.019000000000000000e+03
1.903800000000000000e+04 1.122000000000000000e+03
1.920500000000000000e+04 1.083000000000000000e+03
1.937200000000000000e+04 1.029000000000000000e+03
1.953900000000000000e+04 1.096000000000000000e+03
1.970600000000000000e+04 1.097000000000000000e+03
1.987300000000000000e+04 1.050000000000000000e+03
2.004000000000000000e+04 1.106000000000000000e+03
2.020700000000000000e+04 1.126000000000000000e+03
2.037400000000000000e+04 1.078000000000000000e+03
2.054100000000000000e+04 1.103000000000000000e+03
2.070800000000000000e+04 1.108000000000000000e+03
2.087500000000000000e+04 1.077000000000000000e+03
2.104200000000000000e+04 1.117000000000000000e+03
2.120900000000000000e+04 1.078000000000000000e+03
2.137600000000000000e+04 1.061000000000000000e+03
2.154300000000000000e+04 1.023000000000000000e+03
2.171000000000000000e+04 1.032000000000000000e+03
2.187700000000000000e+04 1.028000000000000000e+03
2.204400000000000000e+04 1.014000000000000000e+03
2.221100000000000000e+04 1.001000000000000000e+03
2.237800000000000000e+04 9.610000000000000000e+02
2.254500000000000000e+04 9.740000000000000000e+02
2.271200000000000000e+04 9.530000000000000000e+02
2.287900000000000000e+04 9.360000000000000000e+02
2.304600000000000000e+04 9.770000000000000000e+02
2.321300000000000000e+04 9.210000000000000000e+02
2.338000000000000000e+04 8.890000000000000000e+02
2.354700000000000000e+04 8.570000000000000000e+02
2.371400000000000000e+04 8.410000000000000000e+02
2.388100000000000000e+04 8.390000000000000000e+02
2.404800000000000000e+04 8.060000000000000000e+02
2.421500000000000000e+04 8.220000000000000000e+02
2.438200000000000000e+04 8.160000000000000000e+02
2.454900000000000000e+04 7.490000000000000000e+02
2.471600000000000000e+04 7.950000000000000000e+02
2.488300000000000000e+04 6.640000000000000000e+02
2.505000000000000000e+04 6.680000000000000000e+02
2.521700000000000000e+04 6.440000000000000000e+02
2.538400000000000000e+04 5.600000000000000000e+02
2.555100000000000000e+04 5.970000000000000000e+02
2.571800000000000000e+04 5.760000000000000000e+02
2.588500000000000000e+04 5.240000000000000000e+02
2.605200000000000000e+04 4.980000000000000000e+02
2.621900000000000000e+04 4.770000000000000000e+02
2.638600000000000000e+04 4.590000000000000000e+02
2.655300000000000000e+04 4.680000000000000000e+02
2.672000000000000000e+04 3.780000000000000000e+02
2.688700000000000000e+04 3.940000000000000000e+02
2.705400000000000000e+04 3.900000000000000000e+02
2.722100000000000000e+04 3.760000000000000000e+02
2.738800000000000000e+04 3.460000000000000000e+02
2.755500000000000000e+04 3.600000000000000000e+02
2.772200000000000000e+04 3.270000000000000000e+02
2.788900000000000000e+04 3.500000000000000000e+02
2.805600000000000000e+04 3.170000000000000000e+02
2.822300000000000000e+04 3.070000000000000000e+02
2.839000000000000000e+04 3.150000000000000000e+02
2.855700000000000000e+04 3.360000000000000000e+02
2.872400000000000000e+04 3.010000000000000000e+02
2.889100000000000000e+04 3.040000000000000000e+02
2.905800000000000000e+04 3.130000000000000000e+02
2.922500000000000000e+04 3.750000000000000000e+02
2.939200000000000000e+04 3.380000000000000000e+02
2.955900000000000000e+04 3.660000000000000000e+02
2.972600000000000000e+04 3.890000000000000000e+02
2.989300000000000000e+04 3.980000000000000000e+02
3.006000000000000000e+04 3.880000000000000000e+02
3.022700000000000000e+04 4.250000000000000000e+02
3.039400000000000000e+04 4.680000000000000000e+02
3.056100000000000000e+04 5.080000000000000000e+02
3.072800000000000000e+04 5.200000000000000000e+02
3.089500000000000000e+04 5.350000000000000000e+02
3.106200000000000000e+04 6.180000000000000000e+02
3.122900000000000000e+04 5.470000000000000000e+02
3.139600000000000000e+04 5.800000000000000000e+02
3.156300000000000000e+04 7.110000000000000000e+02
3.173000000000000000e+04 7.060000000000000000e+02
3.189700000000000000e+04 7.090000000000000000e+02
3.206400000000000000e+04 7.250000000000000000e+02
3.223100000000000000e+04 7.530000000000000000e+02
3.239800000000000000e+04 7.570000000000000000e+02
3.256500000000000000e+04 8.010000000000000000e+02
3.273200000000000000e+04 8.740000000000000000e+02
3.289900000000000000e+04 8.790000000000000000e+02
3.306600000000000000e+04 8.990000000000000000e+02
