0.000000000000000000e+00 1.039000000000000000e+03
5.000000000000000000e+02 1.064000000000000000e+03
1.000000000000000000e+03 1.069000000000000000e+03
1.500000000000000000e+03 1.017000000000000000e+03
2.000000000000000000e+03 1.055000000000000000e+03
2.500000000000000000e+03 1.055000000000000000e+03
3.000000000000000000e+03 1.079000000000000000e+03
3.500000000000000000e+03 1.126000000000000000e+03
4.000000000000000000e+03 1.122000000000000000e+03
4.500000000000000000e+03 1.088000000000000000e+03
5.000000000000000000e+03 1.057000000000000000e+03
5.500000000000000000e+03 1.139000000000000000e+03
6.000000000000000000e+03 1.130000000000000000e+03
6.500000000000000000e+03 1.131000000000000000e+03
7.000000000000000000e+03 1.109000000000000000e+03
7.500000000000000000e+03 1.145000000000000000e+03
8.000000000000000000e+03 1.132000000000000000e+03
8.500000000000000000e+03 1.182000000000000000e+03
9.000000000000000000e+03 1.119000000000000000e+03
9.500000000000000000e+03 1.125000000000000000e+03
1.000000000000000000e+04 1.128000000000000000e+03
1.050000000000000000e+04 1.190000000000000000e+03
1.100000000000000000e+04 1.108000000000000000e+03
1.150000000000000000e+04 1.100000000000000000e+03
1.200000000000000000e+04 1.123000000000000000e+03
1.250000000000000000e+04 1.092000000000000000e+03
1.300000000000000000e+04 1.150000000000000000e+03
1.350000000000000000e+04 1.134000000000000000e+03
1.400000000000000000e+04 1.091000000000000000e+03
1.450000000000000000e+04 1.119000000000000000e+03
1.500000000000000000e+04 1.084000000000000000e+03
1.550000000000000000e+04 1.013000000000000000e+03
1.600000000000000000e+04 1.077000000000000000e+03
1.650000000000000000e+04 1.080000000000000000e+03
1.700000000000000000e+04 1.120000000000000000e+03
1.750000000000000000e+04 1.057000000000000000e+03
1.800000000000000000e+04 1.075000000000000000e+03
1.850000000000000000e+04 1.055000000000000000e+03
1.900000000000000000e+04 1.006000000000000000e+03
1.950000000000000000e+04 9.370000000000000000e+02
2.000000000000000000e+04 9.560000000000000000e+02
2.050000000000000000e+04 9.720000000000000000e+02
2.100000000000000000e+04 9.430000000000000000e+02
2.150000000000000000e+04 8.520000000000000000e+02
2.200000000000000000e+04 8.720000000000000000e+02
2.250000000000000000e+04 8.410000000000000000e+02
2.300000000000000000e+04 7.840000000000000000e+02
2.350000000000000000e+04 7.780000000000000000e+02
2.400000000000000000e+04 7.710000000000000000e+02
2.450000000000000000e+04 7.580000000000000000e+02
2.500000000000000000e+04 7.320000000000000000e+02
2.550000000000000000e+04 6.790000000000000000e+02
2.600000000000000000e+04 6.560000000000000000e+02
2.650000000000000000e+04 6.400000000000000000e+02
2.700000000000000000e+04 6.270000000000000000e+02
2.750000000000000000e+04 6.030000000000000000e+02
2.800000000000000000e+04 5.730000000000000000e+02
2.850000000000000000e+04 5.480000000000000000e+02
2.900000000000000000e+04 5.210000000000000000e+02
2.950000000000000000e+04 4.730000000000000000e+02
3.000000000000000000e+04 4.650000000000000000e+02
3.050000000000000000e+04 4.220000000000000000e+02
3.100000000000000000e+04 4.120000000000000000e+02
3.150000000000000000e+04 4.410000000000000000e+02
3.200000000000000000e+04 4.060000000000000000e+02
3.250000000000000000e+04 3.870000000000000000e+02
3.300000000000000000e+04 4.360000000000000000e+02
3.350000000000000000e+04 4.200000000000000000e+02
3.400000000000000000e+04 3.460000000000000000e+02
3.450000000000000000e+04 3.530000000000000000e+02
3.500000000000000000e+04 3.490000000000000000e+02
3.550000000000000000e+04 3.690000000000000000e+02
3.600000000000000000e+04 3.820000000000000000e+02
3.650000000000000000e+04 4.020000000000000000e+02
3.700000000000000000e+04 3.890000000000000000e+02
3.750000000000000000e+04 3.660000000000000000e+02
3.800000000000000000e+04 4.130000000000000000e+02
3.850000000000000000e+04 4.160000000000000000e+02
3.900000000000000000e+04 4.370000000000000000e+02
3.950000000000000000e+04 4.820000000000000000e+02
4.000000000000000000e+04 4.610000000000000000e+02
4.050000000000000000e+04 5.090000000000000000e+02
4.100000000000000000e+04 5.370000000000000000e+02
4.150000000000000000e+04 5.720000000000000000e+02
4.200000000000000000e+04 6.220000000000000000e+02
4.250000000000000000e+04 6.160000000000000000e+02
4.300000000000000000e+04 6.710000000000000000e+02
4.350000000000000000e+04 6.460000000000000000e+02
4.400000000000000000e+04 6.920000000000000000e+02
4.450000000000000000e+04 7.110000000000000000e+02
4.500000000000000000e+04 7.820000000000000000e+02
4.550000000000000000e+04 7.870000000000000000e+02
4.600000000000000000e+04 7.360000000000000000e+02
4.650000000000000000e+04 8.490000000000000000e+02
4.700000000000000000e+04 8.540000000000000000e+02
4.750000000000000000e+04 8.570000000000000000e+02
4.800000000000000000e+04 8.880000000000000000e+02
4.850000000000000000e+04 9.420000000000000000e+02
4.900000000000000000e+04 9.620000000000000000e+02
4.950000000000000000e+04 9.410000000000000000e+02
5.000000000000000000e+04 9.610000000000000000e+02
5.050000000000000000e+04 9.220000000000000000e+02
5.100000000000000000e+04 9.870000000000000000e+02
5.150000000000000000e+04 1.021000000000000000e+03
5.200000000000000000e+04 1.029000000000000000e+03
5.250000000000000000e+04 1.105000000000000000e+03
5.300000000000000000e+04 1.051000000000000000e+03
5.350000000000000000e+04 1.103000000000000000e+03
5.400000000000000000e+04 1.079000000000000000e+03
5.450000000000000000e+04 1.124000000000000000e+03
5.500000000000000000e+04 1.088000000000000000e+03
5.550000000000000000e+04 1.133000000000000000e+03
5.600000000000000000e+04 1.149000000000000000e+03
5.650000000000000000e+04 1.098000000000000000e+03
5.700000000000000000e+04 1.114000000000000000e+03
5.750000000000000000e+04 1.083000000000000000e+03
5.800000000000000000e+04 1.118000000000000000e+03
5.850000000000000000e+04 1.115000000000000000e+03
5.900000000000000000e+04 1.155000000000000000e+03
5.950000000000000000e+04 1.155000000000000000e+03
6.000000000000000000e+04 1.112000000000000000e+03
6.050000000000000000e+04 1.085000000000000000e+03
6.100000000000000000e+04 1.119000000000000000e+03
6.150000000000000000e+04 1.126000000000000000e+03
6.200000000000000000e+04 1.178000000000000000e+03
6.250000000000000000e+04 1.149000000000000000e+03
6.300000000000000000e+04 1.093000000000000000e+03
6.350000000000000000e+04 1.107000000000000000e+03
6.400000000000000000e+04 1.136000000000000000e+03
6.450000000000000000e+04 1.081000000000000000e+03
6.500000000000000000e+04 1.115000000000000000e+03
6.550000000000000000e+04 1.081000000000000000e+03
6.600000000000000000e+04 1.095000000000000000e+03
6.650000000000000000e+04 1.061000000000000000e+03
6.700000000000000000e+04 1.055000000000000000e+03
6.750000000000000000e+04 1.056000000000000000e+03
6.800000000000000000e+04 1.060000000000000000e+03
6.850000000000000000e+04 9.820000000000000000e+02
6.900000000000000000e+04 1.018000000000000000e+03
6.950000000000000000e+04 1.035000000000000000e+03
7.000000000000000000e+04 9.890000000000000000e+02
7.050000000000000000e+04 9.530000000000000000e+02
7.100000000000000000e+04 1.006000000000000000e+03
7.150000000000000000e+04 8.890000000000000000e+02
7.200000000000000000e+04 9.000000000000000000e+02
7.250000000000000000e+04 8.570000000000000000e+02
7.300000000000000000e+04 7.910000000000000000e+02
7.350000000000000000e+04 7.520000000000000000e+02
7.400000000000000000e+04 7.970000000000000000e+02
7.450000000000000000e+04 7.770000000000000000e+02
7.500000000000000000e+04 6.950000000000000000e+02
7.550000000000000000e+04 7.170000000000000000e+02
7.600000000000000000e+04 6.750000000000000000e+02
7.650000000000000000e+04 6.300000000000000000e+02
7.700000000000000000e+04 6.560000000000000000e+02
7.750000000000000000e+04 5.780000000000000000e+02
7.800000000000000000e+04 6.010000000000000000e+02
7.850000000000000000e+04 5.280000000000000000e+02
7.900000000000000000e+04 4.850000000000000000e+02
7.950000000000000000e+04 4.460000000000000000e+02
8.000000000000000000e+04 4.980000000000000000e+02
8.050000000000000000e+04 4.400000000000000000e+02
8.100000000000000000e+04 3.870000000000000000e+02
8.150000000000000000e+04 4.140000000000000000e+02
8.200000000000000000e+04 4.260000000000000000e+02
8.250000000000000000e+04 3.670000000000000000e+02
8.300000000000000000e+04 3.530000000000000000e+02
8.350000000000000000e+04 3.360000000000000000e+02
8.400000000000000000e+04 3.740000000000000000e+02
8.450000000000000000e+04 4.060000000000000000e+02
8.500000000000000000e+04 3.600000000000000000e+02
8.550000000000000000e+04 3.690000000000000000e+02
8.600000000000000000e+04 3.660000000000000000e+02
8.650000000000000000e+04 4.010000000000000000e+02
8.700000000000000000e+04 3.760000000000000000e+02
8.750000000000000000e+04 3.940000000000000000e+02
8.800000000000000000e+04 4.210000000000000000e+02
8.850000000000000000e+04 4.280000000000000000e+02
8.900000000000000000e+04 4.560000000000000000e+02
8.950000000000000000e+04 4.850000000000000000e+02
9.000000000000000000e+04 4.950000000000000000e+02
9.050000000000000000e+04 5.290000000000000000e+02
9.100000000000000000e+04 5.490000000000000000e+02
9.150000000000000000e+04 5.610000000000000000e+02
9.200000000000000000e+04 5.930000000000000000e+02
9.250000000000000000e+04 6.250000000000000000e+02
9.300000000000000000e+04 6.250000000000000000e+02
9.350000000000000000e+04 6.590000000000000000e+02
9.400000000000000000e+04 6.530000000000000000e+02
9.450000000000000000e+04 7.620000000000000000e+02
9.500000000000000000e+04 7.740000000000000000e+02
9.550000000000000000e+04 7.320000000000000000e+02
9.600000000000000000e+04 8.240000000000000000e+02
9.650000000000000000e+04 9.040000000000000000e+02
9.700000000000000000e+04 8.790000000000000000e+02
9.750000000000000000e+04 8.360000000000000000e+02
9.800000000000000000e+04 9.410000000000000000e+02
9.850000000000000000e+04 1.007000000000000000e+03
9.900000000000000000e+04 9.050000000000000000e+02
9.950000000000000000e+04 9.750000000000000000e+02
