0.000000000000000000e+00 2.598000000000000000e+03
1.670000000000000000e+02 2.713000000000000000e+03
3.340000000000000000e+02 2.776000000000000000e+03
5.010000000000000000e+02 2.903000000000000000e+03
6.680000000000000000e+02 2.871000000000000000e+03
8.350000000000000000e+02 2.926000000000000000e+03
1.002000000000000000e+03 3.040000000000000000e+03
1.169000000000000000e+03 3.056000000000000000e+03
1.336000000000000000e+03 3.250000000000000000e+03
1.503000000000000000e+03 3.153000000000000000e+03
1.670000000000000000e+03 3.247000000000000000e+03
1.837000000000000000e+03 3.347000000000000000e+03
2.004000000000000000e+03 3.358000000000000000e+03
2.171000000000000000e+03 3.435000000000000000e+03
2.338000000000000000e+03 3.501000000000000000e+03
2.505000000000000000e+03 3.470000000000000000e+03
2.672000000000000000e+03 3.366000000000000000e+03
2.839000000000000000e+03 3.384000000000000000e+03
3.006000000000000000e+03 3.499000000000000000e+03
3.173000000000000000e+03 3.462000000000000000e+03
3.340000000000000000e+03 3.441000000000000000e+03
3.507000000000000000e+03 3.448000000000000000e+03
3.674000000000000000e+03 3.432000000000000000e+03
3.841000000000000000e+03 3.584000000000000000e+03
4.008000000000000000e+03 3.411000000000000000e+03
4.175000000000000000e+03 3.379000000000000000e+03
4.342000000000000000e+03 3.508000000000000000e+03
4.509000000000000000e+03 3.424000000000000000e+03
4.676000000000000000e+03 3.452000000000000000e+03
4.843000000000000000e+03 3.415000000000000000e+03
5.010000000000000000e+03 3.372000000000000000e+03
5.177000000000000000e+03 3.258000000000000000e+03
5.344000000000000000e+03 3.270000000000000000e+03
5.511000000000000000e+03 3.196000000000000000e+03
5.678000000000000000e+03 3.178000000000000000e+03
5.845000000000000000e+03 3.000000000000000000e+03
6.012000000000000000e+03 3.087000000000000000e+03
6.179000000000000000e+03 3.075000000000000000e+03
6.346000000000000000e+03 2.896000000000000000e+03
6.513000000000000000e+03 2.851000000000000000e+03
6.680000000000000000e+03 2.808000000000000000e+03
6.847000000000000000e+03 2.743000000000000000e+03
7.014000000000000000e+03 2.522000000000000000e+03
7.181000000000000000e+03 2.613000000000000000e+03
7.348000000000000000e+03 2.463000000000000000e+03
7.515000000000000000e+03 2.417000000000000000e+03
7.682000000000000000e+03 2.231000000000000000e+03
7.849000000000000000e+03 2.248000000000000000e+03
8.016000000000000000e+03 2.027000000000000000e+03
8.183000000000000000e+03 2.033000000000000000e+03
8.350000000000000000e+03 1.824000000000000000e+03
8.517000000000000000e+03 1.789000000000000000e+03
8.684000000000000000e+03 1.656000000000000000e+03
8.851000000000000000e+03 1.665000000000000000e+03
9.018000000000000000e+03 1.424000000000000000e+03
9.185000000000000000e+03 1.415000000000000000e+03
9.352000000000000000e+03 1.248000000000000000e+03
9.519000000000000000e+03 1.208000000000000000e+03
9.686000000000000000e+03 1.152000000000000000e+03
9.853000000000000000e+03 1.044000000000000000e+03
1.002000000000000000e+04 9.310000000000000000e+02
1.018700000000000000e+04 9.310000000000000000e+02
1.035400000000000000e+04 8.660000000000000000e+02
1.052100000000000000e+04 8.340000000000000000e+02
1.068800000000000000e+04 7.090000000000000000e+02
1.085500000000000000e+04 7.490000000000000000e+02
1.102200000000000000e+04 7.280000000000000000e+02
1.118900000000000000e+04 6.400000000000000000e+02
1.135600000000000000e+04 6.210000000000000000e+02
1.152300000000000000e+04 5.660000000000000000e+02
1.169000000000000000e+04 5.930000000000000000e+02
1.185700000000000000e+04 5.600000000000000000e+02
1.202400000000000000e+04 5.830000000000000000e+02
1.219100000000000000e+04 5.820000000000000000e+02
1.235800000000000000e+04 5.350000000000000000e+02
1.252500000000000000e+04 5.240000000000000000e+02
1.269200000000000000e+04 5.720000000000000000e+02
1.285900000000000000e+04 5.430000000000000000e+02
1.302600000000000000e+04 6.490000000000000000e+02
1.319300000000000000e+04 6.190000000000000000e+02
1.336000000000000000e+04 6.670000000000000000e+02
1.352700000000000000e+04 7.050000000000000000e+02
1.369400000000000000e+04 8.170000000000000000e+02
1.386100000000000000e+04 8.220000000000000000e+02
1.402800000000000000e+04 9.310000000000000000e+02
1.419500000000000000e+04 9.320000000000000000e+02
1.436200000000000000e+04 1.060000000000000000e+03
1.452900000000000000e+04 1.202000000000000000e+03
1.469600000000000000e+04 1.258000000000000000e+03
1.486300000000000000e+04 1.339000000000000000e+03
1.503000000000000000e+04 1.466000000000000000e+03
1.519700000000000000e+04 1.585000000000000000e+03
1.536400000000000000e+04 1.707000000000000000e+03
1.553100000000000000e+04 1.879000000000000000e+03
1.569800000000000000e+04 1.916000000000000000e+03
1.586500000000000000e+04 2.033000000000000000e+03
1.603200000000000000e+04 2.207000000000000000e+03
1.619900000000000000e+04 2.274000000000000000e+03
1.636600000000000000e+04 2.386000000000000000e+03
1.653300000000000000e+04 2.531000000000000000e+03
1.670000000000000000e+04 2.587000000000000000e+03
1.686700000000000000e+04 2.723000000000000000e+03
1.703400000000000000e+04 2.802000000000000000e+03
1.720100000000000000e+04 2.786000000000000000e+03
1.736800000000000000e+04 2.942000000000000000e+03
1.753500000000000000e+04 2.950000000000000000e+03
1.770200000000000000e+04 3.171000000000000000e+03
1.786900000000000000e+04 3.070000000000000000e+03
1.803600000000000000e+04 3.175000000000000000e+03
1.820300000000000000e+04 3.154000000000000000e+03
1.837000000000000000e+04 3.406000000000000000e+03
1.853700000000000000e+04 3.293000000000000000e+03
1.870400000000000000e+04 3.414000000000000000e+03
1.887100000000000000e+04 3.334000000000000000e+03
1.903800000000000000e+04 3.356000000000000000e+03
1.920500000000000000e+04 3.542000000000000000e+03
1.937200000000000000e+04 3.380000000000000000e+03
1.953900000000000000e+04 3.489000000000000000e+03
1.970600000000000000e+04 3.393000000000000000e+03
1.987300000000000000e+04 3.423000000000000000e+03
2.004000000000000000e+04 3.557000000000000000e+03
2.020700000000000000e+04 3.540000000000000000e+03
2.037400000000000000e+04 3.488000000000000000e+03
2.054100000000000000e+04 3.558000000000000000e+03
2.070800000000000000e+04 3.499000000000000000e+03
2.087500000000000000e+04 3.476000000000000000e+03
2.104200000000000000e+04 3.449000000000000000e+03
2.120900000000000000e+04 3.418000000000000000e+03
2.137600000000000000e+04 3.389000000000000000e+03
2.154300000000000000e+04 3.295000000000000000e+03
2.171000000000000000e+04 3.269000000000000000e+03
2.187700000000000000e+04 3.248000000000000000e+03
2.204400000000000000e+04 3.220000000000000000e+03
2.221100000000000000e+04 3.277000000000000000e+03
2.237800000000000000e+04 3.144000000000000000e+03
2.254500000000000000e+04 3.082000000000000000e+03
2.271200000000000000e+04 3.024000000000000000e+03
2.287900000000000000e+04 3.072000000000000000e+03
2.304600000000000000e+04 2.890000000000000000e+03
2.321300000000000000e+04 2.889000000000000000e+03
2.338000000000000000e+04 2.773000000000000000e+03
2.354700000000000000e+04 2.647000000000000000e+03
2.371400000000000000e+04 2.545000000000000000e+03
2.388100000000000000e+04 2.647000000000000000e+03
2.404800000000000000e+04 2.395000000000000000e+03
2.421500000000000000e+04 2.375000000000000000e+03
2.438200000000000000e+04 2.228000000000000000e+03
2.454900000000000000e+04 2.182000000000000000e+03
2.471600000000000000e+04 1.996000000000000000e+03
2.488300000000000000e+04 2.029000000000000000e+03
2.505000000000000000e+04 1.804000000000000000e+03
2.521700000000000000e+04 1.725000000000000000e+03
2.538400000000000000e+04 1.699000000000000000e+03
2.555100000000000000e+04 1.581000000000000000e+03
2.571800000000000000e+04 1.493000000000000000e+03
2.588500000000000000e+04 1.395000000000000000e+03
2.605200000000000000e+04 1.283000000000000000e+03
2.621900000000000000e+04 1.245000000000000000e+03
2.638600000000000000e+04 1.095000000000000000e+03
2.655300000000000000e+04 1.058000000000000000e+03
2.672000000000000000e+04 1.002000000000000000e+03
2.688700000000000000e+04 9.700000000000000000e+02
2.705400000000000000e+04 8.100000000000000000e+02
2.722100000000000000e+04 8.040000000000000000e+02
2.738800000000000000e+04 7.570000000000000000e+02
2.755500000000000000e+04 7.150000000000000000e+02
2.772200000000000000e+04 6.820000000000000000e+02
2.788900000000000000e+04 7.170000000000000000e+02
2.805600000000000000e+04 6.020000000000000000e+02
2.822300000000000000e+04 5.760000000000000000e+02
2.839000000000000000e+04 5.470000000000000000e+02
2.855700000000000000e+04 5.250000000000000000e+02
2.872400000000000000e+04 5.550000000000000000e+02
2.889100000000000000e+04 5.250000000000000000e+02
2.905800000000000000e+04 5.050000000000000000e+02
2.922500000000000000e+04 5.700000000000000000e+02
2.939200000000000000e+04 5.630000000000000000e+02
2.955900000000000000e+04 6.240000000000000000e+02
2.972600000000000000e+04 6.480000000000000000e+02
2.989300000000000000e+04 6.470000000000000000e+02
3.006000000000000000e+04 7.340000000000000000e+02
3.022700000000000000e+04 7.500000000000000000e+02
3.039400000000000000e+04 8.100000000000000000e+02
3.056100000000000000e+04 8.710000000000000000e+02
3.072800000000000000e+04 9.240000000000000000e+02
3.089500000000000000e+04 9.610000000000000000e+02
3.106200000000000000e+04 1.073000000000000000e+03
3.122900000000000000e+04 1.172000000000000000e+03
3.139600000000000000e+04 1.282000000000000000e+03
3.156300000000000000e+04 1.383000000000000000e+03
3.173000000000000000e+04 1.560000000000000000e+03
3.189700000000000000e+04 1.617000000000000000e+03
3.206400000000000000e+04 1.758000000000000000e+03
3.223100000000000000e+04 1.813000000000000000e+03
3.239800000000000000e+04 1.980000000000000000e+03
3.256500000000000000e+04 1.967000000000000000e+03
3.273200000000000000e+04 2.182000000000000000e+03
3.289900000000000000e+04 2.280000000000000000e+03
3.306600000000000000e+04 2.422000000000000000e+03
