0.000000000000000000e+00 2.635000000000000000e+03
5.000000000000000000e+02 2.665000000000000000e+03
1.000000000000000000e+03 2.726000000000000000e+03
1.500000000000000000e+03 2.868000000000000000e+03
2.000000000000000000e+03 2.930000000000000000e+03
2.500000000000000000e+03 2.899000000000000000e+03
3.000000000000000000e+03 2.980000000000000000e+03
3.500000000000000000e+03 3.059000000000000000e+03
4.000000000000000000e+03 3.046000000000000000e+03
4.500000000000000000e+03 3.214000000000000000e+03
5.000000000000000000e+03 3.155000000000000000e+03
5.500000000000000000e+03 3.142000000000000000e+03
6.000000000000000000e+03 3.260000000000000000e+03
6.500000000000000000e+03 3.245000000000000000e+03
7.000000000000000000e+03 3.234000000000000000e+03
7.500000000000000000e+03 3.308000000000000000e+03
8.000000000000000000e+03 3.277000000000000000e+03
8.500000000000000000e+03 3.306000000000000000e+03
9.000000000000000000e+03 3.197000000000000000e+03
9.500000000000000000e+03 3.196000000000000000e+03
1.000000000000000000e+04 3.264000000000000000e+03
1.050000000000000000e+04 3.317000000000000000e+03
1.100000000000000000e+04 3.206000000000000000e+03
1.150000000000000000e+04 3.234000000000000000e+03
1.200000000000000000e+04 3.185000000000000000e+03
1.250000000000000000e+04 3.267000000000000000e+03
1.300000000000000000e+04 3.316000000000000000e+03
1.350000000000000000e+04 3.321000000000000000e+03
1.400000000000000000e+04 3.208000000000000000e+03
1.450000000000000000e+04 3.121000000000000000e+03
1.500000000000000000e+04 3.169000000000000000e+03
1.550000000000000000e+04 3.072000000000000000e+03
1.600000000000000000e+04 3.012000000000000000e+03
1.650000000000000000e+04 2.913000000000000000e+03
1.700000000000000000e+04 2.917000000000000000e+03
1.750000000000000000e+04 3.020000000000000000e+03
1.800000000000000000e+04 2.929000000000000000e+03
1.850000000000000000e+04 2.763000000000000000e+03
1.900000000000000000e+04 2.728000000000000000e+03
1.950000000000000000e+04 2.661000000000000000e+03
2.000000000000000000e+04 2.637000000000000000e+03
2.050000000000000000e+04 2.516000000000000000e+03
2.100000000000000000e+04 2.476000000000000000e+03
2.150000000000000000e+04 2.287000000000000000e+03
2.200000000000000000e+04 2.247000000000000000e+03
2.250000000000000000e+04 2.248000000000000000e+03
2.300000000000000000e+04 2.158000000000000000e+03
2.350000000000000000e+04 2.124000000000000000e+03
2.400000000000000000e+04 1.980000000000000000e+03
2.450000000000000000e+04 1.851000000000000000e+03
2.500000000000000000e+04 1.753000000000000000e+03
2.550000000000000000e+04 1.715000000000000000e+03
2.600000000000000000e+04 1.650000000000000000e+03
2.650000000000000000e+04 1.517000000000000000e+03
2.700000000000000000e+04 1.509000000000000000e+03
2.750000000000000000e+04 1.279000000000000000e+03
2.800000000000000000e+04 1.288000000000000000e+03
2.850000000000000000e+04 1.160000000000000000e+03
2.900000000000000000e+04 1.072000000000000000e+03
2.950000000000000000e+04 9.880000000000000000e+02
3.000000000000000000e+04 9.680000000000000000e+02
3.050000000000000000e+04 9.730000000000000000e+02
3.100000000000000000e+04 8.870000000000000000e+02
3.150000000000000000e+04 8.140000000000000000e+02
3.200000000000000000e+04 7.380000000000000000e+02
3.250000000000000000e+04 7.360000000000000000e+02
3.300000000000000000e+04 7.660000000000000000e+02
3.350000000000000000e+04 7.000000000000000000e+02
3.400000000000000000e+04 6.590000000000000000e+02
3.450000000000000000e+04 6.720000000000000000e+02
3.500000000000000000e+04 6.530000000000000000e+02
3.550000000000000000e+04 6.910000000000000000e+02
3.600000000000000000e+04 6.800000000000000000e+02
3.650000000000000000e+04 6.360000000000000000e+02
3.700000000000000000e+04 7.100000000000000000e+02
3.750000000000000000e+04 7.700000000000000000e+02
3.800000000000000000e+04 7.460000000000000000e+02
3.850000000000000000e+04 7.710000000000000000e+02
3.900000000000000000e+04 8.330000000000000000e+02
3.950000000000000000e+04 8.910000000000000000e+02
4.000000000000000000e+04 9.500000000000000000e+02
4.050000000000000000e+04 9.570000000000000000e+02
4.100000000000000000e+04 1.092000000000000000e+03
4.150000000000000000e+04 1.167000000000000000e+03
4.200000000000000000e+04 1.214000000000000000e+03
4.250000000000000000e+04 1.302000000000000000e+03
4.300000000000000000e+04 1.358000000000000000e+03
4.350000000000000000e+04 1.492000000000000000e+03
4.400000000000000000e+04 1.578000000000000000e+03
4.450000000000000000e+04 1.715000000000000000e+03
4.500000000000000000e+04 1.816000000000000000e+03
4.550000000000000000e+04 1.903000000000000000e+03
4.600000000000000000e+04 2.055000000000000000e+03
4.650000000000000000e+04 2.096000000000000000e+03
4.700000000000000000e+04 2.240000000000000000e+03
4.750000000000000000e+04 2.198000000000000000e+03
4.800000000000000000e+04 2.394000000000000000e+03
4.850000000000000000e+04 2.382000000000000000e+03
4.900000000000000000e+04 2.642000000000000000e+03
4.950000000000000000e+04 2.620000000000000000e+03
5.000000000000000000e+04 2.653000000000000000e+03
5.050000000000000000e+04 2.737000000000000000e+03
5.100000000000000000e+04 2.834000000000000000e+03
5.150000000000000000e+04 2.900000000000000000e+03
5.200000000000000000e+04 2.902000000000000000e+03
5.250000000000000000e+04 2.991000000000000000e+03
5.300000000000000000e+04 2.941000000000000000e+03
5.350000000000000000e+04 3.087000000000000000e+03
5.400000000000000000e+04 3.050000000000000000e+03
5.450000000000000000e+04 3.185000000000000000e+03
5.500000000000000000e+04 3.154000000000000000e+03
5.550000000000000000e+04 3.263000000000000000e+03
5.600000000000000000e+04 3.226000000000000000e+03
5.650000000000000000e+04 3.197000000000000000e+03
5.700000000000000000e+04 3.231000000000000000e+03
5.750000000000000000e+04 3.298000000000000000e+03
5.800000000000000000e+04 3.223000000000000000e+03
5.850000000000000000e+04 3.188000000000000000e+03
5.900000000000000000e+04 3.319000000000000000e+03
5.950000000000000000e+04 3.271000000000000000e+03
6.000000000000000000e+04 3.285000000000000000e+03
6.050000000000000000e+04 3.202000000000000000e+03
6.100000000000000000e+04 3.152000000000000000e+03
6.150000000000000000e+04 3.265000000000000000e+03
6.200000000000000000e+04 3.251000000000000000e+03
6.250000000000000000e+04 3.101000000000000000e+03
6.300000000000000000e+04 3.170000000000000000e+03
6.350000000000000000e+04 3.322000000000000000e+03
6.400000000000000000e+04 3.215000000000000000e+03
6.450000000000000000e+04 3.216000000000000000e+03
6.500000000000000000e+04 3.070000000000000000e+03
6.550000000000000000e+04 3.079000000000000000e+03
6.600000000000000000e+04 3.016000000000000000e+03
6.650000000000000000e+04 3.046000000000000000e+03
6.700000000000000000e+04 3.041000000000000000e+03
6.750000000000000000e+04 2.988000000000000000e+03
6.800000000000000000e+04 2.835000000000000000e+03
6.850000000000000000e+04 2.854000000000000000e+03
6.900000000000000000e+04 2.720000000000000000e+03
6.950000000000000000e+04 2.703000000000000000e+03
7.000000000000000000e+04 2.570000000000000000e+03
7.050000000000000000e+04 2.600000000000000000e+03
7.100000000000000000e+04 2.419000000000000000e+03
7.150000000000000000e+04 2.468000000000000000e+03
7.200000000000000000e+04 2.291000000000000000e+03
7.250000000000000000e+04 2.274000000000000000e+03
7.300000000000000000e+04 2.097000000000000000e+03
7.350000000000000000e+04 2.094000000000000000e+03
7.400000000000000000e+04 1.978000000000000000e+03
7.450000000000000000e+04 1.854000000000000000e+03
7.500000000000000000e+04 1.755000000000000000e+03
7.550000000000000000e+04 1.743000000000000000e+03
7.600000000000000000e+04 1.604000000000000000e+03
7.650000000000000000e+04 1.476000000000000000e+03
7.700000000000000000e+04 1.446000000000000000e+03
7.750000000000000000e+04 1.325000000000000000e+03
7.800000000000000000e+04 1.298000000000000000e+03
7.850000000000000000e+04 1.220000000000000000e+03
7.900000000000000000e+04 1.091000000000000000e+03
7.950000000000000000e+04 1.052000000000000000e+03
8.000000000000000000e+04 1.002000000000000000e+03
8.050000000000000000e+04 9.230000000000000000e+02
8.100000000000000000e+04 8.510000000000000000e+02
8.150000000000000000e+04 7.680000000000000000e+02
8.200000000000000000e+04 8.480000000000000000e+02
8.250000000000000000e+04 8.000000000000000000e+02
8.300000000000000000e+04 6.880000000000000000e+02
8.350000000000000000e+04 6.660000000000000000e+02
8.400000000000000000e+04 6.200000000000000000e+02
8.450000000000000000e+04 6.600000000000000000e+02
8.500000000000000000e+04 6.140000000000000000e+02
8.550000000000000000e+04 6.160000000000000000e+02
8.600000000000000000e+04 6.140000000000000000e+02
8.650000000000000000e+04 6.720000000000000000e+02
8.700000000000000000e+04 6.920000000000000000e+02
8.750000000000000000e+04 7.230000000000000000e+02
8.800000000000000000e+04 6.870000000000000000e+02
8.850000000000000000e+04 7.950000000000000000e+02
8.900000000000000000e+04 7.910000000000000000e+02
8.950000000000000000e+04 8.710000000000000000e+02
9.000000000000000000e+04 9.350000000000000000e+02
9.050000000000000000e+04 9.480000000000000000e+02
9.100000000000000000e+04 9.900000000000000000e+02
9.150000000000000000e+04 1.126000000000000000e+03
9.200000000000000000e+04 1.209000000000000000e+03
9.250000000000000000e+04 1.374000000000000000e+03
9.300000000000000000e+04 1.420000000000000000e+03
9.350000000000000000e+04 1.536000000000000000e+03
9.400000000000000000e+04 1.588000000000000000e+03
9.450000000000000000e+04 1.682000000000000000e+03
9.500000000000000000e+04 1.786000000000000000e+03
9.550000000000000000e+04 1.870000000000000000e+03
9.600000000000000000e+04 2.001000000000000000e+03
9.650000000000000000e+04 2.117000000000000000e+03
9.700000000000000000e+04 2.155000000000000000e+03
9.750000000000000000e+04 2.363000000000000000e+03
9.800000000000000000e+04 2.280000000000000000e+03
9.850000000000000000e+04 2.439000000000000000e+03
9.900000000000000000e+04 2.636000000000000000e+03
9.950000000000000000e+04 2.614000000000000000e+03
