0.000000000000000000e+00 1.526000000000000000e+03
5.000000000000000000e+01 1.600000000000000000e+03
1.000000000000000000e+02 1.627000000000000000e+03
1.500000000000000000e+02 1.726000000000000000e+03
2.000000000000000000e+02 1.740000000000000000e+03
2.500000000000000000e+02 1.757000000000000000e+03
3.000000000000000000e+02 1.858000000000000000e+03
3.500000000000000000e+02 1.952000000000000000e+03
4.000000000000000000e+02 1.953000000000000000e+03
4.500000000000000000e+02 1.985000000000000000e+03
5.000000000000000000e+02 2.086000000000000000e+03
5.500000000000000000e+02 2.159000000000000000e+03
6.000000000000000000e+02 2.135000000000000000e+03
6.500000000000000000e+02 2.179000000000000000e+03
7.000000000000000000e+02 2.197000000000000000e+03
7.500000000000000000e+02 2.174000000000000000e+03
8.000000000000000000e+02 2.300000000000000000e+03
8.500000000000000000e+02 2.227000000000000000e+03
9.000000000000000000e+02 2.352000000000000000e+03
9.500000000000000000e+02 2.389000000000000000e+03
1.000000000000000000e+03 2.331000000000000000e+03
1.050000000000000000e+03 2.398000000000000000e+03
1.100000000000000000e+03 2.353000000000000000e+03
1.150000000000000000e+03 2.440000000000000000e+03
1.200000000000000000e+03 2.369000000000000000e+03
1.250000000000000000e+03 2.385000000000000000e+03
1.300000000000000000e+03 2.316000000000000000e+03
1.350000000000000000e+03 2.386000000000000000e+03
1.400000000000000000e+03 2.348000000000000000e+03
1.450000000000000000e+03 2.336000000000000000e+03
1.500000000000000000e+03 2.410000000000000000e+03
1.550000000000000000e+03 2.400000000000000000e+03
1.600000000000000000e+03 2.304000000000000000e+03
1.650000000000000000e+03 2.424000000000000000e+03
1.700000000000000000e+03 2.316000000000000000e+03
1.750000000000000000e+03 2.315000000000000000e+03
1.800000000000000000e+03 2.238000000000000000e+03
1.850000000000000000e+03 2.210000000000000000e+03
1.900000000000000000e+03 2.234000000000000000e+03
1.950000000000000000e+03 2.199000000000000000e+03
2.000000000000000000e+03 2.139000000000000000e+03
2.050000000000000000e+03 2.146000000000000000e+03
2.100000000000000000e+03 2.093000000000000000e+03
2.150000000000000000e+03 2.077000000000000000e+03
2.200000000000000000e+03 1.918000000000000000e+03
2.250000000000000000e+03 2.036000000000000000e+03
2.300000000000000000e+03 1.921000000000000000e+03
2.350000000000000000e+03 1.876000000000000000e+03
2.400000000000000000e+03 1.816000000000000000e+03
2.450000000000000000e+03 1.858000000000000000e+03
2.500000000000000000e+03 1.621000000000000000e+03
2.550000000000000000e+03 1.613000000000000000e+03
2.600000000000000000e+03 1.590000000000000000e+03
2.650000000000000000e+03 1.510000000000000000e+03
2.700000000000000000e+03 1.514000000000000000e+03
2.750000000000000000e+03 1.419000000000000000e+03
2.800000000000000000e+03 1.378000000000000000e+03
2.850000000000000000e+03 1.311000000000000000e+03
2.900000000000000000e+03 1.264000000000000000e+03
2.950000000000000000e+03 1.281000000000000000e+03
3.000000000000000000e+03 1.222000000000000000e+03
3.050000000000000000e+03 1.151000000000000000e+03
3.100000000000000000e+03 1.090000000000000000e+03
3.150000000000000000e+03 1.045000000000000000e+03
3.200000000000000000e+03 9.990000000000000000e+02
3.250000000000000000e+03 9.270000000000000000e+02
3.300000000000000000e+03 9.480000000000000000e+02
3.350000000000000000e+03 8.300000000000000000e+02
3.400000000000000000e+03 8.770000000000000000e+02
3.450000000000000000e+03 7.850000000000000000e+02
3.500000000000000000e+03 7.980000000000000000e+02
3.550000000000000000e+03 7.840000000000000000e+02
3.600000000000000000e+03 7.670000000000000000e+02
3.650000000000000000e+03 7.260000000000000000e+02
3.700000000000000000e+03 7.340000000000000000e+02
3.750000000000000000e+03 7.320000000000000000e+02
3.800000000000000000e+03 7.620000000000000000e+02
3.850000000000000000e+03 7.320000000000000000e+02
3.900000000000000000e+03 6.430000000000000000e+02
3.950000000000000000e+03 6.560000000000000000e+02
4.000000000000000000e+03 6.940000000000000000e+02
4.050000000000000000e+03 6.730000000000000000e+02
4.100000000000000000e+03 7.290000000000000000e+02
4.150000000000000000e+03 7.270000000000000000e+02
4.200000000000000000e+03 8.070000000000000000e+02
4.250000000000000000e+03 7.770000000000000000e+02
4.300000000000000000e+03 8.950000000000000000e+02
4.350000000000000000e+03 8.320000000000000000e+02
4.400000000000000000e+03 8.560000000000000000e+02
4.450000000000000000e+03 9.700000000000000000e+02
4.500000000000000000e+03 1.015000000000000000e+03
4.550000000000000000e+03 1.073000000000000000e+03
4.600000000000000000e+03 1.067000000000000000e+03
4.650000000000000000e+03 1.181000000000000000e+03
4.700000000000000000e+03 1.231000000000000000e+03
4.750000000000000000e+03 1.236000000000000000e+03
4.800000000000000000e+03 1.297000000000000000e+03
4.850000000000000000e+03 1.351000000000000000e+03
4.900000000000000000e+03 1.424000000000000000e+03
4.950000000000000000e+03 1.510000000000000000e+03
5.000000000000000000e+03 1.577000000000000000e+03
5.050000000000000000e+03 1.663000000000000000e+03
5.100000000000000000e+03 1.683000000000000000e+03
5.150000000000000000e+03 1.726000000000000000e+03
5.200000000000000000e+03 1.871000000000000000e+03
5.250000000000000000e+03 1.953000000000000000e+03
5.300000000000000000e+03 1.802000000000000000e+03
5.350000000000000000e+03 2.053000000000000000e+03
5.400000000000000000e+03 2.020000000000000000e+03
5.450000000000000000e+03 2.054000000000000000e+03
5.500000000000000000e+03 2.019000000000000000e+03
5.550000000000000000e+03 2.096000000000000000e+03
5.600000000000000000e+03 2.119000000000000000e+03
5.650000000000000000e+03 2.215000000000000000e+03
5.700000000000000000e+03 2.326000000000000000e+03
5.750000000000000000e+03 2.266000000000000000e+03
5.800000000000000000e+03 2.282000000000000000e+03
5.850000000000000000e+03 2.255000000000000000e+03
5.900000000000000000e+03 2.467000000000000000e+03
5.950000000000000000e+03 2.411000000000000000e+03
6.000000000000000000e+03 2.314000000000000000e+03
6.050000000000000000e+03 2.434000000000000000e+03
6.100000000000000000e+03 2.356000000000000000e+03
6.150000000000000000e+03 2.406000000000000000e+03
6.200000000000000000e+03 2.340000000000000000e+03
6.250000000000000000e+03 2.402000000000000000e+03
6.300000000000000000e+03 2.358000000000000000e+03
6.350000000000000000e+03 2.397000000000000000e+03
6.400000000000000000e+03 2.364000000000000000e+03
6.450000000000000000e+03 2.217000000000000000e+03
6.500000000000000000e+03 2.468000000000000000e+03
6.550000000000000000e+03 2.349000000000000000e+03
6.600000000000000000e+03 2.421000000000000000e+03
6.650000000000000000e+03 2.405000000000000000e+03
6.700000000000000000e+03 2.366000000000000000e+03
6.750000000000000000e+03 2.216000000000000000e+03
6.800000000000000000e+03 2.237000000000000000e+03
6.850000000000000000e+03 2.306000000000000000e+03
6.900000000000000000e+03 2.190000000000000000e+03
6.950000000000000000e+03 2.095000000000000000e+03
7.000000000000000000e+03 2.155000000000000000e+03
7.050000000000000000e+03 2.137000000000000000e+03
7.100000000000000000e+03 2.037000000000000000e+03
7.150000000000000000e+03 2.061000000000000000e+03
7.200000000000000000e+03 1.979000000000000000e+03
7.250000000000000000e+03 1.955000000000000000e+03
7.300000000000000000e+03 1.887000000000000000e+03
7.350000000000000000e+03 1.861000000000000000e+03
7.400000000000000000e+03 1.807000000000000000e+03
7.450000000000000000e+03 1.725000000000000000e+03
7.500000000000000000e+03 1.690000000000000000e+03
7.550000000000000000e+03 1.657000000000000000e+03
7.600000000000000000e+03 1.622000000000000000e+03
7.650000000000000000e+03 1.566000000000000000e+03
7.700000000000000000e+03 1.474000000000000000e+03
7.750000000000000000e+03 1.413000000000000000e+03
7.800000000000000000e+03 1.377000000000000000e+03
7.850000000000000000e+03 1.322000000000000000e+03
7.900000000000000000e+03 1.406000000000000000e+03
7.950000000000000000e+03 1.254000000000000000e+03
8.000000000000000000e+03 1.133000000000000000e+03
8.050000000000000000e+03 1.155000000000000000e+03
8.100000000000000000e+03 1.092000000000000000e+03
8.150000000000000000e+03 1.061000000000000000e+03
8.200000000000000000e+03 9.540000000000000000e+02
8.250000000000000000e+03 9.200000000000000000e+02
8.300000000000000000e+03 8.810000000000000000e+02
8.350000000000000000e+03 9.170000000000000000e+02
8.400000000000000000e+03 8.740000000000000000e+02
8.450000000000000000e+03 8.860000000000000000e+02
8.500000000000000000e+03 7.830000000000000000e+02
8.550000000000000000e+03 7.840000000000000000e+02
8.600000000000000000e+03 7.180000000000000000e+02
8.650000000000000000e+03 7.110000000000000000e+02
8.700000000000000000e+03 7.330000000000000000e+02
8.750000000000000000e+03 6.870000000000000000e+02
8.800000000000000000e+03 6.950000000000000000e+02
8.850000000000000000e+03 7.380000000000000000e+02
8.900000000000000000e+03 6.630000000000000000e+02
8.950000000000000000e+03 6.880000000000000000e+02
9.000000000000000000e+03 7.620000000000000000e+02
9.050000000000000000e+03 7.340000000000000000e+02
9.100000000000000000e+03 7.460000000000000000e+02
9.150000000000000000e+03 7.180000000000000000e+02
9.200000000000000000e+03 7.720000000000000000e+02
9.250000000000000000e+03 7.490000000000000000e+02
9.300000000000000000e+03 8.410000000000000000e+02
9.350000000000000000e+03 9.070000000000000000e+02
9.400000000000000000e+03 9.270000000000000000e+02
9.450000000000000000e+03 9.040000000000000000e+02
9.500000000000000000e+03 1.009000000000000000e+03
9.550000000000000000e+03 1.052000000000000000e+03
9.600000000000000000e+03 1.068000000000000000e+03
9.650000000000000000e+03 1.121000000000000000e+03
9.700000000000000000e+03 1.211000000000000000e+03
9.750000000000000000e+03 1.278000000000000000e+03
9.800000000000000000e+03 1.388000000000000000e+03
9.850000000000000000e+03 1.390000000000000000e+03
9.900000000000000000e+03 1.432000000000000000e+03
9.950000000000000000e+03 1.516000000000000000e+03
