0.000000000000000000e+00 2.627000000000000000e+03
2.500000000000000000e+01 2.862000000000000000e+03
5.000000000000000000e+01 2.801000000000000000e+03
7.500000000000000000e+01 2.987000000000000000e+03
1.000000000000000000e+02 3.067000000000000000e+03
1.250000000000000000e+02 3.208000000000000000e+03
1.500000000000000000e+02 3.398000000000000000e+03
1.750000000000000000e+02 3.452000000000000000e+03
2.000000000000000000e+02 3.666000000000000000e+03
2.250000000000000000e+02 3.758000000000000000e+03
2.500000000000000000e+02 3.973000000000000000e+03
2.750000000000000000e+02 3.973000000000000000e+03
3.000000000000000000e+02 4.101000000000000000e+03
3.250000000000000000e+02 4.226000000000000000e+03
3.500000000000000000e+02 4.418000000000000000e+03
3.750000000000000000e+02 4.491000000000000000e+03
4.000000000000000000e+02 4.644000000000000000e+03
4.250000000000000000e+02 4.710000000000000000e+03
4.500000000000000000e+02 4.787000000000000000e+03
4.750000000000000000e+02 4.944000000000000000e+03
5.000000000000000000e+02 5.087000000000000000e+03
5.250000000000000000e+02 5.244000000000000000e+03
5.500000000000000000e+02 5.337000000000000000e+03
5.750000000000000000e+02 5.231000000000000000e+03
6.000000000000000000e+02 5.188000000000000000e+03
6.250000000000000000e+02 5.299000000000000000e+03
6.500000000000000000e+02 5.537000000000000000e+03
6.750000000000000000e+02 5.554000000000000000e+03
7.000000000000000000e+02 5.714000000000000000e+03
7.250000000000000000e+02 5.639000000000000000e+03
7.500000000000000000e+02 5.688000000000000000e+03
7.750000000000000000e+02 5.657000000000000000e+03
8.000000000000000000e+02 5.745000000000000000e+03
8.250000000000000000e+02 5.643000000000000000e+03
8.500000000000000000e+02 5.627000000000000000e+03
8.750000000000000000e+02 5.729000000000000000e+03
9.000000000000000000e+02 5.726000000000000000e+03
9.250000000000000000e+02 5.698000000000000000e+03
9.500000000000000000e+02 5.635000000000000000e+03
9.750000000000000000e+02 5.624000000000000000e+03
1.000000000000000000e+03 5.646000000000000000e+03
1.025000000000000000e+03 5.655000000000000000e+03
1.050000000000000000e+03 5.437000000000000000e+03
1.075000000000000000e+03 5.384000000000000000e+03
1.100000000000000000e+03 5.238000000000000000e+03
1.125000000000000000e+03 5.295000000000000000e+03
1.150000000000000000e+03 5.266000000000000000e+03
1.175000000000000000e+03 5.083000000000000000e+03
1.200000000000000000e+03 4.945000000000000000e+03
1.225000000000000000e+03 5.032000000000000000e+03
1.250000000000000000e+03 4.740000000000000000e+03
1.275000000000000000e+03 4.692000000000000000e+03
1.300000000000000000e+03 4.540000000000000000e+03
1.325000000000000000e+03 4.455000000000000000e+03
1.350000000000000000e+03 4.436000000000000000e+03
1.375000000000000000e+03 4.266000000000000000e+03
1.400000000000000000e+03 4.023000000000000000e+03
1.425000000000000000e+03 3.966000000000000000e+03
1.450000000000000000e+03 3.754000000000000000e+03
1.475000000000000000e+03 3.587000000000000000e+03
1.500000000000000000e+03 3.430000000000000000e+03
1.525000000000000000e+03 3.587000000000000000e+03
1.550000000000000000e+03 3.329000000000000000e+03
1.575000000000000000e+03 3.162000000000000000e+03
1.600000000000000000e+03 3.166000000000000000e+03
1.625000000000000000e+03 2.926000000000000000e+03
1.650000000000000000e+03 2.878000000000000000e+03
1.675000000000000000e+03 2.903000000000000000e+03
1.700000000000000000e+03 2.694000000000000000e+03
1.725000000000000000e+03 2.555000000000000000e+03
1.750000000000000000e+03 2.523000000000000000e+03
1.775000000000000000e+03 2.517000000000000000e+03
1.800000000000000000e+03 2.388000000000000000e+03
1.825000000000000000e+03 2.217000000000000000e+03
1.850000000000000000e+03 2.259000000000000000e+03
1.875000000000000000e+03 2.163000000000000000e+03
1.900000000000000000e+03 2.187000000000000000e+03
1.925000000000000000e+03 2.140000000000000000e+03
1.950000000000000000e+03 2.019000000000000000e+03
1.975000000000000000e+03 1.941000000000000000e+03
2.000000000000000000e+03 1.993000000000000000e+03
2.025000000000000000e+03 1.919000000000000000e+03
2.050000000000000000e+03 1.893000000000000000e+03
2.075000000000000000e+03 1.856000000000000000e+03
2.100000000000000000e+03 1.955000000000000000e+03
2.125000000000000000e+03 1.933000000000000000e+03
2.150000000000000000e+03 1.966000000000000000e+03
2.175000000000000000e+03 1.972000000000000000e+03
2.200000000000000000e+03 1.904000000000000000e+03
2.225000000000000000e+03 1.827000000000000000e+03
2.250000000000000000e+03 2.071000000000000000e+03
2.275000000000000000e+03 1.961000000000000000e+03
2.300000000000000000e+03 2.014000000000000000e+03
2.325000000000000000e+03 2.081000000000000000e+03
2.350000000000000000e+03 2.332000000000000000e+03
2.375000000000000000e+03 2.211000000000000000e+03
2.400000000000000000e+03 2.261000000000000000e+03
2.425000000000000000e+03 2.399000000000000000e+03
2.450000000000000000e+03 2.511000000000000000e+03
2.475000000000000000e+03 2.535000000000000000e+03
2.500000000000000000e+03 2.756000000000000000e+03
2.525000000000000000e+03 2.797000000000000000e+03
2.550000000000000000e+03 2.900000000000000000e+03
2.575000000000000000e+03 2.981000000000000000e+03
2.600000000000000000e+03 3.055000000000000000e+03
2.625000000000000000e+03 3.317000000000000000e+03
2.650000000000000000e+03 3.436000000000000000e+03
2.675000000000000000e+03 3.533000000000000000e+03
2.700000000000000000e+03 3.598000000000000000e+03
2.725000000000000000e+03 3.803000000000000000e+03
2.750000000000000000e+03 3.904000000000000000e+03
2.775000000000000000e+03 4.088000000000000000e+03
2.800000000000000000e+03 4.220000000000000000e+03
2.825000000000000000e+03 4.349000000000000000e+03
2.850000000000000000e+03 4.371000000000000000e+03
2.875000000000000000e+03 4.366000000000000000e+03
2.900000000000000000e+03 4.627000000000000000e+03
2.925000000000000000e+03 4.652000000000000000e+03
2.950000000000000000e+03 4.849000000000000000e+03
2.975000000000000000e+03 4.980000000000000000e+03
3.000000000000000000e+03 4.996000000000000000e+03
3.025000000000000000e+03 5.255000000000000000e+03
3.050000000000000000e+03 5.303000000000000000e+03
3.075000000000000000e+03 5.257000000000000000e+03
3.100000000000000000e+03 5.430000000000000000e+03
3.125000000000000000e+03 5.405000000000000000e+03
3.150000000000000000e+03 5.581000000000000000e+03
3.175000000000000000e+03 5.590000000000000000e+03
3.200000000000000000e+03 5.528000000000000000e+03
3.225000000000000000e+03 5.651000000000000000e+03
3.250000000000000000e+03 5.759000000000000000e+03
3.275000000000000000e+03 5.806000000000000000e+03
3.300000000000000000e+03 5.757000000000000000e+03
3.325000000000000000e+03 5.826000000000000000e+03
3.350000000000000000e+03 5.653000000000000000e+03
3.375000000000000000e+03 5.664000000000000000e+03
3.400000000000000000e+03 5.716000000000000000e+03
3.425000000000000000e+03 5.688000000000000000e+03
3.450000000000000000e+03 5.623000000000000000e+03
3.475000000000000000e+03 5.850000000000000000e+03
3.500000000000000000e+03 5.543000000000000000e+03
3.525000000000000000e+03 5.544000000000000000e+03
3.550000000000000000e+03 5.464000000000000000e+03
3.575000000000000000e+03 5.476000000000000000e+03
3.600000000000000000e+03 5.254000000000000000e+03
3.625000000000000000e+03 5.385000000000000000e+03
3.650000000000000000e+03 5.181000000000000000e+03
3.675000000000000000e+03 5.162000000000000000e+03
3.700000000000000000e+03 5.098000000000000000e+03
3.725000000000000000e+03 4.943000000000000000e+03
3.750000000000000000e+03 4.698000000000000000e+03
3.775000000000000000e+03 4.692000000000000000e+03
3.800000000000000000e+03 4.518000000000000000e+03
3.825000000000000000e+03 4.379000000000000000e+03
3.850000000000000000e+03 4.369000000000000000e+03
3.875000000000000000e+03 4.241000000000000000e+03
3.900000000000000000e+03 4.062000000000000000e+03
3.925000000000000000e+03 3.849000000000000000e+03
3.950000000000000000e+03 3.823000000000000000e+03
3.975000000000000000e+03 3.681000000000000000e+03
4.000000000000000000e+03 3.674000000000000000e+03
4.025000000000000000e+03 3.417000000000000000e+03
4.050000000000000000e+03 3.250000000000000000e+03
4.075000000000000000e+03 3.284000000000000000e+03
4.100000000000000000e+03 3.131000000000000000e+03
4.125000000000000000e+03 3.068000000000000000e+03
4.150000000000000000e+03 2.926000000000000000e+03
4.175000000000000000e+03 2.831000000000000000e+03
4.200000000000000000e+03 2.663000000000000000e+03
4.225000000000000000e+03 2.698000000000000000e+03
4.250000000000000000e+03 2.499000000000000000e+03
4.275000000000000000e+03 2.418000000000000000e+03
4.300000000000000000e+03 2.456000000000000000e+03
4.325000000000000000e+03 2.253000000000000000e+03
4.350000000000000000e+03 2.367000000000000000e+03
4.375000000000000000e+03 2.294000000000000000e+03
4.400000000000000000e+03 2.164000000000000000e+03
4.425000000000000000e+03 2.077000000000000000e+03
4.450000000000000000e+03 2.130000000000000000e+03
4.475000000000000000e+03 1.991000000000000000e+03
4.500000000000000000e+03 2.031000000000000000e+03
4.525000000000000000e+03 2.004000000000000000e+03
4.550000000000000000e+03 1.937000000000000000e+03
4.575000000000000000e+03 1.899000000000000000e+03
4.600000000000000000e+03 1.882000000000000000e+03
4.625000000000000000e+03 1.926000000000000000e+03
4.650000000000000000e+03 1.929000000000000000e+03
4.675000000000000000e+03 1.923000000000000000e+03
4.700000000000000000e+03 1.866000000000000000e+03
4.725000000000000000e+03 1.896000000000000000e+03
4.750000000000000000e+03 1.884000000000000000e+03
4.775000000000000000e+03 1.926000000000000000e+03
4.800000000000000000e+03 2.054000000000000000e+03
4.825000000000000000e+03 2.114000000000000000e+03
4.850000000000000000e+03 2.072000000000000000e+03
4.875000000000000000e+03 2.156000000000000000e+03
4.900000000000000000e+03 2.311000000000000000e+03
4.925000000000000000e+03 2.276000000000000000e+03
4.950000000000000000e+03 2.422000000000000000e+03
4.975000000000000000e+03 2.615000000000000000e+03
