0.000000000000000000e+00 2.342000000000000000e+03
3.300000000000000000e+01 2.444000000000000000e+03
6.600000000000000000e+01 2.636000000000000000e+03
9.900000000000000000e+01 2.692000000000000000e+03
1.320000000000000000e+02 2.937000000000000000e+03
1.650000000000000000e+02 3.019000000000000000e+03
1.980000000000000000e+02 3.197000000000000000e+03
2.310000000000000000e+02 3.221000000000000000e+03
2.640000000000000000e+02 3.292000000000000000e+03
2.970000000000000000e+02 3.437000000000000000e+03
3.300000000000000000e+02 3.717000000000000000e+03
3.630000000000000000e+02 3.726000000000000000e+03
3.960000000000000000e+02 3.883000000000000000e+03
4.290000000000000000e+02 4.056000000000000000e+03
4.620000000000000000e+02 4.123000000000000000e+03
4.950000000000000000e+02 4.240000000000000000e+03
5.280000000000000000e+02 4.303000000000000000e+03
5.610000000000000000e+02 4.595000000000000000e+03
5.940000000000000000e+02 4.549000000000000000e+03
6.270000000000000000e+02 4.643000000000000000e+03
6.600000000000000000e+02 4.731000000000000000e+03
6.930000000000000000e+02 4.896000000000000000e+03
7.260000000000000000e+02 4.988000000000000000e+03
7.590000000000000000e+02 5.033000000000000000e+03
7.920000000000000000e+02 5.048000000000000000e+03
8.250000000000000000e+02 5.280000000000000000e+03
8.580000000000000000e+02 5.244000000000000000e+03
8.910000000000000000e+02 5.256000000000000000e+03
9.240000000000000000e+02 5.245000000000000000e+03
9.570000000000000000e+02 5.472000000000000000e+03
9.900000000000000000e+02 5.310000000000000000e+03
1.023000000000000000e+03 5.360000000000000000e+03
1.056000000000000000e+03 5.431000000000000000e+03
1.089000000000000000e+03 5.409000000000000000e+03
1.122000000000000000e+03 5.457000000000000000e+03
1.155000000000000000e+03 5.457000000000000000e+03
1.188000000000000000e+03 5.266000000000000000e+03
1.221000000000000000e+03 5.250000000000000000e+03
1.254000000000000000e+03 5.216000000000000000e+03
1.287000000000000000e+03 5.044000000000000000e+03
1.320000000000000000e+03 5.220000000000000000e+03
1.353000000000000000e+03 5.173000000000000000e+03
1.386000000000000000e+03 5.117000000000000000e+03
1.419000000000000000e+03 4.942000000000000000e+03
1.452000000000000000e+03 4.880000000000000000e+03
1.485000000000000000e+03 4.755000000000000000e+03
1.518000000000000000e+03 4.737000000000000000e+03
1.551000000000000000e+03 4.358000000000000000e+03
1.584000000000000000e+03 4.489000000000000000e+03
1.617000000000000000e+03 4.236000000000000000e+03
1.650000000000000000e+03 4.039000000000000000e+03
1.683000000000000000e+03 4.049000000000000000e+03
1.716000000000000000e+03 3.997000000000000000e+03
1.749000000000000000e+03 3.796000000000000000e+03
1.782000000000000000e+03 3.783000000000000000e+03
1.815000000000000000e+03 3.540000000000000000e+03
1.848000000000000000e+03 3.476000000000000000e+03
1.881000000000000000e+03 3.259000000000000000e+03
1.914000000000000000e+03 3.248000000000000000e+03
1.947000000000000000e+03 3.050000000000000000e+03
1.980000000000000000e+03 2.945000000000000000e+03
2.013000000000000000e+03 2.792000000000000000e+03
2.046000000000000000e+03 2.634000000000000000e+03
2.079000000000000000e+03 2.581000000000000000e+03
2.112000000000000000e+03 2.518000000000000000e+03
2.145000000000000000e+03 2.279000000000000000e+03
2.178000000000000000e+03 2.279000000000000000e+03
2.211000000000000000e+03 2.175000000000000000e+03
2.244000000000000000e+03 2.099000000000000000e+03
2.277000000000000000e+03 1.986000000000000000e+03
2.310000000000000000e+03 1.938000000000000000e+03
2.343000000000000000e+03 1.771000000000000000e+03
2.376000000000000000e+03 1.732000000000000000e+03
2.409000000000000000e+03 1.739000000000000000e+03
2.442000000000000000e+03 1.766000000000000000e+03
2.475000000000000000e+03 1.655000000000000000e+03
2.508000000000000000e+03 1.591000000000000000e+03
2.541000000000000000e+03 1.490000000000000000e+03
2.574000000000000000e+03 1.512000000000000000e+03
2.607000000000000000e+03 1.441000000000000000e+03
2.640000000000000000e+03 1.467000000000000000e+03
2.673000000000000000e+03 1.461000000000000000e+03
2.706000000000000000e+03 1.453000000000000000e+03
2.739000000000000000e+03 1.331000000000000000e+03
2.772000000000000000e+03 1.367000000000000000e+03
2.805000000000000000e+03 1.411000000000000000e+03
2.838000000000000000e+03 1.411000000000000000e+03
2.871000000000000000e+03 1.451000000000000000e+03
2.904000000000000000e+03 1.483000000000000000e+03
2.937000000000000000e+03 1.435000000000000000e+03
2.970000000000000000e+03 1.506000000000000000e+03
3.003000000000000000e+03 1.444000000000000000e+03
3.036000000000000000e+03 1.601000000000000000e+03
3.069000000000000000e+03 1.590000000000000000e+03
3.102000000000000000e+03 1.765000000000000000e+03
3.135000000000000000e+03 1.733000000000000000e+03
3.168000000000000000e+03 1.880000000000000000e+03
3.201000000000000000e+03 1.921000000000000000e+03
3.234000000000000000e+03 2.046000000000000000e+03
3.267000000000000000e+03 2.116000000000000000e+03
3.300000000000000000e+03 2.202000000000000000e+03
3.333000000000000000e+03 2.359000000000000000e+03
3.366000000000000000e+03 2.564000000000000000e+03
3.399000000000000000e+03 2.558000000000000000e+03
3.432000000000000000e+03 2.706000000000000000e+03
3.465000000000000000e+03 2.803000000000000000e+03
3.498000000000000000e+03 3.000000000000000000e+03
3.531000000000000000e+03 3.135000000000000000e+03
3.564000000000000000e+03 3.308000000000000000e+03
3.597000000000000000e+03 3.433000000000000000e+03
3.630000000000000000e+03 3.507000000000000000e+03
3.663000000000000000e+03 3.660000000000000000e+03
3.696000000000000000e+03 3.775000000000000000e+03
3.729000000000000000e+03 3.900000000000000000e+03
3.762000000000000000e+03 3.942000000000000000e+03
3.795000000000000000e+03 4.131000000000000000e+03
3.828000000000000000e+03 4.233000000000000000e+03
3.861000000000000000e+03 4.385000000000000000e+03
3.894000000000000000e+03 4.505000000000000000e+03
3.927000000000000000e+03 4.479000000000000000e+03
3.960000000000000000e+03 4.750000000000000000e+03
3.993000000000000000e+03 4.764000000000000000e+03
4.026000000000000000e+03 4.961000000000000000e+03
4.059000000000000000e+03 5.023000000000000000e+03
4.092000000000000000e+03 4.940000000000000000e+03
4.125000000000000000e+03 5.012000000000000000e+03
4.158000000000000000e+03 5.139000000000000000e+03
4.191000000000000000e+03 5.336000000000000000e+03
4.224000000000000000e+03 5.183000000000000000e+03
4.257000000000000000e+03 5.283000000000000000e+03
4.290000000000000000e+03 5.357000000000000000e+03
4.323000000000000000e+03 5.415000000000000000e+03
4.356000000000000000e+03 5.413000000000000000e+03
4.389000000000000000e+03 5.277000000000000000e+03
4.422000000000000000e+03 5.401000000000000000e+03
4.455000000000000000e+03 5.360000000000000000e+03
4.488000000000000000e+03 5.412000000000000000e+03
4.521000000000000000e+03 5.248000000000000000e+03
4.554000000000000000e+03 5.399000000000000000e+03
4.587000000000000000e+03 5.166000000000000000e+03
4.620000000000000000e+03 5.144000000000000000e+03
4.653000000000000000e+03 5.235000000000000000e+03
4.686000000000000000e+03 5.117000000000000000e+03
4.719000000000000000e+03 4.972000000000000000e+03
4.752000000000000000e+03 4.955000000000000000e+03
4.785000000000000000e+03 4.821000000000000000e+03
4.818000000000000000e+03 4.720000000000000000e+03
4.851000000000000000e+03 4.667000000000000000e+03
4.884000000000000000e+03 4.598000000000000000e+03
4.917000000000000000e+03 4.253000000000000000e+03
4.950000000000000000e+03 4.275000000000000000e+03
4.983000000000000000e+03 4.250000000000000000e+03
5.016000000000000000e+03 4.082000000000000000e+03
5.049000000000000000e+03 4.074000000000000000e+03
5.082000000000000000e+03 3.738000000000000000e+03
5.115000000000000000e+03 3.627000000000000000e+03
5.148000000000000000e+03 3.551000000000000000e+03
5.181000000000000000e+03 3.570000000000000000e+03
5.214000000000000000e+03 3.311000000000000000e+03
5.247000000000000000e+03 3.169000000000000000e+03
5.280000000000000000e+03 2.989000000000000000e+03
5.313000000000000000e+03 2.911000000000000000e+03
5.346000000000000000e+03 2.855000000000000000e+03
5.379000000000000000e+03 2.721000000000000000e+03
5.412000000000000000e+03 2.601000000000000000e+03
5.445000000000000000e+03 2.456000000000000000e+03
5.478000000000000000e+03 2.386000000000000000e+03
5.511000000000000000e+03 2.228000000000000000e+03
5.544000000000000000e+03 2.164000000000000000e+03
5.577000000000000000e+03 2.117000000000000000e+03
5.610000000000000000e+03 2.035000000000000000e+03
5.643000000000000000e+03 1.934000000000000000e+03
5.676000000000000000e+03 1.862000000000000000e+03
5.709000000000000000e+03 1.855000000000000000e+03
5.742000000000000000e+03 1.703000000000000000e+03
5.775000000000000000e+03 1.645000000000000000e+03
5.808000000000000000e+03 1.542000000000000000e+03
5.841000000000000000e+03 1.562000000000000000e+03
5.874000000000000000e+03 1.504000000000000000e+03
5.907000000000000000e+03 1.430000000000000000e+03
5.940000000000000000e+03 1.402000000000000000e+03
5.973000000000000000e+03 1.395000000000000000e+03
6.006000000000000000e+03 1.429000000000000000e+03
6.039000000000000000e+03 1.454000000000000000e+03
6.072000000000000000e+03 1.409000000000000000e+03
6.105000000000000000e+03 1.418000000000000000e+03
6.138000000000000000e+03 1.379000000000000000e+03
6.171000000000000000e+03 1.413000000000000000e+03
6.204000000000000000e+03 1.437000000000000000e+03
6.237000000000000000e+03 1.486000000000000000e+03
6.270000000000000000e+03 1.512000000000000000e+03
6.303000000000000000e+03 1.470000000000000000e+03
6.336000000000000000e+03 1.504000000000000000e+03
6.369000000000000000e+03 1.568000000000000000e+03
6.402000000000000000e+03 1.559000000000000000e+03
6.435000000000000000e+03 1.748000000000000000e+03
6.468000000000000000e+03 1.796000000000000000e+03
6.501000000000000000e+03 1.857000000000000000e+03
6.534000000000000000e+03 1.974000000000000000e+03
6.567000000000000000e+03 2.012000000000000000e+03
6.600000000000000000e+03 2.142000000000000000e+03
6.633000000000000000e+03 2.222000000000000000e+03
