0.000000000000000000e+00 2.040800000000000000e+04
1.000000000000000000e+04 2.133500000000000000e+04
2.000000000000000000e+04 2.156300000000000000e+04
3.000000000000000000e+04 2.170400000000000000e+04
4.000000000000000000e+04 2.218200000000000000e+04
5.000000000000000000e+04 2.228300000000000000e+04
6.000000000000000000e+04 2.266000000000000000e+04
7.000000000000000000e+04 2.250600000000000000e+04
8.000000000000000000e+04 2.286900000000000000e+04
9.000000000000000000e+04 2.271900000000000000e+04
1.000000000000000000e+05 2.336300000000000000e+04
1.100000000000000000e+05 2.311200000000000000e+04
1.200000000000000000e+05 2.337700000000000000e+04
1.300000000000000000e+05 2.308600000000000000e+04
1.400000000000000000e+05 2.354500000000000000e+04
1.500000000000000000e+05 2.360200000000000000e+04
1.600000000000000000e+05 2.377900000000000000e+04
1.700000000000000000e+05 2.343900000000000000e+04
1.800000000000000000e+05 2.365300000000000000e+04
1.900000000000000000e+05 2.367700000000000000e+04
2.000000000000000000e+05 2.364600000000000000e+04
2.100000000000000000e+05 2.311100000000000000e+04
2.200000000000000000e+05 2.362000000000000000e+04
2.300000000000000000e+05 2.353400000000000000e+04
2.400000000000000000e+05 2.338400000000000000e+04
2.500000000000000000e+05 2.332900000000000000e+04
2.600000000000000000e+05 2.322700000000000000e+04
2.700000000000000000e+05 2.300700000000000000e+04
2.800000000000000000e+05 2.325100000000000000e+04
2.900000000000000000e+05 2.298900000000000000e+04
3.000000000000000000e+05 2.253000000000000000e+04
3.100000000000000000e+05 2.241700000000000000e+04
3.200000000000000000e+05 2.227000000000000000e+04
3.300000000000000000e+05 2.231400000000000000e+04
3.400000000000000000e+05 2.177000000000000000e+04
3.500000000000000000e+05 2.185200000000000000e+04
3.600000000000000000e+05 2.093000000000000000e+04
3.700000000000000000e+05 2.108200000000000000e+04
3.800000000000000000e+05 2.080100000000000000e+04
3.900000000000000000e+05 2.008100000000000000e+04
4.000000000000000000e+05 1.988800000000000000e+04
4.100000000000000000e+05 1.941500000000000000e+04
4.200000000000000000e+05 1.898000000000000000e+04
4.300000000000000000e+05 1.885700000000000000e+04
4.400000000000000000e+05 1.816500000000000000e+04
4.500000000000000000e+05 1.788200000000000000e+04
4.600000000000000000e+05 1.711400000000000000e+04
4.700000000000000000e+05 1.659700000000000000e+04
4.800000000000000000e+05 1.600200000000000000e+04
4.900000000000000000e+05 1.526900000000000000e+04
5.000000000000000000e+05 1.487900000000000000e+04
5.100000000000000000e+05 1.432500000000000000e+04
5.200000000000000000e+05 1.375300000000000000e+04
5.300000000000000000e+05 1.310900000000000000e+04
5.400000000000000000e+05 1.259300000000000000e+04
5.500000000000000000e+05 1.193600000000000000e+04
5.600000000000000000e+05 1.126000000000000000e+04
5.700000000000000000e+05 1.070500000000000000e+04
5.800000000000000000e+05 1.027800000000000000e+04
5.900000000000000000e+05 9.641000000000000000e+03
6.000000000000000000e+05 9.069000000000000000e+03
6.100000000000000000e+05 8.671000000000000000e+03
6.200000000000000000e+05 8.373000000000000000e+03
6.300000000000000000e+05 8.010000000000000000e+03
6.400000000000000000e+05 7.658000000000000000e+03
6.500000000000000000e+05 7.389000000000000000e+03
6.600000000000000000e+05 7.328000000000000000e+03
6.700000000000000000e+05 7.039000000000000000e+03
6.800000000000000000e+05 7.030000000000000000e+03
6.900000000000000000e+05 6.833000000000000000e+03
7.000000000000000000e+05 6.800000000000000000e+03
7.100000000000000000e+05 6.965000000000000000e+03
7.200000000000000000e+05 7.105000000000000000e+03
7.300000000000000000e+05 7.236000000000000000e+03
7.400000000000000000e+05 7.551000000000000000e+03
7.500000000000000000e+05 7.983000000000000000e+03
7.600000000000000000e+05 8.310000000000000000e+03
7.700000000000000000e+05 8.397000000000000000e+03
7.800000000000000000e+05 8.901000000000000000e+03
7.900000000000000000e+05 9.503000000000000000e+03
8.000000000000000000e+05 9.943000000000000000e+03
8.100000000000000000e+05 1.052600000000000000e+04
8.200000000000000000e+05 1.079200000000000000e+04
8.300000000000000000e+05 1.157400000000000000e+04
8.400000000000000000e+05 1.234900000000000000e+04
8.500000000000000000e+05 1.280600000000000000e+04
8.600000000000000000e+05 1.339100000000000000e+04
8.700000000000000000e+05 1.383000000000000000e+04
8.800000000000000000e+05 1.457100000000000000e+04
8.900000000000000000e+05 1.519400000000000000e+04
9.000000000000000000e+05 1.575100000000000000e+04
9.100000000000000000e+05 1.642400000000000000e+04
9.200000000000000000e+05 1.695400000000000000e+04
9.300000000000000000e+05 1.716000000000000000e+04
9.400000000000000000e+05 1.760500000000000000e+04
9.500000000000000000e+05 1.846400000000000000e+04
9.600000000000000000e+05 1.895200000000000000e+04
9.700000000000000000e+05 1.911800000000000000e+04
9.800000000000000000e+05 1.990800000000000000e+04
9.900000000000000000e+05 2.037900000000000000e+04
1.000000000000000000e+06 2.028200000000000000e+04
1.010000000000000000e+06 2.094500000000000000e+04
1.020000000000000000e+06 2.108200000000000000e+04
1.030000000000000000e+06 2.141800000000000000e+04
1.040000000000000000e+06 2.172700000000000000e+04
1.050000000000000000e+06 2.196800000000000000e+04
1.060000000000000000e+06 2.203100000000000000e+04
1.070000000000000000e+06 2.252000000000000000e+04
1.080000000000000000e+06 2.298000000000000000e+04
1.090000000000000000e+06 2.304700000000000000e+04
1.100000000000000000e+06 2.301900000000000000e+04
1.110000000000000000e+06 2.292500000000000000e+04
1.120000000000000000e+06 2.307200000000000000e+04
1.130000000000000000e+06 2.358600000000000000e+04
1.140000000000000000e+06 2.312300000000000000e+04
1.150000000000000000e+06 2.350100000000000000e+04
1.160000000000000000e+06 2.344600000000000000e+04
1.170000000000000000e+06 2.357300000000000000e+04
1.180000000000000000e+06 2.366000000000000000e+04
1.190000000000000000e+06 2.351500000000000000e+04
1.200000000000000000e+06 2.353300000000000000e+04
1.210000000000000000e+06 2.306300000000000000e+04
1.220000000000000000e+06 2.338300000000000000e+04
1.230000000000000000e+06 2.347800000000000000e+04
1.240000000000000000e+06 2.322200000000000000e+04
1.250000000000000000e+06 2.319600000000000000e+04
1.260000000000000000e+06 2.319800000000000000e+04
1.270000000000000000e+06 2.311000000000000000e+04
1.280000000000000000e+06 2.296100000000000000e+04
1.290000000000000000e+06 2.270400000000000000e+04
1.300000000000000000e+06 2.263600000000000000e+04
1.310000000000000000e+06 2.260500000000000000e+04
1.320000000000000000e+06 2.207000000000000000e+04
1.330000000000000000e+06 2.208800000000000000e+04
1.340000000000000000e+06 2.196700000000000000e+04
1.350000000000000000e+06 2.183400000000000000e+04
1.360000000000000000e+06 2.125300000000000000e+04
1.370000000000000000e+06 2.096000000000000000e+04
1.380000000000000000e+06 2.072400000000000000e+04
1.390000000000000000e+06 2.014900000000000000e+04
1.400000000000000000e+06 1.963900000000000000e+04
1.410000000000000000e+06 1.942900000000000000e+04
1.420000000000000000e+06 1.908100000000000000e+04
1.430000000000000000e+06 1.865800000000000000e+04
1.440000000000000000e+06 1.791100000000000000e+04
1.450000000000000000e+06 1.742000000000000000e+04
1.460000000000000000e+06 1.694500000000000000e+04
1.470000000000000000e+06 1.659600000000000000e+04
1.480000000000000000e+06 1.586100000000000000e+04
1.490000000000000000e+06 1.552500000000000000e+04
1.500000000000000000e+06 1.472100000000000000e+04
1.510000000000000000e+06 1.418100000000000000e+04
1.520000000000000000e+06 1.358600000000000000e+04
1.530000000000000000e+06 1.319800000000000000e+04
1.540000000000000000e+06 1.245600000000000000e+04
1.550000000000000000e+06 1.182500000000000000e+04
1.560000000000000000e+06 1.121400000000000000e+04
1.570000000000000000e+06 1.055700000000000000e+04
1.580000000000000000e+06 1.018400000000000000e+04
1.590000000000000000e+06 9.491000000000000000e+03
1.600000000000000000e+06 9.160000000000000000e+03
1.610000000000000000e+06 8.710000000000000000e+03
1.620000000000000000e+06 8.194000000000000000e+03
1.630000000000000000e+06 7.987000000000000000e+03
1.640000000000000000e+06 7.720000000000000000e+03
1.650000000000000000e+06 7.377000000000000000e+03
1.660000000000000000e+06 7.176000000000000000e+03
1.670000000000000000e+06 7.047000000000000000e+03
1.680000000000000000e+06 6.894000000000000000e+03
1.690000000000000000e+06 6.996000000000000000e+03
1.700000000000000000e+06 6.850000000000000000e+03
1.710000000000000000e+06 7.127000000000000000e+03
1.720000000000000000e+06 7.062000000000000000e+03
1.730000000000000000e+06 7.413000000000000000e+03
1.740000000000000000e+06 7.497000000000000000e+03
1.750000000000000000e+06 7.869000000000000000e+03
1.760000000000000000e+06 8.152000000000000000e+03
1.770000000000000000e+06 8.664000000000000000e+03
1.780000000000000000e+06 8.946000000000000000e+03
1.790000000000000000e+06 9.364000000000000000e+03
1.800000000000000000e+06 9.772000000000000000e+03
1.810000000000000000e+06 1.044700000000000000e+04
1.820000000000000000e+06 1.096900000000000000e+04
1.830000000000000000e+06 1.162000000000000000e+04
1.840000000000000000e+06 1.200900000000000000e+04
1.850000000000000000e+06 1.259700000000000000e+04
1.860000000000000000e+06 1.345300000000000000e+04
1.870000000000000000e+06 1.355600000000000000e+04
1.880000000000000000e+06 1.454200000000000000e+04
1.890000000000000000e+06 1.519300000000000000e+04
1.900000000000000000e+06 1.577200000000000000e+04
1.910000000000000000e+06 1.636400000000000000e+04
1.920000000000000000e+06 1.680700000000000000e+04
1.930000000000000000e+06 1.725200000000000000e+04
1.940000000000000000e+06 1.789100000000000000e+04
1.950000000000000000e+06 1.883600000000000000e+04
1.960000000000000000e+06 1.882100000000000000e+04
1.970000000000000000e+06 1.952200000000000000e+04
1.980000000000000000e+06 1.967400000000000000e+04
1.990000000000000000e+06 2.010900000000000000e+04
