0.000000000000000000e+00 9.843000000000000000e+03
2.500000000000000000e+03 9.878000000000000000e+03
5.000000000000000000e+03 9.816000000000000000e+03
7.500000000000000000e+03 9.898000000000000000e+03
1.000000000000000000e+04 1.010900000000000000e+04
1.250000000000000000e+04 1.024300000000000000e+04
1.500000000000000000e+04 1.061900000000000000e+04
1.750000000000000000e+04 1.045500000000000000e+04
2.000000000000000000e+04 1.057200000000000000e+04
2.250000000000000000e+04 1.093800000000000000e+04
2.500000000000000000e+04 1.063800000000000000e+04
2.750000000000000000e+04 1.067900000000000000e+04
3.000000000000000000e+04 1.072600000000000000e+04
3.250000000000000000e+04 1.093900000000000000e+04
3.500000000000000000e+04 1.095500000000000000e+04
3.750000000000000000e+04 1.114200000000000000e+04
4.000000000000000000e+04 1.105800000000000000e+04
4.250000000000000000e+04 1.108500000000000000e+04
4.500000000000000000e+04 1.119000000000000000e+04
4.750000000000000000e+04 1.116500000000000000e+04
5.000000000000000000e+04 1.094500000000000000e+04
5.250000000000000000e+04 1.114500000000000000e+04
5.500000000000000000e+04 1.094900000000000000e+04
5.750000000000000000e+04 1.116700000000000000e+04
6.000000000000000000e+04 1.100900000000000000e+04
6.250000000000000000e+04 1.103100000000000000e+04
6.500000000000000000e+04 1.093300000000000000e+04
6.750000000000000000e+04 1.087000000000000000e+04
7.000000000000000000e+04 1.102800000000000000e+04
7.250000000000000000e+04 1.076100000000000000e+04
7.500000000000000000e+04 1.081800000000000000e+04
7.750000000000000000e+04 1.041000000000000000e+04
8.000000000000000000e+04 1.045200000000000000e+04
8.250000000000000000e+04 1.035500000000000000e+04
8.500000000000000000e+04 1.023500000000000000e+04
8.750000000000000000e+04 1.028600000000000000e+04
9.000000000000000000e+04 1.015300000000000000e+04
9.250000000000000000e+04 9.878000000000000000e+03
9.500000000000000000e+04 9.718000000000000000e+03
9.750000000000000000e+04 9.517000000000000000e+03
1.000000000000000000e+05 9.433000000000000000e+03
1.025000000000000000e+05 9.159000000000000000e+03
1.050000000000000000e+05 8.854000000000000000e+03
1.075000000000000000e+05 8.660000000000000000e+03
1.100000000000000000e+05 8.425000000000000000e+03
1.125000000000000000e+05 8.409000000000000000e+03
1.150000000000000000e+05 8.052000000000000000e+03
1.175000000000000000e+05 7.643000000000000000e+03
1.200000000000000000e+05 7.451000000000000000e+03
1.225000000000000000e+05 7.409000000000000000e+03
1.250000000000000000e+05 7.046000000000000000e+03
1.275000000000000000e+05 6.569000000000000000e+03
1.300000000000000000e+05 6.533000000000000000e+03
1.325000000000000000e+05 5.994000000000000000e+03
1.350000000000000000e+05 5.959000000000000000e+03
1.375000000000000000e+05 5.550000000000000000e+03
1.400000000000000000e+05 5.238000000000000000e+03
1.425000000000000000e+05 4.974000000000000000e+03
1.450000000000000000e+05 4.573000000000000000e+03
1.475000000000000000e+05 4.604000000000000000e+03
1.500000000000000000e+05 4.220000000000000000e+03
1.525000000000000000e+05 4.232000000000000000e+03
1.550000000000000000e+05 3.977000000000000000e+03
1.575000000000000000e+05 3.815000000000000000e+03
1.600000000000000000e+05 3.745000000000000000e+03
1.625000000000000000e+05 3.530000000000000000e+03
1.650000000000000000e+05 3.522000000000000000e+03
1.675000000000000000e+05 3.329000000000000000e+03
1.700000000000000000e+05 3.389000000000000000e+03
1.725000000000000000e+05 3.289000000000000000e+03
1.750000000000000000e+05 3.253000000000000000e+03
1.775000000000000000e+05 3.336000000000000000e+03
1.800000000000000000e+05 3.488000000000000000e+03
1.825000000000000000e+05 3.518000000000000000e+03
1.850000000000000000e+05 3.634000000000000000e+03
1.875000000000000000e+05 3.788000000000000000e+03
1.900000000000000000e+05 3.937000000000000000e+03
1.925000000000000000e+05 4.067000000000000000e+03
1.950000000000000000e+05 4.248000000000000000e+03
1.975000000000000000e+05 4.593000000000000000e+03
2.000000000000000000e+05 4.713000000000000000e+03
2.025000000000000000e+05 4.939000000000000000e+03
2.050000000000000000e+05 5.185000000000000000e+03
2.075000000000000000e+05 5.607000000000000000e+03
2.100000000000000000e+05 5.738000000000000000e+03
2.125000000000000000e+05 6.032000000000000000e+03
2.150000000000000000e+05 6.452000000000000000e+03
2.175000000000000000e+05 6.646000000000000000e+03
2.200000000000000000e+05 7.015000000000000000e+03
2.225000000000000000e+05 7.060000000000000000e+03
2.250000000000000000e+05 7.447000000000000000e+03
2.275000000000000000e+05 7.639000000000000000e+03
2.300000000000000000e+05 7.931000000000000000e+03
2.325000000000000000e+05 8.166000000000000000e+03
2.350000000000000000e+05 8.283000000000000000e+03
2.375000000000000000e+05 8.685000000000000000e+03
2.400000000000000000e+05 8.896000000000000000e+03
2.425000000000000000e+05 9.130000000000000000e+03
2.450000000000000000e+05 9.473000000000000000e+03
2.475000000000000000e+05 9.494000000000000000e+03
2.500000000000000000e+05 9.633000000000000000e+03
2.525000000000000000e+05 9.854000000000000000e+03
2.550000000000000000e+05 9.860000000000000000e+03
2.575000000000000000e+05 9.924000000000000000e+03
2.600000000000000000e+05 1.010600000000000000e+04
2.625000000000000000e+05 1.042100000000000000e+04
2.650000000000000000e+05 1.045800000000000000e+04
2.675000000000000000e+05 1.054200000000000000e+04
2.700000000000000000e+05 1.077000000000000000e+04
2.725000000000000000e+05 1.051000000000000000e+04
2.750000000000000000e+05 1.080500000000000000e+04
2.775000000000000000e+05 1.073400000000000000e+04
2.800000000000000000e+05 1.088100000000000000e+04
2.825000000000000000e+05 1.056500000000000000e+04
2.850000000000000000e+05 1.090600000000000000e+04
2.875000000000000000e+05 1.120600000000000000e+04
2.900000000000000000e+05 1.095400000000000000e+04
2.925000000000000000e+05 1.110500000000000000e+04
2.950000000000000000e+05 1.118100000000000000e+04
2.975000000000000000e+05 1.091600000000000000e+04
3.000000000000000000e+05 1.100700000000000000e+04
3.025000000000000000e+05 1.099800000000000000e+04
3.050000000000000000e+05 1.103800000000000000e+04
3.075000000000000000e+05 1.126700000000000000e+04
3.100000000000000000e+05 1.095500000000000000e+04
3.125000000000000000e+05 1.084100000000000000e+04
3.150000000000000000e+05 1.096600000000000000e+04
3.175000000000000000e+05 1.090100000000000000e+04
3.200000000000000000e+05 1.076600000000000000e+04
3.225000000000000000e+05 1.068900000000000000e+04
3.250000000000000000e+05 1.064800000000000000e+04
3.275000000000000000e+05 1.048000000000000000e+04
3.300000000000000000e+05 1.058200000000000000e+04
3.325000000000000000e+05 1.044000000000000000e+04
3.350000000000000000e+05 1.060900000000000000e+04
3.375000000000000000e+05 1.016200000000000000e+04
3.400000000000000000e+05 1.004700000000000000e+04
3.425000000000000000e+05 9.737000000000000000e+03
3.450000000000000000e+05 9.886000000000000000e+03
3.475000000000000000e+05 9.414000000000000000e+03
3.500000000000000000e+05 9.402000000000000000e+03
3.525000000000000000e+05 9.385000000000000000e+03
3.550000000000000000e+05 8.982000000000000000e+03
3.575000000000000000e+05 8.623000000000000000e+03
3.600000000000000000e+05 8.651000000000000000e+03
3.625000000000000000e+05 8.278000000000000000e+03
3.650000000000000000e+05 8.007000000000000000e+03
3.675000000000000000e+05 7.776000000000000000e+03
3.700000000000000000e+05 7.461000000000000000e+03
3.725000000000000000e+05 7.147000000000000000e+03
3.750000000000000000e+05 7.091000000000000000e+03
3.775000000000000000e+05 6.760000000000000000e+03
3.800000000000000000e+05 6.229000000000000000e+03
3.825000000000000000e+05 6.193000000000000000e+03
3.850000000000000000e+05 5.732000000000000000e+03
3.875000000000000000e+05 5.701000000000000000e+03
3.900000000000000000e+05 5.305000000000000000e+03
3.925000000000000000e+05 4.992000000000000000e+03
3.950000000000000000e+05 4.753000000000000000e+03
3.975000000000000000e+05 4.658000000000000000e+03
4.000000000000000000e+05 4.401000000000000000e+03
4.025000000000000000e+05 4.202000000000000000e+03
4.050000000000000000e+05 4.125000000000000000e+03
4.075000000000000000e+05 3.758000000000000000e+03
4.100000000000000000e+05 3.727000000000000000e+03
4.125000000000000000e+05 3.474000000000000000e+03
4.150000000000000000e+05 3.480000000000000000e+03
4.175000000000000000e+05 3.311000000000000000e+03
4.200000000000000000e+05 3.319000000000000000e+03
4.225000000000000000e+05 3.315000000000000000e+03
4.250000000000000000e+05 3.412000000000000000e+03
4.275000000000000000e+05 3.374000000000000000e+03
4.300000000000000000e+05 3.371000000000000000e+03
4.325000000000000000e+05 3.415000000000000000e+03
4.350000000000000000e+05 3.608000000000000000e+03
4.375000000000000000e+05 3.745000000000000000e+03
4.400000000000000000e+05 3.931000000000000000e+03
4.425000000000000000e+05 3.984000000000000000e+03
4.450000000000000000e+05 4.278000000000000000e+03
4.475000000000000000e+05 4.449000000000000000e+03
4.500000000000000000e+05 4.680000000000000000e+03
4.525000000000000000e+05 4.954000000000000000e+03
4.550000000000000000e+05 5.113000000000000000e+03
4.575000000000000000e+05 5.552000000000000000e+03
4.600000000000000000e+05 5.769000000000000000e+03
4.625000000000000000e+05 6.056000000000000000e+03
4.650000000000000000e+05 6.187000000000000000e+03
4.675000000000000000e+05 6.620000000000000000e+03
4.700000000000000000e+05 7.008000000000000000e+03
4.725000000000000000e+05 7.050000000000000000e+03
4.750000000000000000e+05 7.414000000000000000e+03
4.775000000000000000e+05 7.813000000000000000e+03
4.800000000000000000e+05 7.711000000000000000e+03
4.825000000000000000e+05 8.151000000000000000e+03
4.850000000000000000e+05 8.347000000000000000e+03
4.875000000000000000e+05 8.777000000000000000e+03
4.900000000000000000e+05 8.878000000000000000e+03
4.925000000000000000e+05 9.199000000000000000e+03
4.950000000000000000e+05 9.154000000000000000e+03
4.975000000000000000e+05 9.423000000000000000e+03
