0.000000000000000000e+00 5.781000000000000000e+03
2.500000000000000000e+01 5.955000000000000000e+03
5.000000000000000000e+01 6.120000000000000000e+03
7.500000000000000000e+01 6.247000000000000000e+03
1.000000000000000000e+02 6.203000000000000000e+03
1.250000000000000000e+02 6.496000000000000000e+03
1.500000000000000000e+02 6.572000000000000000e+03
1.750000000000000000e+02 6.560000000000000000e+03
2.000000000000000000e+02 6.520000000000000000e+03
2.250000000000000000e+02 6.722000000000000000e+03
2.500000000000000000e+02 6.518000000000000000e+03
2.750000000000000000e+02 6.708000000000000000e+03
3.000000000000000000e+02 6.685000000000000000e+03
3.250000000000000000e+02 6.825000000000000000e+03
3.500000000000000000e+02 6.895000000000000000e+03
3.750000000000000000e+02 6.905000000000000000e+03
4.000000000000000000e+02 6.757000000000000000e+03
4.250000000000000000e+02 6.877000000000000000e+03
4.500000000000000000e+02 6.873000000000000000e+03
4.750000000000000000e+02 6.921000000000000000e+03
5.000000000000000000e+02 6.871000000000000000e+03
5.250000000000000000e+02 6.755000000000000000e+03
5.500000000000000000e+02 6.769000000000000000e+03
5.750000000000000000e+02 6.797000000000000000e+03
6.000000000000000000e+02 6.774000000000000000e+03
6.250000000000000000e+02 6.697000000000000000e+03
6.500000000000000000e+02 6.768000000000000000e+03
6.750000000000000000e+02 6.596000000000000000e+03
7.000000000000000000e+02 6.729000000000000000e+03
7.250000000000000000e+02 6.860000000000000000e+03
7.500000000000000000e+02 6.659000000000000000e+03
7.750000000000000000e+02 6.542000000000000000e+03
8.000000000000000000e+02 6.468000000000000000e+03
8.250000000000000000e+02 6.430000000000000000e+03
8.500000000000000000e+02 6.352000000000000000e+03
8.750000000000000000e+02 6.328000000000000000e+03
9.000000000000000000e+02 6.202000000000000000e+03
9.250000000000000000e+02 6.098000000000000000e+03
9.500000000000000000e+02 5.997000000000000000e+03
9.750000000000000000e+02 6.033000000000000000e+03
1.000000000000000000e+03 5.934000000000000000e+03
1.025000000000000000e+03 5.800000000000000000e+03
1.050000000000000000e+03 5.558000000000000000e+03
1.075000000000000000e+03 5.587000000000000000e+03
1.100000000000000000e+03 5.456000000000000000e+03
1.125000000000000000e+03 5.273000000000000000e+03
1.150000000000000000e+03 5.070000000000000000e+03
1.175000000000000000e+03 5.212000000000000000e+03
1.200000000000000000e+03 5.054000000000000000e+03
1.225000000000000000e+03 4.716000000000000000e+03
1.250000000000000000e+03 4.573000000000000000e+03
1.275000000000000000e+03 4.597000000000000000e+03
1.300000000000000000e+03 4.444000000000000000e+03
1.325000000000000000e+03 4.260000000000000000e+03
1.350000000000000000e+03 3.991000000000000000e+03
1.375000000000000000e+03 3.806000000000000000e+03
1.400000000000000000e+03 3.728000000000000000e+03
1.425000000000000000e+03 3.654000000000000000e+03
1.450000000000000000e+03 3.414000000000000000e+03
1.475000000000000000e+03 3.363000000000000000e+03
1.500000000000000000e+03 3.166000000000000000e+03
1.525000000000000000e+03 3.138000000000000000e+03
1.550000000000000000e+03 2.871000000000000000e+03
1.575000000000000000e+03 2.853000000000000000e+03
1.600000000000000000e+03 2.708000000000000000e+03
1.625000000000000000e+03 2.557000000000000000e+03
1.650000000000000000e+03 2.551000000000000000e+03
1.675000000000000000e+03 2.432000000000000000e+03
1.700000000000000000e+03 2.355000000000000000e+03
1.725000000000000000e+03 2.355000000000000000e+03
1.750000000000000000e+03 2.243000000000000000e+03
1.775000000000000000e+03 2.233000000000000000e+03
1.800000000000000000e+03 2.253000000000000000e+03
1.825000000000000000e+03 2.175000000000000000e+03
1.850000000000000000e+03 2.176000000000000000e+03
1.875000000000000000e+03 2.241000000000000000e+03
1.900000000000000000e+03 2.297000000000000000e+03
1.925000000000000000e+03 2.206000000000000000e+03
1.950000000000000000e+03 2.357000000000000000e+03
1.975000000000000000e+03 2.379000000000000000e+03
2.000000000000000000e+03 2.452000000000000000e+03
2.025000000000000000e+03 2.548000000000000000e+03
2.050000000000000000e+03 2.687000000000000000e+03
2.075000000000000000e+03 2.762000000000000000e+03
2.100000000000000000e+03 3.002000000000000000e+03
2.125000000000000000e+03 3.079000000000000000e+03
2.150000000000000000e+03 3.306000000000000000e+03
2.175000000000000000e+03 3.512000000000000000e+03
2.200000000000000000e+03 3.827000000000000000e+03
2.225000000000000000e+03 3.854000000000000000e+03
2.250000000000000000e+03 4.210000000000000000e+03
2.275000000000000000e+03 4.318000000000000000e+03
2.300000000000000000e+03 4.580000000000000000e+03
2.325000000000000000e+03 4.686000000000000000e+03
2.350000000000000000e+03 4.805000000000000000e+03
2.375000000000000000e+03 5.165000000000000000e+03
2.400000000000000000e+03 5.203000000000000000e+03
2.425000000000000000e+03 5.326000000000000000e+03
2.450000000000000000e+03 5.421000000000000000e+03
2.475000000000000000e+03 5.654000000000000000e+03
2.500000000000000000e+03 5.855000000000000000e+03
2.525000000000000000e+03 5.984000000000000000e+03
2.550000000000000000e+03 6.034000000000000000e+03
2.575000000000000000e+03 6.221000000000000000e+03
2.600000000000000000e+03 6.365000000000000000e+03
2.625000000000000000e+03 6.379000000000000000e+03
2.650000000000000000e+03 6.492000000000000000e+03
2.675000000000000000e+03 6.545000000000000000e+03
2.700000000000000000e+03 6.614000000000000000e+03
2.725000000000000000e+03 6.506000000000000000e+03
2.750000000000000000e+03 6.586000000000000000e+03
2.775000000000000000e+03 6.754000000000000000e+03
2.800000000000000000e+03 6.676000000000000000e+03
2.825000000000000000e+03 6.889000000000000000e+03
2.850000000000000000e+03 6.761000000000000000e+03
2.875000000000000000e+03 6.709000000000000000e+03
2.900000000000000000e+03 6.863000000000000000e+03
2.925000000000000000e+03 6.767000000000000000e+03
2.950000000000000000e+03 6.815000000000000000e+03
2.975000000000000000e+03 6.684000000000000000e+03
3.000000000000000000e+03 6.759000000000000000e+03
3.025000000000000000e+03 6.849000000000000000e+03
3.050000000000000000e+03 6.965000000000000000e+03
3.075000000000000000e+03 6.803000000000000000e+03
3.100000000000000000e+03 6.768000000000000000e+03
3.125000000000000000e+03 6.708000000000000000e+03
3.150000000000000000e+03 6.748000000000000000e+03
3.175000000000000000e+03 6.739000000000000000e+03
3.200000000000000000e+03 6.494000000000000000e+03
3.225000000000000000e+03 6.725000000000000000e+03
3.250000000000000000e+03 6.605000000000000000e+03
3.275000000000000000e+03 6.413000000000000000e+03
3.300000000000000000e+03 6.536000000000000000e+03
3.325000000000000000e+03 6.489000000000000000e+03
3.350000000000000000e+03 6.350000000000000000e+03
3.375000000000000000e+03 6.265000000000000000e+03
3.400000000000000000e+03 6.326000000000000000e+03
3.425000000000000000e+03 6.073000000000000000e+03
3.450000000000000000e+03 6.036000000000000000e+03
3.475000000000000000e+03 6.048000000000000000e+03
3.500000000000000000e+03 5.959000000000000000e+03
3.525000000000000000e+03 5.682000000000000000e+03
3.550000000000000000e+03 5.647000000000000000e+03
3.575000000000000000e+03 5.529000000000000000e+03
3.600000000000000000e+03 5.534000000000000000e+03
3.625000000000000000e+03 5.272000000000000000e+03
3.650000000000000000e+03 5.260000000000000000e+03
3.675000000000000000e+03 5.063000000000000000e+03
3.700000000000000000e+03 4.889000000000000000e+03
3.725000000000000000e+03 4.711000000000000000e+03
3.750000000000000000e+03 4.611000000000000000e+03
3.775000000000000000e+03 4.474000000000000000e+03
3.800000000000000000e+03 4.232000000000000000e+03
3.825000000000000000e+03 4.178000000000000000e+03
3.850000000000000000e+03 4.014000000000000000e+03
3.875000000000000000e+03 3.964000000000000000e+03
3.900000000000000000e+03 3.815000000000000000e+03
3.925000000000000000e+03 3.486000000000000000e+03
3.950000000000000000e+03 3.450000000000000000e+03
3.975000000000000000e+03 3.272000000000000000e+03
4.000000000000000000e+03 3.235000000000000000e+03
4.025000000000000000e+03 3.009000000000000000e+03
4.050000000000000000e+03 2.994000000000000000e+03
4.075000000000000000e+03 2.849000000000000000e+03
4.100000000000000000e+03 2.725000000000000000e+03
4.125000000000000000e+03 2.618000000000000000e+03
4.150000000000000000e+03 2.486000000000000000e+03
4.175000000000000000e+03 2.430000000000000000e+03
4.200000000000000000e+03 2.395000000000000000e+03
4.225000000000000000e+03 2.253000000000000000e+03
4.250000000000000000e+03 2.210000000000000000e+03
4.275000000000000000e+03 2.296000000000000000e+03
4.300000000000000000e+03 2.256000000000000000e+03
4.325000000000000000e+03 2.217000000000000000e+03
4.350000000000000000e+03 2.240000000000000000e+03
4.375000000000000000e+03 2.191000000000000000e+03
4.400000000000000000e+03 2.262000000000000000e+03
4.425000000000000000e+03 2.270000000000000000e+03
4.450000000000000000e+03 2.317000000000000000e+03
4.475000000000000000e+03 2.375000000000000000e+03
4.500000000000000000e+03 2.666000000000000000e+03
4.525000000000000000e+03 2.593000000000000000e+03
4.550000000000000000e+03 2.727000000000000000e+03
4.575000000000000000e+03 2.836000000000000000e+03
4.600000000000000000e+03 3.050000000000000000e+03
4.625000000000000000e+03 3.271000000000000000e+03
4.650000000000000000e+03 3.353000000000000000e+03
4.675000000000000000e+03 3.557000000000000000e+03
4.700000000000000000e+03 3.690000000000000000e+03
4.725000000000000000e+03 3.875000000000000000e+03
4.750000000000000000e+03 4.153000000000000000e+03
4.775000000000000000e+03 4.326000000000000000e+03
4.800000000000000000e+03 4.402000000000000000e+03
4.825000000000000000e+03 4.606000000000000000e+03
4.850000000000000000e+03 4.911000000000000000e+03
4.875000000000000000e+03 5.158000000000000000e+03
4.900000000000000000e+03 5.137000000000000000e+03
4.925000000000000000e+03 5.368000000000000000e+03
4.950000000000000000e+03 5.440000000000000000e+03
4.975000000000000000e+03 5.663000000000000000e+03
