0.000000000000000000e+00 6.650000000000000000e+03
1.000000000000000000e+02 6.642000000000000000e+03
2.000000000000000000e+02 6.914000000000000000e+03
3.000000000000000000e+02 7.047000000000000000e+03
4.000000000000000000e+02 7.142000000000000000e+03
5.000000000000000000e+02 7.276000000000000000e+03
6.000000000000000000e+02 7.212000000000000000e+03
7.000000000000000000e+02 7.422000000000000000e+03
8.000000000000000000e+02 7.522000000000000000e+03
9.000000000000000000e+02 7.400000000000000000e+03
1.000000000000000000e+03 7.564000000000000000e+03
1.100000000000000000e+03 7.474000000000000000e+03
1.200000000000000000e+03 7.397000000000000000e+03
1.300000000000000000e+03 7.631000000000000000e+03
1.400000000000000000e+03 7.509000000000000000e+03
1.500000000000000000e+03 7.517000000000000000e+03
1.600000000000000000e+03 7.664000000000000000e+03
1.700000000000000000e+03 7.441000000000000000e+03
1.800000000000000000e+03 7.669000000000000000e+03
1.900000000000000000e+03 7.734000000000000000e+03
2.000000000000000000e+03 7.745000000000000000e+03
2.100000000000000000e+03 7.636000000000000000e+03
2.200000000000000000e+03 7.544000000000000000e+03
2.300000000000000000e+03 7.660000000000000000e+03
2.400000000000000000e+03 7.613000000000000000e+03
2.500000000000000000e+03 7.580000000000000000e+03
2.600000000000000000e+03 7.450000000000000000e+03
2.700000000000000000e+03 7.581000000000000000e+03
2.800000000000000000e+03 7.441000000000000000e+03
2.900000000000000000e+03 7.414000000000000000e+03
3.000000000000000000e+03 7.294000000000000000e+03
3.100000000000000000e+03 7.245000000000000000e+03
3.200000000000000000e+03 7.105000000000000000e+03
3.300000000000000000e+03 6.976000000000000000e+03
3.400000000000000000e+03 7.067000000000000000e+03
3.500000000000000000e+03 6.898000000000000000e+03
3.600000000000000000e+03 6.839000000000000000e+03
3.700000000000000000e+03 6.780000000000000000e+03
3.800000000000000000e+03 6.594000000000000000e+03
3.900000000000000000e+03 6.476000000000000000e+03
4.000000000000000000e+03 6.415000000000000000e+03
4.100000000000000000e+03 6.398000000000000000e+03
4.200000000000000000e+03 6.361000000000000000e+03
4.300000000000000000e+03 6.129000000000000000e+03
4.400000000000000000e+03 5.752000000000000000e+03
4.500000000000000000e+03 5.804000000000000000e+03
4.600000000000000000e+03 5.540000000000000000e+03
4.700000000000000000e+03 5.401000000000000000e+03
4.800000000000000000e+03 5.216000000000000000e+03
4.900000000000000000e+03 5.216000000000000000e+03
5.000000000000000000e+03 4.871000000000000000e+03
5.100000000000000000e+03 4.612000000000000000e+03
5.200000000000000000e+03 4.495000000000000000e+03
5.300000000000000000e+03 4.198000000000000000e+03
5.400000000000000000e+03 3.933000000000000000e+03
5.500000000000000000e+03 3.794000000000000000e+03
5.600000000000000000e+03 3.670000000000000000e+03
5.700000000000000000e+03 3.480000000000000000e+03
5.800000000000000000e+03 3.271000000000000000e+03
5.900000000000000000e+03 3.179000000000000000e+03
6.000000000000000000e+03 2.894000000000000000e+03
6.100000000000000000e+03 2.765000000000000000e+03
6.200000000000000000e+03 2.740000000000000000e+03
6.300000000000000000e+03 2.561000000000000000e+03
6.400000000000000000e+03 2.451000000000000000e+03
6.500000000000000000e+03 2.445000000000000000e+03
6.600000000000000000e+03 2.376000000000000000e+03
6.700000000000000000e+03 2.296000000000000000e+03
6.800000000000000000e+03 2.193000000000000000e+03
6.900000000000000000e+03 2.210000000000000000e+03
7.000000000000000000e+03 2.179000000000000000e+03
7.100000000000000000e+03 2.137000000000000000e+03
7.200000000000000000e+03 2.135000000000000000e+03
7.300000000000000000e+03 2.182000000000000000e+03
7.400000000000000000e+03 2.336000000000000000e+03
7.500000000000000000e+03 2.318000000000000000e+03
7.600000000000000000e+03 2.344000000000000000e+03
7.700000000000000000e+03 2.559000000000000000e+03
7.800000000000000000e+03 2.616000000000000000e+03
7.900000000000000000e+03 2.725000000000000000e+03
8.000000000000000000e+03 3.072000000000000000e+03
8.100000000000000000e+03 3.194000000000000000e+03
8.200000000000000000e+03 3.258000000000000000e+03
8.300000000000000000e+03 3.474000000000000000e+03
8.400000000000000000e+03 3.792000000000000000e+03
8.500000000000000000e+03 3.905000000000000000e+03
8.600000000000000000e+03 4.152000000000000000e+03
8.700000000000000000e+03 4.372000000000000000e+03
8.800000000000000000e+03 4.567000000000000000e+03
8.900000000000000000e+03 4.767000000000000000e+03
9.000000000000000000e+03 4.937000000000000000e+03
9.100000000000000000e+03 5.163000000000000000e+03
9.200000000000000000e+03 5.241000000000000000e+03
9.300000000000000000e+03 5.481000000000000000e+03
9.400000000000000000e+03 5.545000000000000000e+03
9.500000000000000000e+03 5.724000000000000000e+03
9.600000000000000000e+03 5.891000000000000000e+03
9.700000000000000000e+03 6.126000000000000000e+03
9.800000000000000000e+03 6.155000000000000000e+03
9.900000000000000000e+03 6.382000000000000000e+03
1.000000000000000000e+04 6.597000000000000000e+03
1.010000000000000000e+04 6.577000000000000000e+03
1.020000000000000000e+04 6.788000000000000000e+03
1.030000000000000000e+04 7.145000000000000000e+03
1.040000000000000000e+04 7.106000000000000000e+03
1.050000000000000000e+04 7.328000000000000000e+03
1.060000000000000000e+04 7.347000000000000000e+03
1.070000000000000000e+04 7.289000000000000000e+03
1.080000000000000000e+04 7.347000000000000000e+03
1.090000000000000000e+04 7.581000000000000000e+03
1.100000000000000000e+04 7.555000000000000000e+03
1.110000000000000000e+04 7.608000000000000000e+03
1.120000000000000000e+04 7.527000000000000000e+03
1.130000000000000000e+04 7.595000000000000000e+03
1.140000000000000000e+04 7.683000000000000000e+03
1.150000000000000000e+04 7.519000000000000000e+03
1.160000000000000000e+04 7.660000000000000000e+03
1.170000000000000000e+04 7.722000000000000000e+03
1.180000000000000000e+04 7.628000000000000000e+03
1.190000000000000000e+04 7.625000000000000000e+03
1.200000000000000000e+04 7.625000000000000000e+03
1.210000000000000000e+04 7.741000000000000000e+03
1.220000000000000000e+04 7.813000000000000000e+03
1.230000000000000000e+04 7.600000000000000000e+03
1.240000000000000000e+04 7.655000000000000000e+03
1.250000000000000000e+04 7.568000000000000000e+03
1.260000000000000000e+04 7.577000000000000000e+03
1.270000000000000000e+04 7.457000000000000000e+03
1.280000000000000000e+04 7.470000000000000000e+03
1.290000000000000000e+04 7.425000000000000000e+03
1.300000000000000000e+04 7.337000000000000000e+03
1.310000000000000000e+04 7.228000000000000000e+03
1.320000000000000000e+04 7.133000000000000000e+03
1.330000000000000000e+04 7.152000000000000000e+03
1.340000000000000000e+04 6.818000000000000000e+03
1.350000000000000000e+04 6.912000000000000000e+03
1.360000000000000000e+04 6.861000000000000000e+03
1.370000000000000000e+04 6.881000000000000000e+03
1.380000000000000000e+04 6.660000000000000000e+03
1.390000000000000000e+04 6.562000000000000000e+03
1.400000000000000000e+04 6.592000000000000000e+03
1.410000000000000000e+04 6.365000000000000000e+03
1.420000000000000000e+04 6.211000000000000000e+03
1.430000000000000000e+04 6.236000000000000000e+03
1.440000000000000000e+04 5.951000000000000000e+03
1.450000000000000000e+04 5.846000000000000000e+03
1.460000000000000000e+04 5.683000000000000000e+03
1.470000000000000000e+04 5.350000000000000000e+03
1.480000000000000000e+04 5.307000000000000000e+03
1.490000000000000000e+04 5.065000000000000000e+03
1.500000000000000000e+04 4.811000000000000000e+03
1.510000000000000000e+04 4.755000000000000000e+03
1.520000000000000000e+04 4.376000000000000000e+03
1.530000000000000000e+04 4.261000000000000000e+03
1.540000000000000000e+04 3.989000000000000000e+03
1.550000000000000000e+04 3.886000000000000000e+03
1.560000000000000000e+04 3.556000000000000000e+03
1.570000000000000000e+04 3.580000000000000000e+03
1.580000000000000000e+04 3.240000000000000000e+03
1.590000000000000000e+04 3.110000000000000000e+03
1.600000000000000000e+04 2.937000000000000000e+03
1.610000000000000000e+04 2.774000000000000000e+03
1.620000000000000000e+04 2.700000000000000000e+03
1.630000000000000000e+04 2.616000000000000000e+03
1.640000000000000000e+04 2.498000000000000000e+03
1.650000000000000000e+04 2.453000000000000000e+03
1.660000000000000000e+04 2.343000000000000000e+03
1.670000000000000000e+04 2.220000000000000000e+03
1.680000000000000000e+04 2.089000000000000000e+03
1.690000000000000000e+04 2.205000000000000000e+03
1.700000000000000000e+04 2.110000000000000000e+03
1.710000000000000000e+04 2.154000000000000000e+03
1.720000000000000000e+04 2.199000000000000000e+03
1.730000000000000000e+04 2.238000000000000000e+03
1.740000000000000000e+04 2.232000000000000000e+03
1.750000000000000000e+04 2.282000000000000000e+03
1.760000000000000000e+04 2.445000000000000000e+03
1.770000000000000000e+04 2.517000000000000000e+03
1.780000000000000000e+04 2.636000000000000000e+03
1.790000000000000000e+04 2.706000000000000000e+03
1.800000000000000000e+04 2.957000000000000000e+03
1.810000000000000000e+04 3.157000000000000000e+03
1.820000000000000000e+04 3.270000000000000000e+03
1.830000000000000000e+04 3.378000000000000000e+03
1.840000000000000000e+04 3.659000000000000000e+03
1.850000000000000000e+04 3.977000000000000000e+03
1.860000000000000000e+04 4.035000000000000000e+03
1.870000000000000000e+04 4.280000000000000000e+03
1.880000000000000000e+04 4.605000000000000000e+03
1.890000000000000000e+04 4.798000000000000000e+03
1.900000000000000000e+04 4.834000000000000000e+03
1.910000000000000000e+04 5.175000000000000000e+03
1.920000000000000000e+04 5.186000000000000000e+03
1.930000000000000000e+04 5.510000000000000000e+03
1.940000000000000000e+04 5.623000000000000000e+03
1.950000000000000000e+04 5.728000000000000000e+03
1.960000000000000000e+04 5.899000000000000000e+03
1.970000000000000000e+04 6.034000000000000000e+03
1.980000000000000000e+04 6.271000000000000000e+03
1.990000000000000000e+04 6.394000000000000000e+03
