0.000000000000000000e+00 6.348000000000000000e+03
1.000000000000000000e+03 6.559000000000000000e+03
2.000000000000000000e+03 6.667000000000000000e+03
3.000000000000000000e+03 6.606000000000000000e+03
4.000000000000000000e+03 6.938000000000000000e+03
5.000000000000000000e+03 6.857000000000000000e+03
6.000000000000000000e+03 6.943000000000000000e+03
7.000000000000000000e+03 7.081000000000000000e+03
8.000000000000000000e+03 7.102000000000000000e+03
9.000000000000000000e+03 7.254000000000000000e+03
1.000000000000000000e+04 7.300000000000000000e+03
1.100000000000000000e+04 7.349000000000000000e+03
1.200000000000000000e+04 7.453000000000000000e+03
1.300000000000000000e+04 7.496000000000000000e+03
1.400000000000000000e+04 7.650000000000000000e+03
1.500000000000000000e+04 7.250000000000000000e+03
1.600000000000000000e+04 7.507000000000000000e+03
1.700000000000000000e+04 7.555000000000000000e+03
1.800000000000000000e+04 7.495000000000000000e+03
1.900000000000000000e+04 7.485000000000000000e+03
2.000000000000000000e+04 7.402000000000000000e+03
2.100000000000000000e+04 7.668000000000000000e+03
2.200000000000000000e+04 7.500000000000000000e+03
2.300000000000000000e+04 7.475000000000000000e+03
2.400000000000000000e+04 7.278000000000000000e+03
2.500000000000000000e+04 7.324000000000000000e+03
2.600000000000000000e+04 7.499000000000000000e+03
2.700000000000000000e+04 7.329000000000000000e+03
2.800000000000000000e+04 7.290000000000000000e+03
2.900000000000000000e+04 7.167000000000000000e+03
3.000000000000000000e+04 7.194000000000000000e+03
3.100000000000000000e+04 7.068000000000000000e+03
3.200000000000000000e+04 7.041000000000000000e+03
3.300000000000000000e+04 6.911000000000000000e+03
3.400000000000000000e+04 6.876000000000000000e+03
3.500000000000000000e+04 6.758000000000000000e+03
3.600000000000000000e+04 6.976000000000000000e+03
3.700000000000000000e+04 6.530000000000000000e+03
3.800000000000000000e+04 6.345000000000000000e+03
3.900000000000000000e+04 6.317000000000000000e+03
4.000000000000000000e+04 6.133000000000000000e+03
4.100000000000000000e+04 6.036000000000000000e+03
4.200000000000000000e+04 5.704000000000000000e+03
4.300000000000000000e+04 5.705000000000000000e+03
4.400000000000000000e+04 5.705000000000000000e+03
4.500000000000000000e+04 5.527000000000000000e+03
4.600000000000000000e+04 5.214000000000000000e+03
4.700000000000000000e+04 5.156000000000000000e+03
4.800000000000000000e+04 4.696000000000000000e+03
4.900000000000000000e+04 4.694000000000000000e+03
5.000000000000000000e+04 4.452000000000000000e+03
5.100000000000000000e+04 4.110000000000000000e+03
5.200000000000000000e+04 4.045000000000000000e+03
5.300000000000000000e+04 4.008000000000000000e+03
5.400000000000000000e+04 3.710000000000000000e+03
5.500000000000000000e+04 3.515000000000000000e+03
5.600000000000000000e+04 3.175000000000000000e+03
5.700000000000000000e+04 2.929000000000000000e+03
5.800000000000000000e+04 2.808000000000000000e+03
5.900000000000000000e+04 2.749000000000000000e+03
6.000000000000000000e+04 2.599000000000000000e+03
6.100000000000000000e+04 2.476000000000000000e+03
6.200000000000000000e+04 2.422000000000000000e+03
6.300000000000000000e+04 2.244000000000000000e+03
6.400000000000000000e+04 2.152000000000000000e+03
6.500000000000000000e+04 2.044000000000000000e+03
6.600000000000000000e+04 2.038000000000000000e+03
6.700000000000000000e+04 1.934000000000000000e+03
6.800000000000000000e+04 1.884000000000000000e+03
6.900000000000000000e+04 1.838000000000000000e+03
7.000000000000000000e+04 1.895000000000000000e+03
7.100000000000000000e+04 2.013000000000000000e+03
7.200000000000000000e+04 1.967000000000000000e+03
7.300000000000000000e+04 1.883000000000000000e+03
7.400000000000000000e+04 2.128000000000000000e+03
7.500000000000000000e+04 2.083000000000000000e+03
7.600000000000000000e+04 2.321000000000000000e+03
7.700000000000000000e+04 2.327000000000000000e+03
7.800000000000000000e+04 2.434000000000000000e+03
7.900000000000000000e+04 2.679000000000000000e+03
8.000000000000000000e+04 2.965000000000000000e+03
8.100000000000000000e+04 2.979000000000000000e+03
8.200000000000000000e+04 3.158000000000000000e+03
8.300000000000000000e+04 3.368000000000000000e+03
8.400000000000000000e+04 3.470000000000000000e+03
8.500000000000000000e+04 3.706000000000000000e+03
8.600000000000000000e+04 3.942000000000000000e+03
8.700000000000000000e+04 4.193000000000000000e+03
8.800000000000000000e+04 4.402000000000000000e+03
8.900000000000000000e+04 4.602000000000000000e+03
9.000000000000000000e+04 4.679000000000000000e+03
9.100000000000000000e+04 4.939000000000000000e+03
9.200000000000000000e+04 5.120000000000000000e+03
9.300000000000000000e+04 5.285000000000000000e+03
9.400000000000000000e+04 5.521000000000000000e+03
9.500000000000000000e+04 5.721000000000000000e+03
9.600000000000000000e+04 5.831000000000000000e+03
9.700000000000000000e+04 5.938000000000000000e+03
9.800000000000000000e+04 6.124000000000000000e+03
9.900000000000000000e+04 6.171000000000000000e+03
1.000000000000000000e+05 6.526000000000000000e+03
1.010000000000000000e+05 6.480000000000000000e+03
1.020000000000000000e+05 6.652000000000000000e+03
1.030000000000000000e+05 6.817000000000000000e+03
1.040000000000000000e+05 6.897000000000000000e+03
1.050000000000000000e+05 7.013000000000000000e+03
1.060000000000000000e+05 7.055000000000000000e+03
1.070000000000000000e+05 6.967000000000000000e+03
1.080000000000000000e+05 7.003000000000000000e+03
1.090000000000000000e+05 7.195000000000000000e+03
1.100000000000000000e+05 7.151000000000000000e+03
1.110000000000000000e+05 7.523000000000000000e+03
1.120000000000000000e+05 7.388000000000000000e+03
1.130000000000000000e+05 7.263000000000000000e+03
1.140000000000000000e+05 7.411000000000000000e+03
1.150000000000000000e+05 7.301000000000000000e+03
1.160000000000000000e+05 7.400000000000000000e+03
1.170000000000000000e+05 7.505000000000000000e+03
1.180000000000000000e+05 7.505000000000000000e+03
1.190000000000000000e+05 7.500000000000000000e+03
1.200000000000000000e+05 7.487000000000000000e+03
1.210000000000000000e+05 7.467000000000000000e+03
1.220000000000000000e+05 7.358000000000000000e+03
1.230000000000000000e+05 7.459000000000000000e+03
1.240000000000000000e+05 7.319000000000000000e+03
1.250000000000000000e+05 7.357000000000000000e+03
1.260000000000000000e+05 7.519000000000000000e+03
1.270000000000000000e+05 7.278000000000000000e+03
1.280000000000000000e+05 7.375000000000000000e+03
1.290000000000000000e+05 7.248000000000000000e+03
1.300000000000000000e+05 7.248000000000000000e+03
1.310000000000000000e+05 7.056000000000000000e+03
1.320000000000000000e+05 6.934000000000000000e+03
1.330000000000000000e+05 6.931000000000000000e+03
1.340000000000000000e+05 6.813000000000000000e+03
1.350000000000000000e+05 6.822000000000000000e+03
1.360000000000000000e+05 6.720000000000000000e+03
1.370000000000000000e+05 6.515000000000000000e+03
1.380000000000000000e+05 6.369000000000000000e+03
1.390000000000000000e+05 6.143000000000000000e+03
1.400000000000000000e+05 6.122000000000000000e+03
1.410000000000000000e+05 5.909000000000000000e+03
1.420000000000000000e+05 5.750000000000000000e+03
1.430000000000000000e+05 5.637000000000000000e+03
1.440000000000000000e+05 5.556000000000000000e+03
1.450000000000000000e+05 5.401000000000000000e+03
1.460000000000000000e+05 5.342000000000000000e+03
1.470000000000000000e+05 5.002000000000000000e+03
1.480000000000000000e+05 4.566000000000000000e+03
1.490000000000000000e+05 4.525000000000000000e+03
1.500000000000000000e+05 4.396000000000000000e+03
1.510000000000000000e+05 4.297000000000000000e+03
1.520000000000000000e+05 4.144000000000000000e+03
1.530000000000000000e+05 3.978000000000000000e+03
1.540000000000000000e+05 3.647000000000000000e+03
1.550000000000000000e+05 3.421000000000000000e+03
1.560000000000000000e+05 3.312000000000000000e+03
1.570000000000000000e+05 3.176000000000000000e+03
1.580000000000000000e+05 2.923000000000000000e+03
1.590000000000000000e+05 2.710000000000000000e+03
1.600000000000000000e+05 2.650000000000000000e+03
1.610000000000000000e+05 2.475000000000000000e+03
1.620000000000000000e+05 2.434000000000000000e+03
1.630000000000000000e+05 2.253000000000000000e+03
1.640000000000000000e+05 2.199000000000000000e+03
1.650000000000000000e+05 1.962000000000000000e+03
1.660000000000000000e+05 1.979000000000000000e+03
1.670000000000000000e+05 1.875000000000000000e+03
1.680000000000000000e+05 1.949000000000000000e+03
1.690000000000000000e+05 1.971000000000000000e+03
1.700000000000000000e+05 2.018000000000000000e+03
1.710000000000000000e+05 1.979000000000000000e+03
1.720000000000000000e+05 1.984000000000000000e+03
1.730000000000000000e+05 1.931000000000000000e+03
1.740000000000000000e+05 2.050000000000000000e+03
1.750000000000000000e+05 2.119000000000000000e+03
1.760000000000000000e+05 2.180000000000000000e+03
1.770000000000000000e+05 2.347000000000000000e+03
1.780000000000000000e+05 2.578000000000000000e+03
1.790000000000000000e+05 2.709000000000000000e+03
1.800000000000000000e+05 2.839000000000000000e+03
1.810000000000000000e+05 2.950000000000000000e+03
1.820000000000000000e+05 3.090000000000000000e+03
1.830000000000000000e+05 3.349000000000000000e+03
1.840000000000000000e+05 3.505000000000000000e+03
1.850000000000000000e+05 3.855000000000000000e+03
1.860000000000000000e+05 3.900000000000000000e+03
1.870000000000000000e+05 4.278000000000000000e+03
1.880000000000000000e+05 4.308000000000000000e+03
1.890000000000000000e+05 4.344000000000000000e+03
1.900000000000000000e+05 4.708000000000000000e+03
1.910000000000000000e+05 4.798000000000000000e+03
1.920000000000000000e+05 5.019000000000000000e+03
1.930000000000000000e+05 5.297000000000000000e+03
1.940000000000000000e+05 5.579000000000000000e+03
1.950000000000000000e+05 5.727000000000000000e+03
1.960000000000000000e+05 5.823000000000000000e+03
1.970000000000000000e+05 5.937000000000000000e+03
1.980000000000000000e+05 6.097000000000000000e+03
1.990000000000000000e+05 6.386000000000000000e+03
