0.000000000000000000e+00 7.719000000000000000e+03
5.000000000000000000e+03 7.800000000000000000e+03
1.000000000000000000e+04 7.945000000000000000e+03
1.500000000000000000e+04 8.031000000000000000e+03
2.000000000000000000e+04 8.281000000000000000e+03
2.500000000000000000e+04 8.282000000000000000e+03
3.000000000000000000e+04 8.429000000000000000e+03
3.500000000000000000e+04 8.451000000000000000e+03
4.000000000000000000e+04 8.377000000000000000e+03
4.500000000000000000e+04 8.723000000000000000e+03
5.000000000000000000e+04 8.782000000000000000e+03
5.500000000000000000e+04 8.591000000000000000e+03
6.000000000000000000e+04 8.739000000000000000e+03
6.500000000000000000e+04 8.848000000000000000e+03
7.000000000000000000e+04 8.973000000000000000e+03
7.500000000000000000e+04 8.885000000000000000e+03
8.000000000000000000e+04 9.032000000000000000e+03
8.500000000000000000e+04 8.803000000000000000e+03
9.000000000000000000e+04 8.966000000000000000e+03
9.500000000000000000e+04 8.862000000000000000e+03
1.000000000000000000e+05 8.911000000000000000e+03
1.050000000000000000e+05 9.061000000000000000e+03
1.100000000000000000e+05 9.019000000000000000e+03
1.150000000000000000e+05 9.079000000000000000e+03
1.200000000000000000e+05 8.737000000000000000e+03
1.250000000000000000e+05 8.830000000000000000e+03
1.300000000000000000e+05 8.904000000000000000e+03
1.350000000000000000e+05 8.560000000000000000e+03
1.400000000000000000e+05 8.730000000000000000e+03
1.450000000000000000e+05 8.573000000000000000e+03
1.500000000000000000e+05 8.720000000000000000e+03
1.550000000000000000e+05 8.454000000000000000e+03
1.600000000000000000e+05 8.382000000000000000e+03
1.650000000000000000e+05 8.266000000000000000e+03
1.700000000000000000e+05 8.306000000000000000e+03
1.750000000000000000e+05 8.054000000000000000e+03
1.800000000000000000e+05 7.925000000000000000e+03
1.850000000000000000e+05 7.817000000000000000e+03
1.900000000000000000e+05 7.691000000000000000e+03
1.950000000000000000e+05 7.627000000000000000e+03
2.000000000000000000e+05 7.388000000000000000e+03
2.050000000000000000e+05 7.266000000000000000e+03
2.100000000000000000e+05 6.941000000000000000e+03
2.150000000000000000e+05 6.926000000000000000e+03
2.200000000000000000e+05 6.733000000000000000e+03
2.250000000000000000e+05 6.337000000000000000e+03
2.300000000000000000e+05 6.219000000000000000e+03
2.350000000000000000e+05 6.039000000000000000e+03
2.400000000000000000e+05 5.706000000000000000e+03
2.450000000000000000e+05 5.547000000000000000e+03
2.500000000000000000e+05 5.206000000000000000e+03
2.550000000000000000e+05 4.989000000000000000e+03
2.600000000000000000e+05 4.872000000000000000e+03
2.650000000000000000e+05 4.658000000000000000e+03
2.700000000000000000e+05 4.287000000000000000e+03
2.750000000000000000e+05 4.171000000000000000e+03
2.800000000000000000e+05 3.897000000000000000e+03
2.850000000000000000e+05 3.733000000000000000e+03
2.900000000000000000e+05 3.399000000000000000e+03
2.950000000000000000e+05 3.456000000000000000e+03
3.000000000000000000e+05 3.053000000000000000e+03
3.050000000000000000e+05 2.947000000000000000e+03
3.100000000000000000e+05 2.778000000000000000e+03
3.150000000000000000e+05 2.753000000000000000e+03
3.200000000000000000e+05 2.539000000000000000e+03
3.250000000000000000e+05 2.466000000000000000e+03
3.300000000000000000e+05 2.538000000000000000e+03
3.350000000000000000e+05 2.308000000000000000e+03
3.400000000000000000e+05 2.322000000000000000e+03
3.450000000000000000e+05 2.365000000000000000e+03
3.500000000000000000e+05 2.344000000000000000e+03
3.550000000000000000e+05 2.337000000000000000e+03
3.600000000000000000e+05 2.310000000000000000e+03
3.650000000000000000e+05 2.392000000000000000e+03
3.700000000000000000e+05 2.523000000000000000e+03
3.750000000000000000e+05 2.711000000000000000e+03
3.800000000000000000e+05 2.792000000000000000e+03
3.850000000000000000e+05 3.027000000000000000e+03
3.900000000000000000e+05 2.992000000000000000e+03
3.950000000000000000e+05 3.219000000000000000e+03
4.000000000000000000e+05 3.357000000000000000e+03
4.050000000000000000e+05 3.718000000000000000e+03
4.100000000000000000e+05 3.785000000000000000e+03
4.150000000000000000e+05 4.189000000000000000e+03
4.200000000000000000e+05 4.459000000000000000e+03
4.250000000000000000e+05 4.484000000000000000e+03
4.300000000000000000e+05 4.885000000000000000e+03
4.350000000000000000e+05 5.018000000000000000e+03
4.400000000000000000e+05 5.188000000000000000e+03
4.450000000000000000e+05 5.433000000000000000e+03
4.500000000000000000e+05 5.664000000000000000e+03
4.550000000000000000e+05 6.008000000000000000e+03
4.600000000000000000e+05 6.210000000000000000e+03
4.650000000000000000e+05 6.346000000000000000e+03
4.700000000000000000e+05 6.512000000000000000e+03
4.750000000000000000e+05 6.855000000000000000e+03
4.800000000000000000e+05 6.723000000000000000e+03
4.850000000000000000e+05 7.131000000000000000e+03
4.900000000000000000e+05 7.291000000000000000e+03
4.950000000000000000e+05 7.665000000000000000e+03
5.000000000000000000e+05 7.657000000000000000e+03
5.050000000000000000e+05 7.809000000000000000e+03
5.100000000000000000e+05 7.895000000000000000e+03
5.150000000000000000e+05 8.021000000000000000e+03
5.200000000000000000e+05 8.166000000000000000e+03
5.250000000000000000e+05 8.386000000000000000e+03
5.300000000000000000e+05 8.317000000000000000e+03
5.350000000000000000e+05 8.478000000000000000e+03
5.400000000000000000e+05 8.767000000000000000e+03
5.450000000000000000e+05 8.560000000000000000e+03
5.500000000000000000e+05 8.698000000000000000e+03
5.550000000000000000e+05 8.806000000000000000e+03
5.600000000000000000e+05 8.769000000000000000e+03
5.650000000000000000e+05 8.827000000000000000e+03
5.700000000000000000e+05 8.725000000000000000e+03
5.750000000000000000e+05 8.860000000000000000e+03
5.800000000000000000e+05 8.893000000000000000e+03
5.850000000000000000e+05 8.960000000000000000e+03
5.900000000000000000e+05 8.915000000000000000e+03
5.950000000000000000e+05 9.010000000000000000e+03
6.000000000000000000e+05 9.057000000000000000e+03
6.050000000000000000e+05 8.931000000000000000e+03
6.100000000000000000e+05 8.780000000000000000e+03
6.150000000000000000e+05 8.812000000000000000e+03
6.200000000000000000e+05 8.809000000000000000e+03
6.250000000000000000e+05 8.836000000000000000e+03
6.300000000000000000e+05 8.848000000000000000e+03
6.350000000000000000e+05 8.759000000000000000e+03
6.400000000000000000e+05 8.605000000000000000e+03
6.450000000000000000e+05 8.728000000000000000e+03
6.500000000000000000e+05 8.747000000000000000e+03
6.550000000000000000e+05 8.462000000000000000e+03
6.600000000000000000e+05 8.646000000000000000e+03
6.650000000000000000e+05 8.274000000000000000e+03
6.700000000000000000e+05 8.303000000000000000e+03
6.750000000000000000e+05 8.091000000000000000e+03
6.800000000000000000e+05 8.054000000000000000e+03
6.850000000000000000e+05 7.869000000000000000e+03
6.900000000000000000e+05 7.801000000000000000e+03
6.950000000000000000e+05 7.635000000000000000e+03
7.000000000000000000e+05 7.395000000000000000e+03
7.050000000000000000e+05 7.256000000000000000e+03
7.100000000000000000e+05 7.103000000000000000e+03
7.150000000000000000e+05 6.969000000000000000e+03
7.200000000000000000e+05 6.634000000000000000e+03
7.250000000000000000e+05 6.438000000000000000e+03
7.300000000000000000e+05 6.274000000000000000e+03
7.350000000000000000e+05 5.929000000000000000e+03
7.400000000000000000e+05 5.621000000000000000e+03
7.450000000000000000e+05 5.603000000000000000e+03
7.500000000000000000e+05 5.173000000000000000e+03
7.550000000000000000e+05 4.972000000000000000e+03
7.600000000000000000e+05 4.804000000000000000e+03
7.650000000000000000e+05 4.530000000000000000e+03
7.700000000000000000e+05 4.351000000000000000e+03
7.750000000000000000e+05 4.088000000000000000e+03
7.800000000000000000e+05 3.980000000000000000e+03
7.850000000000000000e+05 3.699000000000000000e+03
7.900000000000000000e+05 3.494000000000000000e+03
7.950000000000000000e+05 3.314000000000000000e+03
8.000000000000000000e+05 3.081000000000000000e+03
8.050000000000000000e+05 2.930000000000000000e+03
8.100000000000000000e+05 2.777000000000000000e+03
8.150000000000000000e+05 2.623000000000000000e+03
8.200000000000000000e+05 2.527000000000000000e+03
8.250000000000000000e+05 2.501000000000000000e+03
8.300000000000000000e+05 2.354000000000000000e+03
8.350000000000000000e+05 2.369000000000000000e+03
8.400000000000000000e+05 2.354000000000000000e+03
8.450000000000000000e+05 2.338000000000000000e+03
8.500000000000000000e+05 2.314000000000000000e+03
8.550000000000000000e+05 2.279000000000000000e+03
8.600000000000000000e+05 2.327000000000000000e+03
8.650000000000000000e+05 2.504000000000000000e+03
8.700000000000000000e+05 2.644000000000000000e+03
8.750000000000000000e+05 2.698000000000000000e+03
8.800000000000000000e+05 2.835000000000000000e+03
8.850000000000000000e+05 2.921000000000000000e+03
8.900000000000000000e+05 3.074000000000000000e+03
8.950000000000000000e+05 3.102000000000000000e+03
9.000000000000000000e+05 3.418000000000000000e+03
9.050000000000000000e+05 3.765000000000000000e+03
9.100000000000000000e+05 3.731000000000000000e+03
9.150000000000000000e+05 3.974000000000000000e+03
9.200000000000000000e+05 4.221000000000000000e+03
9.250000000000000000e+05 4.449000000000000000e+03
9.300000000000000000e+05 4.798000000000000000e+03
9.350000000000000000e+05 4.872000000000000000e+03
9.400000000000000000e+05 5.145000000000000000e+03
9.450000000000000000e+05 5.408000000000000000e+03
9.500000000000000000e+05 5.701000000000000000e+03
9.550000000000000000e+05 5.980000000000000000e+03
9.600000000000000000e+05 6.230000000000000000e+03
9.650000000000000000e+05 6.359000000000000000e+03
9.700000000000000000e+05 6.660000000000000000e+03
9.750000000000000000e+05 6.692000000000000000e+03
9.800000000000000000e+05 7.005000000000000000e+03
9.850000000000000000e+05 7.316000000000000000e+03
9.900000000000000000e+05 7.407000000000000000e+03
9.950000000000000000e+05 7.469000000000000000e+03
