0.000000000000000000e+00 8.578000000000000000e+03
1.667000000000000000e+03 8.740000000000000000e+03
3.334000000000000000e+03 8.929000000000000000e+03
5.001000000000000000e+03 8.767000000000000000e+03
6.668000000000000000e+03 9.049000000000000000e+03
8.335000000000000000e+03 9.260000000000000000e+03
1.000200000000000000e+04 9.261000000000000000e+03
1.166900000000000000e+04 9.569000000000000000e+03
1.333600000000000000e+04 9.727000000000000000e+03
1.500300000000000000e+04 9.758000000000000000e+03
1.667000000000000000e+04 9.742000000000000000e+03
1.833700000000000000e+04 9.849000000000000000e+03
2.000400000000000000e+04 9.910000000000000000e+03
2.167100000000000000e+04 9.976000000000000000e+03
2.333800000000000000e+04 9.921000000000000000e+03
2.500500000000000000e+04 9.808000000000000000e+03
2.667200000000000000e+04 1.007500000000000000e+04
2.833900000000000000e+04 9.992000000000000000e+03
3.000600000000000000e+04 9.831000000000000000e+03
3.167300000000000000e+04 1.007700000000000000e+04
3.334000000000000000e+04 9.928000000000000000e+03
3.500700000000000000e+04 9.944000000000000000e+03
3.667400000000000000e+04 9.975000000000000000e+03
3.834100000000000000e+04 1.009000000000000000e+04
4.000800000000000000e+04 9.913000000000000000e+03
4.167500000000000000e+04 9.745000000000000000e+03
4.334200000000000000e+04 9.942000000000000000e+03
4.500900000000000000e+04 9.982000000000000000e+03
4.667600000000000000e+04 9.646000000000000000e+03
4.834300000000000000e+04 9.832000000000000000e+03
5.001000000000000000e+04 9.648000000000000000e+03
5.167700000000000000e+04 9.618000000000000000e+03
5.334400000000000000e+04 9.405000000000000000e+03
5.501100000000000000e+04 9.346000000000000000e+03
5.667800000000000000e+04 9.565000000000000000e+03
5.834500000000000000e+04 9.232000000000000000e+03
6.001200000000000000e+04 8.988000000000000000e+03
6.167900000000000000e+04 8.837000000000000000e+03
6.334600000000000000e+04 8.697000000000000000e+03
6.501300000000000000e+04 8.700000000000000000e+03
6.668000000000000000e+04 8.388000000000000000e+03
6.834700000000000000e+04 8.099000000000000000e+03
7.001400000000000000e+04 8.026000000000000000e+03
7.168100000000000000e+04 7.900000000000000000e+03
7.334800000000000000e+04 7.449000000000000000e+03
7.501500000000000000e+04 7.349000000000000000e+03
7.668200000000000000e+04 7.207000000000000000e+03
7.834900000000000000e+04 6.804000000000000000e+03
8.001600000000000000e+04 6.421000000000000000e+03
8.168300000000000000e+04 6.263000000000000000e+03
8.335000000000000000e+04 6.040000000000000000e+03
8.501700000000000000e+04 6.055000000000000000e+03
8.668400000000000000e+04 5.521000000000000000e+03
8.835100000000000000e+04 5.339000000000000000e+03
9.001800000000000000e+04 5.040000000000000000e+03
9.168500000000000000e+04 4.773000000000000000e+03
9.335200000000000000e+04 4.429000000000000000e+03
9.501900000000000000e+04 4.373000000000000000e+03
9.668600000000000000e+04 4.109000000000000000e+03
9.835300000000000000e+04 3.858000000000000000e+03
1.000200000000000000e+05 3.653000000000000000e+03
1.016870000000000000e+05 3.392000000000000000e+03
1.033540000000000000e+05 3.304000000000000000e+03
1.050210000000000000e+05 3.060000000000000000e+03
1.066880000000000000e+05 3.068000000000000000e+03
1.083550000000000000e+05 2.914000000000000000e+03
1.100220000000000000e+05 2.798000000000000000e+03
1.116890000000000000e+05 2.820000000000000000e+03
1.133560000000000000e+05 2.688000000000000000e+03
1.150230000000000000e+05 2.609000000000000000e+03
1.166900000000000000e+05 2.683000000000000000e+03
1.183570000000000000e+05 2.666000000000000000e+03
1.200240000000000000e+05 2.877000000000000000e+03
1.216910000000000000e+05 2.853000000000000000e+03
1.233580000000000000e+05 2.987000000000000000e+03
1.250250000000000000e+05 3.015000000000000000e+03
1.266920000000000000e+05 3.113000000000000000e+03
1.283590000000000000e+05 3.386000000000000000e+03
1.300260000000000000e+05 3.585000000000000000e+03
1.316930000000000000e+05 3.733000000000000000e+03
1.333600000000000000e+05 3.985000000000000000e+03
1.350270000000000000e+05 4.169000000000000000e+03
1.366940000000000000e+05 4.296000000000000000e+03
1.383610000000000000e+05 4.627000000000000000e+03
1.400280000000000000e+05 4.969000000000000000e+03
1.416950000000000000e+05 5.064000000000000000e+03
1.433620000000000000e+05 5.365000000000000000e+03
1.450290000000000000e+05 5.685000000000000000e+03
1.466960000000000000e+05 5.922000000000000000e+03
1.483630000000000000e+05 6.337000000000000000e+03
1.500300000000000000e+05 6.534000000000000000e+03
1.516970000000000000e+05 6.733000000000000000e+03
1.533640000000000000e+05 7.013000000000000000e+03
1.550310000000000000e+05 7.426000000000000000e+03
1.566980000000000000e+05 7.347000000000000000e+03
1.583650000000000000e+05 7.632000000000000000e+03
1.600320000000000000e+05 7.973000000000000000e+03
1.616990000000000000e+05 8.133000000000000000e+03
1.633660000000000000e+05 8.212000000000000000e+03
1.650330000000000000e+05 8.400000000000000000e+03
1.667000000000000000e+05 8.664000000000000000e+03
1.683670000000000000e+05 8.737000000000000000e+03
1.700340000000000000e+05 8.957000000000000000e+03
1.717010000000000000e+05 9.005000000000000000e+03
1.733680000000000000e+05 9.122000000000000000e+03
1.750350000000000000e+05 9.379000000000000000e+03
1.767020000000000000e+05 9.192000000000000000e+03
1.783690000000000000e+05 9.494000000000000000e+03
1.800360000000000000e+05 9.639000000000000000e+03
1.817030000000000000e+05 9.672000000000000000e+03
1.833700000000000000e+05 9.897000000000000000e+03
1.850370000000000000e+05 9.861000000000000000e+03
1.867040000000000000e+05 9.784000000000000000e+03
1.883710000000000000e+05 9.931000000000000000e+03
1.900380000000000000e+05 1.005600000000000000e+04
1.917050000000000000e+05 9.962000000000000000e+03
1.933720000000000000e+05 9.943000000000000000e+03
1.950390000000000000e+05 1.006500000000000000e+04
1.967060000000000000e+05 9.935000000000000000e+03
1.983730000000000000e+05 9.999000000000000000e+03
2.000400000000000000e+05 9.928000000000000000e+03
2.017070000000000000e+05 1.020400000000000000e+04
2.033740000000000000e+05 1.013900000000000000e+04
2.050410000000000000e+05 9.899000000000000000e+03
2.067080000000000000e+05 9.992000000000000000e+03
2.083750000000000000e+05 9.704000000000000000e+03
2.100420000000000000e+05 9.894000000000000000e+03
2.117090000000000000e+05 9.885000000000000000e+03
2.133760000000000000e+05 9.797000000000000000e+03
2.150430000000000000e+05 9.616000000000000000e+03
2.167100000000000000e+05 9.475000000000000000e+03
2.183770000000000000e+05 9.365000000000000000e+03
2.200440000000000000e+05 9.389000000000000000e+03
2.217110000000000000e+05 9.470000000000000000e+03
2.233780000000000000e+05 9.319000000000000000e+03
2.250450000000000000e+05 9.151000000000000000e+03
2.267120000000000000e+05 9.141000000000000000e+03
2.283790000000000000e+05 8.863000000000000000e+03
2.300460000000000000e+05 8.564000000000000000e+03
2.317130000000000000e+05 8.519000000000000000e+03
2.333800000000000000e+05 8.355000000000000000e+03
2.350470000000000000e+05 8.427000000000000000e+03
2.367140000000000000e+05 7.879000000000000000e+03
2.383810000000000000e+05 7.943000000000000000e+03
2.400480000000000000e+05 7.569000000000000000e+03
2.417150000000000000e+05 7.415000000000000000e+03
2.433820000000000000e+05 7.077000000000000000e+03
2.450490000000000000e+05 6.856000000000000000e+03
2.467160000000000000e+05 6.564000000000000000e+03
2.483830000000000000e+05 6.370000000000000000e+03
2.500500000000000000e+05 6.085000000000000000e+03
2.517170000000000000e+05 5.756000000000000000e+03
2.533840000000000000e+05 5.542000000000000000e+03
2.550510000000000000e+05 5.326000000000000000e+03
2.567180000000000000e+05 5.025000000000000000e+03
2.583850000000000000e+05 4.724000000000000000e+03
2.600520000000000000e+05 4.508000000000000000e+03
2.617190000000000000e+05 4.292000000000000000e+03
2.633860000000000000e+05 4.055000000000000000e+03
2.650530000000000000e+05 3.718000000000000000e+03
2.667200000000000000e+05 3.592000000000000000e+03
2.683870000000000000e+05 3.416000000000000000e+03
2.700540000000000000e+05 3.268000000000000000e+03
2.717210000000000000e+05 3.152000000000000000e+03
2.733880000000000000e+05 3.020000000000000000e+03
2.750550000000000000e+05 2.838000000000000000e+03
2.767220000000000000e+05 2.768000000000000000e+03
2.783890000000000000e+05 2.742000000000000000e+03
2.800560000000000000e+05 2.631000000000000000e+03
2.817230000000000000e+05 2.568000000000000000e+03
2.833900000000000000e+05 2.663000000000000000e+03
2.850570000000000000e+05 2.614000000000000000e+03
2.867240000000000000e+05 2.786000000000000000e+03
2.883910000000000000e+05 2.916000000000000000e+03
2.900580000000000000e+05 2.813000000000000000e+03
2.917250000000000000e+05 3.032000000000000000e+03
2.933920000000000000e+05 3.130000000000000000e+03
2.950590000000000000e+05 3.261000000000000000e+03
2.967260000000000000e+05 3.445000000000000000e+03
2.983930000000000000e+05 3.849000000000000000e+03
3.000600000000000000e+05 3.853000000000000000e+03
3.017270000000000000e+05 4.068000000000000000e+03
3.033940000000000000e+05 4.441000000000000000e+03
3.050610000000000000e+05 4.595000000000000000e+03
3.067280000000000000e+05 4.847000000000000000e+03
3.083950000000000000e+05 5.310000000000000000e+03
3.100620000000000000e+05 5.338000000000000000e+03
3.117290000000000000e+05 5.730000000000000000e+03
3.133960000000000000e+05 5.905000000000000000e+03
3.150630000000000000e+05 6.385000000000000000e+03
3.167300000000000000e+05 6.488000000000000000e+03
3.183970000000000000e+05 6.700000000000000000e+03
3.200640000000000000e+05 7.063000000000000000e+03
3.217310000000000000e+05 7.339000000000000000e+03
3.233980000000000000e+05 7.597000000000000000e+03
3.250650000000000000e+05 7.629000000000000000e+03
3.267320000000000000e+05 7.677000000000000000e+03
3.283990000000000000e+05 8.006000000000000000e+03
3.300660000000000000e+05 8.151000000000000000e+03
