0.000000000000000000e+00 6.380000000000000000e+03
5.000000000000000000e+01 6.722000000000000000e+03
1.000000000000000000e+02 6.782000000000000000e+03
1.500000000000000000e+02 6.774000000000000000e+03
2.000000000000000000e+02 7.015000000000000000e+03
2.500000000000000000e+02 7.098000000000000000e+03
3.000000000000000000e+02 7.182000000000000000e+03
3.500000000000000000e+02 7.280000000000000000e+03
4.000000000000000000e+02 7.285000000000000000e+03
4.500000000000000000e+02 7.169000000000000000e+03
5.000000000000000000e+02 7.238000000000000000e+03
5.500000000000000000e+02 7.489000000000000000e+03
6.000000000000000000e+02 7.516000000000000000e+03
6.500000000000000000e+02 7.597000000000000000e+03
7.000000000000000000e+02 7.619000000000000000e+03
7.500000000000000000e+02 7.732000000000000000e+03
8.000000000000000000e+02 7.573000000000000000e+03
8.500000000000000000e+02 7.536000000000000000e+03
9.000000000000000000e+02 7.579000000000000000e+03
9.500000000000000000e+02 7.631000000000000000e+03
1.000000000000000000e+03 7.535000000000000000e+03
1.050000000000000000e+03 7.696000000000000000e+03
1.100000000000000000e+03 7.530000000000000000e+03
1.150000000000000000e+03 7.749000000000000000e+03
1.200000000000000000e+03 7.470000000000000000e+03
1.250000000000000000e+03 7.486000000000000000e+03
1.300000000000000000e+03 7.506000000000000000e+03
1.350000000000000000e+03 7.547000000000000000e+03
1.400000000000000000e+03 7.517000000000000000e+03
1.450000000000000000e+03 7.427000000000000000e+03
1.500000000000000000e+03 7.392000000000000000e+03
1.550000000000000000e+03 7.471000000000000000e+03
1.600000000000000000e+03 7.179000000000000000e+03
1.650000000000000000e+03 7.149000000000000000e+03
1.700000000000000000e+03 7.119000000000000000e+03
1.750000000000000000e+03 7.146000000000000000e+03
1.800000000000000000e+03 6.986000000000000000e+03
1.850000000000000000e+03 6.694000000000000000e+03
1.900000000000000000e+03 6.631000000000000000e+03
1.950000000000000000e+03 6.581000000000000000e+03
2.000000000000000000e+03 6.584000000000000000e+03
2.050000000000000000e+03 6.394000000000000000e+03
2.100000000000000000e+03 6.106000000000000000e+03
2.150000000000000000e+03 6.032000000000000000e+03
2.200000000000000000e+03 5.966000000000000000e+03
2.250000000000000000e+03 5.869000000000000000e+03
2.300000000000000000e+03 5.616000000000000000e+03
2.350000000000000000e+03 5.418000000000000000e+03
2.400000000000000000e+03 5.289000000000000000e+03
2.450000000000000000e+03 5.152000000000000000e+03
2.500000000000000000e+03 4.975000000000000000e+03
2.550000000000000000e+03 4.866000000000000000e+03
2.600000000000000000e+03 4.537000000000000000e+03
2.650000000000000000e+03 4.290000000000000000e+03
2.700000000000000000e+03 4.263000000000000000e+03
2.750000000000000000e+03 4.078000000000000000e+03
2.800000000000000000e+03 3.900000000000000000e+03
2.850000000000000000e+03 3.708000000000000000e+03
2.900000000000000000e+03 3.495000000000000000e+03
2.950000000000000000e+03 3.432000000000000000e+03
3.000000000000000000e+03 3.313000000000000000e+03
3.050000000000000000e+03 3.171000000000000000e+03
3.100000000000000000e+03 2.902000000000000000e+03
3.150000000000000000e+03 2.811000000000000000e+03
3.200000000000000000e+03 2.715000000000000000e+03
3.250000000000000000e+03 2.565000000000000000e+03
3.300000000000000000e+03 2.424000000000000000e+03
3.350000000000000000e+03 2.313000000000000000e+03
3.400000000000000000e+03 2.396000000000000000e+03
3.450000000000000000e+03 2.277000000000000000e+03
3.500000000000000000e+03 2.204000000000000000e+03
3.550000000000000000e+03 2.193000000000000000e+03
3.600000000000000000e+03 2.140000000000000000e+03
3.650000000000000000e+03 2.129000000000000000e+03
3.700000000000000000e+03 2.244000000000000000e+03
3.750000000000000000e+03 2.382000000000000000e+03
3.800000000000000000e+03 2.312000000000000000e+03
3.850000000000000000e+03 2.502000000000000000e+03
3.900000000000000000e+03 2.470000000000000000e+03
3.950000000000000000e+03 2.643000000000000000e+03
4.000000000000000000e+03 2.773000000000000000e+03
4.050000000000000000e+03 2.906000000000000000e+03
4.100000000000000000e+03 3.141000000000000000e+03
4.150000000000000000e+03 3.126000000000000000e+03
4.200000000000000000e+03 3.518000000000000000e+03
4.250000000000000000e+03 3.797000000000000000e+03
4.300000000000000000e+03 3.876000000000000000e+03
4.350000000000000000e+03 4.119000000000000000e+03
4.400000000000000000e+03 4.377000000000000000e+03
4.450000000000000000e+03 4.581000000000000000e+03
4.500000000000000000e+03 4.805000000000000000e+03
4.550000000000000000e+03 5.006000000000000000e+03
4.600000000000000000e+03 5.259000000000000000e+03
4.650000000000000000e+03 5.428000000000000000e+03
4.700000000000000000e+03 5.615000000000000000e+03
4.750000000000000000e+03 5.874000000000000000e+03
4.800000000000000000e+03 5.867000000000000000e+03
4.850000000000000000e+03 6.225000000000000000e+03
4.900000000000000000e+03 6.228000000000000000e+03
4.950000000000000000e+03 6.428000000000000000e+03
5.000000000000000000e+03 6.553000000000000000e+03
5.050000000000000000e+03 6.517000000000000000e+03
5.100000000000000000e+03 6.754000000000000000e+03
5.150000000000000000e+03 6.877000000000000000e+03
5.200000000000000000e+03 6.983000000000000000e+03
5.250000000000000000e+03 6.966000000000000000e+03
5.300000000000000000e+03 7.183000000000000000e+03
5.350000000000000000e+03 7.119000000000000000e+03
5.400000000000000000e+03 7.296000000000000000e+03
5.450000000000000000e+03 7.312000000000000000e+03
5.500000000000000000e+03 7.278000000000000000e+03
5.550000000000000000e+03 7.463000000000000000e+03
5.600000000000000000e+03 7.388000000000000000e+03
5.650000000000000000e+03 7.402000000000000000e+03
5.700000000000000000e+03 7.605000000000000000e+03
5.750000000000000000e+03 7.594000000000000000e+03
5.800000000000000000e+03 7.450000000000000000e+03
5.850000000000000000e+03 7.656000000000000000e+03
5.900000000000000000e+03 7.548000000000000000e+03
5.950000000000000000e+03 7.620000000000000000e+03
6.000000000000000000e+03 7.604000000000000000e+03
6.050000000000000000e+03 7.530000000000000000e+03
6.100000000000000000e+03 7.580000000000000000e+03
6.150000000000000000e+03 7.681000000000000000e+03
6.200000000000000000e+03 7.602000000000000000e+03
6.250000000000000000e+03 7.522000000000000000e+03
6.300000000000000000e+03 7.494000000000000000e+03
6.350000000000000000e+03 7.571000000000000000e+03
6.400000000000000000e+03 7.455000000000000000e+03
6.450000000000000000e+03 7.327000000000000000e+03
6.500000000000000000e+03 7.451000000000000000e+03
6.550000000000000000e+03 7.156000000000000000e+03
6.600000000000000000e+03 7.326000000000000000e+03
6.650000000000000000e+03 7.220000000000000000e+03
6.700000000000000000e+03 7.057000000000000000e+03
6.750000000000000000e+03 7.002000000000000000e+03
6.800000000000000000e+03 6.973000000000000000e+03
6.850000000000000000e+03 6.852000000000000000e+03
6.900000000000000000e+03 6.723000000000000000e+03
6.950000000000000000e+03 6.664000000000000000e+03
7.000000000000000000e+03 6.592000000000000000e+03
7.050000000000000000e+03 6.423000000000000000e+03
7.100000000000000000e+03 6.311000000000000000e+03
7.150000000000000000e+03 6.062000000000000000e+03
7.200000000000000000e+03 5.966000000000000000e+03
7.250000000000000000e+03 5.733000000000000000e+03
7.300000000000000000e+03 5.751000000000000000e+03
7.350000000000000000e+03 5.518000000000000000e+03
7.400000000000000000e+03 5.207000000000000000e+03
7.450000000000000000e+03 5.333000000000000000e+03
7.500000000000000000e+03 4.912000000000000000e+03
7.550000000000000000e+03 4.760000000000000000e+03
7.600000000000000000e+03 4.526000000000000000e+03
7.650000000000000000e+03 4.488000000000000000e+03
7.700000000000000000e+03 4.074000000000000000e+03
7.750000000000000000e+03 3.986000000000000000e+03
7.800000000000000000e+03 3.933000000000000000e+03
7.850000000000000000e+03 3.757000000000000000e+03
7.900000000000000000e+03 3.482000000000000000e+03
7.950000000000000000e+03 3.253000000000000000e+03
8.000000000000000000e+03 3.159000000000000000e+03
8.050000000000000000e+03 3.083000000000000000e+03
8.100000000000000000e+03 2.888000000000000000e+03
8.150000000000000000e+03 2.822000000000000000e+03
8.200000000000000000e+03 2.712000000000000000e+03
8.250000000000000000e+03 2.394000000000000000e+03
8.300000000000000000e+03 2.576000000000000000e+03
8.350000000000000000e+03 2.415000000000000000e+03
8.400000000000000000e+03 2.311000000000000000e+03
8.450000000000000000e+03 2.212000000000000000e+03
8.500000000000000000e+03 2.274000000000000000e+03
8.550000000000000000e+03 2.151000000000000000e+03
8.600000000000000000e+03 2.152000000000000000e+03
8.650000000000000000e+03 2.275000000000000000e+03
8.700000000000000000e+03 2.283000000000000000e+03
8.750000000000000000e+03 2.168000000000000000e+03
8.800000000000000000e+03 2.312000000000000000e+03
8.850000000000000000e+03 2.417000000000000000e+03
8.900000000000000000e+03 2.425000000000000000e+03
8.950000000000000000e+03 2.596000000000000000e+03
9.000000000000000000e+03 2.777000000000000000e+03
9.050000000000000000e+03 2.916000000000000000e+03
9.100000000000000000e+03 3.113000000000000000e+03
9.150000000000000000e+03 3.232000000000000000e+03
9.200000000000000000e+03 3.459000000000000000e+03
9.250000000000000000e+03 3.641000000000000000e+03
9.300000000000000000e+03 3.987000000000000000e+03
9.350000000000000000e+03 4.177000000000000000e+03
9.400000000000000000e+03 4.437000000000000000e+03
9.450000000000000000e+03 4.539000000000000000e+03
9.500000000000000000e+03 4.803000000000000000e+03
9.550000000000000000e+03 5.071000000000000000e+03
9.600000000000000000e+03 5.223000000000000000e+03
9.650000000000000000e+03 5.533000000000000000e+03
9.700000000000000000e+03 5.617000000000000000e+03
9.750000000000000000e+03 5.722000000000000000e+03
9.800000000000000000e+03 5.843000000000000000e+03
9.850000000000000000e+03 5.931000000000000000e+03
9.900000000000000000e+03 6.242000000000000000e+03
9.950000000000000000e+03 6.268000000000000000e+03
