0.000000000000000000e+00 1.116000000000000000e+04
2.500000000000000000e+03 1.118600000000000000e+04
5.000000000000000000e+03 1.173700000000000000e+04
7.500000000000000000e+03 1.173500000000000000e+04
1.000000000000000000e+04 1.191000000000000000e+04
1.250000000000000000e+04 1.196100000000000000e+04
1.500000000000000000e+04 1.216300000000000000e+04
1.750000000000000000e+04 1.220200000000000000e+04
2.000000000000000000e+04 1.229800000000000000e+04
2.250000000000000000e+04 1.243500000000000000e+04
2.500000000000000000e+04 1.269400000000000000e+04
2.750000000000000000e+04 1.248800000000000000e+04
3.000000000000000000e+04 1.267500000000000000e+04
3.250000000000000000e+04 1.276600000000000000e+04
3.500000000000000000e+04 1.266100000000000000e+04
3.750000000000000000e+04 1.267900000000000000e+04
4.000000000000000000e+04 1.283100000000000000e+04
4.250000000000000000e+04 1.291500000000000000e+04
4.500000000000000000e+04 1.296000000000000000e+04
4.750000000000000000e+04 1.300300000000000000e+04
5.000000000000000000e+04 1.268500000000000000e+04
5.250000000000000000e+04 1.301500000000000000e+04
5.500000000000000000e+04 1.290200000000000000e+04
5.750000000000000000e+04 1.290400000000000000e+04
6.000000000000000000e+04 1.266600000000000000e+04
6.250000000000000000e+04 1.262200000000000000e+04
6.500000000000000000e+04 1.258700000000000000e+04
6.750000000000000000e+04 1.260800000000000000e+04
7.000000000000000000e+04 1.267400000000000000e+04
7.250000000000000000e+04 1.228200000000000000e+04
7.500000000000000000e+04 1.219000000000000000e+04
7.750000000000000000e+04 1.226600000000000000e+04
8.000000000000000000e+04 1.221000000000000000e+04
8.250000000000000000e+04 1.193100000000000000e+04
8.500000000000000000e+04 1.189600000000000000e+04
8.750000000000000000e+04 1.193100000000000000e+04
9.000000000000000000e+04 1.158500000000000000e+04
9.250000000000000000e+04 1.156400000000000000e+04
9.500000000000000000e+04 1.118000000000000000e+04
9.750000000000000000e+04 1.102600000000000000e+04
1.000000000000000000e+05 1.079000000000000000e+04
1.025000000000000000e+05 1.076200000000000000e+04
1.050000000000000000e+05 1.043500000000000000e+04
1.075000000000000000e+05 1.009900000000000000e+04
1.100000000000000000e+05 9.946000000000000000e+03
1.125000000000000000e+05 9.712000000000000000e+03
1.150000000000000000e+05 9.399000000000000000e+03
1.175000000000000000e+05 9.127000000000000000e+03
1.200000000000000000e+05 8.673000000000000000e+03
1.225000000000000000e+05 8.517000000000000000e+03
1.250000000000000000e+05 8.278000000000000000e+03
1.275000000000000000e+05 7.978000000000000000e+03
1.300000000000000000e+05 7.722000000000000000e+03
1.325000000000000000e+05 7.321000000000000000e+03
1.350000000000000000e+05 6.930000000000000000e+03
1.375000000000000000e+05 6.630000000000000000e+03
1.400000000000000000e+05 6.418000000000000000e+03
1.425000000000000000e+05 6.091000000000000000e+03
1.450000000000000000e+05 5.571000000000000000e+03
1.475000000000000000e+05 5.359000000000000000e+03
1.500000000000000000e+05 5.159000000000000000e+03
1.525000000000000000e+05 4.871000000000000000e+03
1.550000000000000000e+05 4.637000000000000000e+03
1.575000000000000000e+05 4.380000000000000000e+03
1.600000000000000000e+05 4.289000000000000000e+03
1.625000000000000000e+05 4.240000000000000000e+03
1.650000000000000000e+05 3.993000000000000000e+03
1.675000000000000000e+05 3.994000000000000000e+03
1.700000000000000000e+05 3.999000000000000000e+03
1.725000000000000000e+05 3.941000000000000000e+03
1.750000000000000000e+05 4.056000000000000000e+03
1.775000000000000000e+05 3.901000000000000000e+03
1.800000000000000000e+05 4.094000000000000000e+03
1.825000000000000000e+05 4.093000000000000000e+03
1.850000000000000000e+05 4.384000000000000000e+03
1.875000000000000000e+05 4.383000000000000000e+03
1.900000000000000000e+05 4.681000000000000000e+03
1.925000000000000000e+05 4.778000000000000000e+03
1.950000000000000000e+05 5.015000000000000000e+03
1.975000000000000000e+05 5.242000000000000000e+03
2.000000000000000000e+05 5.621000000000000000e+03
2.025000000000000000e+05 5.975000000000000000e+03
2.050000000000000000e+05 6.092000000000000000e+03
2.075000000000000000e+05 6.401000000000000000e+03
2.100000000000000000e+05 6.851000000000000000e+03
2.125000000000000000e+05 7.127000000000000000e+03
2.150000000000000000e+05 7.564000000000000000e+03
2.175000000000000000e+05 7.763000000000000000e+03
2.200000000000000000e+05 8.277000000000000000e+03
2.225000000000000000e+05 8.323000000000000000e+03
2.250000000000000000e+05 8.882000000000000000e+03
2.275000000000000000e+05 8.990000000000000000e+03
2.300000000000000000e+05 9.290000000000000000e+03
2.325000000000000000e+05 9.452000000000000000e+03
2.350000000000000000e+05 9.844000000000000000e+03
2.375000000000000000e+05 9.899000000000000000e+03
2.400000000000000000e+05 1.035300000000000000e+04
2.425000000000000000e+05 1.058700000000000000e+04
2.450000000000000000e+05 1.085700000000000000e+04
2.475000000000000000e+05 1.084000000000000000e+04
2.500000000000000000e+05 1.144000000000000000e+04
2.525000000000000000e+05 1.137400000000000000e+04
2.550000000000000000e+05 1.170100000000000000e+04
2.575000000000000000e+05 1.185900000000000000e+04
2.600000000000000000e+05 1.188800000000000000e+04
2.625000000000000000e+05 1.194700000000000000e+04
2.650000000000000000e+05 1.221500000000000000e+04
2.675000000000000000e+05 1.200000000000000000e+04
2.700000000000000000e+05 1.242800000000000000e+04
2.725000000000000000e+05 1.261500000000000000e+04
2.750000000000000000e+05 1.255200000000000000e+04
2.775000000000000000e+05 1.259500000000000000e+04
2.800000000000000000e+05 1.279800000000000000e+04
2.825000000000000000e+05 1.265700000000000000e+04
2.850000000000000000e+05 1.288600000000000000e+04
2.875000000000000000e+05 1.273300000000000000e+04
2.900000000000000000e+05 1.276100000000000000e+04
2.925000000000000000e+05 1.298700000000000000e+04
2.950000000000000000e+05 1.291600000000000000e+04
2.975000000000000000e+05 1.291300000000000000e+04
3.000000000000000000e+05 1.279900000000000000e+04
3.025000000000000000e+05 1.294100000000000000e+04
3.050000000000000000e+05 1.280500000000000000e+04
3.075000000000000000e+05 1.298200000000000000e+04
3.100000000000000000e+05 1.267600000000000000e+04
3.125000000000000000e+05 1.298800000000000000e+04
3.150000000000000000e+05 1.266200000000000000e+04
3.175000000000000000e+05 1.259800000000000000e+04
3.200000000000000000e+05 1.282800000000000000e+04
3.225000000000000000e+05 1.231600000000000000e+04
3.250000000000000000e+05 1.233000000000000000e+04
3.275000000000000000e+05 1.243600000000000000e+04
3.300000000000000000e+05 1.220900000000000000e+04
3.325000000000000000e+05 1.199900000000000000e+04
3.350000000000000000e+05 1.200400000000000000e+04
3.375000000000000000e+05 1.163700000000000000e+04
3.400000000000000000e+05 1.172500000000000000e+04
3.425000000000000000e+05 1.169900000000000000e+04
3.450000000000000000e+05 1.131700000000000000e+04
3.475000000000000000e+05 1.109400000000000000e+04
3.500000000000000000e+05 1.091100000000000000e+04
3.525000000000000000e+05 1.073600000000000000e+04
3.550000000000000000e+05 1.045600000000000000e+04
3.575000000000000000e+05 1.029300000000000000e+04
3.600000000000000000e+05 9.984000000000000000e+03
3.625000000000000000e+05 9.342000000000000000e+03
3.650000000000000000e+05 9.495000000000000000e+03
3.675000000000000000e+05 9.048000000000000000e+03
3.700000000000000000e+05 8.983000000000000000e+03
3.725000000000000000e+05 8.454000000000000000e+03
3.750000000000000000e+05 8.402000000000000000e+03
3.775000000000000000e+05 7.887000000000000000e+03
3.800000000000000000e+05 7.446000000000000000e+03
3.825000000000000000e+05 7.229000000000000000e+03
3.850000000000000000e+05 6.959000000000000000e+03
3.875000000000000000e+05 6.656000000000000000e+03
3.900000000000000000e+05 6.288000000000000000e+03
3.925000000000000000e+05 5.999000000000000000e+03
3.950000000000000000e+05 5.575000000000000000e+03
3.975000000000000000e+05 5.384000000000000000e+03
4.000000000000000000e+05 5.141000000000000000e+03
4.025000000000000000e+05 4.843000000000000000e+03
4.050000000000000000e+05 4.752000000000000000e+03
4.075000000000000000e+05 4.532000000000000000e+03
4.100000000000000000e+05 4.360000000000000000e+03
4.125000000000000000e+05 4.103000000000000000e+03
4.150000000000000000e+05 4.054000000000000000e+03
4.175000000000000000e+05 4.014000000000000000e+03
4.200000000000000000e+05 3.935000000000000000e+03
4.225000000000000000e+05 3.805000000000000000e+03
4.250000000000000000e+05 3.905000000000000000e+03
4.275000000000000000e+05 3.910000000000000000e+03
4.300000000000000000e+05 3.953000000000000000e+03
4.325000000000000000e+05 4.206000000000000000e+03
4.350000000000000000e+05 4.345000000000000000e+03
4.375000000000000000e+05 4.348000000000000000e+03
4.400000000000000000e+05 4.579000000000000000e+03
4.425000000000000000e+05 4.989000000000000000e+03
4.450000000000000000e+05 5.117000000000000000e+03
4.475000000000000000e+05 5.336000000000000000e+03
4.500000000000000000e+05 5.439000000000000000e+03
4.525000000000000000e+05 5.969000000000000000e+03
4.550000000000000000e+05 6.106000000000000000e+03
4.575000000000000000e+05 6.588000000000000000e+03
4.600000000000000000e+05 6.671000000000000000e+03
4.625000000000000000e+05 7.227000000000000000e+03
4.650000000000000000e+05 7.565000000000000000e+03
4.675000000000000000e+05 7.916000000000000000e+03
4.700000000000000000e+05 8.218000000000000000e+03
4.725000000000000000e+05 8.543000000000000000e+03
4.750000000000000000e+05 8.645000000000000000e+03
4.775000000000000000e+05 8.934000000000000000e+03
4.800000000000000000e+05 9.121000000000000000e+03
4.825000000000000000e+05 9.513000000000000000e+03
4.850000000000000000e+05 9.980000000000000000e+03
4.875000000000000000e+05 1.005800000000000000e+04
4.900000000000000000e+05 1.038500000000000000e+04
4.925000000000000000e+05 1.069900000000000000e+04
4.950000000000000000e+05 1.054500000000000000e+04
4.975000000000000000e+05 1.109800000000000000e+04
