0.000000000000000000e+00 1.690000000000000000e+02
3.333000000000000000e+03 1.890000000000000000e+02
6.666000000000000000e+03 1.720000000000000000e+02
9.999000000000000000e+03 1.670000000000000000e+02
1.333200000000000000e+04 2.020000000000000000e+02
1.666500000000000000e+04 1.530000000000000000e+02
1.999800000000000000e+04 1.530000000000000000e+02
2.333100000000000000e+04 1.930000000000000000e+02
2.666400000000000000e+04 1.860000000000000000e+02
2.999700000000000000e+04 1.890000000000000000e+02
3.333000000000000000e+04 1.760000000000000000e+02
3.666300000000000000e+04 1.760000000000000000e+02
3.999600000000000000e+04 2.050000000000000000e+02
4.332900000000000000e+04 1.840000000000000000e+02
4.666200000000000000e+04 1.950000000000000000e+02
4.999500000000000000e+04 1.900000000000000000e+02
5.332800000000000000e+04 1.830000000000000000e+02
5.666100000000000000e+04 1.600000000000000000e+02
5.999400000000000000e+04 1.810000000000000000e+02
6.332700000000000000e+04 1.940000000000000000e+02
6.666000000000000000e+04 1.840000000000000000e+02
6.999300000000000000e+04 1.670000000000000000e+02
7.332600000000000000e+04 1.870000000000000000e+02
7.665900000000000000e+04 1.830000000000000000e+02
7.999200000000000000e+04 1.890000000000000000e+02
8.332500000000000000e+04 1.780000000000000000e+02
8.665800000000000000e+04 1.650000000000000000e+02
8.999100000000000000e+04 1.800000000000000000e+02
9.332400000000000000e+04 1.600000000000000000e+02
9.665700000000000000e+04 1.840000000000000000e+02
9.999000000000000000e+04 1.760000000000000000e+02
1.033230000000000000e+05 1.740000000000000000e+02
1.066560000000000000e+05 1.880000000000000000e+02
1.099890000000000000e+05 1.490000000000000000e+02
1.133220000000000000e+05 2.010000000000000000e+02
1.166550000000000000e+05 1.820000000000000000e+02
1.199880000000000000e+05 1.550000000000000000e+02
1.233210000000000000e+05 1.780000000000000000e+02
1.266540000000000000e+05 1.590000000000000000e+02
1.299870000000000000e+05 2.070000000000000000e+02
1.333200000000000000e+05 1.920000000000000000e+02
1.366530000000000000e+05 1.900000000000000000e+02
1.399860000000000000e+05 1.680000000000000000e+02
1.433190000000000000e+05 1.770000000000000000e+02
1.466520000000000000e+05 1.920000000000000000e+02
1.499850000000000000e+05 2.020000000000000000e+02
1.533180000000000000e+05 1.830000000000000000e+02
1.566510000000000000e+05 1.970000000000000000e+02
1.599840000000000000e+05 1.620000000000000000e+02
1.633170000000000000e+05 1.660000000000000000e+02
1.666500000000000000e+05 1.800000000000000000e+02
1.699830000000000000e+05 1.700000000000000000e+02
1.733160000000000000e+05 1.950000000000000000e+02
1.766490000000000000e+05 1.700000000000000000e+02
1.799820000000000000e+05 2.090000000000000000e+02
1.833150000000000000e+05 1.850000000000000000e+02
1.866480000000000000e+05 1.790000000000000000e+02
1.899810000000000000e+05 1.810000000000000000e+02
1.933140000000000000e+05 1.500000000000000000e+02
1.966470000000000000e+05 1.780000000000000000e+02
1.999800000000000000e+05 1.700000000000000000e+02
2.033130000000000000e+05 1.830000000000000000e+02
2.066460000000000000e+05 1.880000000000000000e+02
2.099790000000000000e+05 1.870000000000000000e+02
2.133120000000000000e+05 1.780000000000000000e+02
2.166450000000000000e+05 1.730000000000000000e+02
2.199780000000000000e+05 1.720000000000000000e+02
2.233110000000000000e+05 1.960000000000000000e+02
2.266440000000000000e+05 1.810000000000000000e+02
2.299770000000000000e+05 1.810000000000000000e+02
2.333100000000000000e+05 1.560000000000000000e+02
2.366430000000000000e+05 1.710000000000000000e+02
2.399760000000000000e+05 1.990000000000000000e+02
2.433090000000000000e+05 1.920000000000000000e+02
2.466420000000000000e+05 1.760000000000000000e+02
2.499750000000000000e+05 1.580000000000000000e+02
2.533080000000000000e+05 1.680000000000000000e+02
2.566410000000000000e+05 1.890000000000000000e+02
2.599740000000000000e+05 1.750000000000000000e+02
2.633070000000000000e+05 1.960000000000000000e+02
2.666400000000000000e+05 1.870000000000000000e+02
2.699730000000000000e+05 1.780000000000000000e+02
2.733060000000000000e+05 1.920000000000000000e+02
2.766390000000000000e+05 1.730000000000000000e+02
2.799720000000000000e+05 1.910000000000000000e+02
2.833050000000000000e+05 2.070000000000000000e+02
2.866380000000000000e+05 1.630000000000000000e+02
2.899710000000000000e+05 1.970000000000000000e+02
2.933040000000000000e+05 2.020000000000000000e+02
2.966370000000000000e+05 1.880000000000000000e+02
2.999700000000000000e+05 1.890000000000000000e+02
3.033030000000000000e+05 1.820000000000000000e+02
3.066360000000000000e+05 1.820000000000000000e+02
3.099690000000000000e+05 1.530000000000000000e+02
3.133020000000000000e+05 2.280000000000000000e+02
3.166350000000000000e+05 1.860000000000000000e+02
3.199680000000000000e+05 1.710000000000000000e+02
3.233010000000000000e+05 1.920000000000000000e+02
3.266340000000000000e+05 1.700000000000000000e+02
3.299670000000000000e+05 2.150000000000000000e+02
3.333000000000000000e+05 1.770000000000000000e+02
3.366330000000000000e+05 1.880000000000000000e+02
3.399660000000000000e+05 1.740000000000000000e+02
3.432990000000000000e+05 1.670000000000000000e+02
3.466320000000000000e+05 1.750000000000000000e+02
3.499650000000000000e+05 2.040000000000000000e+02
3.532980000000000000e+05 1.840000000000000000e+02
3.566310000000000000e+05 1.850000000000000000e+02
3.599640000000000000e+05 1.890000000000000000e+02
3.632970000000000000e+05 1.780000000000000000e+02
3.666300000000000000e+05 1.940000000000000000e+02
3.699630000000000000e+05 1.870000000000000000e+02
3.732960000000000000e+05 1.800000000000000000e+02
3.766290000000000000e+05 1.710000000000000000e+02
3.799620000000000000e+05 1.990000000000000000e+02
3.832950000000000000e+05 1.700000000000000000e+02
3.866280000000000000e+05 1.910000000000000000e+02
3.899610000000000000e+05 1.660000000000000000e+02
3.932940000000000000e+05 1.630000000000000000e+02
3.966270000000000000e+05 1.920000000000000000e+02
3.999600000000000000e+05 1.930000000000000000e+02
4.032930000000000000e+05 1.840000000000000000e+02
4.066260000000000000e+05 1.940000000000000000e+02
4.099590000000000000e+05 1.650000000000000000e+02
4.132920000000000000e+05 2.030000000000000000e+02
4.166250000000000000e+05 1.600000000000000000e+02
4.199580000000000000e+05 1.780000000000000000e+02
4.232910000000000000e+05 1.650000000000000000e+02
4.266240000000000000e+05 1.840000000000000000e+02
4.299570000000000000e+05 1.540000000000000000e+02
4.332900000000000000e+05 1.580000000000000000e+02
4.366230000000000000e+05 1.970000000000000000e+02
4.399560000000000000e+05 2.110000000000000000e+02
4.432890000000000000e+05 1.400000000000000000e+02
4.466220000000000000e+05 2.060000000000000000e+02
4.499550000000000000e+05 1.990000000000000000e+02
4.532880000000000000e+05 1.870000000000000000e+02
4.566210000000000000e+05 1.690000000000000000e+02
4.599540000000000000e+05 1.690000000000000000e+02
4.632870000000000000e+05 1.810000000000000000e+02
4.666200000000000000e+05 1.840000000000000000e+02
4.699530000000000000e+05 1.850000000000000000e+02
4.732860000000000000e+05 2.050000000000000000e+02
4.766190000000000000e+05 1.750000000000000000e+02
4.799520000000000000e+05 1.870000000000000000e+02
4.832850000000000000e+05 1.620000000000000000e+02
4.866180000000000000e+05 1.800000000000000000e+02
4.899510000000000000e+05 2.200000000000000000e+02
4.932840000000000000e+05 1.760000000000000000e+02
4.966170000000000000e+05 1.930000000000000000e+02
4.999500000000000000e+05 1.910000000000000000e+02
5.032830000000000000e+05 1.970000000000000000e+02
5.066160000000000000e+05 1.720000000000000000e+02
5.099490000000000000e+05 1.710000000000000000e+02
5.132820000000000000e+05 1.670000000000000000e+02
5.166150000000000000e+05 1.670000000000000000e+02
5.199480000000000000e+05 1.720000000000000000e+02
5.232810000000000000e+05 1.800000000000000000e+02
5.266140000000000000e+05 1.860000000000000000e+02
5.299470000000000000e+05 1.830000000000000000e+02
5.332800000000000000e+05 2.060000000000000000e+02
5.366130000000000000e+05 1.570000000000000000e+02
5.399460000000000000e+05 2.030000000000000000e+02
5.432790000000000000e+05 1.900000000000000000e+02
5.466120000000000000e+05 1.720000000000000000e+02
5.499450000000000000e+05 2.040000000000000000e+02
5.532780000000000000e+05 1.960000000000000000e+02
5.566110000000000000e+05 2.040000000000000000e+02
5.599440000000000000e+05 1.660000000000000000e+02
5.632770000000000000e+05 1.610000000000000000e+02
5.666100000000000000e+05 1.840000000000000000e+02
5.699430000000000000e+05 2.050000000000000000e+02
5.732760000000000000e+05 1.950000000000000000e+02
5.766090000000000000e+05 1.800000000000000000e+02
5.799420000000000000e+05 1.950000000000000000e+02
5.832750000000000000e+05 1.850000000000000000e+02
5.866080000000000000e+05 1.860000000000000000e+02
5.899410000000000000e+05 1.770000000000000000e+02
5.932740000000000000e+05 1.530000000000000000e+02
5.966070000000000000e+05 1.720000000000000000e+02
5.999400000000000000e+05 1.850000000000000000e+02
6.032730000000000000e+05 1.620000000000000000e+02
6.066060000000000000e+05 2.060000000000000000e+02
6.099390000000000000e+05 1.690000000000000000e+02
6.132720000000000000e+05 1.980000000000000000e+02
6.166050000000000000e+05 1.930000000000000000e+02
6.199380000000000000e+05 1.530000000000000000e+02
6.232710000000000000e+05 2.080000000000000000e+02
6.266040000000000000e+05 1.760000000000000000e+02
6.299370000000000000e+05 1.980000000000000000e+02
6.332700000000000000e+05 1.880000000000000000e+02
6.366030000000000000e+05 1.740000000000000000e+02
6.399360000000000000e+05 1.640000000000000000e+02
6.432690000000000000e+05 1.890000000000000000e+02
6.466020000000000000e+05 1.860000000000000000e+02
6.499350000000000000e+05 1.560000000000000000e+02
6.532680000000000000e+05 2.090000000000000000e+02
6.566010000000000000e+05 1.790000000000000000e+02
6.599340000000000000e+05 2.050000000000000000e+02
6.632670000000000000e+05 1.820000000000000000e+02
