0.000000000000000000e+00 8.300000000000000000e+01
3.300000000000000000e+01 1.050000000000000000e+02
6.600000000000000000e+01 9.400000000000000000e+01
9.900000000000000000e+01 9.300000000000000000e+01
1.320000000000000000e+02 1.200000000000000000e+02
1.650000000000000000e+02 9.200000000000000000e+01
1.980000000000000000e+02 8.900000000000000000e+01
2.310000000000000000e+02 9.100000000000000000e+01
2.640000000000000000e+02 1.100000000000000000e+02
2.970000000000000000e+02 7.200000000000000000e+01
3.300000000000000000e+02 8.900000000000000000e+01
3.630000000000000000e+02 9.000000000000000000e+01
3.960000000000000000e+02 9.400000000000000000e+01
4.290000000000000000e+02 9.700000000000000000e+01
4.620000000000000000e+02 8.000000000000000000e+01
4.950000000000000000e+02 8.300000000000000000e+01
5.280000000000000000e+02 1.160000000000000000e+02
5.610000000000000000e+02 8.600000000000000000e+01
5.940000000000000000e+02 7.300000000000000000e+01
6.270000000000000000e+02 9.200000000000000000e+01
6.600000000000000000e+02 8.300000000000000000e+01
6.930000000000000000e+02 9.600000000000000000e+01
7.260000000000000000e+02 8.600000000000000000e+01
7.590000000000000000e+02 1.060000000000000000e+02
7.920000000000000000e+02 8.800000000000000000e+01
8.250000000000000000e+02 8.700000000000000000e+01
8.580000000000000000e+02 8.000000000000000000e+01
8.910000000000000000e+02 9.000000000000000000e+01
9.240000000000000000e+02 8.400000000000000000e+01
9.570000000000000000e+02 1.080000000000000000e+02
9.900000000000000000e+02 1.060000000000000000e+02
1.023000000000000000e+03 8.400000000000000000e+01
1.056000000000000000e+03 1.110000000000000000e+02
1.089000000000000000e+03 8.900000000000000000e+01
1.122000000000000000e+03 9.900000000000000000e+01
1.155000000000000000e+03 9.300000000000000000e+01
1.188000000000000000e+03 8.100000000000000000e+01
1.221000000000000000e+03 9.200000000000000000e+01
1.254000000000000000e+03 9.700000000000000000e+01
1.287000000000000000e+03 9.500000000000000000e+01
1.320000000000000000e+03 1.000000000000000000e+02
1.353000000000000000e+03 8.700000000000000000e+01
1.386000000000000000e+03 9.500000000000000000e+01
1.419000000000000000e+03 9.800000000000000000e+01
1.452000000000000000e+03 8.800000000000000000e+01
1.485000000000000000e+03 9.700000000000000000e+01
1.518000000000000000e+03 9.600000000000000000e+01
1.551000000000000000e+03 9.300000000000000000e+01
1.584000000000000000e+03 8.400000000000000000e+01
1.617000000000000000e+03 9.000000000000000000e+01
1.650000000000000000e+03 1.080000000000000000e+02
1.683000000000000000e+03 1.140000000000000000e+02
1.716000000000000000e+03 9.000000000000000000e+01
1.749000000000000000e+03 9.400000000000000000e+01
1.782000000000000000e+03 8.900000000000000000e+01
1.815000000000000000e+03 1.000000000000000000e+02
1.848000000000000000e+03 9.200000000000000000e+01
1.881000000000000000e+03 9.600000000000000000e+01
1.914000000000000000e+03 1.050000000000000000e+02
1.947000000000000000e+03 9.000000000000000000e+01
1.980000000000000000e+03 8.500000000000000000e+01
2.013000000000000000e+03 9.500000000000000000e+01
2.046000000000000000e+03 7.400000000000000000e+01
2.079000000000000000e+03 1.120000000000000000e+02
2.112000000000000000e+03 9.400000000000000000e+01
2.145000000000000000e+03 8.700000000000000000e+01
2.178000000000000000e+03 9.100000000000000000e+01
2.211000000000000000e+03 1.040000000000000000e+02
2.244000000000000000e+03 9.900000000000000000e+01
2.277000000000000000e+03 8.300000000000000000e+01
2.310000000000000000e+03 8.800000000000000000e+01
2.343000000000000000e+03 1.000000000000000000e+02
2.376000000000000000e+03 1.090000000000000000e+02
2.409000000000000000e+03 9.800000000000000000e+01
2.442000000000000000e+03 1.030000000000000000e+02
2.475000000000000000e+03 9.300000000000000000e+01
2.508000000000000000e+03 9.500000000000000000e+01
2.541000000000000000e+03 8.800000000000000000e+01
2.574000000000000000e+03 8.100000000000000000e+01
2.607000000000000000e+03 8.500000000000000000e+01
2.640000000000000000e+03 1.060000000000000000e+02
2.673000000000000000e+03 8.800000000000000000e+01
2.706000000000000000e+03 6.900000000000000000e+01
2.739000000000000000e+03 1.050000000000000000e+02
2.772000000000000000e+03 8.600000000000000000e+01
2.805000000000000000e+03 9.200000000000000000e+01
2.838000000000000000e+03 8.400000000000000000e+01
2.871000000000000000e+03 1.050000000000000000e+02
2.904000000000000000e+03 8.400000000000000000e+01
2.937000000000000000e+03 1.130000000000000000e+02
2.970000000000000000e+03 9.600000000000000000e+01
3.003000000000000000e+03 7.900000000000000000e+01
3.036000000000000000e+03 8.900000000000000000e+01
3.069000000000000000e+03 1.030000000000000000e+02
3.102000000000000000e+03 8.700000000000000000e+01
3.135000000000000000e+03 7.400000000000000000e+01
3.168000000000000000e+03 9.300000000000000000e+01
3.201000000000000000e+03 1.120000000000000000e+02
3.234000000000000000e+03 1.200000000000000000e+02
3.267000000000000000e+03 8.000000000000000000e+01
3.300000000000000000e+03 8.500000000000000000e+01
3.333000000000000000e+03 1.000000000000000000e+02
3.366000000000000000e+03 9.500000000000000000e+01
3.399000000000000000e+03 1.060000000000000000e+02
3.432000000000000000e+03 8.800000000000000000e+01
3.465000000000000000e+03 9.800000000000000000e+01
3.498000000000000000e+03 1.070000000000000000e+02
3.531000000000000000e+03 8.700000000000000000e+01
3.564000000000000000e+03 8.700000000000000000e+01
3.597000000000000000e+03 9.900000000000000000e+01
3.630000000000000000e+03 1.000000000000000000e+02
3.663000000000000000e+03 8.300000000000000000e+01
3.696000000000000000e+03 9.800000000000000000e+01
3.729000000000000000e+03 8.400000000000000000e+01
3.762000000000000000e+03 1.110000000000000000e+02
3.795000000000000000e+03 8.500000000000000000e+01
3.828000000000000000e+03 1.070000000000000000e+02
3.861000000000000000e+03 9.500000000000000000e+01
3.894000000000000000e+03 9.700000000000000000e+01
3.927000000000000000e+03 9.400000000000000000e+01
3.960000000000000000e+03 9.900000000000000000e+01
3.993000000000000000e+03 9.800000000000000000e+01
4.026000000000000000e+03 1.080000000000000000e+02
4.059000000000000000e+03 9.000000000000000000e+01
4.092000000000000000e+03 9.300000000000000000e+01
4.125000000000000000e+03 8.900000000000000000e+01
4.158000000000000000e+03 1.100000000000000000e+02
4.191000000000000000e+03 1.080000000000000000e+02
4.224000000000000000e+03 1.110000000000000000e+02
4.257000000000000000e+03 9.500000000000000000e+01
4.290000000000000000e+03 8.700000000000000000e+01
4.323000000000000000e+03 1.050000000000000000e+02
4.356000000000000000e+03 9.300000000000000000e+01
4.389000000000000000e+03 1.110000000000000000e+02
4.422000000000000000e+03 8.200000000000000000e+01
4.455000000000000000e+03 1.070000000000000000e+02
4.488000000000000000e+03 1.000000000000000000e+02
4.521000000000000000e+03 9.000000000000000000e+01
4.554000000000000000e+03 9.300000000000000000e+01
4.587000000000000000e+03 9.900000000000000000e+01
4.620000000000000000e+03 9.700000000000000000e+01
4.653000000000000000e+03 9.900000000000000000e+01
4.686000000000000000e+03 1.080000000000000000e+02
4.719000000000000000e+03 1.090000000000000000e+02
4.752000000000000000e+03 8.800000000000000000e+01
4.785000000000000000e+03 7.800000000000000000e+01
4.818000000000000000e+03 1.090000000000000000e+02
4.851000000000000000e+03 7.500000000000000000e+01
4.884000000000000000e+03 9.800000000000000000e+01
4.917000000000000000e+03 8.300000000000000000e+01
4.950000000000000000e+03 7.900000000000000000e+01
4.983000000000000000e+03 1.010000000000000000e+02
5.016000000000000000e+03 8.000000000000000000e+01
5.049000000000000000e+03 1.210000000000000000e+02
5.082000000000000000e+03 9.100000000000000000e+01
5.115000000000000000e+03 9.700000000000000000e+01
5.148000000000000000e+03 8.600000000000000000e+01
5.181000000000000000e+03 8.900000000000000000e+01
5.214000000000000000e+03 9.800000000000000000e+01
5.247000000000000000e+03 6.900000000000000000e+01
5.280000000000000000e+03 8.300000000000000000e+01
5.313000000000000000e+03 9.600000000000000000e+01
5.346000000000000000e+03 1.100000000000000000e+02
5.379000000000000000e+03 9.300000000000000000e+01
5.412000000000000000e+03 8.600000000000000000e+01
5.445000000000000000e+03 8.700000000000000000e+01
5.478000000000000000e+03 9.100000000000000000e+01
5.511000000000000000e+03 9.400000000000000000e+01
5.544000000000000000e+03 9.200000000000000000e+01
5.577000000000000000e+03 9.600000000000000000e+01
5.610000000000000000e+03 9.800000000000000000e+01
5.643000000000000000e+03 9.900000000000000000e+01
5.676000000000000000e+03 1.290000000000000000e+02
5.709000000000000000e+03 9.100000000000000000e+01
5.742000000000000000e+03 1.240000000000000000e+02
5.775000000000000000e+03 9.600000000000000000e+01
5.808000000000000000e+03 9.900000000000000000e+01
5.841000000000000000e+03 9.300000000000000000e+01
5.874000000000000000e+03 8.300000000000000000e+01
5.907000000000000000e+03 9.000000000000000000e+01
5.940000000000000000e+03 1.110000000000000000e+02
5.973000000000000000e+03 9.300000000000000000e+01
6.006000000000000000e+03 1.040000000000000000e+02
6.039000000000000000e+03 9.800000000000000000e+01
6.072000000000000000e+03 8.400000000000000000e+01
6.105000000000000000e+03 7.600000000000000000e+01
6.138000000000000000e+03 9.100000000000000000e+01
6.171000000000000000e+03 8.700000000000000000e+01
6.204000000000000000e+03 9.600000000000000000e+01
6.237000000000000000e+03 9.400000000000000000e+01
6.270000000000000000e+03 1.090000000000000000e+02
6.303000000000000000e+03 9.700000000000000000e+01
6.336000000000000000e+03 9.700000000000000000e+01
6.369000000000000000e+03 1.020000000000000000e+02
6.402000000000000000e+03 7.600000000000000000e+01
6.435000000000000000e+03 9.700000000000000000e+01
6.468000000000000000e+03 8.900000000000000000e+01
6.501000000000000000e+03 7.100000000000000000e+01
6.534000000000000000e+03 1.000000000000000000e+02
6.567000000000000000e+03 1.000000000000000000e+02
6.600000000000000000e+03 7.800000000000000000e+01
6.633000000000000000e+03 7.800000000000000000e+01
