0.000000000000000000e+00 8.000000000000000000e+01
3.330000000000000000e+02 1.070000000000000000e+02
6.660000000000000000e+02 9.800000000000000000e+01
9.990000000000000000e+02 8.100000000000000000e+01
1.332000000000000000e+03 1.070000000000000000e+02
1.665000000000000000e+03 1.000000000000000000e+02
1.998000000000000000e+03 1.170000000000000000e+02
2.331000000000000000e+03 1.040000000000000000e+02
2.664000000000000000e+03 1.000000000000000000e+02
2.997000000000000000e+03 1.160000000000000000e+02
3.330000000000000000e+03 1.050000000000000000e+02
3.663000000000000000e+03 1.040000000000000000e+02
3.996000000000000000e+03 8.900000000000000000e+01
4.329000000000000000e+03 1.100000000000000000e+02
4.662000000000000000e+03 1.070000000000000000e+02
4.995000000000000000e+03 9.500000000000000000e+01
5.328000000000000000e+03 9.900000000000000000e+01
5.661000000000000000e+03 9.900000000000000000e+01
5.994000000000000000e+03 7.900000000000000000e+01
6.327000000000000000e+03 9.500000000000000000e+01
6.660000000000000000e+03 9.800000000000000000e+01
6.993000000000000000e+03 9.100000000000000000e+01
7.326000000000000000e+03 1.000000000000000000e+02
7.659000000000000000e+03 1.040000000000000000e+02
7.992000000000000000e+03 8.400000000000000000e+01
8.325000000000000000e+03 8.800000000000000000e+01
8.658000000000000000e+03 9.100000000000000000e+01
8.991000000000000000e+03 9.900000000000000000e+01
9.324000000000000000e+03 1.120000000000000000e+02
9.657000000000000000e+03 1.120000000000000000e+02
9.990000000000000000e+03 1.080000000000000000e+02
1.032300000000000000e+04 1.080000000000000000e+02
1.065600000000000000e+04 1.010000000000000000e+02
1.098900000000000000e+04 1.070000000000000000e+02
1.132200000000000000e+04 8.600000000000000000e+01
1.165500000000000000e+04 9.200000000000000000e+01
1.198800000000000000e+04 9.800000000000000000e+01
1.232100000000000000e+04 1.090000000000000000e+02
1.265400000000000000e+04 1.150000000000000000e+02
1.298700000000000000e+04 1.050000000000000000e+02
1.332000000000000000e+04 9.800000000000000000e+01
1.365300000000000000e+04 1.060000000000000000e+02
1.398600000000000000e+04 8.900000000000000000e+01
1.431900000000000000e+04 8.300000000000000000e+01
1.465200000000000000e+04 9.200000000000000000e+01
1.498500000000000000e+04 9.100000000000000000e+01
1.531800000000000000e+04 7.300000000000000000e+01
1.565100000000000000e+04 1.100000000000000000e+02
1.598400000000000000e+04 9.700000000000000000e+01
1.631700000000000000e+04 1.060000000000000000e+02
1.665000000000000000e+04 9.500000000000000000e+01
1.698300000000000000e+04 1.030000000000000000e+02
1.731600000000000000e+04 9.300000000000000000e+01
1.764900000000000000e+04 9.300000000000000000e+01
1.798200000000000000e+04 9.100000000000000000e+01
1.831500000000000000e+04 1.130000000000000000e+02
1.864800000000000000e+04 1.220000000000000000e+02
1.898100000000000000e+04 1.280000000000000000e+02
1.931400000000000000e+04 1.070000000000000000e+02
1.964700000000000000e+04 1.040000000000000000e+02
1.998000000000000000e+04 1.050000000000000000e+02
2.031300000000000000e+04 9.500000000000000000e+01
2.064600000000000000e+04 9.900000000000000000e+01
2.097900000000000000e+04 9.600000000000000000e+01
2.131200000000000000e+04 8.100000000000000000e+01
2.164500000000000000e+04 8.700000000000000000e+01
2.197800000000000000e+04 1.010000000000000000e+02
2.231100000000000000e+04 8.600000000000000000e+01
2.264400000000000000e+04 1.010000000000000000e+02
2.297700000000000000e+04 1.080000000000000000e+02
2.331000000000000000e+04 9.600000000000000000e+01
2.364300000000000000e+04 1.070000000000000000e+02
2.397600000000000000e+04 8.000000000000000000e+01
2.430900000000000000e+04 9.100000000000000000e+01
2.464200000000000000e+04 1.070000000000000000e+02
2.497500000000000000e+04 7.800000000000000000e+01
2.530800000000000000e+04 9.100000000000000000e+01
2.564100000000000000e+04 9.800000000000000000e+01
2.597400000000000000e+04 1.050000000000000000e+02
2.630700000000000000e+04 1.120000000000000000e+02
2.664000000000000000e+04 1.040000000000000000e+02
2.697300000000000000e+04 1.130000000000000000e+02
2.730600000000000000e+04 1.070000000000000000e+02
2.763900000000000000e+04 1.120000000000000000e+02
2.797200000000000000e+04 1.070000000000000000e+02
2.830500000000000000e+04 1.110000000000000000e+02
2.863800000000000000e+04 1.110000000000000000e+02
2.897100000000000000e+04 9.900000000000000000e+01
2.930400000000000000e+04 9.200000000000000000e+01
2.963700000000000000e+04 1.130000000000000000e+02
2.997000000000000000e+04 9.300000000000000000e+01
3.030300000000000000e+04 8.200000000000000000e+01
3.063600000000000000e+04 9.700000000000000000e+01
3.096900000000000000e+04 8.500000000000000000e+01
3.130200000000000000e+04 9.400000000000000000e+01
3.163500000000000000e+04 1.080000000000000000e+02
3.196800000000000000e+04 9.700000000000000000e+01
3.230100000000000000e+04 1.040000000000000000e+02
3.263400000000000000e+04 9.200000000000000000e+01
3.296700000000000000e+04 8.500000000000000000e+01
3.330000000000000000e+04 9.300000000000000000e+01
3.363300000000000000e+04 9.100000000000000000e+01
3.396600000000000000e+04 1.070000000000000000e+02
3.429900000000000000e+04 1.110000000000000000e+02
3.463200000000000000e+04 1.010000000000000000e+02
3.496500000000000000e+04 9.700000000000000000e+01
3.529800000000000000e+04 9.400000000000000000e+01
3.563100000000000000e+04 1.220000000000000000e+02
3.596400000000000000e+04 9.700000000000000000e+01
3.629700000000000000e+04 1.180000000000000000e+02
3.663000000000000000e+04 1.110000000000000000e+02
3.696300000000000000e+04 9.400000000000000000e+01
3.729600000000000000e+04 1.060000000000000000e+02
3.762900000000000000e+04 1.100000000000000000e+02
3.796200000000000000e+04 1.120000000000000000e+02
3.829500000000000000e+04 1.010000000000000000e+02
3.862800000000000000e+04 1.060000000000000000e+02
3.896100000000000000e+04 9.700000000000000000e+01
3.929400000000000000e+04 9.100000000000000000e+01
3.962700000000000000e+04 8.900000000000000000e+01
3.996000000000000000e+04 8.400000000000000000e+01
4.029300000000000000e+04 1.010000000000000000e+02
4.062600000000000000e+04 9.500000000000000000e+01
4.095900000000000000e+04 8.400000000000000000e+01
4.129200000000000000e+04 9.400000000000000000e+01
4.162500000000000000e+04 1.060000000000000000e+02
4.195800000000000000e+04 8.900000000000000000e+01
4.229100000000000000e+04 9.800000000000000000e+01
4.262400000000000000e+04 1.120000000000000000e+02
4.295700000000000000e+04 9.700000000000000000e+01
4.329000000000000000e+04 1.060000000000000000e+02
4.362300000000000000e+04 9.400000000000000000e+01
4.395600000000000000e+04 9.000000000000000000e+01
4.428900000000000000e+04 1.070000000000000000e+02
4.462200000000000000e+04 1.170000000000000000e+02
4.495500000000000000e+04 8.300000000000000000e+01
4.528800000000000000e+04 1.060000000000000000e+02
4.562100000000000000e+04 1.040000000000000000e+02
4.595400000000000000e+04 9.300000000000000000e+01
4.628700000000000000e+04 9.900000000000000000e+01
4.662000000000000000e+04 8.700000000000000000e+01
4.695300000000000000e+04 1.050000000000000000e+02
4.728600000000000000e+04 1.070000000000000000e+02
4.761900000000000000e+04 8.800000000000000000e+01
4.795200000000000000e+04 1.050000000000000000e+02
4.828500000000000000e+04 8.800000000000000000e+01
4.861800000000000000e+04 8.200000000000000000e+01
4.895100000000000000e+04 9.600000000000000000e+01
4.928400000000000000e+04 8.300000000000000000e+01
4.961700000000000000e+04 8.700000000000000000e+01
4.995000000000000000e+04 8.500000000000000000e+01
5.028300000000000000e+04 8.900000000000000000e+01
5.061600000000000000e+04 9.700000000000000000e+01
5.094900000000000000e+04 9.300000000000000000e+01
5.128200000000000000e+04 8.300000000000000000e+01
5.161500000000000000e+04 1.370000000000000000e+02
5.194800000000000000e+04 9.700000000000000000e+01
5.228100000000000000e+04 1.020000000000000000e+02
5.261400000000000000e+04 1.060000000000000000e+02
5.294700000000000000e+04 1.050000000000000000e+02
5.328000000000000000e+04 1.170000000000000000e+02
5.361300000000000000e+04 1.110000000000000000e+02
5.394600000000000000e+04 8.400000000000000000e+01
5.427900000000000000e+04 1.040000000000000000e+02
5.461200000000000000e+04 1.030000000000000000e+02
5.494500000000000000e+04 1.110000000000000000e+02
5.527800000000000000e+04 9.800000000000000000e+01
5.561100000000000000e+04 9.200000000000000000e+01
5.594400000000000000e+04 8.800000000000000000e+01
5.627700000000000000e+04 1.030000000000000000e+02
5.661000000000000000e+04 9.300000000000000000e+01
5.694300000000000000e+04 7.900000000000000000e+01
5.727600000000000000e+04 9.700000000000000000e+01
5.760900000000000000e+04 9.700000000000000000e+01
5.794200000000000000e+04 7.700000000000000000e+01
5.827500000000000000e+04 1.250000000000000000e+02
5.860800000000000000e+04 8.100000000000000000e+01
5.894100000000000000e+04 8.900000000000000000e+01
5.927400000000000000e+04 1.200000000000000000e+02
5.960700000000000000e+04 1.150000000000000000e+02
5.994000000000000000e+04 9.800000000000000000e+01
6.027300000000000000e+04 1.120000000000000000e+02
6.060600000000000000e+04 9.800000000000000000e+01
6.093900000000000000e+04 1.050000000000000000e+02
6.127200000000000000e+04 1.030000000000000000e+02
6.160500000000000000e+04 1.060000000000000000e+02
6.193800000000000000e+04 9.900000000000000000e+01
6.227100000000000000e+04 1.020000000000000000e+02
6.260400000000000000e+04 9.400000000000000000e+01
6.293700000000000000e+04 1.020000000000000000e+02
6.327000000000000000e+04 9.300000000000000000e+01
6.360300000000000000e+04 8.600000000000000000e+01
6.393600000000000000e+04 1.100000000000000000e+02
6.426900000000000000e+04 7.500000000000000000e+01
6.460200000000000000e+04 1.000000000000000000e+02
6.493500000000000000e+04 9.000000000000000000e+01
6.526800000000000000e+04 9.700000000000000000e+01
6.560100000000000000e+04 8.500000000000000000e+01
6.593400000000000000e+04 9.700000000000000000e+01
6.626700000000000000e+04 9.400000000000000000e+01
