0.000000000000000000e+00 7.590000000000000000e+03
1.000000000000000000e+03 7.894000000000000000e+03
2.000000000000000000e+03 7.838000000000000000e+03
3.000000000000000000e+03 8.017000000000000000e+03
4.000000000000000000e+03 8.051000000000000000e+03
5.000000000000000000e+03 8.219000000000000000e+03
6.000000000000000000e+03 8.486000000000000000e+03
7.000000000000000000e+03 8.290000000000000000e+03
8.000000000000000000e+03 8.598000000000000000e+03
9.000000000000000000e+03 8.722000000000000000e+03
1.000000000000000000e+04 8.773000000000000000e+03
1.100000000000000000e+04 8.764000000000000000e+03
1.200000000000000000e+04 8.868000000000000000e+03
1.300000000000000000e+04 8.867000000000000000e+03
1.400000000000000000e+04 8.892000000000000000e+03
1.500000000000000000e+04 8.734000000000000000e+03
1.600000000000000000e+04 9.026000000000000000e+03
1.700000000000000000e+04 8.813000000000000000e+03
1.800000000000000000e+04 9.087000000000000000e+03
1.900000000000000000e+04 8.843000000000000000e+03
2.000000000000000000e+04 8.651000000000000000e+03
2.100000000000000000e+04 8.829000000000000000e+03
2.200000000000000000e+04 8.815000000000000000e+03
2.300000000000000000e+04 8.914000000000000000e+03
2.400000000000000000e+04 8.855000000000000000e+03
2.500000000000000000e+04 8.696000000000000000e+03
2.600000000000000000e+04 8.528000000000000000e+03
2.700000000000000000e+04 8.840000000000000000e+03
2.800000000000000000e+04 8.570000000000000000e+03
2.900000000000000000e+04 8.690000000000000000e+03
3.000000000000000000e+04 8.665000000000000000e+03
3.100000000000000000e+04 8.504000000000000000e+03
3.200000000000000000e+04 8.472000000000000000e+03
3.300000000000000000e+04 8.333000000000000000e+03
3.400000000000000000e+04 8.232000000000000000e+03
3.500000000000000000e+04 8.194000000000000000e+03
3.600000000000000000e+04 8.121000000000000000e+03
3.700000000000000000e+04 7.873000000000000000e+03
3.800000000000000000e+04 7.727000000000000000e+03
3.900000000000000000e+04 7.601000000000000000e+03
4.000000000000000000e+04 7.633000000000000000e+03
4.100000000000000000e+04 7.279000000000000000e+03
4.200000000000000000e+04 7.075000000000000000e+03
4.300000000000000000e+04 7.054000000000000000e+03
4.400000000000000000e+04 6.948000000000000000e+03
4.500000000000000000e+04 6.717000000000000000e+03
4.600000000000000000e+04 6.293000000000000000e+03
4.700000000000000000e+04 6.124000000000000000e+03
4.800000000000000000e+04 5.893000000000000000e+03
4.900000000000000000e+04 5.722000000000000000e+03
5.000000000000000000e+04 5.546000000000000000e+03
5.100000000000000000e+04 5.138000000000000000e+03
5.200000000000000000e+04 5.009000000000000000e+03
5.300000000000000000e+04 5.004000000000000000e+03
5.400000000000000000e+04 4.603000000000000000e+03
5.500000000000000000e+04 4.407000000000000000e+03
5.600000000000000000e+04 4.234000000000000000e+03
5.700000000000000000e+04 4.146000000000000000e+03
5.800000000000000000e+04 3.731000000000000000e+03
5.900000000000000000e+04 3.524000000000000000e+03
6.000000000000000000e+04 3.523000000000000000e+03
6.100000000000000000e+04 3.185000000000000000e+03
6.200000000000000000e+04 3.079000000000000000e+03
6.300000000000000000e+04 2.927000000000000000e+03
6.400000000000000000e+04 2.817000000000000000e+03
6.500000000000000000e+04 2.795000000000000000e+03
6.600000000000000000e+04 2.582000000000000000e+03
6.700000000000000000e+04 2.664000000000000000e+03
6.800000000000000000e+04 2.591000000000000000e+03
6.900000000000000000e+04 2.588000000000000000e+03
7.000000000000000000e+04 2.622000000000000000e+03
7.100000000000000000e+04 2.611000000000000000e+03
7.200000000000000000e+04 2.520000000000000000e+03
7.300000000000000000e+04 2.664000000000000000e+03
7.400000000000000000e+04 2.791000000000000000e+03
7.500000000000000000e+04 2.922000000000000000e+03
7.600000000000000000e+04 3.047000000000000000e+03
7.700000000000000000e+04 3.168000000000000000e+03
7.800000000000000000e+04 3.389000000000000000e+03
7.900000000000000000e+04 3.452000000000000000e+03
8.000000000000000000e+04 3.721000000000000000e+03
8.100000000000000000e+04 3.830000000000000000e+03
8.200000000000000000e+04 4.073000000000000000e+03
8.300000000000000000e+04 4.255000000000000000e+03
8.400000000000000000e+04 4.562000000000000000e+03
8.500000000000000000e+04 4.792000000000000000e+03
8.600000000000000000e+04 4.980000000000000000e+03
8.700000000000000000e+04 5.215000000000000000e+03
8.800000000000000000e+04 5.424000000000000000e+03
8.900000000000000000e+04 5.721000000000000000e+03
9.000000000000000000e+04 5.865000000000000000e+03
9.100000000000000000e+04 5.925000000000000000e+03
9.200000000000000000e+04 6.261000000000000000e+03
9.300000000000000000e+04 6.343000000000000000e+03
9.400000000000000000e+04 6.664000000000000000e+03
9.500000000000000000e+04 6.748000000000000000e+03
9.600000000000000000e+04 7.070000000000000000e+03
9.700000000000000000e+04 7.211000000000000000e+03
9.800000000000000000e+04 7.366000000000000000e+03
9.900000000000000000e+04 7.501000000000000000e+03
1.000000000000000000e+05 7.705000000000000000e+03
1.010000000000000000e+05 7.924000000000000000e+03
1.020000000000000000e+05 7.968000000000000000e+03
1.030000000000000000e+05 8.020000000000000000e+03
1.040000000000000000e+05 8.260000000000000000e+03
1.050000000000000000e+05 8.326000000000000000e+03
1.060000000000000000e+05 8.367000000000000000e+03
1.070000000000000000e+05 8.401000000000000000e+03
1.080000000000000000e+05 8.428000000000000000e+03
1.090000000000000000e+05 8.577000000000000000e+03
1.100000000000000000e+05 8.693000000000000000e+03
1.110000000000000000e+05 8.770000000000000000e+03
1.120000000000000000e+05 8.755000000000000000e+03
1.130000000000000000e+05 8.763000000000000000e+03
1.140000000000000000e+05 9.065000000000000000e+03
1.150000000000000000e+05 8.754000000000000000e+03
1.160000000000000000e+05 8.508000000000000000e+03
1.170000000000000000e+05 8.831000000000000000e+03
1.180000000000000000e+05 8.867000000000000000e+03
1.190000000000000000e+05 8.878000000000000000e+03
1.200000000000000000e+05 8.839000000000000000e+03
1.210000000000000000e+05 8.882000000000000000e+03
1.220000000000000000e+05 8.853000000000000000e+03
1.230000000000000000e+05 8.943000000000000000e+03
1.240000000000000000e+05 8.804000000000000000e+03
1.250000000000000000e+05 8.729000000000000000e+03
1.260000000000000000e+05 8.626000000000000000e+03
1.270000000000000000e+05 8.690000000000000000e+03
1.280000000000000000e+05 8.573000000000000000e+03
1.290000000000000000e+05 8.642000000000000000e+03
1.300000000000000000e+05 8.591000000000000000e+03
1.310000000000000000e+05 8.632000000000000000e+03
1.320000000000000000e+05 8.254000000000000000e+03
1.330000000000000000e+05 8.496000000000000000e+03
1.340000000000000000e+05 8.135000000000000000e+03
1.350000000000000000e+05 8.202000000000000000e+03
1.360000000000000000e+05 8.193000000000000000e+03
1.370000000000000000e+05 7.766000000000000000e+03
1.380000000000000000e+05 7.802000000000000000e+03
1.390000000000000000e+05 7.678000000000000000e+03
1.400000000000000000e+05 7.594000000000000000e+03
1.410000000000000000e+05 7.248000000000000000e+03
1.420000000000000000e+05 7.095000000000000000e+03
1.430000000000000000e+05 7.024000000000000000e+03
1.440000000000000000e+05 6.851000000000000000e+03
1.450000000000000000e+05 6.657000000000000000e+03
1.460000000000000000e+05 6.451000000000000000e+03
1.470000000000000000e+05 6.266000000000000000e+03
1.480000000000000000e+05 5.950000000000000000e+03
1.490000000000000000e+05 5.668000000000000000e+03
1.500000000000000000e+05 5.640000000000000000e+03
1.510000000000000000e+05 5.358000000000000000e+03
1.520000000000000000e+05 5.126000000000000000e+03
1.530000000000000000e+05 4.965000000000000000e+03
1.540000000000000000e+05 4.714000000000000000e+03
1.550000000000000000e+05 4.357000000000000000e+03
1.560000000000000000e+05 4.107000000000000000e+03
1.570000000000000000e+05 4.016000000000000000e+03
1.580000000000000000e+05 3.783000000000000000e+03
1.590000000000000000e+05 3.730000000000000000e+03
1.600000000000000000e+05 3.408000000000000000e+03
1.610000000000000000e+05 3.162000000000000000e+03
1.620000000000000000e+05 3.110000000000000000e+03
1.630000000000000000e+05 2.923000000000000000e+03
1.640000000000000000e+05 2.796000000000000000e+03
1.650000000000000000e+05 2.662000000000000000e+03
1.660000000000000000e+05 2.746000000000000000e+03
1.670000000000000000e+05 2.643000000000000000e+03
1.680000000000000000e+05 2.525000000000000000e+03
1.690000000000000000e+05 2.532000000000000000e+03
1.700000000000000000e+05 2.538000000000000000e+03
1.710000000000000000e+05 2.558000000000000000e+03
1.720000000000000000e+05 2.551000000000000000e+03
1.730000000000000000e+05 2.723000000000000000e+03
1.740000000000000000e+05 2.679000000000000000e+03
1.750000000000000000e+05 2.813000000000000000e+03
1.760000000000000000e+05 2.996000000000000000e+03
1.770000000000000000e+05 3.086000000000000000e+03
1.780000000000000000e+05 3.280000000000000000e+03
1.790000000000000000e+05 3.592000000000000000e+03
1.800000000000000000e+05 3.583000000000000000e+03
1.810000000000000000e+05 3.906000000000000000e+03
1.820000000000000000e+05 4.011000000000000000e+03
1.830000000000000000e+05 4.427000000000000000e+03
1.840000000000000000e+05 4.534000000000000000e+03
1.850000000000000000e+05 4.864000000000000000e+03
1.860000000000000000e+05 4.955000000000000000e+03
1.870000000000000000e+05 5.259000000000000000e+03
1.880000000000000000e+05 5.448000000000000000e+03
1.890000000000000000e+05 5.609000000000000000e+03
1.900000000000000000e+05 5.933000000000000000e+03
1.910000000000000000e+05 6.159000000000000000e+03
1.920000000000000000e+05 6.401000000000000000e+03
1.930000000000000000e+05 6.540000000000000000e+03
1.940000000000000000e+05 6.597000000000000000e+03
1.950000000000000000e+05 6.893000000000000000e+03
1.960000000000000000e+05 7.246000000000000000e+03
1.970000000000000000e+05 7.123000000000000000e+03
1.980000000000000000e+05 7.448000000000000000e+03
1.990000000000000000e+05 7.594000000000000000e+03
