0.000000000000000000e+00 1.238400000000000000e+04
1.667000000000000000e+03 1.249100000000000000e+04
3.334000000000000000e+03 1.286500000000000000e+04
5.001000000000000000e+03 1.291100000000000000e+04
6.668000000000000000e+03 1.304500000000000000e+04
8.335000000000000000e+03 1.318200000000000000e+04
1.000200000000000000e+04 1.318100000000000000e+04
1.166900000000000000e+04 1.358100000000000000e+04
1.333600000000000000e+04 1.352700000000000000e+04
1.500300000000000000e+04 1.365000000000000000e+04
1.667000000000000000e+04 1.372900000000000000e+04
1.833700000000000000e+04 1.378800000000000000e+04
2.000400000000000000e+04 1.362700000000000000e+04
2.167100000000000000e+04 1.388600000000000000e+04
2.333800000000000000e+04 1.397900000000000000e+04
2.500500000000000000e+04 1.387700000000000000e+04
2.667200000000000000e+04 1.404700000000000000e+04
2.833900000000000000e+04 1.393400000000000000e+04
3.000600000000000000e+04 1.418900000000000000e+04
3.167300000000000000e+04 1.418600000000000000e+04
3.334000000000000000e+04 1.418300000000000000e+04
3.500700000000000000e+04 1.410500000000000000e+04
3.667400000000000000e+04 1.414500000000000000e+04
3.834100000000000000e+04 1.403700000000000000e+04
4.000800000000000000e+04 1.381500000000000000e+04
4.167500000000000000e+04 1.400400000000000000e+04
4.334200000000000000e+04 1.381300000000000000e+04
4.500900000000000000e+04 1.389800000000000000e+04
4.667600000000000000e+04 1.377900000000000000e+04
4.834300000000000000e+04 1.380600000000000000e+04
5.001000000000000000e+04 1.360300000000000000e+04
5.167700000000000000e+04 1.330500000000000000e+04
5.334400000000000000e+04 1.334400000000000000e+04
5.501100000000000000e+04 1.331300000000000000e+04
5.667800000000000000e+04 1.305500000000000000e+04
5.834500000000000000e+04 1.312100000000000000e+04
6.001200000000000000e+04 1.270200000000000000e+04
6.167900000000000000e+04 1.259800000000000000e+04
6.334600000000000000e+04 1.257400000000000000e+04
6.501300000000000000e+04 1.210600000000000000e+04
6.668000000000000000e+04 1.181000000000000000e+04
6.834700000000000000e+04 1.167600000000000000e+04
7.001400000000000000e+04 1.131300000000000000e+04
7.168100000000000000e+04 1.118400000000000000e+04
7.334800000000000000e+04 1.123400000000000000e+04
7.501500000000000000e+04 1.072900000000000000e+04
7.668200000000000000e+04 1.028500000000000000e+04
7.834900000000000000e+04 1.015900000000000000e+04
8.001600000000000000e+04 9.852000000000000000e+03
8.168300000000000000e+04 9.314000000000000000e+03
8.335000000000000000e+04 9.064000000000000000e+03
8.501700000000000000e+04 8.775000000000000000e+03
8.668400000000000000e+04 8.560000000000000000e+03
8.835100000000000000e+04 8.161000000000000000e+03
9.001800000000000000e+04 7.819000000000000000e+03
9.168500000000000000e+04 7.494000000000000000e+03
9.335200000000000000e+04 7.075000000000000000e+03
9.501900000000000000e+04 6.736000000000000000e+03
9.668600000000000000e+04 6.650000000000000000e+03
9.835300000000000000e+04 6.182000000000000000e+03
1.000200000000000000e+05 5.921000000000000000e+03
1.016870000000000000e+05 5.715000000000000000e+03
1.033540000000000000e+05 5.515000000000000000e+03
1.050210000000000000e+05 5.349000000000000000e+03
1.066880000000000000e+05 5.129000000000000000e+03
1.083550000000000000e+05 4.923000000000000000e+03
1.100220000000000000e+05 4.708000000000000000e+03
1.116890000000000000e+05 4.736000000000000000e+03
1.133560000000000000e+05 4.681000000000000000e+03
1.150230000000000000e+05 4.674000000000000000e+03
1.166900000000000000e+05 4.666000000000000000e+03
1.183570000000000000e+05 4.671000000000000000e+03
1.200240000000000000e+05 4.762000000000000000e+03
1.216910000000000000e+05 4.947000000000000000e+03
1.233580000000000000e+05 5.089000000000000000e+03
1.250250000000000000e+05 5.133000000000000000e+03
1.266920000000000000e+05 5.464000000000000000e+03
1.283590000000000000e+05 5.502000000000000000e+03
1.300260000000000000e+05 5.824000000000000000e+03
1.316930000000000000e+05 6.152000000000000000e+03
1.333600000000000000e+05 6.524000000000000000e+03
1.350270000000000000e+05 6.742000000000000000e+03
1.366940000000000000e+05 7.179000000000000000e+03
1.383610000000000000e+05 7.435000000000000000e+03
1.400280000000000000e+05 7.781000000000000000e+03
1.416950000000000000e+05 8.095000000000000000e+03
1.433620000000000000e+05 8.357000000000000000e+03
1.450290000000000000e+05 8.715000000000000000e+03
1.466960000000000000e+05 9.269000000000000000e+03
1.483630000000000000e+05 9.456000000000000000e+03
1.500300000000000000e+05 9.727000000000000000e+03
1.516970000000000000e+05 1.022000000000000000e+04
1.533640000000000000e+05 1.058100000000000000e+04
1.550310000000000000e+05 1.069400000000000000e+04
1.566980000000000000e+05 1.084600000000000000e+04
1.583650000000000000e+05 1.134900000000000000e+04
1.600320000000000000e+05 1.179500000000000000e+04
1.616990000000000000e+05 1.176900000000000000e+04
1.633660000000000000e+05 1.174200000000000000e+04
1.650330000000000000e+05 1.237100000000000000e+04
1.667000000000000000e+05 1.234100000000000000e+04
1.683670000000000000e+05 1.242400000000000000e+04
1.700340000000000000e+05 1.285100000000000000e+04
1.717010000000000000e+05 1.285800000000000000e+04
1.733680000000000000e+05 1.294400000000000000e+04
1.750350000000000000e+05 1.317100000000000000e+04
1.767020000000000000e+05 1.332300000000000000e+04
1.783690000000000000e+05 1.317500000000000000e+04
1.800360000000000000e+05 1.359400000000000000e+04
1.817030000000000000e+05 1.353400000000000000e+04
1.833700000000000000e+05 1.370700000000000000e+04
1.850370000000000000e+05 1.392400000000000000e+04
1.867040000000000000e+05 1.371100000000000000e+04
1.883710000000000000e+05 1.385500000000000000e+04
1.900380000000000000e+05 1.389300000000000000e+04
1.917050000000000000e+05 1.398400000000000000e+04
1.933720000000000000e+05 1.407300000000000000e+04
1.950390000000000000e+05 1.381300000000000000e+04
1.967060000000000000e+05 1.415600000000000000e+04
1.983730000000000000e+05 1.383300000000000000e+04
2.000400000000000000e+05 1.399300000000000000e+04
2.017070000000000000e+05 1.405600000000000000e+04
2.033740000000000000e+05 1.413800000000000000e+04
2.050410000000000000e+05 1.396000000000000000e+04
2.067080000000000000e+05 1.386200000000000000e+04
2.083750000000000000e+05 1.395700000000000000e+04
2.100420000000000000e+05 1.385500000000000000e+04
2.117090000000000000e+05 1.367900000000000000e+04
2.133760000000000000e+05 1.386900000000000000e+04
2.150430000000000000e+05 1.373000000000000000e+04
2.167100000000000000e+05 1.337400000000000000e+04
2.183770000000000000e+05 1.339000000000000000e+04
2.200440000000000000e+05 1.315500000000000000e+04
2.217110000000000000e+05 1.335200000000000000e+04
2.233780000000000000e+05 1.315900000000000000e+04
2.250450000000000000e+05 1.311100000000000000e+04
2.267120000000000000e+05 1.273600000000000000e+04
2.283790000000000000e+05 1.266000000000000000e+04
2.300460000000000000e+05 1.251200000000000000e+04
2.317130000000000000e+05 1.224700000000000000e+04
2.333800000000000000e+05 1.203700000000000000e+04
2.350470000000000000e+05 1.176200000000000000e+04
2.367140000000000000e+05 1.163700000000000000e+04
2.383810000000000000e+05 1.137200000000000000e+04
2.400480000000000000e+05 1.106800000000000000e+04
2.417150000000000000e+05 1.074200000000000000e+04
2.433820000000000000e+05 1.025200000000000000e+04
2.450490000000000000e+05 1.011400000000000000e+04
2.467160000000000000e+05 9.739000000000000000e+03
2.483830000000000000e+05 9.462000000000000000e+03
2.500500000000000000e+05 9.173000000000000000e+03
2.517170000000000000e+05 8.879000000000000000e+03
2.533840000000000000e+05 8.427000000000000000e+03
2.550510000000000000e+05 8.332000000000000000e+03
2.567180000000000000e+05 7.734000000000000000e+03
2.583850000000000000e+05 7.602000000000000000e+03
2.600520000000000000e+05 7.129000000000000000e+03
2.617190000000000000e+05 6.854000000000000000e+03
2.633860000000000000e+05 6.305000000000000000e+03
2.650530000000000000e+05 6.271000000000000000e+03
2.667200000000000000e+05 6.077000000000000000e+03
2.683870000000000000e+05 5.677000000000000000e+03
2.700540000000000000e+05 5.519000000000000000e+03
2.717210000000000000e+05 5.354000000000000000e+03
2.733880000000000000e+05 4.922000000000000000e+03
2.750550000000000000e+05 4.779000000000000000e+03
2.767220000000000000e+05 4.853000000000000000e+03
2.783890000000000000e+05 4.824000000000000000e+03
2.800560000000000000e+05 4.575000000000000000e+03
2.817230000000000000e+05 4.695000000000000000e+03
2.833900000000000000e+05 4.598000000000000000e+03
2.850570000000000000e+05 4.587000000000000000e+03
2.867240000000000000e+05 4.721000000000000000e+03
2.883910000000000000e+05 4.874000000000000000e+03
2.900580000000000000e+05 4.883000000000000000e+03
2.917250000000000000e+05 5.096000000000000000e+03
2.933920000000000000e+05 5.295000000000000000e+03
2.950590000000000000e+05 5.547000000000000000e+03
2.967260000000000000e+05 5.810000000000000000e+03
2.983930000000000000e+05 6.185000000000000000e+03
3.000600000000000000e+05 6.529000000000000000e+03
3.017270000000000000e+05 6.616000000000000000e+03
3.033940000000000000e+05 6.957000000000000000e+03
3.050610000000000000e+05 7.351000000000000000e+03
3.067280000000000000e+05 7.647000000000000000e+03
3.083950000000000000e+05 8.143000000000000000e+03
3.100620000000000000e+05 8.358000000000000000e+03
3.117290000000000000e+05 8.810000000000000000e+03
3.133960000000000000e+05 9.063000000000000000e+03
3.150630000000000000e+05 9.568000000000000000e+03
3.167300000000000000e+05 9.613000000000000000e+03
3.183970000000000000e+05 9.983000000000000000e+03
3.200640000000000000e+05 1.044000000000000000e+04
3.217310000000000000e+05 1.079100000000000000e+04
3.233980000000000000e+05 1.081000000000000000e+04
3.250650000000000000e+05 1.105400000000000000e+04
3.267320000000000000e+05 1.139000000000000000e+04
3.283990000000000000e+05 1.176900000000000000e+04
3.300660000000000000e+05 1.188500000000000000e+04
3.317330000000000000e+05 1.232200000000000000e+04
