0.000000000000000000e+00 7.605000000000000000e+03
1.000000000000000000e+02 7.719000000000000000e+03
2.000000000000000000e+02 7.858000000000000000e+03
3.000000000000000000e+02 7.835000000000000000e+03
4.000000000000000000e+02 8.008000000000000000e+03
5.000000000000000000e+02 8.107000000000000000e+03
6.000000000000000000e+02 8.255000000000000000e+03
7.000000000000000000e+02 8.268000000000000000e+03
8.000000000000000000e+02 8.466000000000000000e+03
9.000000000000000000e+02 8.361000000000000000e+03
1.000000000000000000e+03 8.559000000000000000e+03
1.100000000000000000e+03 8.808000000000000000e+03
1.200000000000000000e+03 8.696000000000000000e+03
1.300000000000000000e+03 8.524000000000000000e+03
1.400000000000000000e+03 8.666000000000000000e+03
1.500000000000000000e+03 8.692000000000000000e+03
1.600000000000000000e+03 8.703000000000000000e+03
1.700000000000000000e+03 8.838000000000000000e+03
1.800000000000000000e+03 8.640000000000000000e+03
1.900000000000000000e+03 8.752000000000000000e+03
2.000000000000000000e+03 8.656000000000000000e+03
2.100000000000000000e+03 8.587000000000000000e+03
2.200000000000000000e+03 8.713000000000000000e+03
2.300000000000000000e+03 8.565000000000000000e+03
2.400000000000000000e+03 8.588000000000000000e+03
2.500000000000000000e+03 8.519000000000000000e+03
2.600000000000000000e+03 8.590000000000000000e+03
2.700000000000000000e+03 8.476000000000000000e+03
2.800000000000000000e+03 8.552000000000000000e+03
2.900000000000000000e+03 8.454000000000000000e+03
3.000000000000000000e+03 8.440000000000000000e+03
3.100000000000000000e+03 8.184000000000000000e+03
3.200000000000000000e+03 8.203000000000000000e+03
3.300000000000000000e+03 8.159000000000000000e+03
3.400000000000000000e+03 8.056000000000000000e+03
3.500000000000000000e+03 7.935000000000000000e+03
3.600000000000000000e+03 8.092000000000000000e+03
3.700000000000000000e+03 7.925000000000000000e+03
3.800000000000000000e+03 7.681000000000000000e+03
3.900000000000000000e+03 7.603000000000000000e+03
4.000000000000000000e+03 7.540000000000000000e+03
4.100000000000000000e+03 7.280000000000000000e+03
4.200000000000000000e+03 7.359000000000000000e+03
4.300000000000000000e+03 7.067000000000000000e+03
4.400000000000000000e+03 6.771000000000000000e+03
4.500000000000000000e+03 6.637000000000000000e+03
4.600000000000000000e+03 6.555000000000000000e+03
4.700000000000000000e+03 6.280000000000000000e+03
4.800000000000000000e+03 6.086000000000000000e+03
4.900000000000000000e+03 5.919000000000000000e+03
5.000000000000000000e+03 5.669000000000000000e+03
5.100000000000000000e+03 5.349000000000000000e+03
5.200000000000000000e+03 5.214000000000000000e+03
5.300000000000000000e+03 4.947000000000000000e+03
5.400000000000000000e+03 4.695000000000000000e+03
5.500000000000000000e+03 4.426000000000000000e+03
5.600000000000000000e+03 4.209000000000000000e+03
5.700000000000000000e+03 4.120000000000000000e+03
5.800000000000000000e+03 3.893000000000000000e+03
5.900000000000000000e+03 3.732000000000000000e+03
6.000000000000000000e+03 3.612000000000000000e+03
6.100000000000000000e+03 3.363000000000000000e+03
6.200000000000000000e+03 3.394000000000000000e+03
6.300000000000000000e+03 3.050000000000000000e+03
6.400000000000000000e+03 2.931000000000000000e+03
6.500000000000000000e+03 2.906000000000000000e+03
6.600000000000000000e+03 2.908000000000000000e+03
6.700000000000000000e+03 2.752000000000000000e+03
6.800000000000000000e+03 2.729000000000000000e+03
6.900000000000000000e+03 2.688000000000000000e+03
7.000000000000000000e+03 2.615000000000000000e+03
7.100000000000000000e+03 2.647000000000000000e+03
7.200000000000000000e+03 2.631000000000000000e+03
7.300000000000000000e+03 2.720000000000000000e+03
7.400000000000000000e+03 2.751000000000000000e+03
7.500000000000000000e+03 2.765000000000000000e+03
7.600000000000000000e+03 3.040000000000000000e+03
7.700000000000000000e+03 3.120000000000000000e+03
7.800000000000000000e+03 3.117000000000000000e+03
7.900000000000000000e+03 3.339000000000000000e+03
8.000000000000000000e+03 3.507000000000000000e+03
8.100000000000000000e+03 3.767000000000000000e+03
8.200000000000000000e+03 4.008000000000000000e+03
8.300000000000000000e+03 4.141000000000000000e+03
8.400000000000000000e+03 4.360000000000000000e+03
8.500000000000000000e+03 4.659000000000000000e+03
8.600000000000000000e+03 4.932000000000000000e+03
8.700000000000000000e+03 5.111000000000000000e+03
8.800000000000000000e+03 5.181000000000000000e+03
8.900000000000000000e+03 5.458000000000000000e+03
9.000000000000000000e+03 5.825000000000000000e+03
9.100000000000000000e+03 5.803000000000000000e+03
9.200000000000000000e+03 6.029000000000000000e+03
9.300000000000000000e+03 6.299000000000000000e+03
9.400000000000000000e+03 6.451000000000000000e+03
9.500000000000000000e+03 6.759000000000000000e+03
9.600000000000000000e+03 6.797000000000000000e+03
9.700000000000000000e+03 7.104000000000000000e+03
9.800000000000000000e+03 7.264000000000000000e+03
9.900000000000000000e+03 7.426000000000000000e+03
1.000000000000000000e+04 7.410000000000000000e+03
1.010000000000000000e+04 7.708000000000000000e+03
1.020000000000000000e+04 7.763000000000000000e+03
1.030000000000000000e+04 8.046000000000000000e+03
1.040000000000000000e+04 8.096000000000000000e+03
1.050000000000000000e+04 8.227000000000000000e+03
1.060000000000000000e+04 8.287000000000000000e+03
1.070000000000000000e+04 8.325000000000000000e+03
1.080000000000000000e+04 8.373000000000000000e+03
1.090000000000000000e+04 8.611000000000000000e+03
1.100000000000000000e+04 8.625000000000000000e+03
1.110000000000000000e+04 8.634000000000000000e+03
1.120000000000000000e+04 8.812000000000000000e+03
1.130000000000000000e+04 8.708000000000000000e+03
1.140000000000000000e+04 8.614000000000000000e+03
1.150000000000000000e+04 8.710000000000000000e+03
1.160000000000000000e+04 8.737000000000000000e+03
1.170000000000000000e+04 8.897000000000000000e+03
1.180000000000000000e+04 8.580000000000000000e+03
1.190000000000000000e+04 8.751000000000000000e+03
1.200000000000000000e+04 8.827000000000000000e+03
1.210000000000000000e+04 8.731000000000000000e+03
1.220000000000000000e+04 8.525000000000000000e+03
1.230000000000000000e+04 8.592000000000000000e+03
1.240000000000000000e+04 8.870000000000000000e+03
1.250000000000000000e+04 8.611000000000000000e+03
1.260000000000000000e+04 8.665000000000000000e+03
1.270000000000000000e+04 8.450000000000000000e+03
1.280000000000000000e+04 8.447000000000000000e+03
1.290000000000000000e+04 8.527000000000000000e+03
1.300000000000000000e+04 8.278000000000000000e+03
1.310000000000000000e+04 8.312000000000000000e+03
1.320000000000000000e+04 8.119000000000000000e+03
1.330000000000000000e+04 8.284000000000000000e+03
1.340000000000000000e+04 8.204000000000000000e+03
1.350000000000000000e+04 7.959000000000000000e+03
1.360000000000000000e+04 7.781000000000000000e+03
1.370000000000000000e+04 7.777000000000000000e+03
1.380000000000000000e+04 7.675000000000000000e+03
1.390000000000000000e+04 7.630000000000000000e+03
1.400000000000000000e+04 7.689000000000000000e+03
1.410000000000000000e+04 7.282000000000000000e+03
1.420000000000000000e+04 7.207000000000000000e+03
1.430000000000000000e+04 6.975000000000000000e+03
1.440000000000000000e+04 7.000000000000000000e+03
1.450000000000000000e+04 6.722000000000000000e+03
1.460000000000000000e+04 6.473000000000000000e+03
1.470000000000000000e+04 6.282000000000000000e+03
1.480000000000000000e+04 5.965000000000000000e+03
1.490000000000000000e+04 5.888000000000000000e+03
1.500000000000000000e+04 5.616000000000000000e+03
1.510000000000000000e+04 5.386000000000000000e+03
1.520000000000000000e+04 5.167000000000000000e+03
1.530000000000000000e+04 4.915000000000000000e+03
1.540000000000000000e+04 4.674000000000000000e+03
1.550000000000000000e+04 4.567000000000000000e+03
1.560000000000000000e+04 4.357000000000000000e+03
1.570000000000000000e+04 4.034000000000000000e+03
1.580000000000000000e+04 3.926000000000000000e+03
1.590000000000000000e+04 3.740000000000000000e+03
1.600000000000000000e+04 3.522000000000000000e+03
1.610000000000000000e+04 3.445000000000000000e+03
1.620000000000000000e+04 3.229000000000000000e+03
1.630000000000000000e+04 3.101000000000000000e+03
1.640000000000000000e+04 2.948000000000000000e+03
1.650000000000000000e+04 2.845000000000000000e+03
1.660000000000000000e+04 2.709000000000000000e+03
1.670000000000000000e+04 2.836000000000000000e+03
1.680000000000000000e+04 2.696000000000000000e+03
1.690000000000000000e+04 2.613000000000000000e+03
1.700000000000000000e+04 2.651000000000000000e+03
1.710000000000000000e+04 2.617000000000000000e+03
1.720000000000000000e+04 2.612000000000000000e+03
1.730000000000000000e+04 2.722000000000000000e+03
1.740000000000000000e+04 2.734000000000000000e+03
1.750000000000000000e+04 2.882000000000000000e+03
1.760000000000000000e+04 2.954000000000000000e+03
1.770000000000000000e+04 3.110000000000000000e+03
1.780000000000000000e+04 3.310000000000000000e+03
1.790000000000000000e+04 3.410000000000000000e+03
1.800000000000000000e+04 3.444000000000000000e+03
1.810000000000000000e+04 3.749000000000000000e+03
1.820000000000000000e+04 3.946000000000000000e+03
1.830000000000000000e+04 4.157000000000000000e+03
1.840000000000000000e+04 4.346000000000000000e+03
1.850000000000000000e+04 4.541000000000000000e+03
1.860000000000000000e+04 4.731000000000000000e+03
1.870000000000000000e+04 5.145000000000000000e+03
1.880000000000000000e+04 5.245000000000000000e+03
1.890000000000000000e+04 5.549000000000000000e+03
1.900000000000000000e+04 5.762000000000000000e+03
1.910000000000000000e+04 6.036000000000000000e+03
1.920000000000000000e+04 5.988000000000000000e+03
1.930000000000000000e+04 6.461000000000000000e+03
1.940000000000000000e+04 6.536000000000000000e+03
1.950000000000000000e+04 6.605000000000000000e+03
1.960000000000000000e+04 6.869000000000000000e+03
1.970000000000000000e+04 6.957000000000000000e+03
1.980000000000000000e+04 7.088000000000000000e+03
1.990000000000000000e+04 7.258000000000000000e+03
