0.000000000000000000e+00 5.791000000000000000e+03
1.670000000000000000e+02 5.942000000000000000e+03
3.340000000000000000e+02 5.990000000000000000e+03
5.010000000000000000e+02 6.266000000000000000e+03
6.680000000000000000e+02 6.156000000000000000e+03
8.350000000000000000e+02 6.261000000000000000e+03
1.002000000000000000e+03 6.365000000000000000e+03
1.169000000000000000e+03 6.477000000000000000e+03
1.336000000000000000e+03 6.508000000000000000e+03
1.503000000000000000e+03 6.518000000000000000e+03
1.670000000000000000e+03 6.720000000000000000e+03
1.837000000000000000e+03 6.752000000000000000e+03
2.004000000000000000e+03 6.724000000000000000e+03
2.171000000000000000e+03 6.585000000000000000e+03
2.338000000000000000e+03 6.720000000000000000e+03
2.505000000000000000e+03 6.744000000000000000e+03
2.672000000000000000e+03 6.637000000000000000e+03
2.839000000000000000e+03 6.782000000000000000e+03
3.006000000000000000e+03 6.781000000000000000e+03
3.173000000000000000e+03 6.658000000000000000e+03
3.340000000000000000e+03 6.704000000000000000e+03
3.507000000000000000e+03 6.778000000000000000e+03
3.674000000000000000e+03 6.910000000000000000e+03
3.841000000000000000e+03 6.901000000000000000e+03
4.008000000000000000e+03 6.825000000000000000e+03
4.175000000000000000e+03 6.898000000000000000e+03
4.342000000000000000e+03 6.810000000000000000e+03
4.509000000000000000e+03 6.835000000000000000e+03
4.676000000000000000e+03 6.538000000000000000e+03
4.843000000000000000e+03 6.554000000000000000e+03
5.010000000000000000e+03 6.503000000000000000e+03
5.177000000000000000e+03 6.318000000000000000e+03
5.344000000000000000e+03 6.389000000000000000e+03
5.511000000000000000e+03 6.362000000000000000e+03
5.678000000000000000e+03 6.013000000000000000e+03
5.845000000000000000e+03 6.094000000000000000e+03
6.012000000000000000e+03 6.103000000000000000e+03
6.179000000000000000e+03 5.998000000000000000e+03
6.346000000000000000e+03 5.919000000000000000e+03
6.513000000000000000e+03 5.651000000000000000e+03
6.680000000000000000e+03 5.634000000000000000e+03
6.847000000000000000e+03 5.584000000000000000e+03
7.014000000000000000e+03 5.360000000000000000e+03
7.181000000000000000e+03 5.296000000000000000e+03
7.348000000000000000e+03 5.298000000000000000e+03
7.515000000000000000e+03 5.060000000000000000e+03
7.682000000000000000e+03 4.885000000000000000e+03
7.849000000000000000e+03 4.655000000000000000e+03
8.016000000000000000e+03 4.596000000000000000e+03
8.183000000000000000e+03 4.287000000000000000e+03
8.350000000000000000e+03 4.349000000000000000e+03
8.517000000000000000e+03 4.012000000000000000e+03
8.684000000000000000e+03 3.840000000000000000e+03
8.851000000000000000e+03 3.720000000000000000e+03
9.018000000000000000e+03 3.472000000000000000e+03
9.185000000000000000e+03 3.311000000000000000e+03
9.352000000000000000e+03 3.083000000000000000e+03
9.519000000000000000e+03 3.007000000000000000e+03
9.686000000000000000e+03 2.894000000000000000e+03
9.853000000000000000e+03 2.640000000000000000e+03
1.002000000000000000e+04 2.544000000000000000e+03
1.018700000000000000e+04 2.339000000000000000e+03
1.035400000000000000e+04 2.263000000000000000e+03
1.052100000000000000e+04 2.129000000000000000e+03
1.068800000000000000e+04 2.062000000000000000e+03
1.085500000000000000e+04 2.016000000000000000e+03
1.102200000000000000e+04 1.880000000000000000e+03
1.118900000000000000e+04 1.856000000000000000e+03
1.135600000000000000e+04 1.922000000000000000e+03
1.152300000000000000e+04 1.795000000000000000e+03
1.169000000000000000e+04 1.848000000000000000e+03
1.185700000000000000e+04 1.809000000000000000e+03
1.202400000000000000e+04 1.869000000000000000e+03
1.219100000000000000e+04 1.917000000000000000e+03
1.235800000000000000e+04 2.021000000000000000e+03
1.252500000000000000e+04 1.952000000000000000e+03
1.269200000000000000e+04 2.103000000000000000e+03
1.285900000000000000e+04 2.205000000000000000e+03
1.302600000000000000e+04 2.313000000000000000e+03
1.319300000000000000e+04 2.407000000000000000e+03
1.336000000000000000e+04 2.492000000000000000e+03
1.352700000000000000e+04 2.784000000000000000e+03
1.369400000000000000e+04 2.896000000000000000e+03
1.386100000000000000e+04 3.079000000000000000e+03
1.402800000000000000e+04 3.221000000000000000e+03
1.419500000000000000e+04 3.520000000000000000e+03
1.436200000000000000e+04 3.697000000000000000e+03
1.452900000000000000e+04 3.718000000000000000e+03
1.469600000000000000e+04 4.007000000000000000e+03
1.486300000000000000e+04 4.087000000000000000e+03
1.503000000000000000e+04 4.211000000000000000e+03
1.519700000000000000e+04 4.444000000000000000e+03
1.536400000000000000e+04 4.728000000000000000e+03
1.553100000000000000e+04 4.874000000000000000e+03
1.569800000000000000e+04 4.995000000000000000e+03
1.586500000000000000e+04 5.135000000000000000e+03
1.603200000000000000e+04 5.409000000000000000e+03
1.619900000000000000e+04 5.454000000000000000e+03
1.636600000000000000e+04 5.582000000000000000e+03
1.653300000000000000e+04 5.792000000000000000e+03
1.670000000000000000e+04 5.896000000000000000e+03
1.686700000000000000e+04 5.996000000000000000e+03
1.703400000000000000e+04 6.021000000000000000e+03
1.720100000000000000e+04 6.137000000000000000e+03
1.736800000000000000e+04 6.263000000000000000e+03
1.753500000000000000e+04 6.399000000000000000e+03
1.770200000000000000e+04 6.622000000000000000e+03
1.786900000000000000e+04 6.354000000000000000e+03
1.803600000000000000e+04 6.709000000000000000e+03
1.820300000000000000e+04 6.625000000000000000e+03
1.837000000000000000e+04 6.643000000000000000e+03
1.853700000000000000e+04 6.654000000000000000e+03
1.870400000000000000e+04 6.726000000000000000e+03
1.887100000000000000e+04 6.722000000000000000e+03
1.903800000000000000e+04 6.651000000000000000e+03
1.920500000000000000e+04 6.645000000000000000e+03
1.937200000000000000e+04 6.730000000000000000e+03
1.953900000000000000e+04 6.833000000000000000e+03
1.970600000000000000e+04 6.741000000000000000e+03
1.987300000000000000e+04 6.828000000000000000e+03
2.004000000000000000e+04 6.762000000000000000e+03
2.020700000000000000e+04 6.794000000000000000e+03
2.037400000000000000e+04 6.723000000000000000e+03
2.054100000000000000e+04 6.921000000000000000e+03
2.070800000000000000e+04 6.826000000000000000e+03
2.087500000000000000e+04 6.714000000000000000e+03
2.104200000000000000e+04 6.874000000000000000e+03
2.120900000000000000e+04 6.774000000000000000e+03
2.137600000000000000e+04 6.658000000000000000e+03
2.154300000000000000e+04 6.745000000000000000e+03
2.171000000000000000e+04 6.534000000000000000e+03
2.187700000000000000e+04 6.446000000000000000e+03
2.204400000000000000e+04 6.505000000000000000e+03
2.221100000000000000e+04 6.343000000000000000e+03
2.237800000000000000e+04 6.332000000000000000e+03
2.254500000000000000e+04 6.127000000000000000e+03
2.271200000000000000e+04 6.140000000000000000e+03
2.287900000000000000e+04 6.018000000000000000e+03
2.304600000000000000e+04 5.854000000000000000e+03
2.321300000000000000e+04 5.868000000000000000e+03
2.338000000000000000e+04 5.650000000000000000e+03
2.354700000000000000e+04 5.609000000000000000e+03
2.371400000000000000e+04 5.388000000000000000e+03
2.388100000000000000e+04 5.291000000000000000e+03
2.404800000000000000e+04 5.207000000000000000e+03
2.421500000000000000e+04 4.852000000000000000e+03
2.438200000000000000e+04 4.939000000000000000e+03
2.454900000000000000e+04 4.677000000000000000e+03
2.471600000000000000e+04 4.506000000000000000e+03
2.488300000000000000e+04 4.253000000000000000e+03
2.505000000000000000e+04 4.117000000000000000e+03
2.521700000000000000e+04 3.857000000000000000e+03
2.538400000000000000e+04 3.652000000000000000e+03
2.555100000000000000e+04 3.576000000000000000e+03
2.571800000000000000e+04 3.419000000000000000e+03
2.588500000000000000e+04 3.195000000000000000e+03
2.605200000000000000e+04 3.097000000000000000e+03
2.621900000000000000e+04 3.034000000000000000e+03
2.638600000000000000e+04 2.691000000000000000e+03
2.655300000000000000e+04 2.651000000000000000e+03
2.672000000000000000e+04 2.532000000000000000e+03
2.688700000000000000e+04 2.385000000000000000e+03
2.705400000000000000e+04 2.328000000000000000e+03
2.722100000000000000e+04 2.191000000000000000e+03
2.738800000000000000e+04 2.090000000000000000e+03
2.755500000000000000e+04 1.936000000000000000e+03
2.772200000000000000e+04 2.007000000000000000e+03
2.788900000000000000e+04 1.838000000000000000e+03
2.805600000000000000e+04 1.895000000000000000e+03
2.822300000000000000e+04 1.780000000000000000e+03
2.839000000000000000e+04 1.882000000000000000e+03
2.855700000000000000e+04 1.752000000000000000e+03
2.872400000000000000e+04 1.858000000000000000e+03
2.889100000000000000e+04 1.818000000000000000e+03
2.905800000000000000e+04 1.948000000000000000e+03
2.922500000000000000e+04 2.094000000000000000e+03
2.939200000000000000e+04 2.038000000000000000e+03
2.955900000000000000e+04 2.182000000000000000e+03
2.972600000000000000e+04 2.340000000000000000e+03
2.989300000000000000e+04 2.511000000000000000e+03
3.006000000000000000e+04 2.668000000000000000e+03
3.022700000000000000e+04 2.820000000000000000e+03
3.039400000000000000e+04 2.934000000000000000e+03
3.056100000000000000e+04 3.207000000000000000e+03
3.072800000000000000e+04 3.501000000000000000e+03
3.089500000000000000e+04 3.390000000000000000e+03
3.106200000000000000e+04 3.719000000000000000e+03
3.122900000000000000e+04 3.982000000000000000e+03
3.139600000000000000e+04 3.981000000000000000e+03
3.156300000000000000e+04 4.202000000000000000e+03
3.173000000000000000e+04 4.424000000000000000e+03
3.189700000000000000e+04 4.568000000000000000e+03
3.206400000000000000e+04 4.620000000000000000e+03
3.223100000000000000e+04 5.041000000000000000e+03
3.239800000000000000e+04 5.091000000000000000e+03
3.256500000000000000e+04 5.268000000000000000e+03
3.273200000000000000e+04 5.371000000000000000e+03
3.289900000000000000e+04 5.359000000000000000e+03
3.306600000000000000e+04 5.607000000000000000e+03
