0.000000000000000000e+00 8.009000000000000000e+03
5.000000000000000000e+02 8.144000000000000000e+03
1.000000000000000000e+03 8.410000000000000000e+03
1.500000000000000000e+03 8.235000000000000000e+03
2.000000000000000000e+03 8.378000000000000000e+03
2.500000000000000000e+03 8.293000000000000000e+03
3.000000000000000000e+03 8.676000000000000000e+03
3.500000000000000000e+03 8.877000000000000000e+03
4.000000000000000000e+03 8.663000000000000000e+03
4.500000000000000000e+03 8.943000000000000000e+03
5.000000000000000000e+03 9.182000000000000000e+03
5.500000000000000000e+03 9.062000000000000000e+03
6.000000000000000000e+03 8.936000000000000000e+03
6.500000000000000000e+03 9.087000000000000000e+03
7.000000000000000000e+03 9.031000000000000000e+03
7.500000000000000000e+03 9.092000000000000000e+03
8.000000000000000000e+03 9.165000000000000000e+03
8.500000000000000000e+03 9.310000000000000000e+03
9.000000000000000000e+03 9.179000000000000000e+03
9.500000000000000000e+03 9.291000000000000000e+03
1.000000000000000000e+04 9.169000000000000000e+03
1.050000000000000000e+04 9.056000000000000000e+03
1.100000000000000000e+04 9.125000000000000000e+03
1.150000000000000000e+04 9.064000000000000000e+03
1.200000000000000000e+04 9.033000000000000000e+03
1.250000000000000000e+04 9.115000000000000000e+03
1.300000000000000000e+04 9.208000000000000000e+03
1.350000000000000000e+04 9.382000000000000000e+03
1.400000000000000000e+04 8.908000000000000000e+03
1.450000000000000000e+04 8.835000000000000000e+03
1.500000000000000000e+04 8.637000000000000000e+03
1.550000000000000000e+04 8.659000000000000000e+03
1.600000000000000000e+04 8.613000000000000000e+03
1.650000000000000000e+04 8.611000000000000000e+03
1.700000000000000000e+04 8.535000000000000000e+03
1.750000000000000000e+04 8.298000000000000000e+03
1.800000000000000000e+04 8.432000000000000000e+03
1.850000000000000000e+04 8.376000000000000000e+03
1.900000000000000000e+04 8.323000000000000000e+03
1.950000000000000000e+04 7.718000000000000000e+03
2.000000000000000000e+04 7.587000000000000000e+03
2.050000000000000000e+04 7.682000000000000000e+03
2.100000000000000000e+04 7.442000000000000000e+03
2.150000000000000000e+04 7.234000000000000000e+03
2.200000000000000000e+04 7.138000000000000000e+03
2.250000000000000000e+04 6.955000000000000000e+03
2.300000000000000000e+04 6.715000000000000000e+03
2.350000000000000000e+04 6.542000000000000000e+03
2.400000000000000000e+04 6.236000000000000000e+03
2.450000000000000000e+04 5.949000000000000000e+03
2.500000000000000000e+04 5.610000000000000000e+03
2.550000000000000000e+04 5.577000000000000000e+03
2.600000000000000000e+04 5.494000000000000000e+03
2.650000000000000000e+04 5.196000000000000000e+03
2.700000000000000000e+04 5.110000000000000000e+03
2.750000000000000000e+04 4.738000000000000000e+03
2.800000000000000000e+04 4.593000000000000000e+03
2.850000000000000000e+04 4.137000000000000000e+03
2.900000000000000000e+04 3.934000000000000000e+03
2.950000000000000000e+04 3.865000000000000000e+03
3.000000000000000000e+04 3.672000000000000000e+03
3.050000000000000000e+04 3.441000000000000000e+03
3.100000000000000000e+04 3.325000000000000000e+03
3.150000000000000000e+04 3.289000000000000000e+03
3.200000000000000000e+04 3.055000000000000000e+03
3.250000000000000000e+04 3.027000000000000000e+03
3.300000000000000000e+04 2.929000000000000000e+03
3.350000000000000000e+04 2.854000000000000000e+03
3.400000000000000000e+04 2.777000000000000000e+03
3.450000000000000000e+04 2.727000000000000000e+03
3.500000000000000000e+04 2.866000000000000000e+03
3.550000000000000000e+04 2.868000000000000000e+03
3.600000000000000000e+04 2.920000000000000000e+03
3.650000000000000000e+04 3.023000000000000000e+03
3.700000000000000000e+04 2.968000000000000000e+03
3.750000000000000000e+04 3.016000000000000000e+03
3.800000000000000000e+04 3.248000000000000000e+03
3.850000000000000000e+04 3.314000000000000000e+03
3.900000000000000000e+04 3.504000000000000000e+03
3.950000000000000000e+04 3.666000000000000000e+03
4.000000000000000000e+04 3.991000000000000000e+03
4.050000000000000000e+04 4.199000000000000000e+03
4.100000000000000000e+04 4.466000000000000000e+03
4.150000000000000000e+04 4.591000000000000000e+03
4.200000000000000000e+04 4.630000000000000000e+03
4.250000000000000000e+04 5.005000000000000000e+03
4.300000000000000000e+04 5.293000000000000000e+03
4.350000000000000000e+04 5.488000000000000000e+03
4.400000000000000000e+04 5.800000000000000000e+03
4.450000000000000000e+04 5.882000000000000000e+03
4.500000000000000000e+04 6.217000000000000000e+03
4.550000000000000000e+04 6.475000000000000000e+03
4.600000000000000000e+04 6.834000000000000000e+03
4.650000000000000000e+04 6.885000000000000000e+03
4.700000000000000000e+04 6.956000000000000000e+03
4.750000000000000000e+04 7.120000000000000000e+03
4.800000000000000000e+04 7.435000000000000000e+03
4.850000000000000000e+04 7.611000000000000000e+03
4.900000000000000000e+04 7.664000000000000000e+03
4.950000000000000000e+04 7.869000000000000000e+03
5.000000000000000000e+04 7.977000000000000000e+03
5.050000000000000000e+04 8.217000000000000000e+03
5.100000000000000000e+04 8.268000000000000000e+03
5.150000000000000000e+04 8.280000000000000000e+03
5.200000000000000000e+04 8.415000000000000000e+03
5.250000000000000000e+04 8.514000000000000000e+03
5.300000000000000000e+04 8.591000000000000000e+03
5.350000000000000000e+04 8.709000000000000000e+03
5.400000000000000000e+04 8.864000000000000000e+03
5.450000000000000000e+04 9.052000000000000000e+03
5.500000000000000000e+04 8.981000000000000000e+03
5.550000000000000000e+04 9.130000000000000000e+03
5.600000000000000000e+04 8.930000000000000000e+03
5.650000000000000000e+04 9.042000000000000000e+03
5.700000000000000000e+04 9.257000000000000000e+03
5.750000000000000000e+04 9.167000000000000000e+03
5.800000000000000000e+04 9.286000000000000000e+03
5.850000000000000000e+04 9.230000000000000000e+03
5.900000000000000000e+04 9.226000000000000000e+03
5.950000000000000000e+04 9.258000000000000000e+03
6.000000000000000000e+04 9.193000000000000000e+03
6.050000000000000000e+04 9.156000000000000000e+03
6.100000000000000000e+04 9.085000000000000000e+03
6.150000000000000000e+04 9.320000000000000000e+03
6.200000000000000000e+04 9.098000000000000000e+03
6.250000000000000000e+04 9.256000000000000000e+03
6.300000000000000000e+04 8.987000000000000000e+03
6.350000000000000000e+04 9.134000000000000000e+03
6.400000000000000000e+04 8.960000000000000000e+03
6.450000000000000000e+04 8.965000000000000000e+03
6.500000000000000000e+04 8.750000000000000000e+03
6.550000000000000000e+04 8.678000000000000000e+03
6.600000000000000000e+04 8.861000000000000000e+03
6.650000000000000000e+04 8.608000000000000000e+03
6.700000000000000000e+04 8.421000000000000000e+03
6.750000000000000000e+04 8.501000000000000000e+03
6.800000000000000000e+04 8.478000000000000000e+03
6.850000000000000000e+04 8.315000000000000000e+03
6.900000000000000000e+04 8.121000000000000000e+03
6.950000000000000000e+04 7.959000000000000000e+03
7.000000000000000000e+04 7.802000000000000000e+03
7.050000000000000000e+04 7.638000000000000000e+03
7.100000000000000000e+04 7.491000000000000000e+03
7.150000000000000000e+04 7.452000000000000000e+03
7.200000000000000000e+04 7.247000000000000000e+03
7.250000000000000000e+04 6.964000000000000000e+03
7.300000000000000000e+04 6.678000000000000000e+03
7.350000000000000000e+04 6.578000000000000000e+03
7.400000000000000000e+04 6.202000000000000000e+03
7.450000000000000000e+04 5.869000000000000000e+03
7.500000000000000000e+04 5.842000000000000000e+03
7.550000000000000000e+04 5.401000000000000000e+03
7.600000000000000000e+04 5.349000000000000000e+03
7.650000000000000000e+04 5.076000000000000000e+03
7.700000000000000000e+04 5.103000000000000000e+03
7.750000000000000000e+04 4.677000000000000000e+03
7.800000000000000000e+04 4.356000000000000000e+03
7.850000000000000000e+04 4.246000000000000000e+03
7.900000000000000000e+04 4.062000000000000000e+03
7.950000000000000000e+04 3.861000000000000000e+03
8.000000000000000000e+04 3.595000000000000000e+03
8.050000000000000000e+04 3.523000000000000000e+03
8.100000000000000000e+04 3.431000000000000000e+03
8.150000000000000000e+04 3.188000000000000000e+03
8.200000000000000000e+04 3.095000000000000000e+03
8.250000000000000000e+04 2.938000000000000000e+03
8.300000000000000000e+04 2.945000000000000000e+03
8.350000000000000000e+04 2.720000000000000000e+03
8.400000000000000000e+04 2.695000000000000000e+03
8.450000000000000000e+04 2.830000000000000000e+03
8.500000000000000000e+04 2.833000000000000000e+03
8.550000000000000000e+04 2.835000000000000000e+03
8.600000000000000000e+04 2.984000000000000000e+03
8.650000000000000000e+04 2.880000000000000000e+03
8.700000000000000000e+04 2.904000000000000000e+03
8.750000000000000000e+04 3.017000000000000000e+03
8.800000000000000000e+04 3.193000000000000000e+03
8.850000000000000000e+04 3.336000000000000000e+03
8.900000000000000000e+04 3.627000000000000000e+03
8.950000000000000000e+04 3.681000000000000000e+03
9.000000000000000000e+04 4.052000000000000000e+03
9.050000000000000000e+04 4.206000000000000000e+03
9.100000000000000000e+04 4.287000000000000000e+03
9.150000000000000000e+04 4.647000000000000000e+03
9.200000000000000000e+04 4.745000000000000000e+03
9.250000000000000000e+04 5.012000000000000000e+03
9.300000000000000000e+04 5.300000000000000000e+03
9.350000000000000000e+04 5.490000000000000000e+03
9.400000000000000000e+04 5.618000000000000000e+03
9.450000000000000000e+04 6.112000000000000000e+03
9.500000000000000000e+04 6.223000000000000000e+03
9.550000000000000000e+04 6.436000000000000000e+03
9.600000000000000000e+04 6.611000000000000000e+03
9.650000000000000000e+04 6.918000000000000000e+03
9.700000000000000000e+04 6.897000000000000000e+03
9.750000000000000000e+04 7.146000000000000000e+03
9.800000000000000000e+04 7.268000000000000000e+03
9.850000000000000000e+04 7.714000000000000000e+03
9.900000000000000000e+04 7.677000000000000000e+03
9.950000000000000000e+04 7.764000000000000000e+03
