0.000000000000000000e+00 7.258000000000000000e+03
5.000000000000000000e+01 7.224000000000000000e+03
1.000000000000000000e+02 7.541000000000000000e+03
1.500000000000000000e+02 7.453000000000000000e+03
2.000000000000000000e+02 7.639000000000000000e+03
2.500000000000000000e+02 7.863000000000000000e+03
3.000000000000000000e+02 7.935000000000000000e+03
3.500000000000000000e+02 8.044000000000000000e+03
4.000000000000000000e+02 8.227000000000000000e+03
4.500000000000000000e+02 8.197000000000000000e+03
5.000000000000000000e+02 8.218000000000000000e+03
5.500000000000000000e+02 8.131000000000000000e+03
6.000000000000000000e+02 8.193000000000000000e+03
6.500000000000000000e+02 8.379000000000000000e+03
7.000000000000000000e+02 8.367000000000000000e+03
7.500000000000000000e+02 8.366000000000000000e+03
8.000000000000000000e+02 8.423000000000000000e+03
8.500000000000000000e+02 8.220000000000000000e+03
9.000000000000000000e+02 8.215000000000000000e+03
9.500000000000000000e+02 8.370000000000000000e+03
1.000000000000000000e+03 8.472000000000000000e+03
1.050000000000000000e+03 8.502000000000000000e+03
1.100000000000000000e+03 8.428000000000000000e+03
1.150000000000000000e+03 8.422000000000000000e+03
1.200000000000000000e+03 8.486000000000000000e+03
1.250000000000000000e+03 8.182000000000000000e+03
1.300000000000000000e+03 8.361000000000000000e+03
1.350000000000000000e+03 8.421000000000000000e+03
1.400000000000000000e+03 8.326000000000000000e+03
1.450000000000000000e+03 8.081000000000000000e+03
1.500000000000000000e+03 7.965000000000000000e+03
1.550000000000000000e+03 8.130000000000000000e+03
1.600000000000000000e+03 8.035000000000000000e+03
1.650000000000000000e+03 8.166000000000000000e+03
1.700000000000000000e+03 7.824000000000000000e+03
1.750000000000000000e+03 7.745000000000000000e+03
1.800000000000000000e+03 7.649000000000000000e+03
1.850000000000000000e+03 7.465000000000000000e+03
1.900000000000000000e+03 7.404000000000000000e+03
1.950000000000000000e+03 7.288000000000000000e+03
2.000000000000000000e+03 7.290000000000000000e+03
2.050000000000000000e+03 7.037000000000000000e+03
2.100000000000000000e+03 6.998000000000000000e+03
2.150000000000000000e+03 6.849000000000000000e+03
2.200000000000000000e+03 6.632000000000000000e+03
2.250000000000000000e+03 6.565000000000000000e+03
2.300000000000000000e+03 6.468000000000000000e+03
2.350000000000000000e+03 6.174000000000000000e+03
2.400000000000000000e+03 5.900000000000000000e+03
2.450000000000000000e+03 5.921000000000000000e+03
2.500000000000000000e+03 5.614000000000000000e+03
2.550000000000000000e+03 5.362000000000000000e+03
2.600000000000000000e+03 5.277000000000000000e+03
2.650000000000000000e+03 5.041000000000000000e+03
2.700000000000000000e+03 4.807000000000000000e+03
2.750000000000000000e+03 4.641000000000000000e+03
2.800000000000000000e+03 4.357000000000000000e+03
2.850000000000000000e+03 4.166000000000000000e+03
2.900000000000000000e+03 3.991000000000000000e+03
2.950000000000000000e+03 3.762000000000000000e+03
3.000000000000000000e+03 3.614000000000000000e+03
3.050000000000000000e+03 3.566000000000000000e+03
3.100000000000000000e+03 3.436000000000000000e+03
3.150000000000000000e+03 3.263000000000000000e+03
3.200000000000000000e+03 3.012000000000000000e+03
3.250000000000000000e+03 2.958000000000000000e+03
3.300000000000000000e+03 2.843000000000000000e+03
3.350000000000000000e+03 2.743000000000000000e+03
3.400000000000000000e+03 2.713000000000000000e+03
3.450000000000000000e+03 2.706000000000000000e+03
3.500000000000000000e+03 2.637000000000000000e+03
3.550000000000000000e+03 2.518000000000000000e+03
3.600000000000000000e+03 2.588000000000000000e+03
3.650000000000000000e+03 2.624000000000000000e+03
3.700000000000000000e+03 2.630000000000000000e+03
3.750000000000000000e+03 2.689000000000000000e+03
3.800000000000000000e+03 2.841000000000000000e+03
3.850000000000000000e+03 2.912000000000000000e+03
3.900000000000000000e+03 2.983000000000000000e+03
3.950000000000000000e+03 3.109000000000000000e+03
4.000000000000000000e+03 3.275000000000000000e+03
4.050000000000000000e+03 3.518000000000000000e+03
4.100000000000000000e+03 3.604000000000000000e+03
4.150000000000000000e+03 3.769000000000000000e+03
4.200000000000000000e+03 3.985000000000000000e+03
4.250000000000000000e+03 4.195000000000000000e+03
4.300000000000000000e+03 4.455000000000000000e+03
4.350000000000000000e+03 4.716000000000000000e+03
4.400000000000000000e+03 4.863000000000000000e+03
4.450000000000000000e+03 5.120000000000000000e+03
4.500000000000000000e+03 5.399000000000000000e+03
4.550000000000000000e+03 5.673000000000000000e+03
4.600000000000000000e+03 5.959000000000000000e+03
4.650000000000000000e+03 6.058000000000000000e+03
4.700000000000000000e+03 6.339000000000000000e+03
4.750000000000000000e+03 6.369000000000000000e+03
4.800000000000000000e+03 6.706000000000000000e+03
4.850000000000000000e+03 6.761000000000000000e+03
4.900000000000000000e+03 6.991000000000000000e+03
4.950000000000000000e+03 7.064000000000000000e+03
5.000000000000000000e+03 7.161000000000000000e+03
5.050000000000000000e+03 7.410000000000000000e+03
5.100000000000000000e+03 7.538000000000000000e+03
5.150000000000000000e+03 7.653000000000000000e+03
5.200000000000000000e+03 7.766000000000000000e+03
5.250000000000000000e+03 7.913000000000000000e+03
5.300000000000000000e+03 7.959000000000000000e+03
5.350000000000000000e+03 7.983000000000000000e+03
5.400000000000000000e+03 7.924000000000000000e+03
5.450000000000000000e+03 8.048000000000000000e+03
5.500000000000000000e+03 8.184000000000000000e+03
5.550000000000000000e+03 8.258000000000000000e+03
5.600000000000000000e+03 8.356000000000000000e+03
5.650000000000000000e+03 8.236000000000000000e+03
5.700000000000000000e+03 8.149000000000000000e+03
5.750000000000000000e+03 8.409000000000000000e+03
5.800000000000000000e+03 8.359000000000000000e+03
5.850000000000000000e+03 8.504000000000000000e+03
5.900000000000000000e+03 8.288000000000000000e+03
5.950000000000000000e+03 8.441000000000000000e+03
6.000000000000000000e+03 8.391000000000000000e+03
6.050000000000000000e+03 8.536000000000000000e+03
6.100000000000000000e+03 8.463000000000000000e+03
6.150000000000000000e+03 8.266000000000000000e+03
6.200000000000000000e+03 8.467000000000000000e+03
6.250000000000000000e+03 8.186000000000000000e+03
6.300000000000000000e+03 8.413000000000000000e+03
6.350000000000000000e+03 8.240000000000000000e+03
6.400000000000000000e+03 8.286000000000000000e+03
6.450000000000000000e+03 8.179000000000000000e+03
6.500000000000000000e+03 8.246000000000000000e+03
6.550000000000000000e+03 8.041000000000000000e+03
6.600000000000000000e+03 8.145000000000000000e+03
6.650000000000000000e+03 7.967000000000000000e+03
6.700000000000000000e+03 7.885000000000000000e+03
6.750000000000000000e+03 7.748000000000000000e+03
6.800000000000000000e+03 7.766000000000000000e+03
6.850000000000000000e+03 7.592000000000000000e+03
6.900000000000000000e+03 7.594000000000000000e+03
6.950000000000000000e+03 7.502000000000000000e+03
7.000000000000000000e+03 7.139000000000000000e+03
7.050000000000000000e+03 7.024000000000000000e+03
7.100000000000000000e+03 7.059000000000000000e+03
7.150000000000000000e+03 6.882000000000000000e+03
7.200000000000000000e+03 6.589000000000000000e+03
7.250000000000000000e+03 6.409000000000000000e+03
7.300000000000000000e+03 6.243000000000000000e+03
7.350000000000000000e+03 6.180000000000000000e+03
7.400000000000000000e+03 6.003000000000000000e+03
7.450000000000000000e+03 5.686000000000000000e+03
7.500000000000000000e+03 5.655000000000000000e+03
7.550000000000000000e+03 5.376000000000000000e+03
7.600000000000000000e+03 5.256000000000000000e+03
7.650000000000000000e+03 5.085000000000000000e+03
7.700000000000000000e+03 4.797000000000000000e+03
7.750000000000000000e+03 4.462000000000000000e+03
7.800000000000000000e+03 4.294000000000000000e+03
7.850000000000000000e+03 4.260000000000000000e+03
7.900000000000000000e+03 4.056000000000000000e+03
7.950000000000000000e+03 3.797000000000000000e+03
8.000000000000000000e+03 3.643000000000000000e+03
8.050000000000000000e+03 3.476000000000000000e+03
8.100000000000000000e+03 3.309000000000000000e+03
8.150000000000000000e+03 3.246000000000000000e+03
8.200000000000000000e+03 3.077000000000000000e+03
8.250000000000000000e+03 3.041000000000000000e+03
8.300000000000000000e+03 2.856000000000000000e+03
8.350000000000000000e+03 2.763000000000000000e+03
8.400000000000000000e+03 2.678000000000000000e+03
8.450000000000000000e+03 2.674000000000000000e+03
8.500000000000000000e+03 2.669000000000000000e+03
8.550000000000000000e+03 2.618000000000000000e+03
8.600000000000000000e+03 2.556000000000000000e+03
8.650000000000000000e+03 2.576000000000000000e+03
8.700000000000000000e+03 2.630000000000000000e+03
8.750000000000000000e+03 2.663000000000000000e+03
8.800000000000000000e+03 2.801000000000000000e+03
8.850000000000000000e+03 2.899000000000000000e+03
8.900000000000000000e+03 2.977000000000000000e+03
8.950000000000000000e+03 3.065000000000000000e+03
9.000000000000000000e+03 3.350000000000000000e+03
9.050000000000000000e+03 3.367000000000000000e+03
9.100000000000000000e+03 3.695000000000000000e+03
9.150000000000000000e+03 3.881000000000000000e+03
9.200000000000000000e+03 4.072000000000000000e+03
9.250000000000000000e+03 4.358000000000000000e+03
9.300000000000000000e+03 4.631000000000000000e+03
9.350000000000000000e+03 4.738000000000000000e+03
9.400000000000000000e+03 5.010000000000000000e+03
9.450000000000000000e+03 5.127000000000000000e+03
9.500000000000000000e+03 5.462000000000000000e+03
9.550000000000000000e+03 5.702000000000000000e+03
9.600000000000000000e+03 5.817000000000000000e+03
9.650000000000000000e+03 6.005000000000000000e+03
9.700000000000000000e+03 6.250000000000000000e+03
9.750000000000000000e+03 6.499000000000000000e+03
9.800000000000000000e+03 6.854000000000000000e+03
9.850000000000000000e+03 6.748000000000000000e+03
9.900000000000000000e+03 6.946000000000000000e+03
9.950000000000000000e+03 7.207000000000000000e+03
