0.000000000000000000e+00 7.969000000000000000e+03
2.500000000000000000e+02 7.907000000000000000e+03
5.000000000000000000e+02 7.994000000000000000e+03
7.500000000000000000e+02 8.120000000000000000e+03
1.000000000000000000e+03 8.247000000000000000e+03
1.250000000000000000e+03 8.186000000000000000e+03
1.500000000000000000e+03 8.297000000000000000e+03
1.750000000000000000e+03 8.498000000000000000e+03
2.000000000000000000e+03 8.548000000000000000e+03
2.250000000000000000e+03 8.563000000000000000e+03
2.500000000000000000e+03 8.631000000000000000e+03
2.750000000000000000e+03 8.470000000000000000e+03
3.000000000000000000e+03 8.769000000000000000e+03
3.250000000000000000e+03 8.850000000000000000e+03
3.500000000000000000e+03 8.987000000000000000e+03
3.750000000000000000e+03 8.851000000000000000e+03
4.000000000000000000e+03 8.962000000000000000e+03
4.250000000000000000e+03 8.849000000000000000e+03
4.500000000000000000e+03 9.036000000000000000e+03
4.750000000000000000e+03 8.950000000000000000e+03
5.000000000000000000e+03 8.949000000000000000e+03
5.250000000000000000e+03 8.907000000000000000e+03
5.500000000000000000e+03 8.746000000000000000e+03
5.750000000000000000e+03 8.955000000000000000e+03
6.000000000000000000e+03 8.771000000000000000e+03
6.250000000000000000e+03 8.765000000000000000e+03
6.500000000000000000e+03 8.690000000000000000e+03
6.750000000000000000e+03 8.889000000000000000e+03
7.000000000000000000e+03 8.627000000000000000e+03
7.250000000000000000e+03 8.645000000000000000e+03
7.500000000000000000e+03 8.496000000000000000e+03
7.750000000000000000e+03 8.580000000000000000e+03
8.000000000000000000e+03 8.280000000000000000e+03
8.250000000000000000e+03 8.343000000000000000e+03
8.500000000000000000e+03 8.369000000000000000e+03
8.750000000000000000e+03 8.271000000000000000e+03
9.000000000000000000e+03 8.097000000000000000e+03
9.250000000000000000e+03 7.947000000000000000e+03
9.500000000000000000e+03 7.848000000000000000e+03
9.750000000000000000e+03 7.687000000000000000e+03
1.000000000000000000e+04 7.401000000000000000e+03
1.025000000000000000e+04 7.339000000000000000e+03
1.050000000000000000e+04 7.230000000000000000e+03
1.075000000000000000e+04 7.084000000000000000e+03
1.100000000000000000e+04 6.796000000000000000e+03
1.125000000000000000e+04 6.562000000000000000e+03
1.150000000000000000e+04 6.491000000000000000e+03
1.175000000000000000e+04 6.386000000000000000e+03
1.200000000000000000e+04 5.957000000000000000e+03
1.225000000000000000e+04 6.029000000000000000e+03
1.250000000000000000e+04 5.726000000000000000e+03
1.275000000000000000e+04 5.405000000000000000e+03
1.300000000000000000e+04 5.183000000000000000e+03
1.325000000000000000e+04 5.036000000000000000e+03
1.350000000000000000e+04 4.767000000000000000e+03
1.375000000000000000e+04 4.641000000000000000e+03
1.400000000000000000e+04 4.304000000000000000e+03
1.425000000000000000e+04 4.152000000000000000e+03
1.450000000000000000e+04 4.146000000000000000e+03
1.475000000000000000e+04 3.832000000000000000e+03
1.500000000000000000e+04 3.620000000000000000e+03
1.525000000000000000e+04 3.401000000000000000e+03
1.550000000000000000e+04 3.336000000000000000e+03
1.575000000000000000e+04 3.218000000000000000e+03
1.600000000000000000e+04 3.058000000000000000e+03
1.625000000000000000e+04 2.801000000000000000e+03
1.650000000000000000e+04 2.854000000000000000e+03
1.675000000000000000e+04 2.715000000000000000e+03
1.700000000000000000e+04 2.670000000000000000e+03
1.725000000000000000e+04 2.670000000000000000e+03
1.750000000000000000e+04 2.753000000000000000e+03
1.775000000000000000e+04 2.741000000000000000e+03
1.800000000000000000e+04 2.714000000000000000e+03
1.825000000000000000e+04 2.744000000000000000e+03
1.850000000000000000e+04 2.983000000000000000e+03
1.875000000000000000e+04 2.947000000000000000e+03
1.900000000000000000e+04 3.140000000000000000e+03
1.925000000000000000e+04 3.177000000000000000e+03
1.950000000000000000e+04 3.477000000000000000e+03
1.975000000000000000e+04 3.494000000000000000e+03
2.000000000000000000e+04 3.882000000000000000e+03
2.025000000000000000e+04 4.007000000000000000e+03
2.050000000000000000e+04 4.251000000000000000e+03
2.075000000000000000e+04 4.432000000000000000e+03
2.100000000000000000e+04 4.554000000000000000e+03
2.125000000000000000e+04 4.782000000000000000e+03
2.150000000000000000e+04 4.992000000000000000e+03
2.175000000000000000e+04 5.238000000000000000e+03
2.200000000000000000e+04 5.536000000000000000e+03
2.225000000000000000e+04 5.816000000000000000e+03
2.250000000000000000e+04 5.966000000000000000e+03
2.275000000000000000e+04 6.221000000000000000e+03
2.300000000000000000e+04 6.439000000000000000e+03
2.325000000000000000e+04 6.754000000000000000e+03
2.350000000000000000e+04 6.649000000000000000e+03
2.375000000000000000e+04 6.805000000000000000e+03
2.400000000000000000e+04 7.442000000000000000e+03
2.425000000000000000e+04 7.301000000000000000e+03
2.450000000000000000e+04 7.548000000000000000e+03
2.475000000000000000e+04 7.689000000000000000e+03
2.500000000000000000e+04 7.974000000000000000e+03
2.525000000000000000e+04 7.889000000000000000e+03
2.550000000000000000e+04 7.923000000000000000e+03
2.575000000000000000e+04 8.102000000000000000e+03
2.600000000000000000e+04 8.099000000000000000e+03
2.625000000000000000e+04 8.298000000000000000e+03
2.650000000000000000e+04 8.496000000000000000e+03
2.675000000000000000e+04 8.367000000000000000e+03
2.700000000000000000e+04 8.585000000000000000e+03
2.725000000000000000e+04 8.727000000000000000e+03
2.750000000000000000e+04 8.587000000000000000e+03
2.775000000000000000e+04 8.618000000000000000e+03
2.800000000000000000e+04 8.660000000000000000e+03
2.825000000000000000e+04 8.735000000000000000e+03
2.850000000000000000e+04 8.683000000000000000e+03
2.875000000000000000e+04 8.906000000000000000e+03
2.900000000000000000e+04 8.952000000000000000e+03
2.925000000000000000e+04 8.905000000000000000e+03
2.950000000000000000e+04 8.790000000000000000e+03
2.975000000000000000e+04 8.910000000000000000e+03
3.000000000000000000e+04 8.911000000000000000e+03
3.025000000000000000e+04 8.984000000000000000e+03
3.050000000000000000e+04 9.004000000000000000e+03
3.075000000000000000e+04 8.925000000000000000e+03
3.100000000000000000e+04 8.862000000000000000e+03
3.125000000000000000e+04 8.679000000000000000e+03
3.150000000000000000e+04 8.566000000000000000e+03
3.175000000000000000e+04 8.596000000000000000e+03
3.200000000000000000e+04 8.896000000000000000e+03
3.225000000000000000e+04 8.566000000000000000e+03
3.250000000000000000e+04 8.599000000000000000e+03
3.275000000000000000e+04 8.458000000000000000e+03
3.300000000000000000e+04 8.590000000000000000e+03
3.325000000000000000e+04 8.351000000000000000e+03
3.350000000000000000e+04 8.294000000000000000e+03
3.375000000000000000e+04 8.293000000000000000e+03
3.400000000000000000e+04 8.096000000000000000e+03
3.425000000000000000e+04 7.928000000000000000e+03
3.450000000000000000e+04 7.764000000000000000e+03
3.475000000000000000e+04 7.735000000000000000e+03
3.500000000000000000e+04 7.540000000000000000e+03
3.525000000000000000e+04 7.244000000000000000e+03
3.550000000000000000e+04 7.353000000000000000e+03
3.575000000000000000e+04 6.957000000000000000e+03
3.600000000000000000e+04 7.045000000000000000e+03
3.625000000000000000e+04 6.762000000000000000e+03
3.650000000000000000e+04 6.469000000000000000e+03
3.675000000000000000e+04 6.328000000000000000e+03
3.700000000000000000e+04 6.098000000000000000e+03
3.725000000000000000e+04 5.902000000000000000e+03
3.750000000000000000e+04 5.664000000000000000e+03
3.775000000000000000e+04 5.465000000000000000e+03
3.800000000000000000e+04 5.213000000000000000e+03
3.825000000000000000e+04 5.036000000000000000e+03
3.850000000000000000e+04 4.895000000000000000e+03
3.875000000000000000e+04 4.715000000000000000e+03
3.900000000000000000e+04 4.347000000000000000e+03
3.925000000000000000e+04 4.074000000000000000e+03
3.950000000000000000e+04 3.923000000000000000e+03
3.975000000000000000e+04 3.754000000000000000e+03
4.000000000000000000e+04 3.572000000000000000e+03
4.025000000000000000e+04 3.544000000000000000e+03
4.050000000000000000e+04 3.244000000000000000e+03
4.075000000000000000e+04 3.110000000000000000e+03
4.100000000000000000e+04 3.084000000000000000e+03
4.125000000000000000e+04 2.889000000000000000e+03
4.150000000000000000e+04 2.902000000000000000e+03
4.175000000000000000e+04 2.757000000000000000e+03
4.200000000000000000e+04 2.671000000000000000e+03
4.225000000000000000e+04 2.678000000000000000e+03
4.250000000000000000e+04 2.755000000000000000e+03
4.275000000000000000e+04 2.637000000000000000e+03
4.300000000000000000e+04 2.761000000000000000e+03
4.325000000000000000e+04 2.809000000000000000e+03
4.350000000000000000e+04 2.795000000000000000e+03
4.375000000000000000e+04 3.121000000000000000e+03
4.400000000000000000e+04 3.026000000000000000e+03
4.425000000000000000e+04 3.198000000000000000e+03
4.450000000000000000e+04 3.236000000000000000e+03
4.475000000000000000e+04 3.594000000000000000e+03
4.500000000000000000e+04 3.721000000000000000e+03
4.525000000000000000e+04 3.953000000000000000e+03
4.550000000000000000e+04 4.244000000000000000e+03
4.575000000000000000e+04 4.381000000000000000e+03
4.600000000000000000e+04 4.619000000000000000e+03
4.625000000000000000e+04 4.792000000000000000e+03
4.650000000000000000e+04 4.973000000000000000e+03
4.675000000000000000e+04 5.392000000000000000e+03
4.700000000000000000e+04 5.548000000000000000e+03
4.725000000000000000e+04 5.779000000000000000e+03
4.750000000000000000e+04 6.043000000000000000e+03
4.775000000000000000e+04 6.135000000000000000e+03
4.800000000000000000e+04 6.396000000000000000e+03
4.825000000000000000e+04 6.563000000000000000e+03
4.850000000000000000e+04 6.850000000000000000e+03
4.875000000000000000e+04 7.021000000000000000e+03
4.900000000000000000e+04 7.203000000000000000e+03
4.925000000000000000e+04 7.281000000000000000e+03
4.950000000000000000e+04 7.542000000000000000e+03
4.975000000000000000e+04 7.578000000000000000e+03
