0.000000000000000000e+00 1.976500000000000000e+04
1.000000000000000000e+04 2.036400000000000000e+04
2.000000000000000000e+04 2.057400000000000000e+04
3.000000000000000000e+04 2.118100000000000000e+04
4.000000000000000000e+04 2.135400000000000000e+04
5.000000000000000000e+04 2.150500000000000000e+04
6.000000000000000000e+04 2.143000000000000000e+04
7.000000000000000000e+04 2.171000000000000000e+04
8.000000000000000000e+04 2.200300000000000000e+04
9.000000000000000000e+04 2.215000000000000000e+04
1.000000000000000000e+05 2.254800000000000000e+04
1.100000000000000000e+05 2.247000000000000000e+04
1.200000000000000000e+05 2.268700000000000000e+04
1.300000000000000000e+05 2.260200000000000000e+04
1.400000000000000000e+05 2.273300000000000000e+04
1.500000000000000000e+05 2.254100000000000000e+04
1.600000000000000000e+05 2.253500000000000000e+04
1.700000000000000000e+05 2.293100000000000000e+04
1.800000000000000000e+05 2.296400000000000000e+04
1.900000000000000000e+05 2.287200000000000000e+04
2.000000000000000000e+05 2.251000000000000000e+04
2.100000000000000000e+05 2.299600000000000000e+04
2.200000000000000000e+05 2.249100000000000000e+04
2.300000000000000000e+05 2.264900000000000000e+04
2.400000000000000000e+05 2.281600000000000000e+04
2.500000000000000000e+05 2.259100000000000000e+04
2.600000000000000000e+05 2.223100000000000000e+04
2.700000000000000000e+05 2.229400000000000000e+04
2.800000000000000000e+05 2.221800000000000000e+04
2.900000000000000000e+05 2.240200000000000000e+04
3.000000000000000000e+05 2.191800000000000000e+04
3.100000000000000000e+05 2.192100000000000000e+04
3.200000000000000000e+05 2.135200000000000000e+04
3.300000000000000000e+05 2.153500000000000000e+04
3.400000000000000000e+05 2.101600000000000000e+04
3.500000000000000000e+05 2.084600000000000000e+04
3.600000000000000000e+05 2.064700000000000000e+04
3.700000000000000000e+05 2.042100000000000000e+04
3.800000000000000000e+05 1.982600000000000000e+04
3.900000000000000000e+05 1.957500000000000000e+04
4.000000000000000000e+05 1.900400000000000000e+04
4.100000000000000000e+05 1.884500000000000000e+04
4.200000000000000000e+05 1.828300000000000000e+04
4.300000000000000000e+05 1.813900000000000000e+04
4.400000000000000000e+05 1.742000000000000000e+04
4.500000000000000000e+05 1.720100000000000000e+04
4.600000000000000000e+05 1.665600000000000000e+04
4.700000000000000000e+05 1.600300000000000000e+04
4.800000000000000000e+05 1.529100000000000000e+04
4.900000000000000000e+05 1.472300000000000000e+04
5.000000000000000000e+05 1.426800000000000000e+04
5.100000000000000000e+05 1.379500000000000000e+04
5.200000000000000000e+05 1.297800000000000000e+04
5.300000000000000000e+05 1.250800000000000000e+04
5.400000000000000000e+05 1.170400000000000000e+04
5.500000000000000000e+05 1.121000000000000000e+04
5.600000000000000000e+05 1.072700000000000000e+04
5.700000000000000000e+05 1.006700000000000000e+04
5.800000000000000000e+05 9.722000000000000000e+03
5.900000000000000000e+05 9.055000000000000000e+03
6.000000000000000000e+05 8.549000000000000000e+03
6.100000000000000000e+05 8.344000000000000000e+03
6.200000000000000000e+05 7.826000000000000000e+03
6.300000000000000000e+05 7.416000000000000000e+03
6.400000000000000000e+05 7.253000000000000000e+03
6.500000000000000000e+05 7.105000000000000000e+03
6.600000000000000000e+05 6.700000000000000000e+03
6.700000000000000000e+05 6.667000000000000000e+03
6.800000000000000000e+05 6.585000000000000000e+03
6.900000000000000000e+05 6.409000000000000000e+03
7.000000000000000000e+05 6.416000000000000000e+03
7.100000000000000000e+05 6.582000000000000000e+03
7.200000000000000000e+05 6.799000000000000000e+03
7.300000000000000000e+05 6.896000000000000000e+03
7.400000000000000000e+05 7.187000000000000000e+03
7.500000000000000000e+05 7.403000000000000000e+03
7.600000000000000000e+05 7.531000000000000000e+03
7.700000000000000000e+05 8.111000000000000000e+03
7.800000000000000000e+05 8.530000000000000000e+03
7.900000000000000000e+05 8.854000000000000000e+03
8.000000000000000000e+05 9.565000000000000000e+03
8.100000000000000000e+05 9.964000000000000000e+03
8.200000000000000000e+05 1.039000000000000000e+04
8.300000000000000000e+05 1.088000000000000000e+04
8.400000000000000000e+05 1.159500000000000000e+04
8.500000000000000000e+05 1.214900000000000000e+04
8.600000000000000000e+05 1.266800000000000000e+04
8.700000000000000000e+05 1.351900000000000000e+04
8.800000000000000000e+05 1.367900000000000000e+04
8.900000000000000000e+05 1.439200000000000000e+04
9.000000000000000000e+05 1.510300000000000000e+04
9.100000000000000000e+05 1.594100000000000000e+04
9.200000000000000000e+05 1.606200000000000000e+04
9.300000000000000000e+05 1.695800000000000000e+04
9.400000000000000000e+05 1.714000000000000000e+04
9.500000000000000000e+05 1.733500000000000000e+04
9.600000000000000000e+05 1.760600000000000000e+04
9.700000000000000000e+05 1.864700000000000000e+04
9.800000000000000000e+05 1.903500000000000000e+04
9.900000000000000000e+05 1.943000000000000000e+04
1.000000000000000000e+06 1.974400000000000000e+04
1.010000000000000000e+06 2.020400000000000000e+04
1.020000000000000000e+06 2.029700000000000000e+04
1.030000000000000000e+06 2.068900000000000000e+04
1.040000000000000000e+06 2.115700000000000000e+04
1.050000000000000000e+06 2.125700000000000000e+04
1.060000000000000000e+06 2.136900000000000000e+04
1.070000000000000000e+06 2.178200000000000000e+04
1.080000000000000000e+06 2.184700000000000000e+04
1.090000000000000000e+06 2.204600000000000000e+04
1.100000000000000000e+06 2.208700000000000000e+04
1.110000000000000000e+06 2.197900000000000000e+04
1.120000000000000000e+06 2.239300000000000000e+04
1.130000000000000000e+06 2.256100000000000000e+04
1.140000000000000000e+06 2.283700000000000000e+04
1.150000000000000000e+06 2.264000000000000000e+04
1.160000000000000000e+06 2.289500000000000000e+04
1.170000000000000000e+06 2.278500000000000000e+04
1.180000000000000000e+06 2.258600000000000000e+04
1.190000000000000000e+06 2.258400000000000000e+04
1.200000000000000000e+06 2.287800000000000000e+04
1.210000000000000000e+06 2.287700000000000000e+04
1.220000000000000000e+06 2.276500000000000000e+04
1.230000000000000000e+06 2.274600000000000000e+04
1.240000000000000000e+06 2.249600000000000000e+04
1.250000000000000000e+06 2.258100000000000000e+04
1.260000000000000000e+06 2.260200000000000000e+04
1.270000000000000000e+06 2.242400000000000000e+04
1.280000000000000000e+06 2.202600000000000000e+04
1.290000000000000000e+06 2.193300000000000000e+04
1.300000000000000000e+06 2.186800000000000000e+04
1.310000000000000000e+06 2.166100000000000000e+04
1.320000000000000000e+06 2.173100000000000000e+04
1.330000000000000000e+06 2.137000000000000000e+04
1.340000000000000000e+06 2.103800000000000000e+04
1.350000000000000000e+06 2.089400000000000000e+04
1.360000000000000000e+06 2.058800000000000000e+04
1.370000000000000000e+06 2.033500000000000000e+04
1.380000000000000000e+06 1.979900000000000000e+04
1.390000000000000000e+06 1.953800000000000000e+04
1.400000000000000000e+06 1.920200000000000000e+04
1.410000000000000000e+06 1.859800000000000000e+04
1.420000000000000000e+06 1.820500000000000000e+04
1.430000000000000000e+06 1.786100000000000000e+04
1.440000000000000000e+06 1.765500000000000000e+04
1.450000000000000000e+06 1.711900000000000000e+04
1.460000000000000000e+06 1.664900000000000000e+04
1.470000000000000000e+06 1.584400000000000000e+04
1.480000000000000000e+06 1.521200000000000000e+04
1.490000000000000000e+06 1.498100000000000000e+04
1.500000000000000000e+06 1.420500000000000000e+04
1.510000000000000000e+06 1.366500000000000000e+04
1.520000000000000000e+06 1.281400000000000000e+04
1.530000000000000000e+06 1.241500000000000000e+04
1.540000000000000000e+06 1.186000000000000000e+04
1.550000000000000000e+06 1.129000000000000000e+04
1.560000000000000000e+06 1.075100000000000000e+04
1.570000000000000000e+06 9.900000000000000000e+03
1.580000000000000000e+06 9.699000000000000000e+03
1.590000000000000000e+06 9.068000000000000000e+03
1.600000000000000000e+06 8.827000000000000000e+03
1.610000000000000000e+06 8.352000000000000000e+03
1.620000000000000000e+06 7.992000000000000000e+03
1.630000000000000000e+06 7.500000000000000000e+03
1.640000000000000000e+06 7.229000000000000000e+03
1.650000000000000000e+06 7.022000000000000000e+03
1.660000000000000000e+06 6.674000000000000000e+03
1.670000000000000000e+06 6.578000000000000000e+03
1.680000000000000000e+06 6.587000000000000000e+03
1.690000000000000000e+06 6.585000000000000000e+03
1.700000000000000000e+06 6.417000000000000000e+03
1.710000000000000000e+06 6.521000000000000000e+03
1.720000000000000000e+06 6.484000000000000000e+03
1.730000000000000000e+06 6.835000000000000000e+03
1.740000000000000000e+06 7.163000000000000000e+03
1.750000000000000000e+06 7.418000000000000000e+03
1.760000000000000000e+06 7.804000000000000000e+03
1.770000000000000000e+06 8.231000000000000000e+03
1.780000000000000000e+06 8.361000000000000000e+03
1.790000000000000000e+06 8.798000000000000000e+03
1.800000000000000000e+06 9.290000000000000000e+03
1.810000000000000000e+06 9.779000000000000000e+03
1.820000000000000000e+06 1.037500000000000000e+04
1.830000000000000000e+06 1.108400000000000000e+04
1.840000000000000000e+06 1.167400000000000000e+04
1.850000000000000000e+06 1.200600000000000000e+04
1.860000000000000000e+06 1.274700000000000000e+04
1.870000000000000000e+06 1.335000000000000000e+04
1.880000000000000000e+06 1.403800000000000000e+04
1.890000000000000000e+06 1.456400000000000000e+04
1.900000000000000000e+06 1.506000000000000000e+04
1.910000000000000000e+06 1.567900000000000000e+04
1.920000000000000000e+06 1.609900000000000000e+04
1.930000000000000000e+06 1.669800000000000000e+04
1.940000000000000000e+06 1.716600000000000000e+04
1.950000000000000000e+06 1.789500000000000000e+04
1.960000000000000000e+06 1.806400000000000000e+04
1.970000000000000000e+06 1.860000000000000000e+04
1.980000000000000000e+06 1.910300000000000000e+04
1.990000000000000000e+06 1.922200000000000000e+04
