0.000000000000000000e+00 1.066000000000000000e+04
3.333000000000000000e+03 1.113500000000000000e+04
6.666000000000000000e+03 1.110500000000000000e+04
9.999000000000000000e+03 1.143300000000000000e+04
1.333200000000000000e+04 1.141700000000000000e+04
1.666500000000000000e+04 1.174400000000000000e+04
1.999800000000000000e+04 1.178800000000000000e+04
2.333100000000000000e+04 1.202600000000000000e+04
2.666400000000000000e+04 1.202100000000000000e+04
2.999700000000000000e+04 1.213200000000000000e+04
3.333000000000000000e+04 1.224700000000000000e+04
3.666300000000000000e+04 1.212700000000000000e+04
3.999600000000000000e+04 1.238400000000000000e+04
4.332900000000000000e+04 1.235800000000000000e+04
4.666200000000000000e+04 1.220500000000000000e+04
4.999500000000000000e+04 1.256300000000000000e+04
5.332800000000000000e+04 1.245600000000000000e+04
5.666100000000000000e+04 1.274100000000000000e+04
5.999400000000000000e+04 1.241800000000000000e+04
6.332700000000000000e+04 1.257600000000000000e+04
6.666000000000000000e+04 1.249000000000000000e+04
6.999300000000000000e+04 1.240400000000000000e+04
7.332600000000000000e+04 1.256900000000000000e+04
7.665900000000000000e+04 1.232200000000000000e+04
7.999200000000000000e+04 1.258900000000000000e+04
8.332500000000000000e+04 1.236400000000000000e+04
8.665800000000000000e+04 1.238300000000000000e+04
8.999100000000000000e+04 1.232500000000000000e+04
9.332400000000000000e+04 1.219400000000000000e+04
9.665700000000000000e+04 1.222700000000000000e+04
9.999000000000000000e+04 1.212000000000000000e+04
1.033230000000000000e+05 1.187800000000000000e+04
1.066560000000000000e+05 1.153200000000000000e+04
1.099890000000000000e+05 1.160500000000000000e+04
1.133220000000000000e+05 1.152200000000000000e+04
1.166550000000000000e+05 1.131800000000000000e+04
1.199880000000000000e+05 1.114500000000000000e+04
1.233210000000000000e+05 1.092400000000000000e+04
1.266540000000000000e+05 1.088300000000000000e+04
1.299870000000000000e+05 1.073300000000000000e+04
1.333200000000000000e+05 1.059300000000000000e+04
1.366530000000000000e+05 1.023300000000000000e+04
1.399860000000000000e+05 9.817000000000000000e+03
1.433190000000000000e+05 9.570000000000000000e+03
1.466520000000000000e+05 9.432000000000000000e+03
1.499850000000000000e+05 9.116000000000000000e+03
1.533180000000000000e+05 8.862000000000000000e+03
1.566510000000000000e+05 8.429000000000000000e+03
1.599840000000000000e+05 8.012000000000000000e+03
1.633170000000000000e+05 7.713000000000000000e+03
1.666500000000000000e+05 7.387000000000000000e+03
1.699830000000000000e+05 7.160000000000000000e+03
1.733160000000000000e+05 6.870000000000000000e+03
1.766490000000000000e+05 6.546000000000000000e+03
1.799820000000000000e+05 5.985000000000000000e+03
1.833150000000000000e+05 5.679000000000000000e+03
1.866480000000000000e+05 5.440000000000000000e+03
1.899810000000000000e+05 5.262000000000000000e+03
1.933140000000000000e+05 4.883000000000000000e+03
1.966470000000000000e+05 4.661000000000000000e+03
1.999800000000000000e+05 4.366000000000000000e+03
2.033130000000000000e+05 4.286000000000000000e+03
2.066460000000000000e+05 4.021000000000000000e+03
2.099790000000000000e+05 3.754000000000000000e+03
2.133120000000000000e+05 3.591000000000000000e+03
2.166450000000000000e+05 3.505000000000000000e+03
2.199780000000000000e+05 3.474000000000000000e+03
2.233110000000000000e+05 3.413000000000000000e+03
2.266440000000000000e+05 3.310000000000000000e+03
2.299770000000000000e+05 3.331000000000000000e+03
2.333100000000000000e+05 3.266000000000000000e+03
2.366430000000000000e+05 3.280000000000000000e+03
2.399760000000000000e+05 3.337000000000000000e+03
2.433090000000000000e+05 3.426000000000000000e+03
2.466420000000000000e+05 3.461000000000000000e+03
2.499750000000000000e+05 3.802000000000000000e+03
2.533080000000000000e+05 3.849000000000000000e+03
2.566410000000000000e+05 4.193000000000000000e+03
2.599740000000000000e+05 4.370000000000000000e+03
2.633070000000000000e+05 4.460000000000000000e+03
2.666400000000000000e+05 4.893000000000000000e+03
2.699730000000000000e+05 5.086000000000000000e+03
2.733060000000000000e+05 5.388000000000000000e+03
2.766390000000000000e+05 5.682000000000000000e+03
2.799720000000000000e+05 5.972000000000000000e+03
2.833050000000000000e+05 6.337000000000000000e+03
2.866380000000000000e+05 6.693000000000000000e+03
2.899710000000000000e+05 6.976000000000000000e+03
2.933040000000000000e+05 7.309000000000000000e+03
2.966370000000000000e+05 7.904000000000000000e+03
2.999700000000000000e+05 8.232000000000000000e+03
3.033030000000000000e+05 8.367000000000000000e+03
3.066360000000000000e+05 8.853000000000000000e+03
3.099690000000000000e+05 8.946000000000000000e+03
3.133020000000000000e+05 9.260000000000000000e+03
3.166350000000000000e+05 9.401000000000000000e+03
3.199680000000000000e+05 1.002300000000000000e+04
3.233010000000000000e+05 1.003900000000000000e+04
3.266340000000000000e+05 1.039700000000000000e+04
3.299670000000000000e+05 1.049000000000000000e+04
3.333000000000000000e+05 1.070400000000000000e+04
3.366330000000000000e+05 1.091300000000000000e+04
3.399660000000000000e+05 1.115700000000000000e+04
3.432990000000000000e+05 1.145500000000000000e+04
3.466320000000000000e+05 1.155300000000000000e+04
3.499650000000000000e+05 1.165200000000000000e+04
3.532980000000000000e+05 1.178300000000000000e+04
3.566310000000000000e+05 1.194900000000000000e+04
3.599640000000000000e+05 1.208800000000000000e+04
3.632970000000000000e+05 1.208900000000000000e+04
3.666300000000000000e+05 1.206400000000000000e+04
3.699630000000000000e+05 1.224200000000000000e+04
3.732960000000000000e+05 1.266700000000000000e+04
3.766290000000000000e+05 1.245100000000000000e+04
3.799620000000000000e+05 1.250900000000000000e+04
3.832950000000000000e+05 1.272700000000000000e+04
3.866280000000000000e+05 1.262300000000000000e+04
3.899610000000000000e+05 1.285200000000000000e+04
3.932940000000000000e+05 1.244300000000000000e+04
3.966270000000000000e+05 1.273000000000000000e+04
3.999600000000000000e+05 1.252800000000000000e+04
4.032930000000000000e+05 1.266100000000000000e+04
4.066260000000000000e+05 1.248400000000000000e+04
4.099590000000000000e+05 1.238800000000000000e+04
4.132920000000000000e+05 1.238100000000000000e+04
4.166250000000000000e+05 1.254600000000000000e+04
4.199580000000000000e+05 1.229200000000000000e+04
4.232910000000000000e+05 1.258800000000000000e+04
4.266240000000000000e+05 1.226900000000000000e+04
4.299570000000000000e+05 1.205100000000000000e+04
4.332900000000000000e+05 1.198800000000000000e+04
4.366230000000000000e+05 1.178200000000000000e+04
4.399560000000000000e+05 1.179300000000000000e+04
4.432890000000000000e+05 1.190400000000000000e+04
4.466220000000000000e+05 1.145900000000000000e+04
4.499550000000000000e+05 1.128500000000000000e+04
4.532880000000000000e+05 1.130000000000000000e+04
4.566210000000000000e+05 1.110500000000000000e+04
4.599540000000000000e+05 1.090300000000000000e+04
4.632870000000000000e+05 1.080300000000000000e+04
4.666200000000000000e+05 1.036900000000000000e+04
4.699530000000000000e+05 1.011400000000000000e+04
4.732860000000000000e+05 9.964000000000000000e+03
4.766190000000000000e+05 9.742000000000000000e+03
4.799520000000000000e+05 9.462000000000000000e+03
4.832850000000000000e+05 9.182000000000000000e+03
4.866180000000000000e+05 8.735000000000000000e+03
4.899510000000000000e+05 8.386000000000000000e+03
4.932840000000000000e+05 8.096000000000000000e+03
4.966170000000000000e+05 7.909000000000000000e+03
4.999500000000000000e+05 7.703000000000000000e+03
5.032830000000000000e+05 7.139000000000000000e+03
5.066160000000000000e+05 6.759000000000000000e+03
5.099490000000000000e+05 6.344000000000000000e+03
5.132820000000000000e+05 6.188000000000000000e+03
5.166150000000000000e+05 5.910000000000000000e+03
5.199480000000000000e+05 5.511000000000000000e+03
5.232810000000000000e+05 5.222000000000000000e+03
5.266140000000000000e+05 4.902000000000000000e+03
5.299470000000000000e+05 4.617000000000000000e+03
5.332800000000000000e+05 4.487000000000000000e+03
5.366130000000000000e+05 4.238000000000000000e+03
5.399460000000000000e+05 3.969000000000000000e+03
5.432790000000000000e+05 3.717000000000000000e+03
5.466120000000000000e+05 3.618000000000000000e+03
5.499450000000000000e+05 3.513000000000000000e+03
5.532780000000000000e+05 3.339000000000000000e+03
5.566110000000000000e+05 3.319000000000000000e+03
5.599440000000000000e+05 3.376000000000000000e+03
5.632770000000000000e+05 3.287000000000000000e+03
5.666100000000000000e+05 3.237000000000000000e+03
5.699430000000000000e+05 3.356000000000000000e+03
5.732760000000000000e+05 3.396000000000000000e+03
5.766090000000000000e+05 3.426000000000000000e+03
5.799420000000000000e+05 3.625000000000000000e+03
5.832750000000000000e+05 3.812000000000000000e+03
5.866080000000000000e+05 3.964000000000000000e+03
5.899410000000000000e+05 4.119000000000000000e+03
5.932740000000000000e+05 4.284000000000000000e+03
5.966070000000000000e+05 4.530000000000000000e+03
5.999400000000000000e+05 4.795000000000000000e+03
6.032730000000000000e+05 5.161000000000000000e+03
6.066060000000000000e+05 5.322000000000000000e+03
6.099390000000000000e+05 5.677000000000000000e+03
6.132720000000000000e+05 6.081000000000000000e+03
6.166050000000000000e+05 6.430000000000000000e+03
6.199380000000000000e+05 6.762000000000000000e+03
6.232710000000000000e+05 7.101000000000000000e+03
6.266040000000000000e+05 7.331000000000000000e+03
6.299370000000000000e+05 7.680000000000000000e+03
6.332700000000000000e+05 8.077000000000000000e+03
6.366030000000000000e+05 8.460000000000000000e+03
6.399360000000000000e+05 8.850000000000000000e+03
6.432690000000000000e+05 8.858000000000000000e+03
6.466020000000000000e+05 9.249000000000000000e+03
6.499350000000000000e+05 9.621000000000000000e+03
6.532680000000000000e+05 9.720000000000000000e+03
6.566010000000000000e+05 1.000900000000000000e+04
6.599340000000000000e+05 1.044700000000000000e+04
6.632670000000000000e+05 1.051400000000000000e+04
