0.000000000000000000e+00 6.512000000000000000e+03
5.000000000000000000e+02 6.562000000000000000e+03
1.000000000000000000e+03 6.518000000000000000e+03
1.500000000000000000e+03 6.440000000000000000e+03
2.000000000000000000e+03 6.454000000000000000e+03
2.500000000000000000e+03 6.640000000000000000e+03
3.000000000000000000e+03 6.946000000000000000e+03
3.500000000000000000e+03 6.936000000000000000e+03
4.000000000000000000e+03 7.252000000000000000e+03
4.500000000000000000e+03 7.194000000000000000e+03
5.000000000000000000e+03 7.157000000000000000e+03
5.500000000000000000e+03 7.193000000000000000e+03
6.000000000000000000e+03 7.349000000000000000e+03
6.500000000000000000e+03 7.323000000000000000e+03
7.000000000000000000e+03 7.284000000000000000e+03
7.500000000000000000e+03 7.383000000000000000e+03
8.000000000000000000e+03 7.505000000000000000e+03
8.500000000000000000e+03 7.519000000000000000e+03
9.000000000000000000e+03 7.346000000000000000e+03
9.500000000000000000e+03 7.408000000000000000e+03
1.000000000000000000e+04 7.384000000000000000e+03
1.050000000000000000e+04 7.354000000000000000e+03
1.100000000000000000e+04 7.130000000000000000e+03
1.150000000000000000e+04 7.212000000000000000e+03
1.200000000000000000e+04 7.066000000000000000e+03
1.250000000000000000e+04 7.267000000000000000e+03
1.300000000000000000e+04 7.294000000000000000e+03
1.350000000000000000e+04 7.349000000000000000e+03
1.400000000000000000e+04 7.210000000000000000e+03
1.450000000000000000e+04 7.137000000000000000e+03
1.500000000000000000e+04 7.090000000000000000e+03
1.550000000000000000e+04 6.869000000000000000e+03
1.600000000000000000e+04 7.023000000000000000e+03
1.650000000000000000e+04 6.939000000000000000e+03
1.700000000000000000e+04 6.949000000000000000e+03
1.750000000000000000e+04 6.890000000000000000e+03
1.800000000000000000e+04 6.605000000000000000e+03
1.850000000000000000e+04 6.403000000000000000e+03
1.900000000000000000e+04 6.219000000000000000e+03
1.950000000000000000e+04 6.107000000000000000e+03
2.000000000000000000e+04 6.137000000000000000e+03
2.050000000000000000e+04 5.946000000000000000e+03
2.100000000000000000e+04 5.834000000000000000e+03
2.150000000000000000e+04 5.854000000000000000e+03
2.200000000000000000e+04 5.642000000000000000e+03
2.250000000000000000e+04 5.660000000000000000e+03
2.300000000000000000e+04 5.314000000000000000e+03
2.350000000000000000e+04 5.022000000000000000e+03
2.400000000000000000e+04 4.838000000000000000e+03
2.450000000000000000e+04 4.675000000000000000e+03
2.500000000000000000e+04 4.502000000000000000e+03
2.550000000000000000e+04 4.363000000000000000e+03
2.600000000000000000e+04 4.237000000000000000e+03
2.650000000000000000e+04 4.098000000000000000e+03
2.700000000000000000e+04 3.919000000000000000e+03
2.750000000000000000e+04 3.823000000000000000e+03
2.800000000000000000e+04 3.505000000000000000e+03
2.850000000000000000e+04 3.258000000000000000e+03
2.900000000000000000e+04 3.158000000000000000e+03
2.950000000000000000e+04 2.868000000000000000e+03
3.000000000000000000e+04 2.707000000000000000e+03
3.050000000000000000e+04 2.735000000000000000e+03
3.100000000000000000e+04 2.561000000000000000e+03
3.150000000000000000e+04 2.578000000000000000e+03
3.200000000000000000e+04 2.479000000000000000e+03
3.250000000000000000e+04 2.296000000000000000e+03
3.300000000000000000e+04 2.279000000000000000e+03
3.350000000000000000e+04 2.164000000000000000e+03
3.400000000000000000e+04 2.053000000000000000e+03
3.450000000000000000e+04 2.095000000000000000e+03
3.500000000000000000e+04 2.133000000000000000e+03
3.550000000000000000e+04 2.109000000000000000e+03
3.600000000000000000e+04 2.128000000000000000e+03
3.650000000000000000e+04 2.286000000000000000e+03
3.700000000000000000e+04 2.306000000000000000e+03
3.750000000000000000e+04 2.348000000000000000e+03
3.800000000000000000e+04 2.409000000000000000e+03
3.850000000000000000e+04 2.682000000000000000e+03
3.900000000000000000e+04 2.720000000000000000e+03
3.950000000000000000e+04 2.920000000000000000e+03
4.000000000000000000e+04 3.035000000000000000e+03
4.050000000000000000e+04 3.254000000000000000e+03
4.100000000000000000e+04 3.401000000000000000e+03
4.150000000000000000e+04 3.495000000000000000e+03
4.200000000000000000e+04 3.649000000000000000e+03
4.250000000000000000e+04 3.852000000000000000e+03
4.300000000000000000e+04 3.979000000000000000e+03
4.350000000000000000e+04 4.207000000000000000e+03
4.400000000000000000e+04 4.540000000000000000e+03
4.450000000000000000e+04 4.564000000000000000e+03
4.500000000000000000e+04 4.830000000000000000e+03
4.550000000000000000e+04 5.024000000000000000e+03
4.600000000000000000e+04 5.150000000000000000e+03
4.650000000000000000e+04 5.368000000000000000e+03
4.700000000000000000e+04 5.523000000000000000e+03
4.750000000000000000e+04 5.526000000000000000e+03
4.800000000000000000e+04 5.856000000000000000e+03
4.850000000000000000e+04 6.007000000000000000e+03
4.900000000000000000e+04 6.374000000000000000e+03
4.950000000000000000e+04 6.167000000000000000e+03
5.000000000000000000e+04 6.344000000000000000e+03
5.050000000000000000e+04 6.624000000000000000e+03
5.100000000000000000e+04 6.500000000000000000e+03
5.150000000000000000e+04 6.473000000000000000e+03
5.200000000000000000e+04 6.667000000000000000e+03
5.250000000000000000e+04 6.696000000000000000e+03
5.300000000000000000e+04 6.897000000000000000e+03
5.350000000000000000e+04 6.984000000000000000e+03
5.400000000000000000e+04 6.974000000000000000e+03
5.450000000000000000e+04 7.138000000000000000e+03
5.500000000000000000e+04 7.336000000000000000e+03
5.550000000000000000e+04 7.291000000000000000e+03
5.600000000000000000e+04 7.114000000000000000e+03
5.650000000000000000e+04 7.349000000000000000e+03
5.700000000000000000e+04 7.339000000000000000e+03
5.750000000000000000e+04 7.412000000000000000e+03
5.800000000000000000e+04 7.445000000000000000e+03
5.850000000000000000e+04 7.431000000000000000e+03
5.900000000000000000e+04 7.431000000000000000e+03
5.950000000000000000e+04 7.335000000000000000e+03
6.000000000000000000e+04 7.305000000000000000e+03
6.050000000000000000e+04 7.228000000000000000e+03
6.100000000000000000e+04 7.181000000000000000e+03
6.150000000000000000e+04 7.158000000000000000e+03
6.200000000000000000e+04 7.260000000000000000e+03
6.250000000000000000e+04 7.252000000000000000e+03
6.300000000000000000e+04 7.302000000000000000e+03
6.350000000000000000e+04 7.392000000000000000e+03
6.400000000000000000e+04 7.227000000000000000e+03
6.450000000000000000e+04 7.104000000000000000e+03
6.500000000000000000e+04 6.993000000000000000e+03
6.550000000000000000e+04 6.880000000000000000e+03
6.600000000000000000e+04 6.934000000000000000e+03
6.650000000000000000e+04 6.845000000000000000e+03
6.700000000000000000e+04 6.788000000000000000e+03
6.750000000000000000e+04 6.869000000000000000e+03
6.800000000000000000e+04 6.541000000000000000e+03
6.850000000000000000e+04 6.333000000000000000e+03
6.900000000000000000e+04 6.482000000000000000e+03
6.950000000000000000e+04 6.259000000000000000e+03
7.000000000000000000e+04 6.071000000000000000e+03
7.050000000000000000e+04 5.959000000000000000e+03
7.100000000000000000e+04 5.978000000000000000e+03
7.150000000000000000e+04 5.894000000000000000e+03
7.200000000000000000e+04 5.618000000000000000e+03
7.250000000000000000e+04 5.542000000000000000e+03
7.300000000000000000e+04 5.561000000000000000e+03
7.350000000000000000e+04 5.100000000000000000e+03
7.400000000000000000e+04 4.932000000000000000e+03
7.450000000000000000e+04 4.731000000000000000e+03
7.500000000000000000e+04 4.466000000000000000e+03
7.550000000000000000e+04 4.352000000000000000e+03
7.600000000000000000e+04 4.216000000000000000e+03
7.650000000000000000e+04 4.010000000000000000e+03
7.700000000000000000e+04 3.849000000000000000e+03
7.750000000000000000e+04 3.755000000000000000e+03
7.800000000000000000e+04 3.354000000000000000e+03
7.850000000000000000e+04 3.218000000000000000e+03
7.900000000000000000e+04 2.960000000000000000e+03
7.950000000000000000e+04 2.854000000000000000e+03
8.000000000000000000e+04 2.858000000000000000e+03
8.050000000000000000e+04 2.717000000000000000e+03
8.100000000000000000e+04 2.544000000000000000e+03
8.150000000000000000e+04 2.527000000000000000e+03
8.200000000000000000e+04 2.420000000000000000e+03
8.250000000000000000e+04 2.332000000000000000e+03
8.300000000000000000e+04 2.383000000000000000e+03
8.350000000000000000e+04 2.142000000000000000e+03
8.400000000000000000e+04 2.118000000000000000e+03
8.450000000000000000e+04 2.075000000000000000e+03
8.500000000000000000e+04 2.120000000000000000e+03
8.550000000000000000e+04 2.109000000000000000e+03
8.600000000000000000e+04 2.211000000000000000e+03
8.650000000000000000e+04 2.153000000000000000e+03
8.700000000000000000e+04 2.204000000000000000e+03
8.750000000000000000e+04 2.386000000000000000e+03
8.800000000000000000e+04 2.400000000000000000e+03
8.850000000000000000e+04 2.562000000000000000e+03
8.900000000000000000e+04 2.812000000000000000e+03
8.950000000000000000e+04 2.876000000000000000e+03
9.000000000000000000e+04 3.171000000000000000e+03
9.050000000000000000e+04 3.224000000000000000e+03
9.100000000000000000e+04 3.430000000000000000e+03
9.150000000000000000e+04 3.542000000000000000e+03
9.200000000000000000e+04 3.633000000000000000e+03
9.250000000000000000e+04 3.838000000000000000e+03
9.300000000000000000e+04 4.095000000000000000e+03
9.350000000000000000e+04 4.289000000000000000e+03
9.400000000000000000e+04 4.584000000000000000e+03
9.450000000000000000e+04 4.556000000000000000e+03
9.500000000000000000e+04 4.785000000000000000e+03
9.550000000000000000e+04 5.017000000000000000e+03
9.600000000000000000e+04 5.247000000000000000e+03
9.650000000000000000e+04 5.285000000000000000e+03
9.700000000000000000e+04 5.446000000000000000e+03
9.750000000000000000e+04 5.610000000000000000e+03
9.800000000000000000e+04 5.790000000000000000e+03
9.850000000000000000e+04 6.026000000000000000e+03
9.900000000000000000e+04 6.353000000000000000e+03
9.950000000000000000e+04 6.297000000000000000e+03
