0.000000000000000000e+00 5.947000000000000000e+03
3.330000000000000000e+02 6.082000000000000000e+03
6.660000000000000000e+02 6.071000000000000000e+03
9.990000000000000000e+02 6.425000000000000000e+03
1.332000000000000000e+03 6.439000000000000000e+03
1.665000000000000000e+03 6.497000000000000000e+03
1.998000000000000000e+03 6.685000000000000000e+03
2.331000000000000000e+03 6.588000000000000000e+03
2.664000000000000000e+03 6.502000000000000000e+03
2.997000000000000000e+03 6.637000000000000000e+03
3.330000000000000000e+03 6.723000000000000000e+03
3.663000000000000000e+03 6.974000000000000000e+03
3.996000000000000000e+03 6.986000000000000000e+03
4.329000000000000000e+03 6.862000000000000000e+03
4.662000000000000000e+03 6.786000000000000000e+03
4.995000000000000000e+03 6.922000000000000000e+03
5.328000000000000000e+03 6.835000000000000000e+03
5.661000000000000000e+03 7.063000000000000000e+03
5.994000000000000000e+03 7.085000000000000000e+03
6.327000000000000000e+03 7.025000000000000000e+03
6.660000000000000000e+03 7.189000000000000000e+03
6.993000000000000000e+03 7.154000000000000000e+03
7.326000000000000000e+03 7.064000000000000000e+03
7.659000000000000000e+03 6.884000000000000000e+03
7.992000000000000000e+03 6.949000000000000000e+03
8.325000000000000000e+03 6.979000000000000000e+03
8.658000000000000000e+03 7.027000000000000000e+03
8.991000000000000000e+03 7.016000000000000000e+03
9.324000000000000000e+03 6.834000000000000000e+03
9.657000000000000000e+03 6.581000000000000000e+03
9.990000000000000000e+03 6.672000000000000000e+03
1.032300000000000000e+04 6.529000000000000000e+03
1.065600000000000000e+04 6.479000000000000000e+03
1.098900000000000000e+04 6.593000000000000000e+03
1.132200000000000000e+04 6.481000000000000000e+03
1.165500000000000000e+04 6.314000000000000000e+03
1.198800000000000000e+04 6.440000000000000000e+03
1.232100000000000000e+04 6.279000000000000000e+03
1.265400000000000000e+04 6.059000000000000000e+03
1.298700000000000000e+04 6.108000000000000000e+03
1.332000000000000000e+04 5.996000000000000000e+03
1.365300000000000000e+04 5.881000000000000000e+03
1.398600000000000000e+04 5.927000000000000000e+03
1.431900000000000000e+04 5.524000000000000000e+03
1.465200000000000000e+04 5.461000000000000000e+03
1.498500000000000000e+04 5.167000000000000000e+03
1.531800000000000000e+04 5.052000000000000000e+03
1.565100000000000000e+04 5.032000000000000000e+03
1.598400000000000000e+04 4.811000000000000000e+03
1.631700000000000000e+04 4.566000000000000000e+03
1.665000000000000000e+04 4.458000000000000000e+03
1.698300000000000000e+04 4.271000000000000000e+03
1.731600000000000000e+04 4.020000000000000000e+03
1.764900000000000000e+04 3.946000000000000000e+03
1.798200000000000000e+04 3.712000000000000000e+03
1.831500000000000000e+04 3.599000000000000000e+03
1.864800000000000000e+04 3.299000000000000000e+03
1.898100000000000000e+04 3.202000000000000000e+03
1.931400000000000000e+04 3.057000000000000000e+03
1.964700000000000000e+04 2.923000000000000000e+03
1.998000000000000000e+04 2.854000000000000000e+03
2.031300000000000000e+04 2.656000000000000000e+03
2.064600000000000000e+04 2.473000000000000000e+03
2.097900000000000000e+04 2.395000000000000000e+03
2.131200000000000000e+04 2.354000000000000000e+03
2.164500000000000000e+04 2.335000000000000000e+03
2.197800000000000000e+04 2.307000000000000000e+03
2.231100000000000000e+04 2.147000000000000000e+03
2.264400000000000000e+04 2.173000000000000000e+03
2.297700000000000000e+04 2.147000000000000000e+03
2.331000000000000000e+04 2.176000000000000000e+03
2.364300000000000000e+04 2.121000000000000000e+03
2.397600000000000000e+04 2.124000000000000000e+03
2.430900000000000000e+04 2.356000000000000000e+03
2.464200000000000000e+04 2.271000000000000000e+03
2.497500000000000000e+04 2.296000000000000000e+03
2.530800000000000000e+04 2.326000000000000000e+03
2.564100000000000000e+04 2.502000000000000000e+03
2.597400000000000000e+04 2.654000000000000000e+03
2.630700000000000000e+04 2.771000000000000000e+03
2.664000000000000000e+04 2.940000000000000000e+03
2.697300000000000000e+04 3.051000000000000000e+03
2.730600000000000000e+04 3.211000000000000000e+03
2.763900000000000000e+04 3.337000000000000000e+03
2.797200000000000000e+04 3.546000000000000000e+03
2.830500000000000000e+04 3.599000000000000000e+03
2.863800000000000000e+04 3.959000000000000000e+03
2.897100000000000000e+04 4.176000000000000000e+03
2.930400000000000000e+04 4.296000000000000000e+03
2.963700000000000000e+04 4.424000000000000000e+03
2.997000000000000000e+04 4.696000000000000000e+03
3.030300000000000000e+04 4.943000000000000000e+03
3.063600000000000000e+04 5.061000000000000000e+03
3.096900000000000000e+04 5.181000000000000000e+03
3.130200000000000000e+04 5.296000000000000000e+03
3.163500000000000000e+04 5.506000000000000000e+03
3.196800000000000000e+04 5.735000000000000000e+03
3.230100000000000000e+04 5.771000000000000000e+03
3.263400000000000000e+04 5.867000000000000000e+03
3.296700000000000000e+04 5.869000000000000000e+03
3.330000000000000000e+04 5.940000000000000000e+03
3.363300000000000000e+04 6.081000000000000000e+03
3.396600000000000000e+04 6.301000000000000000e+03
3.429900000000000000e+04 6.394000000000000000e+03
3.463200000000000000e+04 6.473000000000000000e+03
3.496500000000000000e+04 6.521000000000000000e+03
3.529800000000000000e+04 6.737000000000000000e+03
3.563100000000000000e+04 6.447000000000000000e+03
3.596400000000000000e+04 6.466000000000000000e+03
3.629700000000000000e+04 6.647000000000000000e+03
3.663000000000000000e+04 6.830000000000000000e+03
3.696300000000000000e+04 6.805000000000000000e+03
3.729600000000000000e+04 6.940000000000000000e+03
3.762900000000000000e+04 6.948000000000000000e+03
3.796200000000000000e+04 6.844000000000000000e+03
3.829500000000000000e+04 6.987000000000000000e+03
3.862800000000000000e+04 6.874000000000000000e+03
3.896100000000000000e+04 6.883000000000000000e+03
3.929400000000000000e+04 7.019000000000000000e+03
3.962700000000000000e+04 7.156000000000000000e+03
3.996000000000000000e+04 7.158000000000000000e+03
4.029300000000000000e+04 6.937000000000000000e+03
4.062600000000000000e+04 7.081000000000000000e+03
4.095900000000000000e+04 7.018000000000000000e+03
4.129200000000000000e+04 6.979000000000000000e+03
4.162500000000000000e+04 6.981000000000000000e+03
4.195800000000000000e+04 6.871000000000000000e+03
4.229100000000000000e+04 6.917000000000000000e+03
4.262400000000000000e+04 6.879000000000000000e+03
4.295700000000000000e+04 6.850000000000000000e+03
4.329000000000000000e+04 6.540000000000000000e+03
4.362300000000000000e+04 6.672000000000000000e+03
4.395600000000000000e+04 6.565000000000000000e+03
4.428900000000000000e+04 6.555000000000000000e+03
4.462200000000000000e+04 6.420000000000000000e+03
4.495500000000000000e+04 6.606000000000000000e+03
4.528800000000000000e+04 6.463000000000000000e+03
4.562100000000000000e+04 6.354000000000000000e+03
4.595400000000000000e+04 6.149000000000000000e+03
4.628700000000000000e+04 6.117000000000000000e+03
4.662000000000000000e+04 6.002000000000000000e+03
4.695300000000000000e+04 5.862000000000000000e+03
4.728600000000000000e+04 5.844000000000000000e+03
4.761900000000000000e+04 5.811000000000000000e+03
4.795200000000000000e+04 5.651000000000000000e+03
4.828500000000000000e+04 5.298000000000000000e+03
4.861800000000000000e+04 4.999000000000000000e+03
4.895100000000000000e+04 4.982000000000000000e+03
4.928400000000000000e+04 4.780000000000000000e+03
4.961700000000000000e+04 4.824000000000000000e+03
4.995000000000000000e+04 4.527000000000000000e+03
5.028300000000000000e+04 4.288000000000000000e+03
5.061600000000000000e+04 3.952000000000000000e+03
5.094900000000000000e+04 3.878000000000000000e+03
5.128200000000000000e+04 3.716000000000000000e+03
5.161500000000000000e+04 3.486000000000000000e+03
5.194800000000000000e+04 3.339000000000000000e+03
5.228100000000000000e+04 3.222000000000000000e+03
5.261400000000000000e+04 3.174000000000000000e+03
5.294700000000000000e+04 3.074000000000000000e+03
5.328000000000000000e+04 2.775000000000000000e+03
5.361300000000000000e+04 2.603000000000000000e+03
5.394600000000000000e+04 2.468000000000000000e+03
5.427900000000000000e+04 2.365000000000000000e+03
5.461200000000000000e+04 2.339000000000000000e+03
5.494500000000000000e+04 2.310000000000000000e+03
5.527800000000000000e+04 2.193000000000000000e+03
5.561100000000000000e+04 2.273000000000000000e+03
5.594400000000000000e+04 2.154000000000000000e+03
5.627700000000000000e+04 2.213000000000000000e+03
5.661000000000000000e+04 2.128000000000000000e+03
5.694300000000000000e+04 2.210000000000000000e+03
5.727600000000000000e+04 2.259000000000000000e+03
5.760900000000000000e+04 2.342000000000000000e+03
5.794200000000000000e+04 2.292000000000000000e+03
5.827500000000000000e+04 2.300000000000000000e+03
5.860800000000000000e+04 2.355000000000000000e+03
5.894100000000000000e+04 2.448000000000000000e+03
5.927400000000000000e+04 2.649000000000000000e+03
5.960700000000000000e+04 2.691000000000000000e+03
5.994000000000000000e+04 2.976000000000000000e+03
6.027300000000000000e+04 3.097000000000000000e+03
6.060600000000000000e+04 3.217000000000000000e+03
6.093900000000000000e+04 3.389000000000000000e+03
6.127200000000000000e+04 3.475000000000000000e+03
6.160500000000000000e+04 3.712000000000000000e+03
6.193800000000000000e+04 3.907000000000000000e+03
6.227100000000000000e+04 4.085000000000000000e+03
6.260400000000000000e+04 4.281000000000000000e+03
6.293700000000000000e+04 4.483000000000000000e+03
6.327000000000000000e+04 4.604000000000000000e+03
6.360300000000000000e+04 4.852000000000000000e+03
6.393600000000000000e+04 4.995000000000000000e+03
6.426900000000000000e+04 5.174000000000000000e+03
6.460200000000000000e+04 5.423000000000000000e+03
6.493500000000000000e+04 5.388000000000000000e+03
6.526800000000000000e+04 5.861000000000000000e+03
6.560100000000000000e+04 5.875000000000000000e+03
6.593400000000000000e+04 5.918000000000000000e+03
6.626700000000000000e+04 5.975000000000000000e+03
