0.000000000000000000e+00 7.711000000000000000e+03
3.333000000000000000e+03 7.821000000000000000e+03
6.666000000000000000e+03 7.947000000000000000e+03
9.999000000000000000e+03 8.165000000000000000e+03
1.333200000000000000e+04 8.272000000000000000e+03
1.666500000000000000e+04 8.356000000000000000e+03
1.999800000000000000e+04 8.424000000000000000e+03
2.333100000000000000e+04 8.510000000000000000e+03
2.666400000000000000e+04 8.743000000000000000e+03
2.999700000000000000e+04 8.663000000000000000e+03
3.333000000000000000e+04 8.722000000000000000e+03
3.666300000000000000e+04 8.803000000000000000e+03
3.999600000000000000e+04 9.049000000000000000e+03
4.332900000000000000e+04 8.867000000000000000e+03
4.666200000000000000e+04 8.983000000000000000e+03
4.999500000000000000e+04 9.113000000000000000e+03
5.332800000000000000e+04 8.931000000000000000e+03
5.666100000000000000e+04 9.041000000000000000e+03
5.999400000000000000e+04 8.898000000000000000e+03
6.332700000000000000e+04 8.957000000000000000e+03
6.666000000000000000e+04 8.931000000000000000e+03
6.999300000000000000e+04 9.136000000000000000e+03
7.332600000000000000e+04 9.063000000000000000e+03
7.665900000000000000e+04 9.079000000000000000e+03
7.999200000000000000e+04 9.169000000000000000e+03
8.332500000000000000e+04 8.901000000000000000e+03
8.665800000000000000e+04 8.945000000000000000e+03
8.999100000000000000e+04 8.956000000000000000e+03
9.332400000000000000e+04 8.768000000000000000e+03
9.665700000000000000e+04 8.773000000000000000e+03
9.999000000000000000e+04 8.562000000000000000e+03
1.033230000000000000e+05 8.741000000000000000e+03
1.066560000000000000e+05 8.544000000000000000e+03
1.099890000000000000e+05 8.508000000000000000e+03
1.133220000000000000e+05 8.454000000000000000e+03
1.166550000000000000e+05 8.253000000000000000e+03
1.199880000000000000e+05 8.017000000000000000e+03
1.233210000000000000e+05 7.765000000000000000e+03
1.266540000000000000e+05 7.726000000000000000e+03
1.299870000000000000e+05 7.642000000000000000e+03
1.333200000000000000e+05 7.308000000000000000e+03
1.366530000000000000e+05 7.167000000000000000e+03
1.399860000000000000e+05 6.898000000000000000e+03
1.433190000000000000e+05 6.794000000000000000e+03
1.466520000000000000e+05 6.643000000000000000e+03
1.499850000000000000e+05 6.316000000000000000e+03
1.533180000000000000e+05 6.252000000000000000e+03
1.566510000000000000e+05 5.953000000000000000e+03
1.599840000000000000e+05 5.670000000000000000e+03
1.633170000000000000e+05 5.290000000000000000e+03
1.666500000000000000e+05 5.275000000000000000e+03
1.699830000000000000e+05 4.990000000000000000e+03
1.733160000000000000e+05 4.793000000000000000e+03
1.766490000000000000e+05 4.422000000000000000e+03
1.799820000000000000e+05 4.323000000000000000e+03
1.833150000000000000e+05 3.818000000000000000e+03
1.866480000000000000e+05 3.820000000000000000e+03
1.899810000000000000e+05 3.663000000000000000e+03
1.933140000000000000e+05 3.285000000000000000e+03
1.966470000000000000e+05 3.178000000000000000e+03
1.999800000000000000e+05 3.024000000000000000e+03
2.033130000000000000e+05 2.872000000000000000e+03
2.066460000000000000e+05 2.697000000000000000e+03
2.099790000000000000e+05 2.538000000000000000e+03
2.133120000000000000e+05 2.548000000000000000e+03
2.166450000000000000e+05 2.403000000000000000e+03
2.199780000000000000e+05 2.345000000000000000e+03
2.233110000000000000e+05 2.374000000000000000e+03
2.266440000000000000e+05 2.235000000000000000e+03
2.299770000000000000e+05 2.193000000000000000e+03
2.333100000000000000e+05 2.193000000000000000e+03
2.366430000000000000e+05 2.233000000000000000e+03
2.399760000000000000e+05 2.240000000000000000e+03
2.433090000000000000e+05 2.295000000000000000e+03
2.466420000000000000e+05 2.433000000000000000e+03
2.499750000000000000e+05 2.514000000000000000e+03
2.533080000000000000e+05 2.682000000000000000e+03
2.566410000000000000e+05 2.786000000000000000e+03
2.599740000000000000e+05 2.898000000000000000e+03
2.633070000000000000e+05 3.005000000000000000e+03
2.666400000000000000e+05 3.205000000000000000e+03
2.699730000000000000e+05 3.393000000000000000e+03
2.733060000000000000e+05 3.608000000000000000e+03
2.766390000000000000e+05 3.793000000000000000e+03
2.799720000000000000e+05 4.164000000000000000e+03
2.833050000000000000e+05 4.158000000000000000e+03
2.866380000000000000e+05 4.652000000000000000e+03
2.899710000000000000e+05 4.864000000000000000e+03
2.933040000000000000e+05 5.249000000000000000e+03
2.966370000000000000e+05 5.355000000000000000e+03
2.999700000000000000e+05 5.568000000000000000e+03
3.033030000000000000e+05 5.837000000000000000e+03
3.066360000000000000e+05 6.126000000000000000e+03
3.099690000000000000e+05 6.522000000000000000e+03
3.133020000000000000e+05 6.610000000000000000e+03
3.166350000000000000e+05 6.823000000000000000e+03
3.199680000000000000e+05 7.046000000000000000e+03
3.233010000000000000e+05 6.967000000000000000e+03
3.266340000000000000e+05 7.363000000000000000e+03
3.299670000000000000e+05 7.657000000000000000e+03
3.333000000000000000e+05 7.706000000000000000e+03
3.366330000000000000e+05 7.916000000000000000e+03
3.399660000000000000e+05 8.179000000000000000e+03
3.432990000000000000e+05 8.185000000000000000e+03
3.466320000000000000e+05 8.346000000000000000e+03
3.499650000000000000e+05 8.499000000000000000e+03
3.532980000000000000e+05 8.474000000000000000e+03
3.566310000000000000e+05 8.662000000000000000e+03
3.599640000000000000e+05 8.711000000000000000e+03
3.632970000000000000e+05 8.820000000000000000e+03
3.666300000000000000e+05 8.760000000000000000e+03
3.699630000000000000e+05 8.766000000000000000e+03
3.732960000000000000e+05 8.661000000000000000e+03
3.766290000000000000e+05 8.958000000000000000e+03
3.799620000000000000e+05 8.960000000000000000e+03
3.832950000000000000e+05 8.931000000000000000e+03
3.866280000000000000e+05 9.029000000000000000e+03
3.899610000000000000e+05 9.322000000000000000e+03
3.932940000000000000e+05 9.227000000000000000e+03
3.966270000000000000e+05 9.012000000000000000e+03
3.999600000000000000e+05 9.039000000000000000e+03
4.032930000000000000e+05 9.035000000000000000e+03
4.066260000000000000e+05 9.065000000000000000e+03
4.099590000000000000e+05 8.782000000000000000e+03
4.132920000000000000e+05 9.008000000000000000e+03
4.166250000000000000e+05 8.914000000000000000e+03
4.199580000000000000e+05 8.869000000000000000e+03
4.232910000000000000e+05 8.810000000000000000e+03
4.266240000000000000e+05 8.942000000000000000e+03
4.299570000000000000e+05 8.731000000000000000e+03
4.332900000000000000e+05 8.781000000000000000e+03
4.366230000000000000e+05 8.572000000000000000e+03
4.399560000000000000e+05 8.538000000000000000e+03
4.432890000000000000e+05 8.364000000000000000e+03
4.466220000000000000e+05 8.300000000000000000e+03
4.499550000000000000e+05 8.148000000000000000e+03
4.532880000000000000e+05 7.944000000000000000e+03
4.566210000000000000e+05 7.702000000000000000e+03
4.599540000000000000e+05 7.944000000000000000e+03
4.632870000000000000e+05 7.536000000000000000e+03
4.666200000000000000e+05 7.457000000000000000e+03
4.699530000000000000e+05 7.354000000000000000e+03
4.732860000000000000e+05 7.200000000000000000e+03
4.766190000000000000e+05 6.974000000000000000e+03
4.799520000000000000e+05 6.767000000000000000e+03
4.832850000000000000e+05 6.190000000000000000e+03
4.866180000000000000e+05 6.172000000000000000e+03
4.899510000000000000e+05 5.901000000000000000e+03
4.932840000000000000e+05 5.705000000000000000e+03
4.966170000000000000e+05 5.484000000000000000e+03
4.999500000000000000e+05 5.383000000000000000e+03
5.032830000000000000e+05 4.979000000000000000e+03
5.066160000000000000e+05 4.648000000000000000e+03
5.099490000000000000e+05 4.474000000000000000e+03
5.132820000000000000e+05 4.256000000000000000e+03
5.166150000000000000e+05 3.917000000000000000e+03
5.199480000000000000e+05 3.775000000000000000e+03
5.232810000000000000e+05 3.639000000000000000e+03
5.266140000000000000e+05 3.417000000000000000e+03
5.299470000000000000e+05 3.089000000000000000e+03
5.332800000000000000e+05 3.036000000000000000e+03
5.366130000000000000e+05 2.797000000000000000e+03
5.399460000000000000e+05 2.647000000000000000e+03
5.432790000000000000e+05 2.620000000000000000e+03
5.466120000000000000e+05 2.427000000000000000e+03
5.499450000000000000e+05 2.365000000000000000e+03
5.532780000000000000e+05 2.304000000000000000e+03
5.566110000000000000e+05 2.295000000000000000e+03
5.599440000000000000e+05 2.212000000000000000e+03
5.632770000000000000e+05 2.141000000000000000e+03
5.666100000000000000e+05 2.173000000000000000e+03
5.699430000000000000e+05 2.253000000000000000e+03
5.732760000000000000e+05 2.186000000000000000e+03
5.766090000000000000e+05 2.418000000000000000e+03
5.799420000000000000e+05 2.386000000000000000e+03
5.832750000000000000e+05 2.494000000000000000e+03
5.866080000000000000e+05 2.696000000000000000e+03
5.899410000000000000e+05 2.746000000000000000e+03
5.932740000000000000e+05 2.906000000000000000e+03
5.966070000000000000e+05 3.021000000000000000e+03
5.999400000000000000e+05 3.254000000000000000e+03
6.032730000000000000e+05 3.479000000000000000e+03
6.066060000000000000e+05 3.651000000000000000e+03
6.099390000000000000e+05 3.897000000000000000e+03
6.132720000000000000e+05 4.034000000000000000e+03
6.166050000000000000e+05 4.380000000000000000e+03
6.199380000000000000e+05 4.650000000000000000e+03
6.232710000000000000e+05 4.714000000000000000e+03
6.266040000000000000e+05 4.996000000000000000e+03
6.299370000000000000e+05 5.381000000000000000e+03
6.332700000000000000e+05 5.580000000000000000e+03
6.366030000000000000e+05 5.803000000000000000e+03
6.399360000000000000e+05 6.118000000000000000e+03
6.432690000000000000e+05 6.309000000000000000e+03
6.466020000000000000e+05 6.687000000000000000e+03
6.499350000000000000e+05 6.724000000000000000e+03
6.532680000000000000e+05 6.982000000000000000e+03
6.566010000000000000e+05 7.309000000000000000e+03
6.599340000000000000e+05 7.359000000000000000e+03
6.632670000000000000e+05 7.373000000000000000e+03
