0.000000000000000000e+00 6.836000000000000000e+03
5.000000000000000000e+01 6.907000000000000000e+03
1.000000000000000000e+02 7.097000000000000000e+03
1.500000000000000000e+02 7.093000000000000000e+03
2.000000000000000000e+02 7.054000000000000000e+03
2.500000000000000000e+02 7.272000000000000000e+03
3.000000000000000000e+02 7.301000000000000000e+03
3.500000000000000000e+02 7.333000000000000000e+03
4.000000000000000000e+02 7.483000000000000000e+03
4.500000000000000000e+02 7.475000000000000000e+03
5.000000000000000000e+02 7.532000000000000000e+03
5.500000000000000000e+02 7.593000000000000000e+03
6.000000000000000000e+02 7.680000000000000000e+03
6.500000000000000000e+02 7.761000000000000000e+03
7.000000000000000000e+02 7.610000000000000000e+03
7.500000000000000000e+02 7.844000000000000000e+03
8.000000000000000000e+02 7.652000000000000000e+03
8.500000000000000000e+02 7.607000000000000000e+03
9.000000000000000000e+02 7.817000000000000000e+03
9.500000000000000000e+02 7.863000000000000000e+03
1.000000000000000000e+03 7.808000000000000000e+03
1.050000000000000000e+03 7.693000000000000000e+03
1.100000000000000000e+03 7.700000000000000000e+03
1.150000000000000000e+03 7.856000000000000000e+03
1.200000000000000000e+03 7.757000000000000000e+03
1.250000000000000000e+03 7.590000000000000000e+03
1.300000000000000000e+03 7.715000000000000000e+03
1.350000000000000000e+03 7.732000000000000000e+03
1.400000000000000000e+03 7.633000000000000000e+03
1.450000000000000000e+03 7.544000000000000000e+03
1.500000000000000000e+03 7.590000000000000000e+03
1.550000000000000000e+03 7.469000000000000000e+03
1.600000000000000000e+03 7.398000000000000000e+03
1.650000000000000000e+03 7.426000000000000000e+03
1.700000000000000000e+03 7.308000000000000000e+03
1.750000000000000000e+03 7.206000000000000000e+03
1.800000000000000000e+03 7.100000000000000000e+03
1.850000000000000000e+03 7.033000000000000000e+03
1.900000000000000000e+03 6.929000000000000000e+03
1.950000000000000000e+03 6.979000000000000000e+03
2.000000000000000000e+03 6.855000000000000000e+03
2.050000000000000000e+03 6.633000000000000000e+03
2.100000000000000000e+03 6.600000000000000000e+03
2.150000000000000000e+03 6.526000000000000000e+03
2.200000000000000000e+03 6.226000000000000000e+03
2.250000000000000000e+03 6.133000000000000000e+03
2.300000000000000000e+03 6.069000000000000000e+03
2.350000000000000000e+03 5.878000000000000000e+03
2.400000000000000000e+03 5.760000000000000000e+03
2.450000000000000000e+03 5.516000000000000000e+03
2.500000000000000000e+03 5.305000000000000000e+03
2.550000000000000000e+03 5.184000000000000000e+03
2.600000000000000000e+03 4.922000000000000000e+03
2.650000000000000000e+03 4.753000000000000000e+03
2.700000000000000000e+03 4.719000000000000000e+03
2.750000000000000000e+03 4.491000000000000000e+03
2.800000000000000000e+03 4.377000000000000000e+03
2.850000000000000000e+03 4.142000000000000000e+03
2.900000000000000000e+03 4.093000000000000000e+03
2.950000000000000000e+03 3.903000000000000000e+03
3.000000000000000000e+03 3.752000000000000000e+03
3.050000000000000000e+03 3.624000000000000000e+03
3.100000000000000000e+03 3.422000000000000000e+03
3.150000000000000000e+03 3.329000000000000000e+03
3.200000000000000000e+03 3.271000000000000000e+03
3.250000000000000000e+03 3.209000000000000000e+03
3.300000000000000000e+03 3.150000000000000000e+03
3.350000000000000000e+03 3.025000000000000000e+03
3.400000000000000000e+03 2.929000000000000000e+03
3.450000000000000000e+03 2.862000000000000000e+03
3.500000000000000000e+03 2.886000000000000000e+03
3.550000000000000000e+03 2.846000000000000000e+03
3.600000000000000000e+03 2.877000000000000000e+03
3.650000000000000000e+03 2.772000000000000000e+03
3.700000000000000000e+03 2.802000000000000000e+03
3.750000000000000000e+03 2.888000000000000000e+03
3.800000000000000000e+03 3.165000000000000000e+03
3.850000000000000000e+03 3.127000000000000000e+03
3.900000000000000000e+03 3.147000000000000000e+03
3.950000000000000000e+03 3.293000000000000000e+03
4.000000000000000000e+03 3.374000000000000000e+03
4.050000000000000000e+03 3.675000000000000000e+03
4.100000000000000000e+03 3.754000000000000000e+03
4.150000000000000000e+03 3.901000000000000000e+03
4.200000000000000000e+03 3.976000000000000000e+03
4.250000000000000000e+03 4.336000000000000000e+03
4.300000000000000000e+03 4.401000000000000000e+03
4.350000000000000000e+03 4.745000000000000000e+03
4.400000000000000000e+03 4.905000000000000000e+03
4.450000000000000000e+03 5.124000000000000000e+03
4.500000000000000000e+03 5.243000000000000000e+03
4.550000000000000000e+03 5.413000000000000000e+03
4.600000000000000000e+03 5.659000000000000000e+03
4.650000000000000000e+03 5.785000000000000000e+03
4.700000000000000000e+03 6.011000000000000000e+03
4.750000000000000000e+03 5.976000000000000000e+03
4.800000000000000000e+03 6.193000000000000000e+03
4.850000000000000000e+03 6.379000000000000000e+03
4.900000000000000000e+03 6.356000000000000000e+03
4.950000000000000000e+03 6.503000000000000000e+03
5.000000000000000000e+03 6.667000000000000000e+03
5.050000000000000000e+03 6.876000000000000000e+03
5.100000000000000000e+03 6.930000000000000000e+03
5.150000000000000000e+03 7.134000000000000000e+03
5.200000000000000000e+03 7.124000000000000000e+03
5.250000000000000000e+03 7.180000000000000000e+03
5.300000000000000000e+03 7.419000000000000000e+03
5.350000000000000000e+03 7.266000000000000000e+03
5.400000000000000000e+03 7.450000000000000000e+03
5.450000000000000000e+03 7.595000000000000000e+03
5.500000000000000000e+03 7.352000000000000000e+03
5.550000000000000000e+03 7.464000000000000000e+03
5.600000000000000000e+03 7.748000000000000000e+03
5.650000000000000000e+03 7.621000000000000000e+03
5.700000000000000000e+03 7.647000000000000000e+03
5.750000000000000000e+03 7.648000000000000000e+03
5.800000000000000000e+03 7.744000000000000000e+03
5.850000000000000000e+03 7.886000000000000000e+03
5.900000000000000000e+03 7.787000000000000000e+03
5.950000000000000000e+03 7.671000000000000000e+03
6.000000000000000000e+03 7.757000000000000000e+03
6.050000000000000000e+03 7.868000000000000000e+03
6.100000000000000000e+03 7.787000000000000000e+03
6.150000000000000000e+03 7.782000000000000000e+03
6.200000000000000000e+03 7.799000000000000000e+03
6.250000000000000000e+03 7.755000000000000000e+03
6.300000000000000000e+03 7.671000000000000000e+03
6.350000000000000000e+03 7.693000000000000000e+03
6.400000000000000000e+03 7.504000000000000000e+03
6.450000000000000000e+03 7.495000000000000000e+03
6.500000000000000000e+03 7.708000000000000000e+03
6.550000000000000000e+03 7.494000000000000000e+03
6.600000000000000000e+03 7.507000000000000000e+03
6.650000000000000000e+03 7.450000000000000000e+03
6.700000000000000000e+03 7.451000000000000000e+03
6.750000000000000000e+03 7.189000000000000000e+03
6.800000000000000000e+03 7.164000000000000000e+03
6.850000000000000000e+03 7.097000000000000000e+03
6.900000000000000000e+03 6.801000000000000000e+03
6.950000000000000000e+03 6.845000000000000000e+03
7.000000000000000000e+03 6.868000000000000000e+03
7.050000000000000000e+03 6.564000000000000000e+03
7.100000000000000000e+03 6.542000000000000000e+03
7.150000000000000000e+03 6.310000000000000000e+03
7.200000000000000000e+03 6.158000000000000000e+03
7.250000000000000000e+03 6.071000000000000000e+03
7.300000000000000000e+03 6.023000000000000000e+03
7.350000000000000000e+03 5.755000000000000000e+03
7.400000000000000000e+03 5.734000000000000000e+03
7.450000000000000000e+03 5.413000000000000000e+03
7.500000000000000000e+03 5.363000000000000000e+03
7.550000000000000000e+03 5.030000000000000000e+03
7.600000000000000000e+03 5.104000000000000000e+03
7.650000000000000000e+03 4.877000000000000000e+03
7.700000000000000000e+03 4.632000000000000000e+03
7.750000000000000000e+03 4.543000000000000000e+03
7.800000000000000000e+03 4.422000000000000000e+03
7.850000000000000000e+03 4.135000000000000000e+03
7.900000000000000000e+03 4.093000000000000000e+03
7.950000000000000000e+03 3.908000000000000000e+03
8.000000000000000000e+03 3.832000000000000000e+03
8.050000000000000000e+03 3.691000000000000000e+03
8.100000000000000000e+03 3.621000000000000000e+03
8.150000000000000000e+03 3.352000000000000000e+03
8.200000000000000000e+03 3.292000000000000000e+03
8.250000000000000000e+03 3.211000000000000000e+03
8.300000000000000000e+03 3.054000000000000000e+03
8.350000000000000000e+03 3.031000000000000000e+03
8.400000000000000000e+03 2.952000000000000000e+03
8.450000000000000000e+03 2.868000000000000000e+03
8.500000000000000000e+03 2.781000000000000000e+03
8.550000000000000000e+03 2.869000000000000000e+03
8.600000000000000000e+03 2.916000000000000000e+03
8.650000000000000000e+03 2.884000000000000000e+03
8.700000000000000000e+03 2.895000000000000000e+03
8.750000000000000000e+03 2.859000000000000000e+03
8.800000000000000000e+03 3.018000000000000000e+03
8.850000000000000000e+03 3.025000000000000000e+03
8.900000000000000000e+03 3.182000000000000000e+03
8.950000000000000000e+03 3.373000000000000000e+03
9.000000000000000000e+03 3.533000000000000000e+03
9.050000000000000000e+03 3.719000000000000000e+03
9.100000000000000000e+03 3.743000000000000000e+03
9.150000000000000000e+03 4.010000000000000000e+03
9.200000000000000000e+03 4.171000000000000000e+03
9.250000000000000000e+03 4.215000000000000000e+03
9.300000000000000000e+03 4.388000000000000000e+03
9.350000000000000000e+03 4.706000000000000000e+03
9.400000000000000000e+03 4.833000000000000000e+03
9.450000000000000000e+03 5.011000000000000000e+03
9.500000000000000000e+03 5.316000000000000000e+03
9.550000000000000000e+03 5.357000000000000000e+03
9.600000000000000000e+03 5.655000000000000000e+03
9.650000000000000000e+03 5.841000000000000000e+03
9.700000000000000000e+03 5.964000000000000000e+03
9.750000000000000000e+03 6.147000000000000000e+03
9.800000000000000000e+03 6.225000000000000000e+03
9.850000000000000000e+03 6.422000000000000000e+03
9.900000000000000000e+03 6.513000000000000000e+03
9.950000000000000000e+03 6.670000000000000000e+03
