0.000000000000000000e+00 9.470000000000000000e+03
1.000000000000000000e+04 1.015300000000000000e+04
2.000000000000000000e+04 1.057000000000000000e+04
3.000000000000000000e+04 1.048200000000000000e+04
4.000000000000000000e+04 1.054500000000000000e+04
5.000000000000000000e+04 1.070200000000000000e+04
6.000000000000000000e+04 1.103300000000000000e+04
7.000000000000000000e+04 1.087800000000000000e+04
8.000000000000000000e+04 1.110000000000000000e+04
9.000000000000000000e+04 1.149100000000000000e+04
1.000000000000000000e+05 1.135800000000000000e+04
1.100000000000000000e+05 1.144600000000000000e+04
1.200000000000000000e+05 1.140000000000000000e+04
1.300000000000000000e+05 1.161200000000000000e+04
1.400000000000000000e+05 1.165100000000000000e+04
1.500000000000000000e+05 1.174600000000000000e+04
1.600000000000000000e+05 1.170100000000000000e+04
1.700000000000000000e+05 1.166400000000000000e+04
1.800000000000000000e+05 1.161900000000000000e+04
1.900000000000000000e+05 1.160000000000000000e+04
2.000000000000000000e+05 1.166800000000000000e+04
2.100000000000000000e+05 1.179000000000000000e+04
2.200000000000000000e+05 1.166100000000000000e+04
2.300000000000000000e+05 1.151400000000000000e+04
2.400000000000000000e+05 1.169500000000000000e+04
2.500000000000000000e+05 1.151000000000000000e+04
2.600000000000000000e+05 1.143400000000000000e+04
2.700000000000000000e+05 1.164600000000000000e+04
2.800000000000000000e+05 1.137200000000000000e+04
2.900000000000000000e+05 1.121000000000000000e+04
3.000000000000000000e+05 1.140100000000000000e+04
3.100000000000000000e+05 1.115000000000000000e+04
3.200000000000000000e+05 1.115300000000000000e+04
3.300000000000000000e+05 1.089200000000000000e+04
3.400000000000000000e+05 1.076100000000000000e+04
3.500000000000000000e+05 1.052900000000000000e+04
3.600000000000000000e+05 1.026400000000000000e+04
3.700000000000000000e+05 1.023700000000000000e+04
3.800000000000000000e+05 9.861000000000000000e+03
3.900000000000000000e+05 9.825000000000000000e+03
4.000000000000000000e+05 9.505000000000000000e+03
4.100000000000000000e+05 9.301000000000000000e+03
4.200000000000000000e+05 9.017000000000000000e+03
4.300000000000000000e+05 8.835000000000000000e+03
4.400000000000000000e+05 8.525000000000000000e+03
4.500000000000000000e+05 8.282000000000000000e+03
4.600000000000000000e+05 7.948000000000000000e+03
4.700000000000000000e+05 7.595000000000000000e+03
4.800000000000000000e+05 7.344000000000000000e+03
4.900000000000000000e+05 7.032000000000000000e+03
5.000000000000000000e+05 6.511000000000000000e+03
5.100000000000000000e+05 6.374000000000000000e+03
5.200000000000000000e+05 5.911000000000000000e+03
5.300000000000000000e+05 5.702000000000000000e+03
5.400000000000000000e+05 5.180000000000000000e+03
5.500000000000000000e+05 5.022000000000000000e+03
5.600000000000000000e+05 4.679000000000000000e+03
5.700000000000000000e+05 4.335000000000000000e+03
5.800000000000000000e+05 4.228000000000000000e+03
5.900000000000000000e+05 3.960000000000000000e+03
6.000000000000000000e+05 3.505000000000000000e+03
6.100000000000000000e+05 3.623000000000000000e+03
6.200000000000000000e+05 3.205000000000000000e+03
6.300000000000000000e+05 3.106000000000000000e+03
6.400000000000000000e+05 3.099000000000000000e+03
6.500000000000000000e+05 2.805000000000000000e+03
6.600000000000000000e+05 2.862000000000000000e+03
6.700000000000000000e+05 2.689000000000000000e+03
6.800000000000000000e+05 2.568000000000000000e+03
6.900000000000000000e+05 2.720000000000000000e+03
7.000000000000000000e+05 2.567000000000000000e+03
7.100000000000000000e+05 2.685000000000000000e+03
7.200000000000000000e+05 2.735000000000000000e+03
7.300000000000000000e+05 2.848000000000000000e+03
7.400000000000000000e+05 2.945000000000000000e+03
7.500000000000000000e+05 3.081000000000000000e+03
7.600000000000000000e+05 3.161000000000000000e+03
7.700000000000000000e+05 3.283000000000000000e+03
7.800000000000000000e+05 3.588000000000000000e+03
7.900000000000000000e+05 3.758000000000000000e+03
8.000000000000000000e+05 3.879000000000000000e+03
8.100000000000000000e+05 4.327000000000000000e+03
8.200000000000000000e+05 4.474000000000000000e+03
8.300000000000000000e+05 4.762000000000000000e+03
8.400000000000000000e+05 5.106000000000000000e+03
8.500000000000000000e+05 5.480000000000000000e+03
8.600000000000000000e+05 5.620000000000000000e+03
8.700000000000000000e+05 6.021000000000000000e+03
8.800000000000000000e+05 6.321000000000000000e+03
8.900000000000000000e+05 6.735000000000000000e+03
9.000000000000000000e+05 6.951000000000000000e+03
9.100000000000000000e+05 7.359000000000000000e+03
9.200000000000000000e+05 7.933000000000000000e+03
9.300000000000000000e+05 8.054000000000000000e+03
9.400000000000000000e+05 8.430000000000000000e+03
9.500000000000000000e+05 8.619000000000000000e+03
9.600000000000000000e+05 8.923000000000000000e+03
9.700000000000000000e+05 9.091000000000000000e+03
9.800000000000000000e+05 9.366000000000000000e+03
9.900000000000000000e+05 9.529000000000000000e+03
1.000000000000000000e+06 9.745000000000000000e+03
1.010000000000000000e+06 1.002900000000000000e+04
1.020000000000000000e+06 1.031400000000000000e+04
1.030000000000000000e+06 1.050600000000000000e+04
1.040000000000000000e+06 1.049000000000000000e+04
1.050000000000000000e+06 1.064800000000000000e+04
1.060000000000000000e+06 1.085400000000000000e+04
1.070000000000000000e+06 1.094000000000000000e+04
1.080000000000000000e+06 1.117600000000000000e+04
1.090000000000000000e+06 1.131600000000000000e+04
1.100000000000000000e+06 1.116400000000000000e+04
1.110000000000000000e+06 1.161700000000000000e+04
1.120000000000000000e+06 1.135000000000000000e+04
1.130000000000000000e+06 1.141600000000000000e+04
1.140000000000000000e+06 1.146600000000000000e+04
1.150000000000000000e+06 1.135000000000000000e+04
1.160000000000000000e+06 1.176000000000000000e+04
1.170000000000000000e+06 1.177400000000000000e+04
1.180000000000000000e+06 1.178200000000000000e+04
1.190000000000000000e+06 1.178300000000000000e+04
1.200000000000000000e+06 1.157300000000000000e+04
1.210000000000000000e+06 1.174200000000000000e+04
1.220000000000000000e+06 1.177400000000000000e+04
1.230000000000000000e+06 1.161800000000000000e+04
1.240000000000000000e+06 1.164600000000000000e+04
1.250000000000000000e+06 1.161700000000000000e+04
1.260000000000000000e+06 1.136600000000000000e+04
1.270000000000000000e+06 1.146900000000000000e+04
1.280000000000000000e+06 1.134500000000000000e+04
1.290000000000000000e+06 1.143400000000000000e+04
1.300000000000000000e+06 1.126100000000000000e+04
1.310000000000000000e+06 1.099700000000000000e+04
1.320000000000000000e+06 1.091600000000000000e+04
1.330000000000000000e+06 1.067100000000000000e+04
1.340000000000000000e+06 1.055000000000000000e+04
1.350000000000000000e+06 1.040100000000000000e+04
1.360000000000000000e+06 1.044600000000000000e+04
1.370000000000000000e+06 9.978000000000000000e+03
1.380000000000000000e+06 1.000000000000000000e+04
1.390000000000000000e+06 9.701000000000000000e+03
1.400000000000000000e+06 9.608000000000000000e+03
1.410000000000000000e+06 9.260000000000000000e+03
1.420000000000000000e+06 8.979000000000000000e+03
1.430000000000000000e+06 8.730000000000000000e+03
1.440000000000000000e+06 8.333000000000000000e+03
1.450000000000000000e+06 7.966000000000000000e+03
1.460000000000000000e+06 7.772000000000000000e+03
1.470000000000000000e+06 7.506000000000000000e+03
1.480000000000000000e+06 7.116000000000000000e+03
1.490000000000000000e+06 6.962000000000000000e+03
1.500000000000000000e+06 6.565000000000000000e+03
1.510000000000000000e+06 6.178000000000000000e+03
1.520000000000000000e+06 5.925000000000000000e+03
1.530000000000000000e+06 5.617000000000000000e+03
1.540000000000000000e+06 5.099000000000000000e+03
1.550000000000000000e+06 5.067000000000000000e+03
1.560000000000000000e+06 4.675000000000000000e+03
1.570000000000000000e+06 4.462000000000000000e+03
1.580000000000000000e+06 4.006000000000000000e+03
1.590000000000000000e+06 3.864000000000000000e+03
1.600000000000000000e+06 3.551000000000000000e+03
1.610000000000000000e+06 3.455000000000000000e+03
1.620000000000000000e+06 3.258000000000000000e+03
1.630000000000000000e+06 3.077000000000000000e+03
1.640000000000000000e+06 2.892000000000000000e+03
1.650000000000000000e+06 2.903000000000000000e+03
1.660000000000000000e+06 2.796000000000000000e+03
1.670000000000000000e+06 2.661000000000000000e+03
1.680000000000000000e+06 2.659000000000000000e+03
1.690000000000000000e+06 2.748000000000000000e+03
1.700000000000000000e+06 2.655000000000000000e+03
1.710000000000000000e+06 2.619000000000000000e+03
1.720000000000000000e+06 2.709000000000000000e+03
1.730000000000000000e+06 2.688000000000000000e+03
1.740000000000000000e+06 2.853000000000000000e+03
1.750000000000000000e+06 3.140000000000000000e+03
1.760000000000000000e+06 3.163000000000000000e+03
1.770000000000000000e+06 3.308000000000000000e+03
1.780000000000000000e+06 3.482000000000000000e+03
1.790000000000000000e+06 3.836000000000000000e+03
1.800000000000000000e+06 3.971000000000000000e+03
1.810000000000000000e+06 4.231000000000000000e+03
1.820000000000000000e+06 4.570000000000000000e+03
1.830000000000000000e+06 4.790000000000000000e+03
1.840000000000000000e+06 5.126000000000000000e+03
1.850000000000000000e+06 5.464000000000000000e+03
1.860000000000000000e+06 5.681000000000000000e+03
1.870000000000000000e+06 6.059000000000000000e+03
1.880000000000000000e+06 6.555000000000000000e+03
1.890000000000000000e+06 6.768000000000000000e+03
1.900000000000000000e+06 7.097000000000000000e+03
1.910000000000000000e+06 7.618000000000000000e+03
1.920000000000000000e+06 7.641000000000000000e+03
1.930000000000000000e+06 8.072000000000000000e+03
1.940000000000000000e+06 8.519000000000000000e+03
1.950000000000000000e+06 8.650000000000000000e+03
1.960000000000000000e+06 8.655000000000000000e+03
1.970000000000000000e+06 9.222000000000000000e+03
1.980000000000000000e+06 9.349000000000000000e+03
1.990000000000000000e+06 9.691000000000000000e+03
