0.000000000000000000e+00 5.957000000000000000e+03
1.667000000000000000e+03 5.991000000000000000e+03
3.334000000000000000e+03 6.221000000000000000e+03
5.001000000000000000e+03 6.403000000000000000e+03
6.668000000000000000e+03 6.583000000000000000e+03
8.335000000000000000e+03 6.509000000000000000e+03
1.000200000000000000e+04 6.561000000000000000e+03
1.166900000000000000e+04 6.576000000000000000e+03
1.333600000000000000e+04 6.892000000000000000e+03
1.500300000000000000e+04 6.797000000000000000e+03
1.667000000000000000e+04 7.066000000000000000e+03
1.833700000000000000e+04 6.791000000000000000e+03
2.000400000000000000e+04 6.824000000000000000e+03
2.167100000000000000e+04 7.057000000000000000e+03
2.333800000000000000e+04 6.995000000000000000e+03
2.500500000000000000e+04 7.067000000000000000e+03
2.667200000000000000e+04 7.011000000000000000e+03
2.833900000000000000e+04 7.163000000000000000e+03
3.000600000000000000e+04 7.008000000000000000e+03
3.167300000000000000e+04 7.239000000000000000e+03
3.334000000000000000e+04 7.072000000000000000e+03
3.500700000000000000e+04 7.121000000000000000e+03
3.667400000000000000e+04 7.053000000000000000e+03
3.834100000000000000e+04 6.987000000000000000e+03
4.000800000000000000e+04 7.061000000000000000e+03
4.167500000000000000e+04 7.021000000000000000e+03
4.334200000000000000e+04 6.832000000000000000e+03
4.500900000000000000e+04 6.922000000000000000e+03
4.667600000000000000e+04 6.870000000000000000e+03
4.834300000000000000e+04 6.708000000000000000e+03
5.001000000000000000e+04 6.740000000000000000e+03
5.167700000000000000e+04 6.717000000000000000e+03
5.334400000000000000e+04 6.570000000000000000e+03
5.501100000000000000e+04 6.428000000000000000e+03
5.667800000000000000e+04 6.405000000000000000e+03
5.834500000000000000e+04 6.367000000000000000e+03
6.001200000000000000e+04 6.371000000000000000e+03
6.167900000000000000e+04 6.386000000000000000e+03
6.334600000000000000e+04 5.985000000000000000e+03
6.501300000000000000e+04 5.960000000000000000e+03
6.668000000000000000e+04 5.839000000000000000e+03
6.834700000000000000e+04 5.550000000000000000e+03
7.001400000000000000e+04 5.547000000000000000e+03
7.168100000000000000e+04 5.422000000000000000e+03
7.334800000000000000e+04 5.253000000000000000e+03
7.501500000000000000e+04 5.034000000000000000e+03
7.668200000000000000e+04 4.848000000000000000e+03
7.834900000000000000e+04 4.570000000000000000e+03
8.001600000000000000e+04 4.421000000000000000e+03
8.168300000000000000e+04 4.297000000000000000e+03
8.335000000000000000e+04 4.156000000000000000e+03
8.501700000000000000e+04 3.777000000000000000e+03
8.668400000000000000e+04 3.737000000000000000e+03
8.835100000000000000e+04 3.598000000000000000e+03
9.001800000000000000e+04 3.350000000000000000e+03
9.168500000000000000e+04 3.165000000000000000e+03
9.335200000000000000e+04 2.912000000000000000e+03
9.501900000000000000e+04 2.770000000000000000e+03
9.668600000000000000e+04 2.716000000000000000e+03
9.835300000000000000e+04 2.415000000000000000e+03
1.000200000000000000e+05 2.400000000000000000e+03
1.016870000000000000e+05 2.156000000000000000e+03
1.033540000000000000e+05 2.126000000000000000e+03
1.050210000000000000e+05 2.131000000000000000e+03
1.066880000000000000e+05 1.933000000000000000e+03
1.083550000000000000e+05 1.841000000000000000e+03
1.100220000000000000e+05 1.768000000000000000e+03
1.116890000000000000e+05 1.770000000000000000e+03
1.133560000000000000e+05 1.750000000000000000e+03
1.150230000000000000e+05 1.712000000000000000e+03
1.166900000000000000e+05 1.749000000000000000e+03
1.183570000000000000e+05 1.684000000000000000e+03
1.200240000000000000e+05 1.709000000000000000e+03
1.216910000000000000e+05 1.868000000000000000e+03
1.233580000000000000e+05 1.969000000000000000e+03
1.250250000000000000e+05 1.987000000000000000e+03
1.266920000000000000e+05 1.974000000000000000e+03
1.283590000000000000e+05 1.996000000000000000e+03
1.300260000000000000e+05 2.329000000000000000e+03
1.316930000000000000e+05 2.462000000000000000e+03
1.333600000000000000e+05 2.538000000000000000e+03
1.350270000000000000e+05 2.583000000000000000e+03
1.366940000000000000e+05 2.803000000000000000e+03
1.383610000000000000e+05 3.150000000000000000e+03
1.400280000000000000e+05 3.245000000000000000e+03
1.416950000000000000e+05 3.421000000000000000e+03
1.433620000000000000e+05 3.580000000000000000e+03
1.450290000000000000e+05 3.861000000000000000e+03
1.466960000000000000e+05 3.849000000000000000e+03
1.483630000000000000e+05 4.336000000000000000e+03
1.500300000000000000e+05 4.340000000000000000e+03
1.516970000000000000e+05 4.470000000000000000e+03
1.533640000000000000e+05 4.779000000000000000e+03
1.550310000000000000e+05 4.956000000000000000e+03
1.566980000000000000e+05 5.154000000000000000e+03
1.583650000000000000e+05 5.269000000000000000e+03
1.600320000000000000e+05 5.278000000000000000e+03
1.616990000000000000e+05 5.706000000000000000e+03
1.633660000000000000e+05 5.893000000000000000e+03
1.650330000000000000e+05 5.951000000000000000e+03
1.667000000000000000e+05 6.001000000000000000e+03
1.683670000000000000e+05 6.224000000000000000e+03
1.700340000000000000e+05 6.255000000000000000e+03
1.717010000000000000e+05 6.321000000000000000e+03
1.733680000000000000e+05 6.482000000000000000e+03
1.750350000000000000e+05 6.525000000000000000e+03
1.767020000000000000e+05 6.647000000000000000e+03
1.783690000000000000e+05 6.672000000000000000e+03
1.800360000000000000e+05 6.822000000000000000e+03
1.817030000000000000e+05 6.955000000000000000e+03
1.833700000000000000e+05 7.025000000000000000e+03
1.850370000000000000e+05 6.786000000000000000e+03
1.867040000000000000e+05 6.998000000000000000e+03
1.883710000000000000e+05 7.016000000000000000e+03
1.900380000000000000e+05 6.887000000000000000e+03
1.917050000000000000e+05 6.878000000000000000e+03
1.933720000000000000e+05 6.859000000000000000e+03
1.950390000000000000e+05 7.118000000000000000e+03
1.967060000000000000e+05 6.957000000000000000e+03
1.983730000000000000e+05 7.009000000000000000e+03
2.000400000000000000e+05 7.057000000000000000e+03
2.017070000000000000e+05 7.062000000000000000e+03
2.033740000000000000e+05 7.010000000000000000e+03
2.050410000000000000e+05 6.953000000000000000e+03
2.067080000000000000e+05 6.986000000000000000e+03
2.083750000000000000e+05 6.998000000000000000e+03
2.100420000000000000e+05 7.027000000000000000e+03
2.117090000000000000e+05 6.784000000000000000e+03
2.133760000000000000e+05 6.752000000000000000e+03
2.150430000000000000e+05 6.954000000000000000e+03
2.167100000000000000e+05 6.942000000000000000e+03
2.183770000000000000e+05 6.655000000000000000e+03
2.200440000000000000e+05 6.666000000000000000e+03
2.217110000000000000e+05 6.586000000000000000e+03
2.233780000000000000e+05 6.575000000000000000e+03
2.250450000000000000e+05 6.314000000000000000e+03
2.267120000000000000e+05 6.461000000000000000e+03
2.283790000000000000e+05 6.025000000000000000e+03
2.300460000000000000e+05 6.146000000000000000e+03
2.317130000000000000e+05 5.987000000000000000e+03
2.333800000000000000e+05 5.726000000000000000e+03
2.350470000000000000e+05 5.798000000000000000e+03
2.367140000000000000e+05 5.553000000000000000e+03
2.383810000000000000e+05 5.402000000000000000e+03
2.400480000000000000e+05 5.161000000000000000e+03
2.417150000000000000e+05 4.962000000000000000e+03
2.433820000000000000e+05 4.714000000000000000e+03
2.450490000000000000e+05 4.598000000000000000e+03
2.467160000000000000e+05 4.438000000000000000e+03
2.483830000000000000e+05 4.250000000000000000e+03
2.500500000000000000e+05 4.047000000000000000e+03
2.517170000000000000e+05 3.916000000000000000e+03
2.533840000000000000e+05 3.605000000000000000e+03
2.550510000000000000e+05 3.523000000000000000e+03
2.567180000000000000e+05 3.399000000000000000e+03
2.583850000000000000e+05 3.226000000000000000e+03
2.600520000000000000e+05 2.880000000000000000e+03
2.617190000000000000e+05 2.767000000000000000e+03
2.633860000000000000e+05 2.704000000000000000e+03
2.650530000000000000e+05 2.568000000000000000e+03
2.667200000000000000e+05 2.388000000000000000e+03
2.683870000000000000e+05 2.211000000000000000e+03
2.700540000000000000e+05 2.128000000000000000e+03
2.717210000000000000e+05 2.115000000000000000e+03
2.733880000000000000e+05 1.951000000000000000e+03
2.750550000000000000e+05 1.851000000000000000e+03
2.767220000000000000e+05 1.793000000000000000e+03
2.783890000000000000e+05 1.744000000000000000e+03
2.800560000000000000e+05 1.804000000000000000e+03
2.817230000000000000e+05 1.752000000000000000e+03
2.833900000000000000e+05 1.739000000000000000e+03
2.850570000000000000e+05 1.794000000000000000e+03
2.867240000000000000e+05 1.833000000000000000e+03
2.883910000000000000e+05 1.888000000000000000e+03
2.900580000000000000e+05 1.953000000000000000e+03
2.917250000000000000e+05 1.943000000000000000e+03
2.933920000000000000e+05 2.120000000000000000e+03
2.950590000000000000e+05 2.071000000000000000e+03
2.967260000000000000e+05 2.340000000000000000e+03
2.983930000000000000e+05 2.461000000000000000e+03
3.000600000000000000e+05 2.564000000000000000e+03
3.017270000000000000e+05 2.811000000000000000e+03
3.033940000000000000e+05 2.929000000000000000e+03
3.050610000000000000e+05 3.068000000000000000e+03
3.067280000000000000e+05 3.394000000000000000e+03
3.083950000000000000e+05 3.332000000000000000e+03
3.100620000000000000e+05 3.625000000000000000e+03
3.117290000000000000e+05 3.874000000000000000e+03
3.133960000000000000e+05 4.020000000000000000e+03
3.150630000000000000e+05 4.217000000000000000e+03
3.167300000000000000e+05 4.401000000000000000e+03
3.183970000000000000e+05 4.516000000000000000e+03
3.200640000000000000e+05 4.789000000000000000e+03
3.217310000000000000e+05 4.935000000000000000e+03
3.233980000000000000e+05 5.181000000000000000e+03
3.250650000000000000e+05 5.194000000000000000e+03
3.267320000000000000e+05 5.339000000000000000e+03
3.283990000000000000e+05 5.574000000000000000e+03
3.300660000000000000e+05 5.731000000000000000e+03
3.317330000000000000e+05 6.000000000000000000e+03
