0.000000000000000000e+00 9.286000000000000000e+03
2.500000000000000000e+03 9.288000000000000000e+03
5.000000000000000000e+03 9.511000000000000000e+03
7.500000000000000000e+03 9.742000000000000000e+03
1.000000000000000000e+04 9.970000000000000000e+03
1.250000000000000000e+04 9.762000000000000000e+03
1.500000000000000000e+04 9.860000000000000000e+03
1.750000000000000000e+04 1.001000000000000000e+04
2.000000000000000000e+04 1.020900000000000000e+04
2.250000000000000000e+04 1.015200000000000000e+04
2.500000000000000000e+04 1.047900000000000000e+04
2.750000000000000000e+04 1.043300000000000000e+04
3.000000000000000000e+04 1.030000000000000000e+04
3.250000000000000000e+04 1.036400000000000000e+04
3.500000000000000000e+04 1.054800000000000000e+04
3.750000000000000000e+04 1.040500000000000000e+04
4.000000000000000000e+04 1.046300000000000000e+04
4.250000000000000000e+04 1.069900000000000000e+04
4.500000000000000000e+04 1.080200000000000000e+04
4.750000000000000000e+04 1.062500000000000000e+04
5.000000000000000000e+04 1.051600000000000000e+04
5.250000000000000000e+04 1.052400000000000000e+04
5.500000000000000000e+04 1.053100000000000000e+04
5.750000000000000000e+04 1.059800000000000000e+04
6.000000000000000000e+04 1.059600000000000000e+04
6.250000000000000000e+04 1.051000000000000000e+04
6.500000000000000000e+04 1.064600000000000000e+04
6.750000000000000000e+04 1.042000000000000000e+04
7.000000000000000000e+04 1.029500000000000000e+04
7.250000000000000000e+04 1.017300000000000000e+04
7.500000000000000000e+04 1.009800000000000000e+04
7.750000000000000000e+04 1.041800000000000000e+04
8.000000000000000000e+04 1.001200000000000000e+04
8.250000000000000000e+04 1.025100000000000000e+04
8.500000000000000000e+04 9.800000000000000000e+03
8.750000000000000000e+04 9.831000000000000000e+03
9.000000000000000000e+04 9.593000000000000000e+03
9.250000000000000000e+04 9.654000000000000000e+03
9.500000000000000000e+04 9.439000000000000000e+03
9.750000000000000000e+04 9.104000000000000000e+03
1.000000000000000000e+05 8.966000000000000000e+03
1.025000000000000000e+05 8.781000000000000000e+03
1.050000000000000000e+05 8.808000000000000000e+03
1.075000000000000000e+05 8.465000000000000000e+03
1.100000000000000000e+05 8.153000000000000000e+03
1.125000000000000000e+05 8.125000000000000000e+03
1.150000000000000000e+05 7.491000000000000000e+03
1.175000000000000000e+05 7.611000000000000000e+03
1.200000000000000000e+05 7.351000000000000000e+03
1.225000000000000000e+05 6.795000000000000000e+03
1.250000000000000000e+05 6.851000000000000000e+03
1.275000000000000000e+05 6.559000000000000000e+03
1.300000000000000000e+05 6.134000000000000000e+03
1.325000000000000000e+05 5.830000000000000000e+03
1.350000000000000000e+05 5.756000000000000000e+03
1.375000000000000000e+05 5.438000000000000000e+03
1.400000000000000000e+05 5.159000000000000000e+03
1.425000000000000000e+05 5.055000000000000000e+03
1.450000000000000000e+05 4.783000000000000000e+03
1.475000000000000000e+05 4.459000000000000000e+03
1.500000000000000000e+05 4.277000000000000000e+03
1.525000000000000000e+05 4.167000000000000000e+03
1.550000000000000000e+05 3.821000000000000000e+03
1.575000000000000000e+05 3.676000000000000000e+03
1.600000000000000000e+05 3.494000000000000000e+03
1.625000000000000000e+05 3.508000000000000000e+03
1.650000000000000000e+05 3.387000000000000000e+03
1.675000000000000000e+05 3.323000000000000000e+03
1.700000000000000000e+05 3.193000000000000000e+03
1.725000000000000000e+05 3.148000000000000000e+03
1.750000000000000000e+05 3.265000000000000000e+03
1.775000000000000000e+05 3.344000000000000000e+03
1.800000000000000000e+05 3.306000000000000000e+03
1.825000000000000000e+05 3.335000000000000000e+03
1.850000000000000000e+05 3.569000000000000000e+03
1.875000000000000000e+05 3.620000000000000000e+03
1.900000000000000000e+05 3.819000000000000000e+03
1.925000000000000000e+05 3.989000000000000000e+03
1.950000000000000000e+05 4.241000000000000000e+03
1.975000000000000000e+05 4.167000000000000000e+03
2.000000000000000000e+05 4.596000000000000000e+03
2.025000000000000000e+05 4.802000000000000000e+03
2.050000000000000000e+05 5.153000000000000000e+03
2.075000000000000000e+05 5.201000000000000000e+03
2.100000000000000000e+05 5.716000000000000000e+03
2.125000000000000000e+05 5.817000000000000000e+03
2.150000000000000000e+05 6.055000000000000000e+03
2.175000000000000000e+05 6.365000000000000000e+03
2.200000000000000000e+05 6.674000000000000000e+03
2.225000000000000000e+05 6.782000000000000000e+03
2.250000000000000000e+05 7.131000000000000000e+03
2.275000000000000000e+05 7.570000000000000000e+03
2.300000000000000000e+05 7.773000000000000000e+03
2.325000000000000000e+05 7.789000000000000000e+03
2.350000000000000000e+05 8.197000000000000000e+03
2.375000000000000000e+05 8.508000000000000000e+03
2.400000000000000000e+05 8.392000000000000000e+03
2.425000000000000000e+05 8.752000000000000000e+03
2.450000000000000000e+05 8.918000000000000000e+03
2.475000000000000000e+05 8.999000000000000000e+03
2.500000000000000000e+05 9.200000000000000000e+03
2.525000000000000000e+05 9.451000000000000000e+03
2.550000000000000000e+05 9.492000000000000000e+03
2.575000000000000000e+05 9.790000000000000000e+03
2.600000000000000000e+05 1.000400000000000000e+04
2.625000000000000000e+05 9.892000000000000000e+03
2.650000000000000000e+05 9.916000000000000000e+03
2.675000000000000000e+05 1.015100000000000000e+04
2.700000000000000000e+05 1.029900000000000000e+04
2.725000000000000000e+05 1.010400000000000000e+04
2.750000000000000000e+05 1.032100000000000000e+04
2.775000000000000000e+05 1.037600000000000000e+04
2.800000000000000000e+05 1.023600000000000000e+04
2.825000000000000000e+05 1.052800000000000000e+04
2.850000000000000000e+05 1.051300000000000000e+04
2.875000000000000000e+05 1.063300000000000000e+04
2.900000000000000000e+05 1.060300000000000000e+04
2.925000000000000000e+05 1.061900000000000000e+04
2.950000000000000000e+05 1.071700000000000000e+04
2.975000000000000000e+05 1.071700000000000000e+04
3.000000000000000000e+05 1.061400000000000000e+04
3.025000000000000000e+05 1.083300000000000000e+04
3.050000000000000000e+05 1.070300000000000000e+04
3.075000000000000000e+05 1.058000000000000000e+04
3.100000000000000000e+05 1.062800000000000000e+04
3.125000000000000000e+05 1.055500000000000000e+04
3.150000000000000000e+05 1.042200000000000000e+04
3.175000000000000000e+05 1.051300000000000000e+04
3.200000000000000000e+05 1.037400000000000000e+04
3.225000000000000000e+05 1.020500000000000000e+04
3.250000000000000000e+05 1.040600000000000000e+04
3.275000000000000000e+05 1.023100000000000000e+04
3.300000000000000000e+05 9.946000000000000000e+03
3.325000000000000000e+05 1.002200000000000000e+04
3.350000000000000000e+05 9.956000000000000000e+03
3.375000000000000000e+05 9.760000000000000000e+03
3.400000000000000000e+05 9.385000000000000000e+03
3.425000000000000000e+05 9.468000000000000000e+03
3.450000000000000000e+05 9.421000000000000000e+03
3.475000000000000000e+05 9.188000000000000000e+03
3.500000000000000000e+05 8.836000000000000000e+03
3.525000000000000000e+05 8.796000000000000000e+03
3.550000000000000000e+05 8.625000000000000000e+03
3.575000000000000000e+05 8.301000000000000000e+03
3.600000000000000000e+05 8.075000000000000000e+03
3.625000000000000000e+05 7.916000000000000000e+03
3.650000000000000000e+05 7.627000000000000000e+03
3.675000000000000000e+05 7.440000000000000000e+03
3.700000000000000000e+05 7.289000000000000000e+03
3.725000000000000000e+05 7.145000000000000000e+03
3.750000000000000000e+05 6.758000000000000000e+03
3.775000000000000000e+05 6.526000000000000000e+03
3.800000000000000000e+05 6.022000000000000000e+03
3.825000000000000000e+05 5.787000000000000000e+03
3.850000000000000000e+05 5.634000000000000000e+03
3.875000000000000000e+05 5.336000000000000000e+03
3.900000000000000000e+05 5.044000000000000000e+03
3.925000000000000000e+05 4.778000000000000000e+03
3.950000000000000000e+05 4.649000000000000000e+03
3.975000000000000000e+05 4.261000000000000000e+03
4.000000000000000000e+05 4.208000000000000000e+03
4.025000000000000000e+05 4.316000000000000000e+03
4.050000000000000000e+05 3.880000000000000000e+03
4.075000000000000000e+05 3.685000000000000000e+03
4.100000000000000000e+05 3.590000000000000000e+03
4.125000000000000000e+05 3.410000000000000000e+03
4.150000000000000000e+05 3.244000000000000000e+03
4.175000000000000000e+05 3.354000000000000000e+03
4.200000000000000000e+05 3.335000000000000000e+03
4.225000000000000000e+05 3.111000000000000000e+03
4.250000000000000000e+05 3.334000000000000000e+03
4.275000000000000000e+05 3.330000000000000000e+03
4.300000000000000000e+05 3.202000000000000000e+03
4.325000000000000000e+05 3.345000000000000000e+03
4.350000000000000000e+05 3.623000000000000000e+03
4.375000000000000000e+05 3.720000000000000000e+03
4.400000000000000000e+05 3.660000000000000000e+03
4.425000000000000000e+05 3.938000000000000000e+03
4.450000000000000000e+05 4.188000000000000000e+03
4.475000000000000000e+05 4.176000000000000000e+03
4.500000000000000000e+05 4.500000000000000000e+03
4.525000000000000000e+05 4.784000000000000000e+03
4.550000000000000000e+05 4.987000000000000000e+03
4.575000000000000000e+05 5.171000000000000000e+03
4.600000000000000000e+05 5.573000000000000000e+03
4.625000000000000000e+05 5.791000000000000000e+03
4.650000000000000000e+05 6.117000000000000000e+03
4.675000000000000000e+05 6.290000000000000000e+03
4.700000000000000000e+05 6.744000000000000000e+03
4.725000000000000000e+05 6.949000000000000000e+03
4.750000000000000000e+05 7.168000000000000000e+03
4.775000000000000000e+05 7.482000000000000000e+03
4.800000000000000000e+05 7.564000000000000000e+03
4.825000000000000000e+05 7.918000000000000000e+03
4.850000000000000000e+05 8.163000000000000000e+03
4.875000000000000000e+05 8.433000000000000000e+03
4.900000000000000000e+05 8.528000000000000000e+03
4.925000000000000000e+05 8.693000000000000000e+03
4.950000000000000000e+05 9.110000000000000000e+03
4.975000000000000000e+05 9.089000000000000000e+03
