0.000000000000000000e+00 9.137000000000000000e+03
5.000000000000000000e+03 9.448000000000000000e+03
1.000000000000000000e+04 9.368000000000000000e+03
1.500000000000000000e+04 9.541000000000000000e+03
2.000000000000000000e+04 9.618000000000000000e+03
2.500000000000000000e+04 9.925000000000000000e+03
3.000000000000000000e+04 1.001600000000000000e+04
3.500000000000000000e+04 1.013300000000000000e+04
4.000000000000000000e+04 1.007000000000000000e+04
4.500000000000000000e+04 1.045300000000000000e+04
5.000000000000000000e+04 1.027200000000000000e+04
5.500000000000000000e+04 1.025600000000000000e+04
6.000000000000000000e+04 1.046000000000000000e+04
6.500000000000000000e+04 1.040600000000000000e+04
7.000000000000000000e+04 1.043500000000000000e+04
7.500000000000000000e+04 1.051200000000000000e+04
8.000000000000000000e+04 1.042000000000000000e+04
8.500000000000000000e+04 1.048900000000000000e+04
9.000000000000000000e+04 1.070700000000000000e+04
9.500000000000000000e+04 1.045000000000000000e+04
1.000000000000000000e+05 1.043200000000000000e+04
1.050000000000000000e+05 1.037800000000000000e+04
1.100000000000000000e+05 1.070000000000000000e+04
1.150000000000000000e+05 1.055400000000000000e+04
1.200000000000000000e+05 1.052200000000000000e+04
1.250000000000000000e+05 1.043300000000000000e+04
1.300000000000000000e+05 1.027100000000000000e+04
1.350000000000000000e+05 1.035600000000000000e+04
1.400000000000000000e+05 1.031000000000000000e+04
1.450000000000000000e+05 1.028300000000000000e+04
1.500000000000000000e+05 1.002900000000000000e+04
1.550000000000000000e+05 1.004800000000000000e+04
1.600000000000000000e+05 1.008900000000000000e+04
1.650000000000000000e+05 9.991000000000000000e+03
1.700000000000000000e+05 9.706000000000000000e+03
1.750000000000000000e+05 9.632000000000000000e+03
1.800000000000000000e+05 9.392000000000000000e+03
1.850000000000000000e+05 9.442000000000000000e+03
1.900000000000000000e+05 9.130000000000000000e+03
1.950000000000000000e+05 9.220000000000000000e+03
2.000000000000000000e+05 8.833000000000000000e+03
2.050000000000000000e+05 8.455000000000000000e+03
2.100000000000000000e+05 8.658000000000000000e+03
2.150000000000000000e+05 8.147000000000000000e+03
2.200000000000000000e+05 8.219000000000000000e+03
2.250000000000000000e+05 7.874000000000000000e+03
2.300000000000000000e+05 7.696000000000000000e+03
2.350000000000000000e+05 7.579000000000000000e+03
2.400000000000000000e+05 7.136000000000000000e+03
2.450000000000000000e+05 6.930000000000000000e+03
2.500000000000000000e+05 6.490000000000000000e+03
2.550000000000000000e+05 6.412000000000000000e+03
2.600000000000000000e+05 6.024000000000000000e+03
2.650000000000000000e+05 5.854000000000000000e+03
2.700000000000000000e+05 5.585000000000000000e+03
2.750000000000000000e+05 5.261000000000000000e+03
2.800000000000000000e+05 5.093000000000000000e+03
2.850000000000000000e+05 4.737000000000000000e+03
2.900000000000000000e+05 4.597000000000000000e+03
2.950000000000000000e+05 4.448000000000000000e+03
3.000000000000000000e+05 4.266000000000000000e+03
3.050000000000000000e+05 3.931000000000000000e+03
3.100000000000000000e+05 3.920000000000000000e+03
3.150000000000000000e+05 3.689000000000000000e+03
3.200000000000000000e+05 3.465000000000000000e+03
3.250000000000000000e+05 3.332000000000000000e+03
3.300000000000000000e+05 3.362000000000000000e+03
3.350000000000000000e+05 3.244000000000000000e+03
3.400000000000000000e+05 3.218000000000000000e+03
3.450000000000000000e+05 3.227000000000000000e+03
3.500000000000000000e+05 3.267000000000000000e+03
3.550000000000000000e+05 3.060000000000000000e+03
3.600000000000000000e+05 3.307000000000000000e+03
3.650000000000000000e+05 3.245000000000000000e+03
3.700000000000000000e+05 3.375000000000000000e+03
3.750000000000000000e+05 3.675000000000000000e+03
3.800000000000000000e+05 3.574000000000000000e+03
3.850000000000000000e+05 3.863000000000000000e+03
3.900000000000000000e+05 3.944000000000000000e+03
3.950000000000000000e+05 4.342000000000000000e+03
4.000000000000000000e+05 4.508000000000000000e+03
4.050000000000000000e+05 4.633000000000000000e+03
4.100000000000000000e+05 5.075000000000000000e+03
4.150000000000000000e+05 5.062000000000000000e+03
4.200000000000000000e+05 5.452000000000000000e+03
4.250000000000000000e+05 5.741000000000000000e+03
4.300000000000000000e+05 6.140000000000000000e+03
4.350000000000000000e+05 6.356000000000000000e+03
4.400000000000000000e+05 6.526000000000000000e+03
4.450000000000000000e+05 6.793000000000000000e+03
4.500000000000000000e+05 7.045000000000000000e+03
4.550000000000000000e+05 7.223000000000000000e+03
4.600000000000000000e+05 7.634000000000000000e+03
4.650000000000000000e+05 7.839000000000000000e+03
4.700000000000000000e+05 7.981000000000000000e+03
4.750000000000000000e+05 8.257000000000000000e+03
4.800000000000000000e+05 8.343000000000000000e+03
4.850000000000000000e+05 8.578000000000000000e+03
4.900000000000000000e+05 8.879000000000000000e+03
4.950000000000000000e+05 8.857000000000000000e+03
5.000000000000000000e+05 9.174000000000000000e+03
5.050000000000000000e+05 9.560000000000000000e+03
5.100000000000000000e+05 9.313000000000000000e+03
5.150000000000000000e+05 9.630000000000000000e+03
5.200000000000000000e+05 9.708000000000000000e+03
5.250000000000000000e+05 9.883000000000000000e+03
5.300000000000000000e+05 9.959000000000000000e+03
5.350000000000000000e+05 1.005200000000000000e+04
5.400000000000000000e+05 1.021000000000000000e+04
5.450000000000000000e+05 1.013600000000000000e+04
5.500000000000000000e+05 1.032500000000000000e+04
5.550000000000000000e+05 1.023000000000000000e+04
5.600000000000000000e+05 1.023900000000000000e+04
5.650000000000000000e+05 1.056300000000000000e+04
5.700000000000000000e+05 1.036300000000000000e+04
5.750000000000000000e+05 1.042500000000000000e+04
5.800000000000000000e+05 1.052200000000000000e+04
5.850000000000000000e+05 1.056700000000000000e+04
5.900000000000000000e+05 1.046100000000000000e+04
5.950000000000000000e+05 1.042400000000000000e+04
6.000000000000000000e+05 1.044100000000000000e+04
6.050000000000000000e+05 1.046800000000000000e+04
6.100000000000000000e+05 1.049600000000000000e+04
6.150000000000000000e+05 1.047400000000000000e+04
6.200000000000000000e+05 1.033800000000000000e+04
6.250000000000000000e+05 1.040100000000000000e+04
6.300000000000000000e+05 1.051300000000000000e+04
6.350000000000000000e+05 1.043400000000000000e+04
6.400000000000000000e+05 1.007800000000000000e+04
6.450000000000000000e+05 1.027200000000000000e+04
6.500000000000000000e+05 1.005400000000000000e+04
6.550000000000000000e+05 1.015600000000000000e+04
6.600000000000000000e+05 1.014100000000000000e+04
6.650000000000000000e+05 9.770000000000000000e+03
6.700000000000000000e+05 9.797000000000000000e+03
6.750000000000000000e+05 9.803000000000000000e+03
6.800000000000000000e+05 9.573000000000000000e+03
6.850000000000000000e+05 9.505000000000000000e+03
6.900000000000000000e+05 9.210000000000000000e+03
6.950000000000000000e+05 9.245000000000000000e+03
7.000000000000000000e+05 9.001000000000000000e+03
7.050000000000000000e+05 8.841000000000000000e+03
7.100000000000000000e+05 8.768000000000000000e+03
7.150000000000000000e+05 8.315000000000000000e+03
7.200000000000000000e+05 8.259000000000000000e+03
7.250000000000000000e+05 8.039000000000000000e+03
7.300000000000000000e+05 7.644000000000000000e+03
7.350000000000000000e+05 7.491000000000000000e+03
7.400000000000000000e+05 7.087000000000000000e+03
7.450000000000000000e+05 7.035000000000000000e+03
7.500000000000000000e+05 6.610000000000000000e+03
7.550000000000000000e+05 6.412000000000000000e+03
7.600000000000000000e+05 6.248000000000000000e+03
7.650000000000000000e+05 5.876000000000000000e+03
7.700000000000000000e+05 5.596000000000000000e+03
7.750000000000000000e+05 5.318000000000000000e+03
7.800000000000000000e+05 5.115000000000000000e+03
7.850000000000000000e+05 4.711000000000000000e+03
7.900000000000000000e+05 4.541000000000000000e+03
7.950000000000000000e+05 4.371000000000000000e+03
8.000000000000000000e+05 4.156000000000000000e+03
8.050000000000000000e+05 3.985000000000000000e+03
8.100000000000000000e+05 3.849000000000000000e+03
8.150000000000000000e+05 3.676000000000000000e+03
8.200000000000000000e+05 3.443000000000000000e+03
8.250000000000000000e+05 3.312000000000000000e+03
8.300000000000000000e+05 3.199000000000000000e+03
8.350000000000000000e+05 3.176000000000000000e+03
8.400000000000000000e+05 3.169000000000000000e+03
8.450000000000000000e+05 3.201000000000000000e+03
8.500000000000000000e+05 3.163000000000000000e+03
8.550000000000000000e+05 3.187000000000000000e+03
8.600000000000000000e+05 3.292000000000000000e+03
8.650000000000000000e+05 3.274000000000000000e+03
8.700000000000000000e+05 3.424000000000000000e+03
8.750000000000000000e+05 3.639000000000000000e+03
8.800000000000000000e+05 3.593000000000000000e+03
8.850000000000000000e+05 3.996000000000000000e+03
8.900000000000000000e+05 4.118000000000000000e+03
8.950000000000000000e+05 4.245000000000000000e+03
9.000000000000000000e+05 4.632000000000000000e+03
9.050000000000000000e+05 4.725000000000000000e+03
9.100000000000000000e+05 4.843000000000000000e+03
9.150000000000000000e+05 5.111000000000000000e+03
9.200000000000000000e+05 5.484000000000000000e+03
9.250000000000000000e+05 5.950000000000000000e+03
9.300000000000000000e+05 5.980000000000000000e+03
9.350000000000000000e+05 6.276000000000000000e+03
9.400000000000000000e+05 6.355000000000000000e+03
9.450000000000000000e+05 6.735000000000000000e+03
9.500000000000000000e+05 7.215000000000000000e+03
9.550000000000000000e+05 7.291000000000000000e+03
9.600000000000000000e+05 7.732000000000000000e+03
9.650000000000000000e+05 7.853000000000000000e+03
9.700000000000000000e+05 7.949000000000000000e+03
9.750000000000000000e+05 8.227000000000000000e+03
9.800000000000000000e+05 8.530000000000000000e+03
9.850000000000000000e+05 8.669000000000000000e+03
9.900000000000000000e+05 8.714000000000000000e+03
9.950000000000000000e+05 8.763000000000000000e+03
