0.000000000000000000e+00 5.338000000000000000e+03
2.500000000000000000e+03 5.476000000000000000e+03
5.000000000000000000e+03 5.563000000000000000e+03
7.500000000000000000e+03 5.776000000000000000e+03
1.000000000000000000e+04 5.679000000000000000e+03
1.250000000000000000e+04 5.939000000000000000e+03
1.500000000000000000e+04 5.930000000000000000e+03
1.750000000000000000e+04 6.096000000000000000e+03
2.000000000000000000e+04 6.312000000000000000e+03
2.250000000000000000e+04 6.246000000000000000e+03
2.500000000000000000e+04 6.400000000000000000e+03
2.750000000000000000e+04 6.480000000000000000e+03
3.000000000000000000e+04 6.325000000000000000e+03
3.250000000000000000e+04 6.503000000000000000e+03
3.500000000000000000e+04 6.593000000000000000e+03
3.750000000000000000e+04 6.588000000000000000e+03
4.000000000000000000e+04 6.681000000000000000e+03
4.250000000000000000e+04 6.622000000000000000e+03
4.500000000000000000e+04 6.762000000000000000e+03
4.750000000000000000e+04 6.745000000000000000e+03
5.000000000000000000e+04 6.701000000000000000e+03
5.250000000000000000e+04 6.680000000000000000e+03
5.500000000000000000e+04 6.574000000000000000e+03
5.750000000000000000e+04 6.604000000000000000e+03
6.000000000000000000e+04 6.560000000000000000e+03
6.250000000000000000e+04 6.564000000000000000e+03
6.500000000000000000e+04 6.449000000000000000e+03
6.750000000000000000e+04 6.473000000000000000e+03
7.000000000000000000e+04 6.367000000000000000e+03
7.250000000000000000e+04 6.156000000000000000e+03
7.500000000000000000e+04 6.261000000000000000e+03
7.750000000000000000e+04 6.180000000000000000e+03
8.000000000000000000e+04 6.101000000000000000e+03
8.250000000000000000e+04 6.070000000000000000e+03
8.500000000000000000e+04 5.613000000000000000e+03
8.750000000000000000e+04 5.756000000000000000e+03
9.000000000000000000e+04 5.713000000000000000e+03
9.250000000000000000e+04 5.437000000000000000e+03
9.500000000000000000e+04 5.165000000000000000e+03
9.750000000000000000e+04 5.096000000000000000e+03
1.000000000000000000e+05 5.119000000000000000e+03
1.025000000000000000e+05 4.794000000000000000e+03
1.050000000000000000e+05 4.658000000000000000e+03
1.075000000000000000e+05 4.325000000000000000e+03
1.100000000000000000e+05 4.271000000000000000e+03
1.125000000000000000e+05 4.121000000000000000e+03
1.150000000000000000e+05 3.776000000000000000e+03
1.175000000000000000e+05 3.586000000000000000e+03
1.200000000000000000e+05 3.308000000000000000e+03
1.225000000000000000e+05 3.151000000000000000e+03
1.250000000000000000e+05 2.964000000000000000e+03
1.275000000000000000e+05 2.765000000000000000e+03
1.300000000000000000e+05 2.597000000000000000e+03
1.325000000000000000e+05 2.420000000000000000e+03
1.350000000000000000e+05 2.122000000000000000e+03
1.375000000000000000e+05 2.030000000000000000e+03
1.400000000000000000e+05 1.847000000000000000e+03
1.425000000000000000e+05 1.651000000000000000e+03
1.450000000000000000e+05 1.561000000000000000e+03
1.475000000000000000e+05 1.445000000000000000e+03
1.500000000000000000e+05 1.262000000000000000e+03
1.525000000000000000e+05 1.237000000000000000e+03
1.550000000000000000e+05 1.140000000000000000e+03
1.575000000000000000e+05 1.036000000000000000e+03
1.600000000000000000e+05 1.018000000000000000e+03
1.625000000000000000e+05 9.360000000000000000e+02
1.650000000000000000e+05 8.530000000000000000e+02
1.675000000000000000e+05 8.200000000000000000e+02
1.700000000000000000e+05 7.960000000000000000e+02
1.725000000000000000e+05 7.750000000000000000e+02
1.750000000000000000e+05 8.090000000000000000e+02
1.775000000000000000e+05 7.500000000000000000e+02
1.800000000000000000e+05 7.950000000000000000e+02
1.825000000000000000e+05 8.820000000000000000e+02
1.850000000000000000e+05 8.700000000000000000e+02
1.875000000000000000e+05 8.960000000000000000e+02
1.900000000000000000e+05 1.032000000000000000e+03
1.925000000000000000e+05 1.145000000000000000e+03
1.950000000000000000e+05 1.269000000000000000e+03
1.975000000000000000e+05 1.328000000000000000e+03
2.000000000000000000e+05 1.447000000000000000e+03
2.025000000000000000e+05 1.565000000000000000e+03
2.050000000000000000e+05 1.783000000000000000e+03
2.075000000000000000e+05 1.865000000000000000e+03
2.100000000000000000e+05 1.984000000000000000e+03
2.125000000000000000e+05 2.233000000000000000e+03
2.150000000000000000e+05 2.453000000000000000e+03
2.175000000000000000e+05 2.623000000000000000e+03
2.200000000000000000e+05 2.872000000000000000e+03
2.225000000000000000e+05 3.026000000000000000e+03
2.250000000000000000e+05 3.269000000000000000e+03
2.275000000000000000e+05 3.571000000000000000e+03
2.300000000000000000e+05 3.605000000000000000e+03
2.325000000000000000e+05 3.845000000000000000e+03
2.350000000000000000e+05 4.080000000000000000e+03
2.375000000000000000e+05 4.338000000000000000e+03
2.400000000000000000e+05 4.441000000000000000e+03
2.425000000000000000e+05 4.690000000000000000e+03
2.450000000000000000e+05 4.948000000000000000e+03
2.475000000000000000e+05 5.102000000000000000e+03
2.500000000000000000e+05 5.206000000000000000e+03
2.525000000000000000e+05 5.397000000000000000e+03
2.550000000000000000e+05 5.371000000000000000e+03
2.575000000000000000e+05 5.654000000000000000e+03
2.600000000000000000e+05 5.828000000000000000e+03
2.625000000000000000e+05 6.001000000000000000e+03
2.650000000000000000e+05 5.962000000000000000e+03
2.675000000000000000e+05 6.122000000000000000e+03
2.700000000000000000e+05 6.147000000000000000e+03
2.725000000000000000e+05 6.145000000000000000e+03
2.750000000000000000e+05 6.383000000000000000e+03
2.775000000000000000e+05 6.355000000000000000e+03
2.800000000000000000e+05 6.421000000000000000e+03
2.825000000000000000e+05 6.410000000000000000e+03
2.850000000000000000e+05 6.494000000000000000e+03
2.875000000000000000e+05 6.636000000000000000e+03
2.900000000000000000e+05 6.527000000000000000e+03
2.925000000000000000e+05 6.702000000000000000e+03
2.950000000000000000e+05 6.511000000000000000e+03
2.975000000000000000e+05 6.770000000000000000e+03
3.000000000000000000e+05 6.748000000000000000e+03
3.025000000000000000e+05 6.705000000000000000e+03
3.050000000000000000e+05 6.594000000000000000e+03
3.075000000000000000e+05 6.670000000000000000e+03
3.100000000000000000e+05 6.418000000000000000e+03
3.125000000000000000e+05 6.697000000000000000e+03
3.150000000000000000e+05 6.519000000000000000e+03
3.175000000000000000e+05 6.290000000000000000e+03
3.200000000000000000e+05 6.307000000000000000e+03
3.225000000000000000e+05 6.251000000000000000e+03
3.250000000000000000e+05 6.387000000000000000e+03
3.275000000000000000e+05 6.044000000000000000e+03
3.300000000000000000e+05 6.142000000000000000e+03
3.325000000000000000e+05 5.974000000000000000e+03
3.350000000000000000e+05 5.845000000000000000e+03
3.375000000000000000e+05 5.786000000000000000e+03
3.400000000000000000e+05 5.637000000000000000e+03
3.425000000000000000e+05 5.553000000000000000e+03
3.450000000000000000e+05 5.218000000000000000e+03
3.475000000000000000e+05 5.270000000000000000e+03
3.500000000000000000e+05 5.023000000000000000e+03
3.525000000000000000e+05 4.739000000000000000e+03
3.550000000000000000e+05 4.777000000000000000e+03
3.575000000000000000e+05 4.491000000000000000e+03
3.600000000000000000e+05 4.292000000000000000e+03
3.625000000000000000e+05 3.885000000000000000e+03
3.650000000000000000e+05 3.938000000000000000e+03
3.675000000000000000e+05 3.577000000000000000e+03
3.700000000000000000e+05 3.491000000000000000e+03
3.725000000000000000e+05 3.231000000000000000e+03
3.750000000000000000e+05 3.011000000000000000e+03
3.775000000000000000e+05 2.721000000000000000e+03
3.800000000000000000e+05 2.659000000000000000e+03
3.825000000000000000e+05 2.392000000000000000e+03
3.850000000000000000e+05 2.187000000000000000e+03
3.875000000000000000e+05 2.035000000000000000e+03
3.900000000000000000e+05 1.953000000000000000e+03
3.925000000000000000e+05 1.756000000000000000e+03
3.950000000000000000e+05 1.491000000000000000e+03
3.975000000000000000e+05 1.435000000000000000e+03
4.000000000000000000e+05 1.321000000000000000e+03
4.025000000000000000e+05 1.195000000000000000e+03
4.050000000000000000e+05 1.113000000000000000e+03
4.075000000000000000e+05 1.013000000000000000e+03
4.100000000000000000e+05 9.290000000000000000e+02
4.125000000000000000e+05 9.360000000000000000e+02
4.150000000000000000e+05 8.340000000000000000e+02
4.175000000000000000e+05 8.330000000000000000e+02
4.200000000000000000e+05 7.720000000000000000e+02
4.225000000000000000e+05 7.650000000000000000e+02
4.250000000000000000e+05 7.490000000000000000e+02
4.275000000000000000e+05 7.990000000000000000e+02
4.300000000000000000e+05 8.000000000000000000e+02
4.325000000000000000e+05 8.450000000000000000e+02
4.350000000000000000e+05 9.470000000000000000e+02
4.375000000000000000e+05 9.380000000000000000e+02
4.400000000000000000e+05 1.075000000000000000e+03
4.425000000000000000e+05 1.095000000000000000e+03
4.450000000000000000e+05 1.243000000000000000e+03
4.475000000000000000e+05 1.338000000000000000e+03
4.500000000000000000e+05 1.418000000000000000e+03
4.525000000000000000e+05 1.589000000000000000e+03
4.550000000000000000e+05 1.725000000000000000e+03
4.575000000000000000e+05 1.912000000000000000e+03
4.600000000000000000e+05 2.139000000000000000e+03
4.625000000000000000e+05 2.218000000000000000e+03
4.650000000000000000e+05 2.590000000000000000e+03
4.675000000000000000e+05 2.666000000000000000e+03
4.700000000000000000e+05 2.863000000000000000e+03
4.725000000000000000e+05 3.068000000000000000e+03
4.750000000000000000e+05 3.283000000000000000e+03
4.775000000000000000e+05 3.486000000000000000e+03
4.800000000000000000e+05 3.738000000000000000e+03
4.825000000000000000e+05 3.943000000000000000e+03
4.850000000000000000e+05 4.209000000000000000e+03
4.875000000000000000e+05 4.519000000000000000e+03
4.900000000000000000e+05 4.582000000000000000e+03
4.925000000000000000e+05 4.686000000000000000e+03
4.950000000000000000e+05 4.836000000000000000e+03
4.975000000000000000e+05 5.062000000000000000e+03
