0.000000000000000000e+00 3.917000000000000000e+03
1.670000000000000000e+02 4.068000000000000000e+03
3.340000000000000000e+02 4.407000000000000000e+03
5.010000000000000000e+02 4.331000000000000000e+03
6.680000000000000000e+02 4.528000000000000000e+03
8.350000000000000000e+02 4.704000000000000000e+03
1.002000000000000000e+03 4.837000000000000000e+03
1.169000000000000000e+03 4.977000000000000000e+03
1.336000000000000000e+03 4.930000000000000000e+03
1.503000000000000000e+03 5.007000000000000000e+03
1.670000000000000000e+03 5.057000000000000000e+03
1.837000000000000000e+03 5.339000000000000000e+03
2.004000000000000000e+03 5.191000000000000000e+03
2.171000000000000000e+03 5.338000000000000000e+03
2.338000000000000000e+03 5.264000000000000000e+03
2.505000000000000000e+03 5.339000000000000000e+03
2.672000000000000000e+03 5.269000000000000000e+03
2.839000000000000000e+03 5.312000000000000000e+03
3.006000000000000000e+03 5.393000000000000000e+03
3.173000000000000000e+03 5.228000000000000000e+03
3.340000000000000000e+03 5.353000000000000000e+03
3.507000000000000000e+03 5.449000000000000000e+03
3.674000000000000000e+03 5.478000000000000000e+03
3.841000000000000000e+03 5.454000000000000000e+03
4.008000000000000000e+03 5.577000000000000000e+03
4.175000000000000000e+03 5.428000000000000000e+03
4.342000000000000000e+03 5.381000000000000000e+03
4.509000000000000000e+03 5.325000000000000000e+03
4.676000000000000000e+03 5.315000000000000000e+03
4.843000000000000000e+03 5.211000000000000000e+03
5.010000000000000000e+03 5.170000000000000000e+03
5.177000000000000000e+03 5.057000000000000000e+03
5.344000000000000000e+03 4.855000000000000000e+03
5.511000000000000000e+03 4.825000000000000000e+03
5.678000000000000000e+03 4.841000000000000000e+03
5.845000000000000000e+03 4.822000000000000000e+03
6.012000000000000000e+03 4.830000000000000000e+03
6.179000000000000000e+03 4.593000000000000000e+03
6.346000000000000000e+03 4.395000000000000000e+03
6.513000000000000000e+03 4.325000000000000000e+03
6.680000000000000000e+03 4.285000000000000000e+03
6.847000000000000000e+03 4.170000000000000000e+03
7.014000000000000000e+03 3.948000000000000000e+03
7.181000000000000000e+03 3.890000000000000000e+03
7.348000000000000000e+03 3.732000000000000000e+03
7.515000000000000000e+03 3.672000000000000000e+03
7.682000000000000000e+03 3.376000000000000000e+03
7.849000000000000000e+03 3.217000000000000000e+03
8.016000000000000000e+03 3.207000000000000000e+03
8.183000000000000000e+03 2.966000000000000000e+03
8.350000000000000000e+03 2.737000000000000000e+03
8.517000000000000000e+03 2.566000000000000000e+03
8.684000000000000000e+03 2.396000000000000000e+03
8.851000000000000000e+03 2.291000000000000000e+03
9.018000000000000000e+03 2.213000000000000000e+03
9.185000000000000000e+03 2.074000000000000000e+03
9.352000000000000000e+03 1.919000000000000000e+03
9.519000000000000000e+03 1.705000000000000000e+03
9.686000000000000000e+03 1.590000000000000000e+03
9.853000000000000000e+03 1.474000000000000000e+03
1.002000000000000000e+04 1.408000000000000000e+03
1.018700000000000000e+04 1.266000000000000000e+03
1.035400000000000000e+04 1.192000000000000000e+03
1.052100000000000000e+04 1.101000000000000000e+03
1.068800000000000000e+04 1.073000000000000000e+03
1.085500000000000000e+04 9.190000000000000000e+02
1.102200000000000000e+04 8.810000000000000000e+02
1.118900000000000000e+04 8.620000000000000000e+02
1.135600000000000000e+04 8.340000000000000000e+02
1.152300000000000000e+04 7.810000000000000000e+02
1.169000000000000000e+04 7.390000000000000000e+02
1.185700000000000000e+04 6.910000000000000000e+02
1.202400000000000000e+04 6.800000000000000000e+02
1.219100000000000000e+04 7.550000000000000000e+02
1.235800000000000000e+04 7.010000000000000000e+02
1.252500000000000000e+04 7.300000000000000000e+02
1.269200000000000000e+04 7.000000000000000000e+02
1.285900000000000000e+04 7.650000000000000000e+02
1.302600000000000000e+04 8.060000000000000000e+02
1.319300000000000000e+04 8.620000000000000000e+02
1.336000000000000000e+04 9.480000000000000000e+02
1.352700000000000000e+04 9.550000000000000000e+02
1.369400000000000000e+04 1.085000000000000000e+03
1.386100000000000000e+04 1.155000000000000000e+03
1.402800000000000000e+04 1.263000000000000000e+03
1.419500000000000000e+04 1.364000000000000000e+03
1.436200000000000000e+04 1.576000000000000000e+03
1.452900000000000000e+04 1.658000000000000000e+03
1.469600000000000000e+04 1.863000000000000000e+03
1.486300000000000000e+04 1.962000000000000000e+03
1.503000000000000000e+04 2.159000000000000000e+03
1.519700000000000000e+04 2.375000000000000000e+03
1.536400000000000000e+04 2.696000000000000000e+03
1.553100000000000000e+04 2.805000000000000000e+03
1.569800000000000000e+04 2.968000000000000000e+03
1.586500000000000000e+04 3.210000000000000000e+03
1.603200000000000000e+04 3.368000000000000000e+03
1.619900000000000000e+04 3.553000000000000000e+03
1.636600000000000000e+04 3.660000000000000000e+03
1.653300000000000000e+04 3.726000000000000000e+03
1.670000000000000000e+04 4.087000000000000000e+03
1.686700000000000000e+04 4.274000000000000000e+03
1.703400000000000000e+04 4.319000000000000000e+03
1.720100000000000000e+04 4.444000000000000000e+03
1.736800000000000000e+04 4.529000000000000000e+03
1.753500000000000000e+04 4.720000000000000000e+03
1.770200000000000000e+04 4.693000000000000000e+03
1.786900000000000000e+04 4.831000000000000000e+03
1.803600000000000000e+04 5.089000000000000000e+03
1.820300000000000000e+04 5.163000000000000000e+03
1.837000000000000000e+04 5.067000000000000000e+03
1.853700000000000000e+04 5.155000000000000000e+03
1.870400000000000000e+04 5.282000000000000000e+03
1.887100000000000000e+04 5.115000000000000000e+03
1.903800000000000000e+04 5.374000000000000000e+03
1.920500000000000000e+04 5.340000000000000000e+03
1.937200000000000000e+04 5.345000000000000000e+03
1.953900000000000000e+04 5.537000000000000000e+03
1.970600000000000000e+04 5.456000000000000000e+03
1.987300000000000000e+04 5.466000000000000000e+03
2.004000000000000000e+04 5.573000000000000000e+03
2.020700000000000000e+04 5.542000000000000000e+03
2.037400000000000000e+04 5.598000000000000000e+03
2.054100000000000000e+04 5.432000000000000000e+03
2.070800000000000000e+04 5.509000000000000000e+03
2.087500000000000000e+04 5.392000000000000000e+03
2.104200000000000000e+04 5.326000000000000000e+03
2.120900000000000000e+04 5.375000000000000000e+03
2.137600000000000000e+04 5.167000000000000000e+03
2.154300000000000000e+04 5.206000000000000000e+03
2.171000000000000000e+04 4.979000000000000000e+03
2.187700000000000000e+04 5.015000000000000000e+03
2.204400000000000000e+04 5.049000000000000000e+03
2.221100000000000000e+04 4.990000000000000000e+03
2.237800000000000000e+04 5.026000000000000000e+03
2.254500000000000000e+04 4.818000000000000000e+03
2.271200000000000000e+04 4.583000000000000000e+03
2.287900000000000000e+04 4.544000000000000000e+03
2.304600000000000000e+04 4.384000000000000000e+03
2.321300000000000000e+04 4.479000000000000000e+03
2.338000000000000000e+04 4.150000000000000000e+03
2.354700000000000000e+04 4.054000000000000000e+03
2.371400000000000000e+04 3.908000000000000000e+03
2.388100000000000000e+04 3.678000000000000000e+03
2.404800000000000000e+04 3.725000000000000000e+03
2.421500000000000000e+04 3.424000000000000000e+03
2.438200000000000000e+04 3.317000000000000000e+03
2.454900000000000000e+04 3.227000000000000000e+03
2.471600000000000000e+04 3.047000000000000000e+03
2.488300000000000000e+04 2.857000000000000000e+03
2.505000000000000000e+04 2.733000000000000000e+03
2.521700000000000000e+04 2.541000000000000000e+03
2.538400000000000000e+04 2.431000000000000000e+03
2.555100000000000000e+04 2.231000000000000000e+03
2.571800000000000000e+04 2.080000000000000000e+03
2.588500000000000000e+04 1.955000000000000000e+03
2.605200000000000000e+04 1.871000000000000000e+03
2.621900000000000000e+04 1.729000000000000000e+03
2.638600000000000000e+04 1.564000000000000000e+03
2.655300000000000000e+04 1.461000000000000000e+03
2.672000000000000000e+04 1.339000000000000000e+03
2.688700000000000000e+04 1.298000000000000000e+03
2.705400000000000000e+04 1.192000000000000000e+03
2.722100000000000000e+04 1.103000000000000000e+03
2.738800000000000000e+04 1.006000000000000000e+03
2.755500000000000000e+04 9.070000000000000000e+02
2.772200000000000000e+04 8.420000000000000000e+02
2.788900000000000000e+04 8.260000000000000000e+02
2.805600000000000000e+04 8.230000000000000000e+02
2.822300000000000000e+04 7.930000000000000000e+02
2.839000000000000000e+04 7.360000000000000000e+02
2.855700000000000000e+04 7.540000000000000000e+02
2.872400000000000000e+04 7.250000000000000000e+02
2.889100000000000000e+04 6.840000000000000000e+02
2.905800000000000000e+04 7.080000000000000000e+02
2.922500000000000000e+04 7.870000000000000000e+02
2.939200000000000000e+04 7.030000000000000000e+02
2.955900000000000000e+04 7.600000000000000000e+02
2.972600000000000000e+04 7.740000000000000000e+02
2.989300000000000000e+04 8.560000000000000000e+02
3.006000000000000000e+04 9.510000000000000000e+02
3.022700000000000000e+04 9.870000000000000000e+02
3.039400000000000000e+04 1.141000000000000000e+03
3.056100000000000000e+04 1.143000000000000000e+03
3.072800000000000000e+04 1.273000000000000000e+03
3.089500000000000000e+04 1.441000000000000000e+03
3.106200000000000000e+04 1.547000000000000000e+03
3.122900000000000000e+04 1.772000000000000000e+03
3.139600000000000000e+04 1.842000000000000000e+03
3.156300000000000000e+04 2.138000000000000000e+03
3.173000000000000000e+04 2.237000000000000000e+03
3.189700000000000000e+04 2.427000000000000000e+03
3.206400000000000000e+04 2.629000000000000000e+03
3.223100000000000000e+04 2.745000000000000000e+03
3.239800000000000000e+04 3.094000000000000000e+03
3.256500000000000000e+04 3.158000000000000000e+03
3.273200000000000000e+04 3.385000000000000000e+03
3.289900000000000000e+04 3.513000000000000000e+03
3.306600000000000000e+04 3.700000000000000000e+03
