0.000000000000000000e+00 4.658000000000000000e+03
5.000000000000000000e+02 4.863000000000000000e+03
1.000000000000000000e+03 5.077000000000000000e+03
1.500000000000000000e+03 5.127000000000000000e+03
2.000000000000000000e+03 5.128000000000000000e+03
2.500000000000000000e+03 5.390000000000000000e+03
3.000000000000000000e+03 5.444000000000000000e+03
3.500000000000000000e+03 5.464000000000000000e+03
4.000000000000000000e+03 5.869000000000000000e+03
4.500000000000000000e+03 5.648000000000000000e+03
5.000000000000000000e+03 5.811000000000000000e+03
5.500000000000000000e+03 5.869000000000000000e+03
6.000000000000000000e+03 5.986000000000000000e+03
6.500000000000000000e+03 5.998000000000000000e+03
7.000000000000000000e+03 5.990000000000000000e+03
7.500000000000000000e+03 6.031000000000000000e+03
8.000000000000000000e+03 6.018000000000000000e+03
8.500000000000000000e+03 6.061000000000000000e+03
9.000000000000000000e+03 6.100000000000000000e+03
9.500000000000000000e+03 6.030000000000000000e+03
1.000000000000000000e+04 6.177000000000000000e+03
1.050000000000000000e+04 6.037000000000000000e+03
1.100000000000000000e+04 6.099000000000000000e+03
1.150000000000000000e+04 6.002000000000000000e+03
1.200000000000000000e+04 5.912000000000000000e+03
1.250000000000000000e+04 5.925000000000000000e+03
1.300000000000000000e+04 6.084000000000000000e+03
1.350000000000000000e+04 5.984000000000000000e+03
1.400000000000000000e+04 5.899000000000000000e+03
1.450000000000000000e+04 5.830000000000000000e+03
1.500000000000000000e+04 5.659000000000000000e+03
1.550000000000000000e+04 5.530000000000000000e+03
1.600000000000000000e+04 5.703000000000000000e+03
1.650000000000000000e+04 5.419000000000000000e+03
1.700000000000000000e+04 5.319000000000000000e+03
1.750000000000000000e+04 5.336000000000000000e+03
1.800000000000000000e+04 5.158000000000000000e+03
1.850000000000000000e+04 5.120000000000000000e+03
1.900000000000000000e+04 4.861000000000000000e+03
1.950000000000000000e+04 4.820000000000000000e+03
2.000000000000000000e+04 4.495000000000000000e+03
2.050000000000000000e+04 4.269000000000000000e+03
2.100000000000000000e+04 4.274000000000000000e+03
2.150000000000000000e+04 4.107000000000000000e+03
2.200000000000000000e+04 3.943000000000000000e+03
2.250000000000000000e+04 3.827000000000000000e+03
2.300000000000000000e+04 3.660000000000000000e+03
2.350000000000000000e+04 3.300000000000000000e+03
2.400000000000000000e+04 3.308000000000000000e+03
2.450000000000000000e+04 3.012000000000000000e+03
2.500000000000000000e+04 2.749000000000000000e+03
2.550000000000000000e+04 2.642000000000000000e+03
2.600000000000000000e+04 2.478000000000000000e+03
2.650000000000000000e+04 2.378000000000000000e+03
2.700000000000000000e+04 2.069000000000000000e+03
2.750000000000000000e+04 1.951000000000000000e+03
2.800000000000000000e+04 1.780000000000000000e+03
2.850000000000000000e+04 1.630000000000000000e+03
2.900000000000000000e+04 1.433000000000000000e+03
2.950000000000000000e+04 1.358000000000000000e+03
3.000000000000000000e+04 1.271000000000000000e+03
3.050000000000000000e+04 1.071000000000000000e+03
3.100000000000000000e+04 1.040000000000000000e+03
3.150000000000000000e+04 9.840000000000000000e+02
3.200000000000000000e+04 9.090000000000000000e+02
3.250000000000000000e+04 8.200000000000000000e+02
3.300000000000000000e+04 7.580000000000000000e+02
3.350000000000000000e+04 7.300000000000000000e+02
3.400000000000000000e+04 6.680000000000000000e+02
3.450000000000000000e+04 6.780000000000000000e+02
3.500000000000000000e+04 7.330000000000000000e+02
3.550000000000000000e+04 6.490000000000000000e+02
3.600000000000000000e+04 6.640000000000000000e+02
3.650000000000000000e+04 6.970000000000000000e+02
3.700000000000000000e+04 7.220000000000000000e+02
3.750000000000000000e+04 7.450000000000000000e+02
3.800000000000000000e+04 8.060000000000000000e+02
3.850000000000000000e+04 8.830000000000000000e+02
3.900000000000000000e+04 1.021000000000000000e+03
3.950000000000000000e+04 1.035000000000000000e+03
4.000000000000000000e+04 1.109000000000000000e+03
4.050000000000000000e+04 1.279000000000000000e+03
4.100000000000000000e+04 1.359000000000000000e+03
4.150000000000000000e+04 1.501000000000000000e+03
4.200000000000000000e+04 1.648000000000000000e+03
4.250000000000000000e+04 1.824000000000000000e+03
4.300000000000000000e+04 2.013000000000000000e+03
4.350000000000000000e+04 2.184000000000000000e+03
4.400000000000000000e+04 2.450000000000000000e+03
4.450000000000000000e+04 2.655000000000000000e+03
4.500000000000000000e+04 2.738000000000000000e+03
4.550000000000000000e+04 2.983000000000000000e+03
4.600000000000000000e+04 3.156000000000000000e+03
4.650000000000000000e+04 3.416000000000000000e+03
4.700000000000000000e+04 3.706000000000000000e+03
4.750000000000000000e+04 3.744000000000000000e+03
4.800000000000000000e+04 3.897000000000000000e+03
4.850000000000000000e+04 4.030000000000000000e+03
4.900000000000000000e+04 4.461000000000000000e+03
4.950000000000000000e+04 4.500000000000000000e+03
5.000000000000000000e+04 4.748000000000000000e+03
5.050000000000000000e+04 4.869000000000000000e+03
5.100000000000000000e+04 5.072000000000000000e+03
5.150000000000000000e+04 5.068000000000000000e+03
5.200000000000000000e+04 5.258000000000000000e+03
5.250000000000000000e+04 5.347000000000000000e+03
5.300000000000000000e+04 5.483000000000000000e+03
5.350000000000000000e+04 5.501000000000000000e+03
5.400000000000000000e+04 5.630000000000000000e+03
5.450000000000000000e+04 5.700000000000000000e+03
5.500000000000000000e+04 5.795000000000000000e+03
5.550000000000000000e+04 5.705000000000000000e+03
5.600000000000000000e+04 5.838000000000000000e+03
5.650000000000000000e+04 5.978000000000000000e+03
5.700000000000000000e+04 6.021000000000000000e+03
5.750000000000000000e+04 6.028000000000000000e+03
5.800000000000000000e+04 5.990000000000000000e+03
5.850000000000000000e+04 6.083000000000000000e+03
5.900000000000000000e+04 6.104000000000000000e+03
5.950000000000000000e+04 6.098000000000000000e+03
6.000000000000000000e+04 6.250000000000000000e+03
6.050000000000000000e+04 6.069000000000000000e+03
6.100000000000000000e+04 6.028000000000000000e+03
6.150000000000000000e+04 6.015000000000000000e+03
6.200000000000000000e+04 6.032000000000000000e+03
6.250000000000000000e+04 5.960000000000000000e+03
6.300000000000000000e+04 6.155000000000000000e+03
6.350000000000000000e+04 6.028000000000000000e+03
6.400000000000000000e+04 5.869000000000000000e+03
6.450000000000000000e+04 5.706000000000000000e+03
6.500000000000000000e+04 5.770000000000000000e+03
6.550000000000000000e+04 5.765000000000000000e+03
6.600000000000000000e+04 5.642000000000000000e+03
6.650000000000000000e+04 5.451000000000000000e+03
6.700000000000000000e+04 5.352000000000000000e+03
6.750000000000000000e+04 5.185000000000000000e+03
6.800000000000000000e+04 5.208000000000000000e+03
6.850000000000000000e+04 5.119000000000000000e+03
6.900000000000000000e+04 4.838000000000000000e+03
6.950000000000000000e+04 4.684000000000000000e+03
7.000000000000000000e+04 4.662000000000000000e+03
7.050000000000000000e+04 4.376000000000000000e+03
7.100000000000000000e+04 4.337000000000000000e+03
7.150000000000000000e+04 4.018000000000000000e+03
7.200000000000000000e+04 3.826000000000000000e+03
7.250000000000000000e+04 3.741000000000000000e+03
7.300000000000000000e+04 3.553000000000000000e+03
7.350000000000000000e+04 3.351000000000000000e+03
7.400000000000000000e+04 3.159000000000000000e+03
7.450000000000000000e+04 2.884000000000000000e+03
7.500000000000000000e+04 2.846000000000000000e+03
7.550000000000000000e+04 2.573000000000000000e+03
7.600000000000000000e+04 2.433000000000000000e+03
7.650000000000000000e+04 2.196000000000000000e+03
7.700000000000000000e+04 2.175000000000000000e+03
7.750000000000000000e+04 1.842000000000000000e+03
7.800000000000000000e+04 1.723000000000000000e+03
7.850000000000000000e+04 1.651000000000000000e+03
7.900000000000000000e+04 1.439000000000000000e+03
7.950000000000000000e+04 1.324000000000000000e+03
8.000000000000000000e+04 1.247000000000000000e+03
8.050000000000000000e+04 1.087000000000000000e+03
8.100000000000000000e+04 1.011000000000000000e+03
8.150000000000000000e+04 9.330000000000000000e+02
8.200000000000000000e+04 8.940000000000000000e+02
8.250000000000000000e+04 8.860000000000000000e+02
8.300000000000000000e+04 7.660000000000000000e+02
8.350000000000000000e+04 7.470000000000000000e+02
8.400000000000000000e+04 7.140000000000000000e+02
8.450000000000000000e+04 6.430000000000000000e+02
8.500000000000000000e+04 6.680000000000000000e+02
8.550000000000000000e+04 6.330000000000000000e+02
8.600000000000000000e+04 6.700000000000000000e+02
8.650000000000000000e+04 6.600000000000000000e+02
8.700000000000000000e+04 7.590000000000000000e+02
8.750000000000000000e+04 7.870000000000000000e+02
8.800000000000000000e+04 8.340000000000000000e+02
8.850000000000000000e+04 9.080000000000000000e+02
8.900000000000000000e+04 9.700000000000000000e+02
8.950000000000000000e+04 1.049000000000000000e+03
9.000000000000000000e+04 1.148000000000000000e+03
9.050000000000000000e+04 1.189000000000000000e+03
9.100000000000000000e+04 1.398000000000000000e+03
9.150000000000000000e+04 1.449000000000000000e+03
9.200000000000000000e+04 1.743000000000000000e+03
9.250000000000000000e+04 1.823000000000000000e+03
9.300000000000000000e+04 2.016000000000000000e+03
9.350000000000000000e+04 2.167000000000000000e+03
9.400000000000000000e+04 2.385000000000000000e+03
9.450000000000000000e+04 2.575000000000000000e+03
9.500000000000000000e+04 2.845000000000000000e+03
9.550000000000000000e+04 3.045000000000000000e+03
9.600000000000000000e+04 3.267000000000000000e+03
9.650000000000000000e+04 3.498000000000000000e+03
9.700000000000000000e+04 3.467000000000000000e+03
9.750000000000000000e+04 3.765000000000000000e+03
9.800000000000000000e+04 4.001000000000000000e+03
9.850000000000000000e+04 4.115000000000000000e+03
9.900000000000000000e+04 4.397000000000000000e+03
9.950000000000000000e+04 4.416000000000000000e+03
