0.000000000000000000e+00 6.562000000000000000e+03
3.333000000000000000e+03 6.760000000000000000e+03
6.666000000000000000e+03 6.949000000000000000e+03
9.999000000000000000e+03 6.922000000000000000e+03
1.333200000000000000e+04 7.107000000000000000e+03
1.666500000000000000e+04 7.228000000000000000e+03
1.999800000000000000e+04 7.496000000000000000e+03
2.333100000000000000e+04 7.585000000000000000e+03
2.666400000000000000e+04 7.721000000000000000e+03
2.999700000000000000e+04 7.916000000000000000e+03
3.333000000000000000e+04 7.866000000000000000e+03
3.666300000000000000e+04 7.864000000000000000e+03
3.999600000000000000e+04 7.854000000000000000e+03
4.332900000000000000e+04 7.979000000000000000e+03
4.666200000000000000e+04 7.793000000000000000e+03
4.999500000000000000e+04 8.079000000000000000e+03
5.332800000000000000e+04 7.998000000000000000e+03
5.666100000000000000e+04 8.134000000000000000e+03
5.999400000000000000e+04 8.205000000000000000e+03
6.332700000000000000e+04 8.063000000000000000e+03
6.666000000000000000e+04 8.301000000000000000e+03
6.999300000000000000e+04 8.188000000000000000e+03
7.332600000000000000e+04 8.177000000000000000e+03
7.665900000000000000e+04 8.206000000000000000e+03
7.999200000000000000e+04 8.063000000000000000e+03
8.332500000000000000e+04 8.008000000000000000e+03
8.665800000000000000e+04 7.941000000000000000e+03
8.999100000000000000e+04 7.975000000000000000e+03
9.332400000000000000e+04 7.817000000000000000e+03
9.665700000000000000e+04 7.945000000000000000e+03
9.999000000000000000e+04 7.675000000000000000e+03
1.033230000000000000e+05 7.695000000000000000e+03
1.066560000000000000e+05 7.487000000000000000e+03
1.099890000000000000e+05 7.416000000000000000e+03
1.133220000000000000e+05 7.301000000000000000e+03
1.166550000000000000e+05 7.122000000000000000e+03
1.199880000000000000e+05 7.015000000000000000e+03
1.233210000000000000e+05 6.751000000000000000e+03
1.266540000000000000e+05 6.658000000000000000e+03
1.299870000000000000e+05 6.503000000000000000e+03
1.333200000000000000e+05 6.288000000000000000e+03
1.366530000000000000e+05 6.068000000000000000e+03
1.399860000000000000e+05 5.812000000000000000e+03
1.433190000000000000e+05 5.448000000000000000e+03
1.466520000000000000e+05 5.530000000000000000e+03
1.499850000000000000e+05 5.336000000000000000e+03
1.533180000000000000e+05 4.891000000000000000e+03
1.566510000000000000e+05 4.680000000000000000e+03
1.599840000000000000e+05 4.310000000000000000e+03
1.633170000000000000e+05 4.146000000000000000e+03
1.666500000000000000e+05 4.014000000000000000e+03
1.699830000000000000e+05 3.600000000000000000e+03
1.733160000000000000e+05 3.391000000000000000e+03
1.766490000000000000e+05 3.191000000000000000e+03
1.799820000000000000e+05 2.950000000000000000e+03
1.833150000000000000e+05 2.690000000000000000e+03
1.866480000000000000e+05 2.467000000000000000e+03
1.899810000000000000e+05 2.225000000000000000e+03
1.933140000000000000e+05 2.152000000000000000e+03
1.966470000000000000e+05 2.000000000000000000e+03
1.999800000000000000e+05 1.777000000000000000e+03
2.033130000000000000e+05 1.716000000000000000e+03
2.066460000000000000e+05 1.497000000000000000e+03
2.099790000000000000e+05 1.368000000000000000e+03
2.133120000000000000e+05 1.297000000000000000e+03
2.166450000000000000e+05 1.264000000000000000e+03
2.199780000000000000e+05 1.195000000000000000e+03
2.233110000000000000e+05 1.209000000000000000e+03
2.266440000000000000e+05 1.152000000000000000e+03
2.299770000000000000e+05 1.049000000000000000e+03
2.333100000000000000e+05 1.144000000000000000e+03
2.366430000000000000e+05 1.097000000000000000e+03
2.399760000000000000e+05 1.225000000000000000e+03
2.433090000000000000e+05 1.208000000000000000e+03
2.466420000000000000e+05 1.274000000000000000e+03
2.499750000000000000e+05 1.296000000000000000e+03
2.533080000000000000e+05 1.425000000000000000e+03
2.566410000000000000e+05 1.652000000000000000e+03
2.599740000000000000e+05 1.763000000000000000e+03
2.633070000000000000e+05 1.779000000000000000e+03
2.666400000000000000e+05 1.996000000000000000e+03
2.699730000000000000e+05 2.151000000000000000e+03
2.733060000000000000e+05 2.347000000000000000e+03
2.766390000000000000e+05 2.585000000000000000e+03
2.799720000000000000e+05 2.675000000000000000e+03
2.833050000000000000e+05 2.954000000000000000e+03
2.866380000000000000e+05 3.236000000000000000e+03
2.899710000000000000e+05 3.609000000000000000e+03
2.933040000000000000e+05 3.658000000000000000e+03
2.966370000000000000e+05 4.077000000000000000e+03
2.999700000000000000e+05 4.149000000000000000e+03
3.033030000000000000e+05 4.499000000000000000e+03
3.066360000000000000e+05 4.750000000000000000e+03
3.099690000000000000e+05 4.934000000000000000e+03
3.133020000000000000e+05 5.201000000000000000e+03
3.166350000000000000e+05 5.488000000000000000e+03
3.199680000000000000e+05 5.930000000000000000e+03
3.233010000000000000e+05 5.967000000000000000e+03
3.266340000000000000e+05 6.143000000000000000e+03
3.299670000000000000e+05 6.516000000000000000e+03
3.333000000000000000e+05 6.538000000000000000e+03
3.366330000000000000e+05 6.554000000000000000e+03
3.399660000000000000e+05 6.840000000000000000e+03
3.432990000000000000e+05 7.079000000000000000e+03
3.466320000000000000e+05 7.232000000000000000e+03
3.499650000000000000e+05 7.233000000000000000e+03
3.532980000000000000e+05 7.525000000000000000e+03
3.566310000000000000e+05 7.380000000000000000e+03
3.599640000000000000e+05 7.591000000000000000e+03
3.632970000000000000e+05 7.747000000000000000e+03
3.666300000000000000e+05 7.619000000000000000e+03
3.699630000000000000e+05 7.845000000000000000e+03
3.732960000000000000e+05 8.065000000000000000e+03
3.766290000000000000e+05 7.935000000000000000e+03
3.799620000000000000e+05 8.036000000000000000e+03
3.832950000000000000e+05 7.968000000000000000e+03
3.866280000000000000e+05 8.137000000000000000e+03
3.899610000000000000e+05 8.043000000000000000e+03
3.932940000000000000e+05 7.999000000000000000e+03
3.966270000000000000e+05 8.104000000000000000e+03
3.999600000000000000e+05 8.212000000000000000e+03
4.032930000000000000e+05 8.088000000000000000e+03
4.066260000000000000e+05 8.190000000000000000e+03
4.099590000000000000e+05 8.089000000000000000e+03
4.132920000000000000e+05 8.069000000000000000e+03
4.166250000000000000e+05 8.091000000000000000e+03
4.199580000000000000e+05 8.070000000000000000e+03
4.232910000000000000e+05 7.921000000000000000e+03
4.266240000000000000e+05 7.788000000000000000e+03
4.299570000000000000e+05 7.821000000000000000e+03
4.332900000000000000e+05 7.855000000000000000e+03
4.366230000000000000e+05 7.634000000000000000e+03
4.399560000000000000e+05 7.446000000000000000e+03
4.432890000000000000e+05 7.345000000000000000e+03
4.466220000000000000e+05 7.225000000000000000e+03
4.499550000000000000e+05 7.231000000000000000e+03
4.532880000000000000e+05 6.801000000000000000e+03
4.566210000000000000e+05 6.663000000000000000e+03
4.599540000000000000e+05 6.732000000000000000e+03
4.632870000000000000e+05 6.455000000000000000e+03
4.666200000000000000e+05 6.317000000000000000e+03
4.699530000000000000e+05 5.964000000000000000e+03
4.732860000000000000e+05 5.945000000000000000e+03
4.766190000000000000e+05 5.575000000000000000e+03
4.799520000000000000e+05 5.414000000000000000e+03
4.832850000000000000e+05 5.221000000000000000e+03
4.866180000000000000e+05 4.783000000000000000e+03
4.899510000000000000e+05 4.691000000000000000e+03
4.932840000000000000e+05 4.527000000000000000e+03
4.966170000000000000e+05 4.166000000000000000e+03
4.999500000000000000e+05 3.857000000000000000e+03
5.032830000000000000e+05 3.719000000000000000e+03
5.066160000000000000e+05 3.454000000000000000e+03
5.099490000000000000e+05 3.154000000000000000e+03
5.132820000000000000e+05 2.861000000000000000e+03
5.166150000000000000e+05 2.598000000000000000e+03
5.199480000000000000e+05 2.498000000000000000e+03
5.232810000000000000e+05 2.232000000000000000e+03
5.266140000000000000e+05 2.093000000000000000e+03
5.299470000000000000e+05 1.873000000000000000e+03
5.332800000000000000e+05 1.834000000000000000e+03
5.366130000000000000e+05 1.630000000000000000e+03
5.399460000000000000e+05 1.548000000000000000e+03
5.432790000000000000e+05 1.451000000000000000e+03
5.466120000000000000e+05 1.351000000000000000e+03
5.499450000000000000e+05 1.254000000000000000e+03
5.532780000000000000e+05 1.204000000000000000e+03
5.566110000000000000e+05 1.288000000000000000e+03
5.599440000000000000e+05 1.104000000000000000e+03
5.632770000000000000e+05 1.183000000000000000e+03
5.666100000000000000e+05 1.195000000000000000e+03
5.699430000000000000e+05 1.168000000000000000e+03
5.732760000000000000e+05 1.189000000000000000e+03
5.766090000000000000e+05 1.217000000000000000e+03
5.799420000000000000e+05 1.211000000000000000e+03
5.832750000000000000e+05 1.381000000000000000e+03
5.866080000000000000e+05 1.425000000000000000e+03
5.899410000000000000e+05 1.607000000000000000e+03
5.932740000000000000e+05 1.592000000000000000e+03
5.966070000000000000e+05 1.801000000000000000e+03
5.999400000000000000e+05 1.960000000000000000e+03
6.032730000000000000e+05 2.095000000000000000e+03
6.066060000000000000e+05 2.371000000000000000e+03
6.099390000000000000e+05 2.541000000000000000e+03
6.132720000000000000e+05 2.720000000000000000e+03
6.166050000000000000e+05 3.053000000000000000e+03
6.199380000000000000e+05 3.287000000000000000e+03
6.232710000000000000e+05 3.534000000000000000e+03
6.266040000000000000e+05 3.848000000000000000e+03
6.299370000000000000e+05 3.957000000000000000e+03
6.332700000000000000e+05 4.232000000000000000e+03
6.366030000000000000e+05 4.494000000000000000e+03
6.399360000000000000e+05 4.827000000000000000e+03
6.432690000000000000e+05 5.025000000000000000e+03
6.466020000000000000e+05 5.242000000000000000e+03
6.499350000000000000e+05 5.680000000000000000e+03
6.532680000000000000e+05 5.743000000000000000e+03
6.566010000000000000e+05 5.938000000000000000e+03
6.599340000000000000e+05 6.050000000000000000e+03
6.632670000000000000e+05 6.237000000000000000e+03
