0.000000000000000000e+00 5.293000000000000000e+03
1.000000000000000000e+03 5.577000000000000000e+03
2.000000000000000000e+03 5.579000000000000000e+03
3.000000000000000000e+03 5.756000000000000000e+03
4.000000000000000000e+03 6.212000000000000000e+03
5.000000000000000000e+03 6.075000000000000000e+03
6.000000000000000000e+03 6.130000000000000000e+03
7.000000000000000000e+03 6.298000000000000000e+03
8.000000000000000000e+03 6.402000000000000000e+03
9.000000000000000000e+03 6.478000000000000000e+03
1.000000000000000000e+04 6.398000000000000000e+03
1.100000000000000000e+04 6.522000000000000000e+03
1.200000000000000000e+04 6.511000000000000000e+03
1.300000000000000000e+04 6.707000000000000000e+03
1.400000000000000000e+04 6.850000000000000000e+03
1.500000000000000000e+04 6.631000000000000000e+03
1.600000000000000000e+04 6.783000000000000000e+03
1.700000000000000000e+04 6.921000000000000000e+03
1.800000000000000000e+04 6.948000000000000000e+03
1.900000000000000000e+04 6.756000000000000000e+03
2.000000000000000000e+04 6.752000000000000000e+03
2.100000000000000000e+04 6.820000000000000000e+03
2.200000000000000000e+04 6.916000000000000000e+03
2.300000000000000000e+04 6.837000000000000000e+03
2.400000000000000000e+04 6.900000000000000000e+03
2.500000000000000000e+04 6.848000000000000000e+03
2.600000000000000000e+04 6.804000000000000000e+03
2.700000000000000000e+04 6.752000000000000000e+03
2.800000000000000000e+04 6.559000000000000000e+03
2.900000000000000000e+04 6.575000000000000000e+03
3.000000000000000000e+04 6.435000000000000000e+03
3.100000000000000000e+04 6.333000000000000000e+03
3.200000000000000000e+04 6.520000000000000000e+03
3.300000000000000000e+04 6.351000000000000000e+03
3.400000000000000000e+04 6.030000000000000000e+03
3.500000000000000000e+04 5.822000000000000000e+03
3.600000000000000000e+04 5.792000000000000000e+03
3.700000000000000000e+04 5.720000000000000000e+03
3.800000000000000000e+04 5.450000000000000000e+03
3.900000000000000000e+04 5.390000000000000000e+03
4.000000000000000000e+04 5.179000000000000000e+03
4.100000000000000000e+04 5.032000000000000000e+03
4.200000000000000000e+04 4.887000000000000000e+03
4.300000000000000000e+04 4.502000000000000000e+03
4.400000000000000000e+04 4.401000000000000000e+03
4.500000000000000000e+04 4.259000000000000000e+03
4.600000000000000000e+04 3.886000000000000000e+03
4.700000000000000000e+04 3.674000000000000000e+03
4.800000000000000000e+04 3.592000000000000000e+03
4.900000000000000000e+04 3.357000000000000000e+03
5.000000000000000000e+04 3.005000000000000000e+03
5.100000000000000000e+04 2.938000000000000000e+03
5.200000000000000000e+04 2.715000000000000000e+03
5.300000000000000000e+04 2.631000000000000000e+03
5.400000000000000000e+04 2.203000000000000000e+03
5.500000000000000000e+04 2.168000000000000000e+03
5.600000000000000000e+04 1.924000000000000000e+03
5.700000000000000000e+04 1.715000000000000000e+03
5.800000000000000000e+04 1.595000000000000000e+03
5.900000000000000000e+04 1.495000000000000000e+03
6.000000000000000000e+04 1.319000000000000000e+03
6.100000000000000000e+04 1.245000000000000000e+03
6.200000000000000000e+04 1.208000000000000000e+03
6.300000000000000000e+04 1.036000000000000000e+03
6.400000000000000000e+04 1.002000000000000000e+03
6.500000000000000000e+04 9.740000000000000000e+02
6.600000000000000000e+04 8.560000000000000000e+02
6.700000000000000000e+04 8.910000000000000000e+02
6.800000000000000000e+04 8.300000000000000000e+02
6.900000000000000000e+04 8.380000000000000000e+02
7.000000000000000000e+04 8.010000000000000000e+02
7.100000000000000000e+04 8.510000000000000000e+02
7.200000000000000000e+04 8.480000000000000000e+02
7.300000000000000000e+04 8.440000000000000000e+02
7.400000000000000000e+04 8.420000000000000000e+02
7.500000000000000000e+04 9.400000000000000000e+02
7.600000000000000000e+04 9.980000000000000000e+02
7.700000000000000000e+04 1.087000000000000000e+03
7.800000000000000000e+04 1.144000000000000000e+03
7.900000000000000000e+04 1.318000000000000000e+03
8.000000000000000000e+04 1.384000000000000000e+03
8.100000000000000000e+04 1.557000000000000000e+03
8.200000000000000000e+04 1.690000000000000000e+03
8.300000000000000000e+04 1.889000000000000000e+03
8.400000000000000000e+04 1.979000000000000000e+03
8.500000000000000000e+04 2.161000000000000000e+03
8.600000000000000000e+04 2.448000000000000000e+03
8.700000000000000000e+04 2.668000000000000000e+03
8.800000000000000000e+04 2.906000000000000000e+03
8.900000000000000000e+04 3.067000000000000000e+03
9.000000000000000000e+04 3.315000000000000000e+03
9.100000000000000000e+04 3.523000000000000000e+03
9.200000000000000000e+04 3.755000000000000000e+03
9.300000000000000000e+04 3.931000000000000000e+03
9.400000000000000000e+04 4.213000000000000000e+03
9.500000000000000000e+04 4.330000000000000000e+03
9.600000000000000000e+04 4.564000000000000000e+03
9.700000000000000000e+04 4.851000000000000000e+03
9.800000000000000000e+04 4.974000000000000000e+03
9.900000000000000000e+04 5.213000000000000000e+03
1.000000000000000000e+05 5.393000000000000000e+03
1.010000000000000000e+05 5.606000000000000000e+03
1.020000000000000000e+05 5.610000000000000000e+03
1.030000000000000000e+05 5.859000000000000000e+03
1.040000000000000000e+05 5.998000000000000000e+03
1.050000000000000000e+05 6.174000000000000000e+03
1.060000000000000000e+05 6.236000000000000000e+03
1.070000000000000000e+05 6.343000000000000000e+03
1.080000000000000000e+05 6.457000000000000000e+03
1.090000000000000000e+05 6.514000000000000000e+03
1.100000000000000000e+05 6.646000000000000000e+03
1.110000000000000000e+05 6.571000000000000000e+03
1.120000000000000000e+05 6.683000000000000000e+03
1.130000000000000000e+05 6.631000000000000000e+03
1.140000000000000000e+05 6.770000000000000000e+03
1.150000000000000000e+05 6.989000000000000000e+03
1.160000000000000000e+05 6.817000000000000000e+03
1.170000000000000000e+05 7.006000000000000000e+03
1.180000000000000000e+05 6.997000000000000000e+03
1.190000000000000000e+05 6.803000000000000000e+03
1.200000000000000000e+05 6.878000000000000000e+03
1.210000000000000000e+05 6.923000000000000000e+03
1.220000000000000000e+05 6.810000000000000000e+03
1.230000000000000000e+05 6.937000000000000000e+03
1.240000000000000000e+05 6.709000000000000000e+03
1.250000000000000000e+05 6.865000000000000000e+03
1.260000000000000000e+05 6.713000000000000000e+03
1.270000000000000000e+05 6.901000000000000000e+03
1.280000000000000000e+05 6.651000000000000000e+03
1.290000000000000000e+05 6.624000000000000000e+03
1.300000000000000000e+05 6.596000000000000000e+03
1.310000000000000000e+05 6.364000000000000000e+03
1.320000000000000000e+05 6.387000000000000000e+03
1.330000000000000000e+05 6.262000000000000000e+03
1.340000000000000000e+05 6.021000000000000000e+03
1.350000000000000000e+05 6.082000000000000000e+03
1.360000000000000000e+05 5.682000000000000000e+03
1.370000000000000000e+05 5.766000000000000000e+03
1.380000000000000000e+05 5.563000000000000000e+03
1.390000000000000000e+05 5.192000000000000000e+03
1.400000000000000000e+05 5.228000000000000000e+03
1.410000000000000000e+05 5.054000000000000000e+03
1.420000000000000000e+05 4.829000000000000000e+03
1.430000000000000000e+05 4.546000000000000000e+03
1.440000000000000000e+05 4.415000000000000000e+03
1.450000000000000000e+05 4.227000000000000000e+03
1.460000000000000000e+05 3.940000000000000000e+03
1.470000000000000000e+05 3.737000000000000000e+03
1.480000000000000000e+05 3.474000000000000000e+03
1.490000000000000000e+05 3.390000000000000000e+03
1.500000000000000000e+05 3.161000000000000000e+03
1.510000000000000000e+05 2.910000000000000000e+03
1.520000000000000000e+05 2.707000000000000000e+03
1.530000000000000000e+05 2.470000000000000000e+03
1.540000000000000000e+05 2.305000000000000000e+03
1.550000000000000000e+05 2.023000000000000000e+03
1.560000000000000000e+05 1.966000000000000000e+03
1.570000000000000000e+05 1.698000000000000000e+03
1.580000000000000000e+05 1.700000000000000000e+03
1.590000000000000000e+05 1.513000000000000000e+03
1.600000000000000000e+05 1.363000000000000000e+03
1.610000000000000000e+05 1.214000000000000000e+03
1.620000000000000000e+05 1.178000000000000000e+03
1.630000000000000000e+05 1.058000000000000000e+03
1.640000000000000000e+05 9.460000000000000000e+02
1.650000000000000000e+05 9.110000000000000000e+02
1.660000000000000000e+05 8.620000000000000000e+02
1.670000000000000000e+05 8.600000000000000000e+02
1.680000000000000000e+05 8.370000000000000000e+02
1.690000000000000000e+05 8.010000000000000000e+02
1.700000000000000000e+05 8.300000000000000000e+02
1.710000000000000000e+05 8.060000000000000000e+02
1.720000000000000000e+05 8.270000000000000000e+02
1.730000000000000000e+05 8.650000000000000000e+02
1.740000000000000000e+05 9.110000000000000000e+02
1.750000000000000000e+05 9.360000000000000000e+02
1.760000000000000000e+05 9.970000000000000000e+02
1.770000000000000000e+05 1.037000000000000000e+03
1.780000000000000000e+05 1.198000000000000000e+03
1.790000000000000000e+05 1.277000000000000000e+03
1.800000000000000000e+05 1.393000000000000000e+03
1.810000000000000000e+05 1.585000000000000000e+03
1.820000000000000000e+05 1.585000000000000000e+03
1.830000000000000000e+05 1.835000000000000000e+03
1.840000000000000000e+05 2.009000000000000000e+03
1.850000000000000000e+05 2.195000000000000000e+03
1.860000000000000000e+05 2.315000000000000000e+03
1.870000000000000000e+05 2.705000000000000000e+03
1.880000000000000000e+05 2.925000000000000000e+03
1.890000000000000000e+05 3.125000000000000000e+03
1.900000000000000000e+05 3.192000000000000000e+03
1.910000000000000000e+05 3.572000000000000000e+03
1.920000000000000000e+05 3.726000000000000000e+03
1.930000000000000000e+05 3.902000000000000000e+03
1.940000000000000000e+05 4.209000000000000000e+03
1.950000000000000000e+05 4.442000000000000000e+03
1.960000000000000000e+05 4.736000000000000000e+03
1.970000000000000000e+05 4.806000000000000000e+03
1.980000000000000000e+05 4.968000000000000000e+03
1.990000000000000000e+05 5.190000000000000000e+03
