0.000000000000000000e+00 3.250000000000000000e+03
3.330000000000000000e+02 3.430000000000000000e+03
6.660000000000000000e+02 3.531000000000000000e+03
9.990000000000000000e+02 3.669000000000000000e+03
1.332000000000000000e+03 3.825000000000000000e+03
1.665000000000000000e+03 3.848000000000000000e+03
1.998000000000000000e+03 3.883000000000000000e+03
2.331000000000000000e+03 3.974000000000000000e+03
2.664000000000000000e+03 3.959000000000000000e+03
2.997000000000000000e+03 3.947000000000000000e+03
3.330000000000000000e+03 4.046000000000000000e+03
3.663000000000000000e+03 4.200000000000000000e+03
3.996000000000000000e+03 4.204000000000000000e+03
4.329000000000000000e+03 4.208000000000000000e+03
4.662000000000000000e+03 4.400000000000000000e+03
4.995000000000000000e+03 4.259000000000000000e+03
5.328000000000000000e+03 4.243000000000000000e+03
5.661000000000000000e+03 4.183000000000000000e+03
5.994000000000000000e+03 4.224000000000000000e+03
6.327000000000000000e+03 4.236000000000000000e+03
6.660000000000000000e+03 4.329000000000000000e+03
6.993000000000000000e+03 4.256000000000000000e+03
7.326000000000000000e+03 4.372000000000000000e+03
7.659000000000000000e+03 4.353000000000000000e+03
7.992000000000000000e+03 4.407000000000000000e+03
8.325000000000000000e+03 4.442000000000000000e+03
8.658000000000000000e+03 4.219000000000000000e+03
8.991000000000000000e+03 4.262000000000000000e+03
9.324000000000000000e+03 4.204000000000000000e+03
9.657000000000000000e+03 4.098000000000000000e+03
9.990000000000000000e+03 4.052000000000000000e+03
1.032300000000000000e+04 4.093000000000000000e+03
1.065600000000000000e+04 3.975000000000000000e+03
1.098900000000000000e+04 3.785000000000000000e+03
1.132200000000000000e+04 3.779000000000000000e+03
1.165500000000000000e+04 3.874000000000000000e+03
1.198800000000000000e+04 3.634000000000000000e+03
1.232100000000000000e+04 3.720000000000000000e+03
1.265400000000000000e+04 3.474000000000000000e+03
1.298700000000000000e+04 3.477000000000000000e+03
1.332000000000000000e+04 3.347000000000000000e+03
1.365300000000000000e+04 3.160000000000000000e+03
1.398600000000000000e+04 3.171000000000000000e+03
1.431900000000000000e+04 2.990000000000000000e+03
1.465200000000000000e+04 3.013000000000000000e+03
1.498500000000000000e+04 2.868000000000000000e+03
1.531800000000000000e+04 2.703000000000000000e+03
1.565100000000000000e+04 2.471000000000000000e+03
1.598400000000000000e+04 2.381000000000000000e+03
1.631700000000000000e+04 2.289000000000000000e+03
1.665000000000000000e+04 2.132000000000000000e+03
1.698300000000000000e+04 2.077000000000000000e+03
1.731600000000000000e+04 1.900000000000000000e+03
1.764900000000000000e+04 1.769000000000000000e+03
1.798200000000000000e+04 1.634000000000000000e+03
1.831500000000000000e+04 1.585000000000000000e+03
1.864800000000000000e+04 1.420000000000000000e+03
1.898100000000000000e+04 1.301000000000000000e+03
1.931400000000000000e+04 1.177000000000000000e+03
1.964700000000000000e+04 1.116000000000000000e+03
1.998000000000000000e+04 1.018000000000000000e+03
2.031300000000000000e+04 9.270000000000000000e+02
2.064600000000000000e+04 8.720000000000000000e+02
2.097900000000000000e+04 8.520000000000000000e+02
2.131200000000000000e+04 7.610000000000000000e+02
2.164500000000000000e+04 7.190000000000000000e+02
2.197800000000000000e+04 6.270000000000000000e+02
2.231100000000000000e+04 6.390000000000000000e+02
2.264400000000000000e+04 5.880000000000000000e+02
2.297700000000000000e+04 6.070000000000000000e+02
2.331000000000000000e+04 5.770000000000000000e+02
2.364300000000000000e+04 5.900000000000000000e+02
2.397600000000000000e+04 5.750000000000000000e+02
2.430900000000000000e+04 6.250000000000000000e+02
2.464200000000000000e+04 5.470000000000000000e+02
2.497500000000000000e+04 6.160000000000000000e+02
2.530800000000000000e+04 6.600000000000000000e+02
2.564100000000000000e+04 7.280000000000000000e+02
2.597400000000000000e+04 6.880000000000000000e+02
2.630700000000000000e+04 8.040000000000000000e+02
2.664000000000000000e+04 8.370000000000000000e+02
2.697300000000000000e+04 9.120000000000000000e+02
2.730600000000000000e+04 1.038000000000000000e+03
2.763900000000000000e+04 1.137000000000000000e+03
2.797200000000000000e+04 1.235000000000000000e+03
2.830500000000000000e+04 1.369000000000000000e+03
2.863800000000000000e+04 1.531000000000000000e+03
2.897100000000000000e+04 1.566000000000000000e+03
2.930400000000000000e+04 1.825000000000000000e+03
2.963700000000000000e+04 1.841000000000000000e+03
2.997000000000000000e+04 2.173000000000000000e+03
3.030300000000000000e+04 2.207000000000000000e+03
3.063600000000000000e+04 2.372000000000000000e+03
3.096900000000000000e+04 2.458000000000000000e+03
3.130200000000000000e+04 2.625000000000000000e+03
3.163500000000000000e+04 2.741000000000000000e+03
3.196800000000000000e+04 2.890000000000000000e+03
3.230100000000000000e+04 3.013000000000000000e+03
3.263400000000000000e+04 3.213000000000000000e+03
3.296700000000000000e+04 3.234000000000000000e+03
3.330000000000000000e+04 3.302000000000000000e+03
3.363300000000000000e+04 3.308000000000000000e+03
3.396600000000000000e+04 3.463000000000000000e+03
3.429900000000000000e+04 3.696000000000000000e+03
3.463200000000000000e+04 3.805000000000000000e+03
3.496500000000000000e+04 3.867000000000000000e+03
3.529800000000000000e+04 3.911000000000000000e+03
3.563100000000000000e+04 3.963000000000000000e+03
3.596400000000000000e+04 3.946000000000000000e+03
3.629700000000000000e+04 3.899000000000000000e+03
3.663000000000000000e+04 4.014000000000000000e+03
3.696300000000000000e+04 4.201000000000000000e+03
3.729600000000000000e+04 4.288000000000000000e+03
3.762900000000000000e+04 4.190000000000000000e+03
3.796200000000000000e+04 4.339000000000000000e+03
3.829500000000000000e+04 4.257000000000000000e+03
3.862800000000000000e+04 4.321000000000000000e+03
3.896100000000000000e+04 4.276000000000000000e+03
3.929400000000000000e+04 4.131000000000000000e+03
3.962700000000000000e+04 4.303000000000000000e+03
3.996000000000000000e+04 4.223000000000000000e+03
4.029300000000000000e+04 4.300000000000000000e+03
4.062600000000000000e+04 4.339000000000000000e+03
4.095900000000000000e+04 4.228000000000000000e+03
4.129200000000000000e+04 4.184000000000000000e+03
4.162500000000000000e+04 4.187000000000000000e+03
4.195800000000000000e+04 4.160000000000000000e+03
4.229100000000000000e+04 4.154000000000000000e+03
4.262400000000000000e+04 4.124000000000000000e+03
4.295700000000000000e+04 4.159000000000000000e+03
4.329000000000000000e+04 4.069000000000000000e+03
4.362300000000000000e+04 3.921000000000000000e+03
4.395600000000000000e+04 3.930000000000000000e+03
4.428900000000000000e+04 3.928000000000000000e+03
4.462200000000000000e+04 3.899000000000000000e+03
4.495500000000000000e+04 3.696000000000000000e+03
4.528800000000000000e+04 3.707000000000000000e+03
4.562100000000000000e+04 3.575000000000000000e+03
4.595400000000000000e+04 3.494000000000000000e+03
4.628700000000000000e+04 3.435000000000000000e+03
4.662000000000000000e+04 3.375000000000000000e+03
4.695300000000000000e+04 3.278000000000000000e+03
4.728600000000000000e+04 3.205000000000000000e+03
4.761900000000000000e+04 3.005000000000000000e+03
4.795200000000000000e+04 2.899000000000000000e+03
4.828500000000000000e+04 2.883000000000000000e+03
4.861800000000000000e+04 2.692000000000000000e+03
4.895100000000000000e+04 2.608000000000000000e+03
4.928400000000000000e+04 2.458000000000000000e+03
4.961700000000000000e+04 2.270000000000000000e+03
4.995000000000000000e+04 2.064000000000000000e+03
5.028300000000000000e+04 2.046000000000000000e+03
5.061600000000000000e+04 1.877000000000000000e+03
5.094900000000000000e+04 1.750000000000000000e+03
5.128200000000000000e+04 1.684000000000000000e+03
5.161500000000000000e+04 1.586000000000000000e+03
5.194800000000000000e+04 1.381000000000000000e+03
5.228100000000000000e+04 1.284000000000000000e+03
5.261400000000000000e+04 1.187000000000000000e+03
5.294700000000000000e+04 1.001000000000000000e+03
5.328000000000000000e+04 1.041000000000000000e+03
5.361300000000000000e+04 9.130000000000000000e+02
5.394600000000000000e+04 9.160000000000000000e+02
5.427900000000000000e+04 7.900000000000000000e+02
5.461200000000000000e+04 7.320000000000000000e+02
5.494500000000000000e+04 6.850000000000000000e+02
5.527800000000000000e+04 6.980000000000000000e+02
5.561100000000000000e+04 6.400000000000000000e+02
5.594400000000000000e+04 6.560000000000000000e+02
5.627700000000000000e+04 5.840000000000000000e+02
5.661000000000000000e+04 5.550000000000000000e+02
5.694300000000000000e+04 5.960000000000000000e+02
5.727600000000000000e+04 5.690000000000000000e+02
5.760900000000000000e+04 5.700000000000000000e+02
5.794200000000000000e+04 5.860000000000000000e+02
5.827500000000000000e+04 6.300000000000000000e+02
5.860800000000000000e+04 6.190000000000000000e+02
5.894100000000000000e+04 6.810000000000000000e+02
5.927400000000000000e+04 7.430000000000000000e+02
5.960700000000000000e+04 7.620000000000000000e+02
5.994000000000000000e+04 7.930000000000000000e+02
6.027300000000000000e+04 9.190000000000000000e+02
6.060600000000000000e+04 1.071000000000000000e+03
6.093900000000000000e+04 1.136000000000000000e+03
6.127200000000000000e+04 1.224000000000000000e+03
6.160500000000000000e+04 1.387000000000000000e+03
6.193800000000000000e+04 1.538000000000000000e+03
6.227100000000000000e+04 1.616000000000000000e+03
6.260400000000000000e+04 1.705000000000000000e+03
6.293700000000000000e+04 1.849000000000000000e+03
6.327000000000000000e+04 1.997000000000000000e+03
6.360300000000000000e+04 2.212000000000000000e+03
6.393600000000000000e+04 2.376000000000000000e+03
6.426900000000000000e+04 2.395000000000000000e+03
6.460200000000000000e+04 2.633000000000000000e+03
6.493500000000000000e+04 2.680000000000000000e+03
6.526800000000000000e+04 2.920000000000000000e+03
6.560100000000000000e+04 3.038000000000000000e+03
6.593400000000000000e+04 3.075000000000000000e+03
6.626700000000000000e+04 3.194000000000000000e+03
