0.000000000000000000e+00 7.176000000000000000e+03
1.420000000000000000e+02 7.232000000000000000e+03
2.840000000000000000e+02 7.568000000000000000e+03
4.260000000000000000e+02 7.454000000000000000e+03
5.680000000000000000e+02 7.619000000000000000e+03
7.100000000000000000e+02 7.991000000000000000e+03
8.520000000000000000e+02 7.825000000000000000e+03
9.940000000000000000e+02 7.836000000000000000e+03
1.136000000000000000e+03 8.056000000000000000e+03
1.278000000000000000e+03 8.079000000000000000e+03
1.420000000000000000e+03 7.989000000000000000e+03
1.562000000000000000e+03 8.002000000000000000e+03
1.704000000000000000e+03 8.011000000000000000e+03
1.846000000000000000e+03 8.024000000000000000e+03
1.988000000000000000e+03 8.189000000000000000e+03
2.130000000000000000e+03 8.189000000000000000e+03
2.272000000000000000e+03 8.263000000000000000e+03
2.414000000000000000e+03 8.217000000000000000e+03
2.556000000000000000e+03 8.214000000000000000e+03
2.698000000000000000e+03 8.448000000000000000e+03
2.840000000000000000e+03 8.328000000000000000e+03
2.982000000000000000e+03 8.245000000000000000e+03
3.124000000000000000e+03 8.413000000000000000e+03
3.266000000000000000e+03 8.159000000000000000e+03
3.408000000000000000e+03 8.369000000000000000e+03
3.550000000000000000e+03 8.273000000000000000e+03
3.692000000000000000e+03 8.116000000000000000e+03
3.834000000000000000e+03 8.031000000000000000e+03
3.976000000000000000e+03 8.075000000000000000e+03
4.118000000000000000e+03 8.005000000000000000e+03
4.260000000000000000e+03 8.036000000000000000e+03
4.402000000000000000e+03 7.914000000000000000e+03
4.544000000000000000e+03 7.966000000000000000e+03
4.686000000000000000e+03 7.936000000000000000e+03
4.828000000000000000e+03 7.718000000000000000e+03
4.970000000000000000e+03 7.645000000000000000e+03
5.112000000000000000e+03 7.516000000000000000e+03
5.254000000000000000e+03 7.445000000000000000e+03
5.396000000000000000e+03 7.230000000000000000e+03
5.538000000000000000e+03 7.233000000000000000e+03
5.680000000000000000e+03 6.963000000000000000e+03
5.822000000000000000e+03 6.944000000000000000e+03
5.964000000000000000e+03 6.859000000000000000e+03
6.106000000000000000e+03 6.579000000000000000e+03
6.248000000000000000e+03 6.711000000000000000e+03
6.390000000000000000e+03 6.316000000000000000e+03
6.532000000000000000e+03 6.194000000000000000e+03
6.674000000000000000e+03 6.027000000000000000e+03
6.816000000000000000e+03 5.946000000000000000e+03
6.958000000000000000e+03 5.525000000000000000e+03
7.100000000000000000e+03 5.466000000000000000e+03
7.242000000000000000e+03 5.238000000000000000e+03
7.384000000000000000e+03 4.983000000000000000e+03
7.526000000000000000e+03 4.778000000000000000e+03
7.668000000000000000e+03 4.649000000000000000e+03
7.810000000000000000e+03 4.536000000000000000e+03
7.952000000000000000e+03 4.200000000000000000e+03
8.094000000000000000e+03 4.065000000000000000e+03
8.236000000000000000e+03 3.912000000000000000e+03
8.378000000000000000e+03 3.712000000000000000e+03
8.520000000000000000e+03 3.650000000000000000e+03
8.662000000000000000e+03 3.425000000000000000e+03
8.804000000000000000e+03 3.219000000000000000e+03
8.946000000000000000e+03 3.185000000000000000e+03
9.088000000000000000e+03 2.924000000000000000e+03
9.230000000000000000e+03 2.947000000000000000e+03
9.372000000000000000e+03 2.827000000000000000e+03
9.514000000000000000e+03 2.677000000000000000e+03
9.656000000000000000e+03 2.744000000000000000e+03
9.798000000000000000e+03 2.563000000000000000e+03
9.940000000000000000e+03 2.606000000000000000e+03
1.008200000000000000e+04 2.639000000000000000e+03
1.022400000000000000e+04 2.793000000000000000e+03
1.036600000000000000e+04 2.662000000000000000e+03
1.050800000000000000e+04 2.701000000000000000e+03
1.065000000000000000e+04 2.858000000000000000e+03
1.079200000000000000e+04 2.883000000000000000e+03
1.093400000000000000e+04 2.959000000000000000e+03
1.107600000000000000e+04 3.149000000000000000e+03
1.121800000000000000e+04 3.378000000000000000e+03
1.136000000000000000e+04 3.437000000000000000e+03
1.150200000000000000e+04 3.650000000000000000e+03
1.164400000000000000e+04 3.827000000000000000e+03
1.178600000000000000e+04 4.016000000000000000e+03
1.192800000000000000e+04 4.301000000000000000e+03
1.207000000000000000e+04 4.374000000000000000e+03
1.221200000000000000e+04 4.756000000000000000e+03
1.235400000000000000e+04 4.800000000000000000e+03
1.249600000000000000e+04 5.191000000000000000e+03
1.263800000000000000e+04 5.289000000000000000e+03
1.278000000000000000e+04 5.574000000000000000e+03
1.292200000000000000e+04 5.745000000000000000e+03
1.306400000000000000e+04 5.891000000000000000e+03
1.320600000000000000e+04 6.033000000000000000e+03
1.334800000000000000e+04 6.386000000000000000e+03
1.349000000000000000e+04 6.392000000000000000e+03
1.363200000000000000e+04 6.599000000000000000e+03
1.377400000000000000e+04 6.735000000000000000e+03
1.391600000000000000e+04 6.876000000000000000e+03
1.405800000000000000e+04 6.975000000000000000e+03
1.420000000000000000e+04 6.982000000000000000e+03
1.434200000000000000e+04 7.323000000000000000e+03
1.448400000000000000e+04 7.229000000000000000e+03
1.462600000000000000e+04 7.441000000000000000e+03
1.476800000000000000e+04 7.538000000000000000e+03
1.491000000000000000e+04 7.559000000000000000e+03
1.505200000000000000e+04 7.686000000000000000e+03
1.519400000000000000e+04 7.896000000000000000e+03
1.533600000000000000e+04 7.891000000000000000e+03
1.547800000000000000e+04 8.003000000000000000e+03
1.562000000000000000e+04 8.122000000000000000e+03
1.576200000000000000e+04 8.135000000000000000e+03
1.590400000000000000e+04 8.240000000000000000e+03
1.604600000000000000e+04 8.242000000000000000e+03
1.618800000000000000e+04 8.139000000000000000e+03
1.633000000000000000e+04 8.285000000000000000e+03
1.647200000000000000e+04 8.371000000000000000e+03
1.661400000000000000e+04 8.212000000000000000e+03
1.675600000000000000e+04 8.134000000000000000e+03
1.689800000000000000e+04 8.046000000000000000e+03
1.704000000000000000e+04 8.285000000000000000e+03
1.718200000000000000e+04 8.235000000000000000e+03
1.732400000000000000e+04 8.145000000000000000e+03
1.746600000000000000e+04 8.106000000000000000e+03
1.760800000000000000e+04 8.136000000000000000e+03
1.775000000000000000e+04 8.176000000000000000e+03
1.789200000000000000e+04 8.232000000000000000e+03
1.803400000000000000e+04 8.239000000000000000e+03
1.817600000000000000e+04 8.124000000000000000e+03
1.831800000000000000e+04 8.031000000000000000e+03
1.846000000000000000e+04 7.969000000000000000e+03
1.860200000000000000e+04 7.963000000000000000e+03
1.874400000000000000e+04 7.918000000000000000e+03
1.888600000000000000e+04 7.655000000000000000e+03
1.902800000000000000e+04 7.734000000000000000e+03
1.917000000000000000e+04 7.748000000000000000e+03
1.931200000000000000e+04 7.501000000000000000e+03
1.945400000000000000e+04 7.456000000000000000e+03
1.959600000000000000e+04 7.314000000000000000e+03
1.973800000000000000e+04 7.258000000000000000e+03
1.988000000000000000e+04 7.268000000000000000e+03
2.002200000000000000e+04 6.956000000000000000e+03
2.016400000000000000e+04 6.913000000000000000e+03
2.030600000000000000e+04 6.779000000000000000e+03
2.044800000000000000e+04 6.715000000000000000e+03
2.059000000000000000e+04 6.424000000000000000e+03
2.073200000000000000e+04 6.322000000000000000e+03
2.087400000000000000e+04 6.162000000000000000e+03
2.101600000000000000e+04 5.983000000000000000e+03
2.115800000000000000e+04 5.685000000000000000e+03
2.130000000000000000e+04 5.596000000000000000e+03
2.144200000000000000e+04 5.368000000000000000e+03
2.158400000000000000e+04 5.259000000000000000e+03
2.172600000000000000e+04 4.881000000000000000e+03
2.186800000000000000e+04 4.818000000000000000e+03
2.201000000000000000e+04 4.528000000000000000e+03
2.215200000000000000e+04 4.486000000000000000e+03
2.229400000000000000e+04 4.276000000000000000e+03
2.243600000000000000e+04 4.031000000000000000e+03
2.257800000000000000e+04 3.943000000000000000e+03
2.272000000000000000e+04 3.688000000000000000e+03
2.286200000000000000e+04 3.527000000000000000e+03
2.300400000000000000e+04 3.328000000000000000e+03
2.314600000000000000e+04 3.154000000000000000e+03
2.328800000000000000e+04 3.126000000000000000e+03
2.343000000000000000e+04 3.068000000000000000e+03
2.357200000000000000e+04 2.816000000000000000e+03
2.371400000000000000e+04 2.814000000000000000e+03
2.385600000000000000e+04 2.744000000000000000e+03
2.399800000000000000e+04 2.668000000000000000e+03
2.414000000000000000e+04 2.557000000000000000e+03
2.428200000000000000e+04 2.703000000000000000e+03
2.442400000000000000e+04 2.754000000000000000e+03
2.456600000000000000e+04 2.788000000000000000e+03
2.470800000000000000e+04 2.837000000000000000e+03
2.485000000000000000e+04 2.838000000000000000e+03
2.499200000000000000e+04 2.835000000000000000e+03
2.513400000000000000e+04 3.052000000000000000e+03
2.527600000000000000e+04 3.107000000000000000e+03
2.541800000000000000e+04 3.227000000000000000e+03
2.556000000000000000e+04 3.313000000000000000e+03
2.570200000000000000e+04 3.554000000000000000e+03
2.584400000000000000e+04 3.679000000000000000e+03
2.598600000000000000e+04 3.717000000000000000e+03
2.612800000000000000e+04 4.211000000000000000e+03
2.627000000000000000e+04 4.249000000000000000e+03
2.641200000000000000e+04 4.519000000000000000e+03
2.655400000000000000e+04 4.777000000000000000e+03
2.669600000000000000e+04 4.868000000000000000e+03
2.683800000000000000e+04 5.126000000000000000e+03
2.698000000000000000e+04 5.439000000000000000e+03
2.712200000000000000e+04 5.674000000000000000e+03
2.726400000000000000e+04 5.818000000000000000e+03
2.740600000000000000e+04 5.884000000000000000e+03
2.754800000000000000e+04 6.143000000000000000e+03
2.769000000000000000e+04 6.442000000000000000e+03
2.783200000000000000e+04 6.524000000000000000e+03
2.797400000000000000e+04 6.711000000000000000e+03
2.811600000000000000e+04 6.882000000000000000e+03
2.825800000000000000e+04 7.026000000000000000e+03
2.840000000000000000e+04 7.176000000000000000e+03
