0.000000000000000000e+00 6.956000000000000000e+03
2.000000000000000000e+01 7.356000000000000000e+03
4.000000000000000000e+01 7.547000000000000000e+03
6.000000000000000000e+01 7.457000000000000000e+03
8.000000000000000000e+01 7.860000000000000000e+03
1.000000000000000000e+02 7.785000000000000000e+03
1.200000000000000000e+02 7.908000000000000000e+03
1.400000000000000000e+02 8.053000000000000000e+03
1.600000000000000000e+02 8.233000000000000000e+03
1.800000000000000000e+02 8.335000000000000000e+03
2.000000000000000000e+02 8.232000000000000000e+03
2.200000000000000000e+02 8.180000000000000000e+03
2.400000000000000000e+02 8.259000000000000000e+03
2.600000000000000000e+02 8.427000000000000000e+03
2.800000000000000000e+02 8.604000000000000000e+03
3.000000000000000000e+02 8.578000000000000000e+03
3.200000000000000000e+02 8.726000000000000000e+03
3.400000000000000000e+02 8.645000000000000000e+03
3.600000000000000000e+02 8.575000000000000000e+03
3.800000000000000000e+02 8.696000000000000000e+03
4.000000000000000000e+02 8.660000000000000000e+03
4.200000000000000000e+02 8.724000000000000000e+03
4.400000000000000000e+02 8.715000000000000000e+03
4.600000000000000000e+02 8.635000000000000000e+03
4.800000000000000000e+02 8.770000000000000000e+03
5.000000000000000000e+02 8.787000000000000000e+03
5.200000000000000000e+02 8.650000000000000000e+03
5.400000000000000000e+02 8.723000000000000000e+03
5.600000000000000000e+02 8.604000000000000000e+03
5.800000000000000000e+02 8.472000000000000000e+03
6.000000000000000000e+02 8.548000000000000000e+03
6.200000000000000000e+02 8.690000000000000000e+03
6.400000000000000000e+02 8.634000000000000000e+03
6.600000000000000000e+02 8.490000000000000000e+03
6.800000000000000000e+02 8.252000000000000000e+03
7.000000000000000000e+02 8.308000000000000000e+03
7.200000000000000000e+02 8.266000000000000000e+03
7.400000000000000000e+02 8.029000000000000000e+03
7.600000000000000000e+02 8.081000000000000000e+03
7.800000000000000000e+02 8.171000000000000000e+03
8.000000000000000000e+02 7.928000000000000000e+03
8.200000000000000000e+02 7.653000000000000000e+03
8.400000000000000000e+02 7.399000000000000000e+03
8.600000000000000000e+02 7.381000000000000000e+03
8.800000000000000000e+02 7.337000000000000000e+03
9.000000000000000000e+02 7.191000000000000000e+03
9.200000000000000000e+02 7.082000000000000000e+03
9.400000000000000000e+02 6.943000000000000000e+03
9.600000000000000000e+02 6.521000000000000000e+03
9.800000000000000000e+02 6.750000000000000000e+03
1.000000000000000000e+03 6.226000000000000000e+03
1.020000000000000000e+03 6.118000000000000000e+03
1.040000000000000000e+03 5.930000000000000000e+03
1.060000000000000000e+03 5.801000000000000000e+03
1.080000000000000000e+03 5.669000000000000000e+03
1.100000000000000000e+03 5.472000000000000000e+03
1.120000000000000000e+03 5.260000000000000000e+03
1.140000000000000000e+03 5.017000000000000000e+03
1.160000000000000000e+03 4.682000000000000000e+03
1.180000000000000000e+03 4.616000000000000000e+03
1.200000000000000000e+03 4.410000000000000000e+03
1.220000000000000000e+03 4.255000000000000000e+03
1.240000000000000000e+03 4.128000000000000000e+03
1.260000000000000000e+03 4.001000000000000000e+03
1.280000000000000000e+03 3.881000000000000000e+03
1.300000000000000000e+03 3.714000000000000000e+03
1.320000000000000000e+03 3.658000000000000000e+03
1.340000000000000000e+03 3.337000000000000000e+03
1.360000000000000000e+03 3.341000000000000000e+03
1.380000000000000000e+03 3.246000000000000000e+03
1.400000000000000000e+03 3.159000000000000000e+03
1.420000000000000000e+03 3.100000000000000000e+03
1.440000000000000000e+03 3.076000000000000000e+03
1.460000000000000000e+03 3.109000000000000000e+03
1.480000000000000000e+03 3.042000000000000000e+03
1.500000000000000000e+03 2.975000000000000000e+03
1.520000000000000000e+03 3.102000000000000000e+03
1.540000000000000000e+03 3.130000000000000000e+03
1.560000000000000000e+03 3.213000000000000000e+03
1.580000000000000000e+03 3.265000000000000000e+03
1.600000000000000000e+03 3.373000000000000000e+03
1.620000000000000000e+03 3.515000000000000000e+03
1.640000000000000000e+03 3.688000000000000000e+03
1.660000000000000000e+03 3.799000000000000000e+03
1.680000000000000000e+03 3.824000000000000000e+03
1.700000000000000000e+03 4.190000000000000000e+03
1.720000000000000000e+03 4.259000000000000000e+03
1.740000000000000000e+03 4.523000000000000000e+03
1.760000000000000000e+03 4.750000000000000000e+03
1.780000000000000000e+03 4.944000000000000000e+03
1.800000000000000000e+03 5.297000000000000000e+03
1.820000000000000000e+03 5.374000000000000000e+03
1.840000000000000000e+03 5.507000000000000000e+03
1.860000000000000000e+03 5.855000000000000000e+03
1.880000000000000000e+03 6.021000000000000000e+03
1.900000000000000000e+03 6.242000000000000000e+03
1.920000000000000000e+03 6.496000000000000000e+03
1.940000000000000000e+03 6.498000000000000000e+03
1.960000000000000000e+03 7.004000000000000000e+03
1.980000000000000000e+03 7.013000000000000000e+03
2.000000000000000000e+03 7.066000000000000000e+03
2.020000000000000000e+03 7.458000000000000000e+03
2.040000000000000000e+03 7.521000000000000000e+03
2.060000000000000000e+03 7.509000000000000000e+03
2.080000000000000000e+03 7.716000000000000000e+03
2.100000000000000000e+03 7.992000000000000000e+03
2.120000000000000000e+03 8.073000000000000000e+03
2.140000000000000000e+03 8.092000000000000000e+03
2.160000000000000000e+03 8.191000000000000000e+03
2.180000000000000000e+03 8.192000000000000000e+03
2.200000000000000000e+03 8.409000000000000000e+03
2.220000000000000000e+03 8.360000000000000000e+03
2.240000000000000000e+03 8.541000000000000000e+03
2.260000000000000000e+03 8.300000000000000000e+03
2.280000000000000000e+03 8.576000000000000000e+03
2.300000000000000000e+03 8.486000000000000000e+03
2.320000000000000000e+03 8.660000000000000000e+03
2.340000000000000000e+03 8.684000000000000000e+03
2.360000000000000000e+03 8.665000000000000000e+03
2.380000000000000000e+03 8.578000000000000000e+03
2.400000000000000000e+03 8.703000000000000000e+03
2.420000000000000000e+03 8.818000000000000000e+03
2.440000000000000000e+03 8.921000000000000000e+03
2.460000000000000000e+03 8.579000000000000000e+03
2.480000000000000000e+03 8.790000000000000000e+03
2.500000000000000000e+03 8.570000000000000000e+03
2.520000000000000000e+03 8.692000000000000000e+03
2.540000000000000000e+03 8.650000000000000000e+03
2.560000000000000000e+03 8.506000000000000000e+03
2.580000000000000000e+03 8.635000000000000000e+03
2.600000000000000000e+03 8.656000000000000000e+03
2.620000000000000000e+03 8.464000000000000000e+03
2.640000000000000000e+03 8.491000000000000000e+03
2.660000000000000000e+03 8.575000000000000000e+03
2.680000000000000000e+03 8.579000000000000000e+03
2.700000000000000000e+03 8.185000000000000000e+03
2.720000000000000000e+03 8.047000000000000000e+03
2.740000000000000000e+03 7.961000000000000000e+03
2.760000000000000000e+03 8.075000000000000000e+03
2.780000000000000000e+03 7.798000000000000000e+03
2.800000000000000000e+03 7.719000000000000000e+03
2.820000000000000000e+03 7.655000000000000000e+03
2.840000000000000000e+03 7.566000000000000000e+03
2.860000000000000000e+03 7.437000000000000000e+03
2.880000000000000000e+03 7.115000000000000000e+03
2.900000000000000000e+03 7.209000000000000000e+03
2.920000000000000000e+03 7.091000000000000000e+03
2.940000000000000000e+03 6.864000000000000000e+03
2.960000000000000000e+03 6.664000000000000000e+03
2.980000000000000000e+03 6.465000000000000000e+03
3.000000000000000000e+03 6.223000000000000000e+03
3.020000000000000000e+03 6.206000000000000000e+03
3.040000000000000000e+03 5.879000000000000000e+03
3.060000000000000000e+03 5.697000000000000000e+03
3.080000000000000000e+03 5.538000000000000000e+03
3.100000000000000000e+03 5.300000000000000000e+03
3.120000000000000000e+03 5.280000000000000000e+03
3.140000000000000000e+03 5.002000000000000000e+03
3.160000000000000000e+03 4.829000000000000000e+03
3.180000000000000000e+03 4.582000000000000000e+03
3.200000000000000000e+03 4.403000000000000000e+03
3.220000000000000000e+03 4.378000000000000000e+03
3.240000000000000000e+03 4.191000000000000000e+03
3.260000000000000000e+03 3.791000000000000000e+03
3.280000000000000000e+03 3.767000000000000000e+03
3.300000000000000000e+03 3.740000000000000000e+03
3.320000000000000000e+03 3.492000000000000000e+03
3.340000000000000000e+03 3.490000000000000000e+03
3.360000000000000000e+03 3.357000000000000000e+03
3.380000000000000000e+03 3.173000000000000000e+03
3.400000000000000000e+03 3.155000000000000000e+03
3.420000000000000000e+03 3.132000000000000000e+03
3.440000000000000000e+03 3.129000000000000000e+03
3.460000000000000000e+03 3.135000000000000000e+03
3.480000000000000000e+03 3.037000000000000000e+03
3.500000000000000000e+03 3.109000000000000000e+03
3.520000000000000000e+03 3.071000000000000000e+03
3.540000000000000000e+03 3.097000000000000000e+03
3.560000000000000000e+03 3.145000000000000000e+03
3.580000000000000000e+03 3.155000000000000000e+03
3.600000000000000000e+03 3.308000000000000000e+03
3.620000000000000000e+03 3.477000000000000000e+03
3.640000000000000000e+03 3.536000000000000000e+03
3.660000000000000000e+03 3.719000000000000000e+03
3.680000000000000000e+03 3.868000000000000000e+03
3.700000000000000000e+03 4.125000000000000000e+03
3.720000000000000000e+03 4.378000000000000000e+03
3.740000000000000000e+03 4.516000000000000000e+03
3.760000000000000000e+03 4.792000000000000000e+03
3.780000000000000000e+03 5.016000000000000000e+03
3.800000000000000000e+03 5.161000000000000000e+03
3.820000000000000000e+03 5.337000000000000000e+03
3.840000000000000000e+03 5.482000000000000000e+03
3.860000000000000000e+03 5.807000000000000000e+03
3.880000000000000000e+03 5.989000000000000000e+03
3.900000000000000000e+03 6.292000000000000000e+03
3.920000000000000000e+03 6.453000000000000000e+03
3.940000000000000000e+03 6.692000000000000000e+03
3.960000000000000000e+03 6.887000000000000000e+03
3.980000000000000000e+03 6.936000000000000000e+03
