0.000000000000000000e+00 8.775000000000000000e+03
1.000000000000000000e+03 9.074000000000000000e+03
2.000000000000000000e+03 9.110000000000000000e+03
3.000000000000000000e+03 9.308000000000000000e+03
4.000000000000000000e+03 9.419000000000000000e+03
5.000000000000000000e+03 9.610000000000000000e+03
6.000000000000000000e+03 9.750000000000000000e+03
7.000000000000000000e+03 9.683000000000000000e+03
8.000000000000000000e+03 9.915000000000000000e+03
9.000000000000000000e+03 9.830000000000000000e+03
1.000000000000000000e+04 9.914000000000000000e+03
1.100000000000000000e+04 9.796000000000000000e+03
1.200000000000000000e+04 9.843000000000000000e+03
1.300000000000000000e+04 1.008300000000000000e+04
1.400000000000000000e+04 1.001800000000000000e+04
1.500000000000000000e+04 1.008200000000000000e+04
1.600000000000000000e+04 1.016200000000000000e+04
1.700000000000000000e+04 1.028300000000000000e+04
1.800000000000000000e+04 1.016300000000000000e+04
1.900000000000000000e+04 1.032100000000000000e+04
2.000000000000000000e+04 1.000600000000000000e+04
2.100000000000000000e+04 1.007000000000000000e+04
2.200000000000000000e+04 1.005400000000000000e+04
2.300000000000000000e+04 1.014300000000000000e+04
2.400000000000000000e+04 1.022100000000000000e+04
2.500000000000000000e+04 1.032100000000000000e+04
2.600000000000000000e+04 9.857000000000000000e+03
2.700000000000000000e+04 1.004200000000000000e+04
2.800000000000000000e+04 1.000800000000000000e+04
2.900000000000000000e+04 9.874000000000000000e+03
3.000000000000000000e+04 9.677000000000000000e+03
3.100000000000000000e+04 9.884000000000000000e+03
3.200000000000000000e+04 9.783000000000000000e+03
3.300000000000000000e+04 9.596000000000000000e+03
3.400000000000000000e+04 9.361000000000000000e+03
3.500000000000000000e+04 9.421000000000000000e+03
3.600000000000000000e+04 9.248000000000000000e+03
3.700000000000000000e+04 9.011000000000000000e+03
3.800000000000000000e+04 9.068000000000000000e+03
3.900000000000000000e+04 8.733000000000000000e+03
4.000000000000000000e+04 8.674000000000000000e+03
4.100000000000000000e+04 8.639000000000000000e+03
4.200000000000000000e+04 8.270000000000000000e+03
4.300000000000000000e+04 8.074000000000000000e+03
4.400000000000000000e+04 7.872000000000000000e+03
4.500000000000000000e+04 7.491000000000000000e+03
4.600000000000000000e+04 7.449000000000000000e+03
4.700000000000000000e+04 7.036000000000000000e+03
4.800000000000000000e+04 7.037000000000000000e+03
4.900000000000000000e+04 6.832000000000000000e+03
5.000000000000000000e+04 6.426000000000000000e+03
5.100000000000000000e+04 6.271000000000000000e+03
5.200000000000000000e+04 6.042000000000000000e+03
5.300000000000000000e+04 5.920000000000000000e+03
5.400000000000000000e+04 5.535000000000000000e+03
5.500000000000000000e+04 5.321000000000000000e+03
5.600000000000000000e+04 5.058000000000000000e+03
5.700000000000000000e+04 4.850000000000000000e+03
5.800000000000000000e+04 4.683000000000000000e+03
5.900000000000000000e+04 4.405000000000000000e+03
6.000000000000000000e+04 4.121000000000000000e+03
6.100000000000000000e+04 3.988000000000000000e+03
6.200000000000000000e+04 3.920000000000000000e+03
6.300000000000000000e+04 3.721000000000000000e+03
6.400000000000000000e+04 3.518000000000000000e+03
6.500000000000000000e+04 3.591000000000000000e+03
6.600000000000000000e+04 3.372000000000000000e+03
6.700000000000000000e+04 3.226000000000000000e+03
6.800000000000000000e+04 3.238000000000000000e+03
6.900000000000000000e+04 3.210000000000000000e+03
7.000000000000000000e+04 3.242000000000000000e+03
7.100000000000000000e+04 3.227000000000000000e+03
7.200000000000000000e+04 3.354000000000000000e+03
7.300000000000000000e+04 3.440000000000000000e+03
7.400000000000000000e+04 3.590000000000000000e+03
7.500000000000000000e+04 3.687000000000000000e+03
7.600000000000000000e+04 3.827000000000000000e+03
7.700000000000000000e+04 3.994000000000000000e+03
7.800000000000000000e+04 4.162000000000000000e+03
7.900000000000000000e+04 4.344000000000000000e+03
8.000000000000000000e+04 4.580000000000000000e+03
8.100000000000000000e+04 4.754000000000000000e+03
8.200000000000000000e+04 5.075000000000000000e+03
8.300000000000000000e+04 5.218000000000000000e+03
8.400000000000000000e+04 5.493000000000000000e+03
8.500000000000000000e+04 5.684000000000000000e+03
8.600000000000000000e+04 6.127000000000000000e+03
8.700000000000000000e+04 6.369000000000000000e+03
8.800000000000000000e+04 6.491000000000000000e+03
8.900000000000000000e+04 6.756000000000000000e+03
9.000000000000000000e+04 6.942000000000000000e+03
9.100000000000000000e+04 7.370000000000000000e+03
9.200000000000000000e+04 7.587000000000000000e+03
9.300000000000000000e+04 7.550000000000000000e+03
9.400000000000000000e+04 7.878000000000000000e+03
9.500000000000000000e+04 8.187000000000000000e+03
9.600000000000000000e+04 8.443000000000000000e+03
9.700000000000000000e+04 8.383000000000000000e+03
9.800000000000000000e+04 8.727000000000000000e+03
9.900000000000000000e+04 8.738000000000000000e+03
1.000000000000000000e+05 8.884000000000000000e+03
1.010000000000000000e+05 9.237000000000000000e+03
1.020000000000000000e+05 9.314000000000000000e+03
1.030000000000000000e+05 9.339000000000000000e+03
1.040000000000000000e+05 9.399000000000000000e+03
1.050000000000000000e+05 9.472000000000000000e+03
1.060000000000000000e+05 9.846000000000000000e+03
1.070000000000000000e+05 9.568000000000000000e+03
1.080000000000000000e+05 9.764000000000000000e+03
1.090000000000000000e+05 9.865000000000000000e+03
1.100000000000000000e+05 9.821000000000000000e+03
1.110000000000000000e+05 9.939000000000000000e+03
1.120000000000000000e+05 1.001100000000000000e+04
1.130000000000000000e+05 1.001600000000000000e+04
1.140000000000000000e+05 1.019400000000000000e+04
1.150000000000000000e+05 1.010900000000000000e+04
1.160000000000000000e+05 1.019700000000000000e+04
1.170000000000000000e+05 1.011300000000000000e+04
1.180000000000000000e+05 9.933000000000000000e+03
1.190000000000000000e+05 1.001200000000000000e+04
1.200000000000000000e+05 1.017400000000000000e+04
1.210000000000000000e+05 1.015800000000000000e+04
1.220000000000000000e+05 9.912000000000000000e+03
1.230000000000000000e+05 9.858000000000000000e+03
1.240000000000000000e+05 1.012200000000000000e+04
1.250000000000000000e+05 1.019500000000000000e+04
1.260000000000000000e+05 9.909000000000000000e+03
1.270000000000000000e+05 9.999000000000000000e+03
1.280000000000000000e+05 1.003000000000000000e+04
1.290000000000000000e+05 9.965000000000000000e+03
1.300000000000000000e+05 9.662000000000000000e+03
1.310000000000000000e+05 9.695000000000000000e+03
1.320000000000000000e+05 9.585000000000000000e+03
1.330000000000000000e+05 9.741000000000000000e+03
1.340000000000000000e+05 9.648000000000000000e+03
1.350000000000000000e+05 9.132000000000000000e+03
1.360000000000000000e+05 9.360000000000000000e+03
1.370000000000000000e+05 9.110000000000000000e+03
1.380000000000000000e+05 9.172000000000000000e+03
1.390000000000000000e+05 8.962000000000000000e+03
1.400000000000000000e+05 8.817000000000000000e+03
1.410000000000000000e+05 8.544000000000000000e+03
1.420000000000000000e+05 8.610000000000000000e+03
1.430000000000000000e+05 8.281000000000000000e+03
1.440000000000000000e+05 8.120000000000000000e+03
1.450000000000000000e+05 7.537000000000000000e+03
1.460000000000000000e+05 7.674000000000000000e+03
1.470000000000000000e+05 7.354000000000000000e+03
1.480000000000000000e+05 7.089000000000000000e+03
1.490000000000000000e+05 6.887000000000000000e+03
1.500000000000000000e+05 6.581000000000000000e+03
1.510000000000000000e+05 6.289000000000000000e+03
1.520000000000000000e+05 6.135000000000000000e+03
1.530000000000000000e+05 5.783000000000000000e+03
1.540000000000000000e+05 5.687000000000000000e+03
1.550000000000000000e+05 5.399000000000000000e+03
1.560000000000000000e+05 5.183000000000000000e+03
1.570000000000000000e+05 4.895000000000000000e+03
1.580000000000000000e+05 4.578000000000000000e+03
1.590000000000000000e+05 4.354000000000000000e+03
1.600000000000000000e+05 4.330000000000000000e+03
1.610000000000000000e+05 4.183000000000000000e+03
1.620000000000000000e+05 3.982000000000000000e+03
1.630000000000000000e+05 3.655000000000000000e+03
1.640000000000000000e+05 3.686000000000000000e+03
1.650000000000000000e+05 3.546000000000000000e+03
1.660000000000000000e+05 3.396000000000000000e+03
1.670000000000000000e+05 3.279000000000000000e+03
1.680000000000000000e+05 3.214000000000000000e+03
1.690000000000000000e+05 3.292000000000000000e+03
1.700000000000000000e+05 3.261000000000000000e+03
1.710000000000000000e+05 3.287000000000000000e+03
1.720000000000000000e+05 3.443000000000000000e+03
1.730000000000000000e+05 3.378000000000000000e+03
1.740000000000000000e+05 3.523000000000000000e+03
1.750000000000000000e+05 3.663000000000000000e+03
1.760000000000000000e+05 3.820000000000000000e+03
1.770000000000000000e+05 3.938000000000000000e+03
1.780000000000000000e+05 4.158000000000000000e+03
1.790000000000000000e+05 4.171000000000000000e+03
1.800000000000000000e+05 4.613000000000000000e+03
1.810000000000000000e+05 4.842000000000000000e+03
1.820000000000000000e+05 4.941000000000000000e+03
1.830000000000000000e+05 5.343000000000000000e+03
1.840000000000000000e+05 5.517000000000000000e+03
1.850000000000000000e+05 5.829000000000000000e+03
1.860000000000000000e+05 6.108000000000000000e+03
1.870000000000000000e+05 6.334000000000000000e+03
1.880000000000000000e+05 6.606000000000000000e+03
1.890000000000000000e+05 6.723000000000000000e+03
1.900000000000000000e+05 6.996000000000000000e+03
1.910000000000000000e+05 7.165000000000000000e+03
1.920000000000000000e+05 7.359000000000000000e+03
1.930000000000000000e+05 7.696000000000000000e+03
1.940000000000000000e+05 7.727000000000000000e+03
1.950000000000000000e+05 7.969000000000000000e+03
1.960000000000000000e+05 8.405000000000000000e+03
1.970000000000000000e+05 8.471000000000000000e+03
1.980000000000000000e+05 8.592000000000000000e+03
1.990000000000000000e+05 8.699000000000000000e+03
