0.000000000000000000e+00 5.466000000000000000e+03
2.000000000000000000e+02 5.575000000000000000e+03
4.000000000000000000e+02 5.703000000000000000e+03
6.000000000000000000e+02 5.778000000000000000e+03
8.000000000000000000e+02 5.819000000000000000e+03
1.000000000000000000e+03 5.937000000000000000e+03
1.200000000000000000e+03 6.096000000000000000e+03
1.400000000000000000e+03 6.155000000000000000e+03
1.600000000000000000e+03 6.141000000000000000e+03
1.800000000000000000e+03 6.218000000000000000e+03
2.000000000000000000e+03 6.058000000000000000e+03
2.200000000000000000e+03 6.082000000000000000e+03
2.400000000000000000e+03 6.170000000000000000e+03
2.600000000000000000e+03 6.140000000000000000e+03
2.800000000000000000e+03 6.329000000000000000e+03
3.000000000000000000e+03 6.362000000000000000e+03
3.200000000000000000e+03 6.386000000000000000e+03
3.400000000000000000e+03 6.297000000000000000e+03
3.600000000000000000e+03 6.380000000000000000e+03
3.800000000000000000e+03 6.418000000000000000e+03
4.000000000000000000e+03 6.387000000000000000e+03
4.200000000000000000e+03 6.273000000000000000e+03
4.400000000000000000e+03 6.317000000000000000e+03
4.600000000000000000e+03 6.162000000000000000e+03
4.800000000000000000e+03 6.285000000000000000e+03
5.000000000000000000e+03 6.308000000000000000e+03
5.200000000000000000e+03 6.256000000000000000e+03
5.400000000000000000e+03 6.197000000000000000e+03
5.600000000000000000e+03 6.170000000000000000e+03
5.800000000000000000e+03 6.164000000000000000e+03
6.000000000000000000e+03 6.066000000000000000e+03
6.200000000000000000e+03 6.011000000000000000e+03
6.400000000000000000e+03 6.057000000000000000e+03
6.600000000000000000e+03 5.868000000000000000e+03
6.800000000000000000e+03 5.915000000000000000e+03
7.000000000000000000e+03 5.797000000000000000e+03
7.200000000000000000e+03 5.602000000000000000e+03
7.400000000000000000e+03 5.619000000000000000e+03
7.600000000000000000e+03 5.650000000000000000e+03
7.800000000000000000e+03 5.293000000000000000e+03
8.000000000000000000e+03 5.347000000000000000e+03
8.200000000000000000e+03 5.179000000000000000e+03
8.400000000000000000e+03 5.095000000000000000e+03
8.600000000000000000e+03 4.975000000000000000e+03
8.800000000000000000e+03 4.742000000000000000e+03
9.000000000000000000e+03 4.640000000000000000e+03
9.200000000000000000e+03 4.597000000000000000e+03
9.400000000000000000e+03 4.420000000000000000e+03
9.600000000000000000e+03 4.287000000000000000e+03
9.800000000000000000e+03 4.070000000000000000e+03
1.000000000000000000e+04 3.927000000000000000e+03
1.020000000000000000e+04 3.823000000000000000e+03
1.040000000000000000e+04 3.630000000000000000e+03
1.060000000000000000e+04 3.388000000000000000e+03
1.080000000000000000e+04 3.329000000000000000e+03
1.100000000000000000e+04 2.999000000000000000e+03
1.120000000000000000e+04 2.959000000000000000e+03
1.140000000000000000e+04 2.789000000000000000e+03
1.160000000000000000e+04 2.552000000000000000e+03
1.180000000000000000e+04 2.507000000000000000e+03
1.200000000000000000e+04 2.421000000000000000e+03
1.220000000000000000e+04 2.170000000000000000e+03
1.240000000000000000e+04 2.137000000000000000e+03
1.260000000000000000e+04 2.051000000000000000e+03
1.280000000000000000e+04 2.038000000000000000e+03
1.300000000000000000e+04 1.788000000000000000e+03
1.320000000000000000e+04 1.936000000000000000e+03
1.340000000000000000e+04 1.756000000000000000e+03
1.360000000000000000e+04 1.798000000000000000e+03
1.380000000000000000e+04 1.676000000000000000e+03
1.400000000000000000e+04 1.781000000000000000e+03
1.420000000000000000e+04 1.711000000000000000e+03
1.440000000000000000e+04 1.724000000000000000e+03
1.460000000000000000e+04 1.787000000000000000e+03
1.480000000000000000e+04 1.886000000000000000e+03
1.500000000000000000e+04 1.860000000000000000e+03
1.520000000000000000e+04 1.988000000000000000e+03
1.540000000000000000e+04 2.024000000000000000e+03
1.560000000000000000e+04 2.138000000000000000e+03
1.580000000000000000e+04 2.308000000000000000e+03
1.600000000000000000e+04 2.468000000000000000e+03
1.620000000000000000e+04 2.498000000000000000e+03
1.640000000000000000e+04 2.745000000000000000e+03
1.660000000000000000e+04 2.876000000000000000e+03
1.680000000000000000e+04 3.047000000000000000e+03
1.700000000000000000e+04 3.221000000000000000e+03
1.720000000000000000e+04 3.598000000000000000e+03
1.740000000000000000e+04 3.543000000000000000e+03
1.760000000000000000e+04 3.850000000000000000e+03
1.780000000000000000e+04 3.965000000000000000e+03
1.800000000000000000e+04 4.116000000000000000e+03
1.820000000000000000e+04 4.232000000000000000e+03
1.840000000000000000e+04 4.409000000000000000e+03
1.860000000000000000e+04 4.645000000000000000e+03
1.880000000000000000e+04 4.646000000000000000e+03
1.900000000000000000e+04 4.834000000000000000e+03
1.920000000000000000e+04 4.947000000000000000e+03
1.940000000000000000e+04 5.210000000000000000e+03
1.960000000000000000e+04 5.258000000000000000e+03
1.980000000000000000e+04 5.387000000000000000e+03
2.000000000000000000e+04 5.449000000000000000e+03
2.020000000000000000e+04 5.659000000000000000e+03
2.040000000000000000e+04 5.515000000000000000e+03
2.060000000000000000e+04 5.839000000000000000e+03
2.080000000000000000e+04 5.953000000000000000e+03
2.100000000000000000e+04 5.820000000000000000e+03
2.120000000000000000e+04 5.935000000000000000e+03
2.140000000000000000e+04 5.992000000000000000e+03
2.160000000000000000e+04 6.068000000000000000e+03
2.180000000000000000e+04 6.173000000000000000e+03
2.200000000000000000e+04 6.266000000000000000e+03
2.220000000000000000e+04 6.253000000000000000e+03
2.240000000000000000e+04 6.161000000000000000e+03
2.260000000000000000e+04 6.268000000000000000e+03
2.280000000000000000e+04 6.426000000000000000e+03
2.300000000000000000e+04 6.329000000000000000e+03
2.320000000000000000e+04 6.358000000000000000e+03
2.340000000000000000e+04 6.367000000000000000e+03
2.360000000000000000e+04 6.267000000000000000e+03
2.380000000000000000e+04 6.475000000000000000e+03
2.400000000000000000e+04 6.210000000000000000e+03
2.420000000000000000e+04 6.509000000000000000e+03
2.440000000000000000e+04 6.385000000000000000e+03
2.460000000000000000e+04 6.428000000000000000e+03
2.480000000000000000e+04 6.395000000000000000e+03
2.500000000000000000e+04 6.217000000000000000e+03
2.520000000000000000e+04 6.199000000000000000e+03
2.540000000000000000e+04 6.264000000000000000e+03
2.560000000000000000e+04 6.291000000000000000e+03
2.580000000000000000e+04 6.211000000000000000e+03
2.600000000000000000e+04 6.137000000000000000e+03
2.620000000000000000e+04 6.050000000000000000e+03
2.640000000000000000e+04 6.018000000000000000e+03
2.660000000000000000e+04 5.961000000000000000e+03
2.680000000000000000e+04 5.824000000000000000e+03
2.700000000000000000e+04 5.728000000000000000e+03
2.720000000000000000e+04 5.614000000000000000e+03
2.740000000000000000e+04 5.556000000000000000e+03
2.760000000000000000e+04 5.624000000000000000e+03
2.780000000000000000e+04 5.510000000000000000e+03
2.800000000000000000e+04 5.268000000000000000e+03
2.820000000000000000e+04 5.189000000000000000e+03
2.840000000000000000e+04 5.133000000000000000e+03
2.860000000000000000e+04 5.061000000000000000e+03
2.880000000000000000e+04 4.713000000000000000e+03
2.900000000000000000e+04 4.713000000000000000e+03
2.920000000000000000e+04 4.578000000000000000e+03
2.940000000000000000e+04 4.484000000000000000e+03
2.960000000000000000e+04 4.248000000000000000e+03
2.980000000000000000e+04 4.119000000000000000e+03
3.000000000000000000e+04 3.906000000000000000e+03
3.020000000000000000e+04 3.876000000000000000e+03
3.040000000000000000e+04 3.569000000000000000e+03
3.060000000000000000e+04 3.384000000000000000e+03
3.080000000000000000e+04 3.338000000000000000e+03
3.100000000000000000e+04 3.029000000000000000e+03
3.120000000000000000e+04 2.986000000000000000e+03
3.140000000000000000e+04 2.792000000000000000e+03
3.160000000000000000e+04 2.614000000000000000e+03
3.180000000000000000e+04 2.501000000000000000e+03
3.200000000000000000e+04 2.391000000000000000e+03
3.220000000000000000e+04 2.254000000000000000e+03
3.240000000000000000e+04 2.143000000000000000e+03
3.260000000000000000e+04 2.064000000000000000e+03
3.280000000000000000e+04 1.946000000000000000e+03
3.300000000000000000e+04 1.849000000000000000e+03
3.320000000000000000e+04 1.833000000000000000e+03
3.340000000000000000e+04 1.814000000000000000e+03
3.360000000000000000e+04 1.772000000000000000e+03
3.380000000000000000e+04 1.743000000000000000e+03
3.400000000000000000e+04 1.725000000000000000e+03
3.420000000000000000e+04 1.683000000000000000e+03
3.440000000000000000e+04 1.743000000000000000e+03
3.460000000000000000e+04 1.728000000000000000e+03
3.480000000000000000e+04 1.925000000000000000e+03
3.500000000000000000e+04 1.908000000000000000e+03
3.520000000000000000e+04 2.055000000000000000e+03
3.540000000000000000e+04 2.085000000000000000e+03
3.560000000000000000e+04 2.162000000000000000e+03
3.580000000000000000e+04 2.254000000000000000e+03
3.600000000000000000e+04 2.382000000000000000e+03
3.620000000000000000e+04 2.543000000000000000e+03
3.640000000000000000e+04 2.758000000000000000e+03
3.660000000000000000e+04 2.876000000000000000e+03
3.680000000000000000e+04 3.103000000000000000e+03
3.700000000000000000e+04 3.219000000000000000e+03
3.720000000000000000e+04 3.444000000000000000e+03
3.740000000000000000e+04 3.563000000000000000e+03
3.760000000000000000e+04 3.709000000000000000e+03
3.780000000000000000e+04 3.931000000000000000e+03
3.800000000000000000e+04 4.080000000000000000e+03
3.820000000000000000e+04 4.349000000000000000e+03
3.840000000000000000e+04 4.509000000000000000e+03
3.860000000000000000e+04 4.541000000000000000e+03
3.880000000000000000e+04 4.786000000000000000e+03
3.900000000000000000e+04 4.874000000000000000e+03
3.920000000000000000e+04 4.980000000000000000e+03
3.940000000000000000e+04 5.166000000000000000e+03
3.960000000000000000e+04 5.301000000000000000e+03
3.980000000000000000e+04 5.246000000000000000e+03
