0.000000000000000000e+00 5.367000000000000000e+03
1.000000000000000000e+02 5.531000000000000000e+03
2.000000000000000000e+02 5.520000000000000000e+03
3.000000000000000000e+02 5.828000000000000000e+03
4.000000000000000000e+02 5.890000000000000000e+03
5.000000000000000000e+02 5.896000000000000000e+03
6.000000000000000000e+02 6.027000000000000000e+03
7.000000000000000000e+02 6.025000000000000000e+03
8.000000000000000000e+02 6.083000000000000000e+03
9.000000000000000000e+02 6.272000000000000000e+03
1.000000000000000000e+03 6.242000000000000000e+03
1.100000000000000000e+03 6.188000000000000000e+03
1.200000000000000000e+03 6.295000000000000000e+03
1.300000000000000000e+03 6.320000000000000000e+03
1.400000000000000000e+03 6.183000000000000000e+03
1.500000000000000000e+03 6.309000000000000000e+03
1.600000000000000000e+03 6.392000000000000000e+03
1.700000000000000000e+03 6.456000000000000000e+03
1.800000000000000000e+03 6.293000000000000000e+03
1.900000000000000000e+03 6.282000000000000000e+03
2.000000000000000000e+03 6.356000000000000000e+03
2.100000000000000000e+03 6.245000000000000000e+03
2.200000000000000000e+03 6.260000000000000000e+03
2.300000000000000000e+03 6.348000000000000000e+03
2.400000000000000000e+03 6.282000000000000000e+03
2.500000000000000000e+03 6.349000000000000000e+03
2.600000000000000000e+03 6.109000000000000000e+03
2.700000000000000000e+03 6.090000000000000000e+03
2.800000000000000000e+03 6.324000000000000000e+03
2.900000000000000000e+03 6.220000000000000000e+03
3.000000000000000000e+03 6.269000000000000000e+03
3.100000000000000000e+03 6.129000000000000000e+03
3.200000000000000000e+03 5.934000000000000000e+03
3.300000000000000000e+03 5.860000000000000000e+03
3.400000000000000000e+03 5.944000000000000000e+03
3.500000000000000000e+03 5.740000000000000000e+03
3.600000000000000000e+03 5.846000000000000000e+03
3.700000000000000000e+03 5.786000000000000000e+03
3.800000000000000000e+03 5.597000000000000000e+03
3.900000000000000000e+03 5.541000000000000000e+03
4.000000000000000000e+03 5.425000000000000000e+03
4.100000000000000000e+03 5.394000000000000000e+03
4.200000000000000000e+03 5.049000000000000000e+03
4.300000000000000000e+03 4.981000000000000000e+03
4.400000000000000000e+03 4.821000000000000000e+03
4.500000000000000000e+03 4.799000000000000000e+03
4.600000000000000000e+03 4.550000000000000000e+03
4.700000000000000000e+03 4.470000000000000000e+03
4.800000000000000000e+03 4.238000000000000000e+03
4.900000000000000000e+03 4.096000000000000000e+03
5.000000000000000000e+03 4.001000000000000000e+03
5.100000000000000000e+03 3.741000000000000000e+03
5.200000000000000000e+03 3.547000000000000000e+03
5.300000000000000000e+03 3.394000000000000000e+03
5.400000000000000000e+03 3.381000000000000000e+03
5.500000000000000000e+03 3.086000000000000000e+03
5.600000000000000000e+03 2.916000000000000000e+03
5.700000000000000000e+03 2.866000000000000000e+03
5.800000000000000000e+03 2.682000000000000000e+03
5.900000000000000000e+03 2.458000000000000000e+03
6.000000000000000000e+03 2.385000000000000000e+03
6.100000000000000000e+03 2.274000000000000000e+03
6.200000000000000000e+03 2.197000000000000000e+03
6.300000000000000000e+03 1.995000000000000000e+03
6.400000000000000000e+03 1.967000000000000000e+03
6.500000000000000000e+03 1.947000000000000000e+03
6.600000000000000000e+03 1.856000000000000000e+03
6.700000000000000000e+03 1.672000000000000000e+03
6.800000000000000000e+03 1.728000000000000000e+03
6.900000000000000000e+03 1.636000000000000000e+03
7.000000000000000000e+03 1.681000000000000000e+03
7.100000000000000000e+03 1.673000000000000000e+03
7.200000000000000000e+03 1.655000000000000000e+03
7.300000000000000000e+03 1.699000000000000000e+03
7.400000000000000000e+03 1.734000000000000000e+03
7.500000000000000000e+03 1.889000000000000000e+03
7.600000000000000000e+03 1.871000000000000000e+03
7.700000000000000000e+03 2.051000000000000000e+03
7.800000000000000000e+03 2.014000000000000000e+03
7.900000000000000000e+03 2.184000000000000000e+03
8.000000000000000000e+03 2.223000000000000000e+03
8.100000000000000000e+03 2.468000000000000000e+03
8.200000000000000000e+03 2.655000000000000000e+03
8.300000000000000000e+03 2.747000000000000000e+03
8.400000000000000000e+03 2.869000000000000000e+03
8.500000000000000000e+03 3.155000000000000000e+03
8.600000000000000000e+03 3.285000000000000000e+03
8.700000000000000000e+03 3.518000000000000000e+03
8.800000000000000000e+03 3.653000000000000000e+03
8.900000000000000000e+03 3.805000000000000000e+03
9.000000000000000000e+03 4.068000000000000000e+03
9.100000000000000000e+03 4.237000000000000000e+03
9.200000000000000000e+03 4.464000000000000000e+03
9.300000000000000000e+03 4.466000000000000000e+03
9.400000000000000000e+03 4.792000000000000000e+03
9.500000000000000000e+03 4.817000000000000000e+03
9.600000000000000000e+03 4.812000000000000000e+03
9.700000000000000000e+03 5.061000000000000000e+03
9.800000000000000000e+03 5.299000000000000000e+03
9.900000000000000000e+03 5.351000000000000000e+03
1.000000000000000000e+04 5.552000000000000000e+03
1.010000000000000000e+04 5.566000000000000000e+03
1.020000000000000000e+04 5.642000000000000000e+03
1.030000000000000000e+04 5.803000000000000000e+03
1.040000000000000000e+04 5.840000000000000000e+03
1.050000000000000000e+04 5.793000000000000000e+03
1.060000000000000000e+04 5.888000000000000000e+03
1.070000000000000000e+04 5.921000000000000000e+03
1.080000000000000000e+04 6.246000000000000000e+03
1.090000000000000000e+04 6.024000000000000000e+03
1.100000000000000000e+04 6.174000000000000000e+03
1.110000000000000000e+04 5.990000000000000000e+03
1.120000000000000000e+04 6.234000000000000000e+03
1.130000000000000000e+04 6.253000000000000000e+03
1.140000000000000000e+04 6.384000000000000000e+03
1.150000000000000000e+04 6.442000000000000000e+03
1.160000000000000000e+04 6.251000000000000000e+03
1.170000000000000000e+04 6.300000000000000000e+03
1.180000000000000000e+04 6.342000000000000000e+03
1.190000000000000000e+04 6.443000000000000000e+03
1.200000000000000000e+04 6.335000000000000000e+03
1.210000000000000000e+04 6.646000000000000000e+03
1.220000000000000000e+04 6.464000000000000000e+03
1.230000000000000000e+04 6.297000000000000000e+03
1.240000000000000000e+04 6.295000000000000000e+03
1.250000000000000000e+04 6.172000000000000000e+03
1.260000000000000000e+04 6.246000000000000000e+03
1.270000000000000000e+04 6.209000000000000000e+03
1.280000000000000000e+04 6.337000000000000000e+03
1.290000000000000000e+04 6.143000000000000000e+03
1.300000000000000000e+04 6.169000000000000000e+03
1.310000000000000000e+04 6.039000000000000000e+03
1.320000000000000000e+04 5.978000000000000000e+03
1.330000000000000000e+04 6.014000000000000000e+03
1.340000000000000000e+04 5.708000000000000000e+03
1.350000000000000000e+04 5.828000000000000000e+03
1.360000000000000000e+04 5.675000000000000000e+03
1.370000000000000000e+04 5.679000000000000000e+03
1.380000000000000000e+04 5.625000000000000000e+03
1.390000000000000000e+04 5.467000000000000000e+03
1.400000000000000000e+04 5.432000000000000000e+03
1.410000000000000000e+04 5.221000000000000000e+03
1.420000000000000000e+04 5.003000000000000000e+03
1.430000000000000000e+04 4.968000000000000000e+03
1.440000000000000000e+04 4.991000000000000000e+03
1.450000000000000000e+04 4.718000000000000000e+03
1.460000000000000000e+04 4.588000000000000000e+03
1.470000000000000000e+04 4.309000000000000000e+03
1.480000000000000000e+04 4.251000000000000000e+03
1.490000000000000000e+04 4.103000000000000000e+03
1.500000000000000000e+04 4.057000000000000000e+03
1.510000000000000000e+04 3.749000000000000000e+03
1.520000000000000000e+04 3.606000000000000000e+03
1.530000000000000000e+04 3.416000000000000000e+03
1.540000000000000000e+04 3.373000000000000000e+03
1.550000000000000000e+04 3.132000000000000000e+03
1.560000000000000000e+04 2.835000000000000000e+03
1.570000000000000000e+04 2.912000000000000000e+03
1.580000000000000000e+04 2.718000000000000000e+03
1.590000000000000000e+04 2.548000000000000000e+03
1.600000000000000000e+04 2.463000000000000000e+03
1.610000000000000000e+04 2.259000000000000000e+03
1.620000000000000000e+04 2.178000000000000000e+03
1.630000000000000000e+04 2.180000000000000000e+03
1.640000000000000000e+04 1.955000000000000000e+03
1.650000000000000000e+04 1.852000000000000000e+03
1.660000000000000000e+04 1.799000000000000000e+03
1.670000000000000000e+04 1.687000000000000000e+03
1.680000000000000000e+04 1.753000000000000000e+03
1.690000000000000000e+04 1.717000000000000000e+03
1.700000000000000000e+04 1.722000000000000000e+03
1.710000000000000000e+04 1.710000000000000000e+03
1.720000000000000000e+04 1.705000000000000000e+03
1.730000000000000000e+04 1.725000000000000000e+03
1.740000000000000000e+04 1.706000000000000000e+03
1.750000000000000000e+04 1.770000000000000000e+03
1.760000000000000000e+04 1.916000000000000000e+03
1.770000000000000000e+04 1.980000000000000000e+03
1.780000000000000000e+04 2.088000000000000000e+03
1.790000000000000000e+04 2.195000000000000000e+03
1.800000000000000000e+04 2.334000000000000000e+03
1.810000000000000000e+04 2.424000000000000000e+03
1.820000000000000000e+04 2.492000000000000000e+03
1.830000000000000000e+04 2.693000000000000000e+03
1.840000000000000000e+04 2.903000000000000000e+03
1.850000000000000000e+04 3.153000000000000000e+03
1.860000000000000000e+04 3.201000000000000000e+03
1.870000000000000000e+04 3.452000000000000000e+03
1.880000000000000000e+04 3.757000000000000000e+03
1.890000000000000000e+04 3.881000000000000000e+03
1.900000000000000000e+04 4.049000000000000000e+03
1.910000000000000000e+04 4.314000000000000000e+03
1.920000000000000000e+04 4.269000000000000000e+03
1.930000000000000000e+04 4.571000000000000000e+03
1.940000000000000000e+04 4.633000000000000000e+03
1.950000000000000000e+04 4.855000000000000000e+03
1.960000000000000000e+04 4.994000000000000000e+03
1.970000000000000000e+04 5.254000000000000000e+03
1.980000000000000000e+04 5.232000000000000000e+03
1.990000000000000000e+04 5.341000000000000000e+03
