0.000000000000000000e+00 2.547000000000000000e+03
3.330000000000000000e+02 2.536000000000000000e+03
6.660000000000000000e+02 2.777000000000000000e+03
9.990000000000000000e+02 2.702000000000000000e+03
1.332000000000000000e+03 2.855000000000000000e+03
1.665000000000000000e+03 3.071000000000000000e+03
1.998000000000000000e+03 3.081000000000000000e+03
2.331000000000000000e+03 3.053000000000000000e+03
2.664000000000000000e+03 3.117000000000000000e+03
2.997000000000000000e+03 3.303000000000000000e+03
3.330000000000000000e+03 3.271000000000000000e+03
3.663000000000000000e+03 3.370000000000000000e+03
3.996000000000000000e+03 3.403000000000000000e+03
4.329000000000000000e+03 3.481000000000000000e+03
4.662000000000000000e+03 3.360000000000000000e+03
4.995000000000000000e+03 3.381000000000000000e+03
5.328000000000000000e+03 3.510000000000000000e+03
5.661000000000000000e+03 3.553000000000000000e+03
5.994000000000000000e+03 3.615000000000000000e+03
6.327000000000000000e+03 3.528000000000000000e+03
6.660000000000000000e+03 3.501000000000000000e+03
6.993000000000000000e+03 3.550000000000000000e+03
7.326000000000000000e+03 3.534000000000000000e+03
7.659000000000000000e+03 3.464000000000000000e+03
7.992000000000000000e+03 3.463000000000000000e+03
8.325000000000000000e+03 3.502000000000000000e+03
8.658000000000000000e+03 3.411000000000000000e+03
8.991000000000000000e+03 3.479000000000000000e+03
9.324000000000000000e+03 3.373000000000000000e+03
9.657000000000000000e+03 3.254000000000000000e+03
9.990000000000000000e+03 3.337000000000000000e+03
1.032300000000000000e+04 3.241000000000000000e+03
1.065600000000000000e+04 3.219000000000000000e+03
1.098900000000000000e+04 3.125000000000000000e+03
1.132200000000000000e+04 3.193000000000000000e+03
1.165500000000000000e+04 3.088000000000000000e+03
1.198800000000000000e+04 3.033000000000000000e+03
1.232100000000000000e+04 2.955000000000000000e+03
1.265400000000000000e+04 2.823000000000000000e+03
1.298700000000000000e+04 2.679000000000000000e+03
1.332000000000000000e+04 2.665000000000000000e+03
1.365300000000000000e+04 2.615000000000000000e+03
1.398600000000000000e+04 2.469000000000000000e+03
1.431900000000000000e+04 2.547000000000000000e+03
1.465200000000000000e+04 2.262000000000000000e+03
1.498500000000000000e+04 2.214000000000000000e+03
1.531800000000000000e+04 2.132000000000000000e+03
1.565100000000000000e+04 1.993000000000000000e+03
1.598400000000000000e+04 1.894000000000000000e+03
1.631700000000000000e+04 1.822000000000000000e+03
1.665000000000000000e+04 1.746000000000000000e+03
1.698300000000000000e+04 1.576000000000000000e+03
1.731600000000000000e+04 1.514000000000000000e+03
1.764900000000000000e+04 1.439000000000000000e+03
1.798200000000000000e+04 1.261000000000000000e+03
1.831500000000000000e+04 1.167000000000000000e+03
1.864800000000000000e+04 1.109000000000000000e+03
1.898100000000000000e+04 1.000000000000000000e+03
1.931400000000000000e+04 9.620000000000000000e+02
1.964700000000000000e+04 8.670000000000000000e+02
1.998000000000000000e+04 8.300000000000000000e+02
2.031300000000000000e+04 7.220000000000000000e+02
2.064600000000000000e+04 6.980000000000000000e+02
2.097900000000000000e+04 6.390000000000000000e+02
2.131200000000000000e+04 5.960000000000000000e+02
2.164500000000000000e+04 5.870000000000000000e+02
2.197800000000000000e+04 5.060000000000000000e+02
2.231100000000000000e+04 5.260000000000000000e+02
2.264400000000000000e+04 4.630000000000000000e+02
2.297700000000000000e+04 4.630000000000000000e+02
2.331000000000000000e+04 4.300000000000000000e+02
2.364300000000000000e+04 3.990000000000000000e+02
2.397600000000000000e+04 4.110000000000000000e+02
2.430900000000000000e+04 3.980000000000000000e+02
2.464200000000000000e+04 4.360000000000000000e+02
2.497500000000000000e+04 4.220000000000000000e+02
2.530800000000000000e+04 4.600000000000000000e+02
2.564100000000000000e+04 4.950000000000000000e+02
2.597400000000000000e+04 4.660000000000000000e+02
2.630700000000000000e+04 5.380000000000000000e+02
2.664000000000000000e+04 5.410000000000000000e+02
2.697300000000000000e+04 6.080000000000000000e+02
2.730600000000000000e+04 6.730000000000000000e+02
2.763900000000000000e+04 6.740000000000000000e+02
2.797200000000000000e+04 7.610000000000000000e+02
2.830500000000000000e+04 8.410000000000000000e+02
2.863800000000000000e+04 9.700000000000000000e+02
2.897100000000000000e+04 1.007000000000000000e+03
2.930400000000000000e+04 1.161000000000000000e+03
2.963700000000000000e+04 1.208000000000000000e+03
2.997000000000000000e+04 1.321000000000000000e+03
3.030300000000000000e+04 1.502000000000000000e+03
3.063600000000000000e+04 1.567000000000000000e+03
3.096900000000000000e+04 1.628000000000000000e+03
3.130200000000000000e+04 1.856000000000000000e+03
3.163500000000000000e+04 2.025000000000000000e+03
3.196800000000000000e+04 2.066000000000000000e+03
3.230100000000000000e+04 2.267000000000000000e+03
3.263400000000000000e+04 2.363000000000000000e+03
3.296700000000000000e+04 2.331000000000000000e+03
3.330000000000000000e+04 2.459000000000000000e+03
3.363300000000000000e+04 2.541000000000000000e+03
3.396600000000000000e+04 2.733000000000000000e+03
3.429900000000000000e+04 2.813000000000000000e+03
3.463200000000000000e+04 2.847000000000000000e+03
3.496500000000000000e+04 2.898000000000000000e+03
3.529800000000000000e+04 2.970000000000000000e+03
3.563100000000000000e+04 3.053000000000000000e+03
3.596400000000000000e+04 3.198000000000000000e+03
3.629700000000000000e+04 3.208000000000000000e+03
3.663000000000000000e+04 3.375000000000000000e+03
3.696300000000000000e+04 3.292000000000000000e+03
3.729600000000000000e+04 3.242000000000000000e+03
3.762900000000000000e+04 3.389000000000000000e+03
3.796200000000000000e+04 3.459000000000000000e+03
3.829500000000000000e+04 3.384000000000000000e+03
3.862800000000000000e+04 3.438000000000000000e+03
3.896100000000000000e+04 3.405000000000000000e+03
3.929400000000000000e+04 3.535000000000000000e+03
3.962700000000000000e+04 3.564000000000000000e+03
3.996000000000000000e+04 3.441000000000000000e+03
4.029300000000000000e+04 3.498000000000000000e+03
4.062600000000000000e+04 3.442000000000000000e+03
4.095900000000000000e+04 3.475000000000000000e+03
4.129200000000000000e+04 3.492000000000000000e+03
4.162500000000000000e+04 3.311000000000000000e+03
4.195800000000000000e+04 3.466000000000000000e+03
4.229100000000000000e+04 3.368000000000000000e+03
4.262400000000000000e+04 3.344000000000000000e+03
4.295700000000000000e+04 3.353000000000000000e+03
4.329000000000000000e+04 3.231000000000000000e+03
4.362300000000000000e+04 3.289000000000000000e+03
4.395600000000000000e+04 3.250000000000000000e+03
4.428900000000000000e+04 3.195000000000000000e+03
4.462200000000000000e+04 3.176000000000000000e+03
4.495500000000000000e+04 3.214000000000000000e+03
4.528800000000000000e+04 3.019000000000000000e+03
4.562100000000000000e+04 3.144000000000000000e+03
4.595400000000000000e+04 2.932000000000000000e+03
4.628700000000000000e+04 2.827000000000000000e+03
4.662000000000000000e+04 2.726000000000000000e+03
4.695300000000000000e+04 2.618000000000000000e+03
4.728600000000000000e+04 2.571000000000000000e+03
4.761900000000000000e+04 2.453000000000000000e+03
4.795200000000000000e+04 2.236000000000000000e+03
4.828500000000000000e+04 2.201000000000000000e+03
4.861800000000000000e+04 2.041000000000000000e+03
4.895100000000000000e+04 1.995000000000000000e+03
4.928400000000000000e+04 1.899000000000000000e+03
4.961700000000000000e+04 1.761000000000000000e+03
4.995000000000000000e+04 1.680000000000000000e+03
5.028300000000000000e+04 1.642000000000000000e+03
5.061600000000000000e+04 1.479000000000000000e+03
5.094900000000000000e+04 1.425000000000000000e+03
5.128200000000000000e+04 1.305000000000000000e+03
5.161500000000000000e+04 1.189000000000000000e+03
5.194800000000000000e+04 1.107000000000000000e+03
5.228100000000000000e+04 1.020000000000000000e+03
5.261400000000000000e+04 9.590000000000000000e+02
5.294700000000000000e+04 8.620000000000000000e+02
5.328000000000000000e+04 8.230000000000000000e+02
5.361300000000000000e+04 7.830000000000000000e+02
5.394600000000000000e+04 7.260000000000000000e+02
5.427900000000000000e+04 6.180000000000000000e+02
5.461200000000000000e+04 6.420000000000000000e+02
5.494500000000000000e+04 5.640000000000000000e+02
5.527800000000000000e+04 5.100000000000000000e+02
5.561100000000000000e+04 4.480000000000000000e+02
5.594400000000000000e+04 4.750000000000000000e+02
5.627700000000000000e+04 4.620000000000000000e+02
5.661000000000000000e+04 4.280000000000000000e+02
5.694300000000000000e+04 4.290000000000000000e+02
5.727600000000000000e+04 3.910000000000000000e+02
5.760900000000000000e+04 4.330000000000000000e+02
5.794200000000000000e+04 3.990000000000000000e+02
5.827500000000000000e+04 4.500000000000000000e+02
5.860800000000000000e+04 4.620000000000000000e+02
5.894100000000000000e+04 4.540000000000000000e+02
5.927400000000000000e+04 4.780000000000000000e+02
5.960700000000000000e+04 5.270000000000000000e+02
5.994000000000000000e+04 5.760000000000000000e+02
6.027300000000000000e+04 6.070000000000000000e+02
6.060600000000000000e+04 6.590000000000000000e+02
6.093900000000000000e+04 7.160000000000000000e+02
6.127200000000000000e+04 8.060000000000000000e+02
6.160500000000000000e+04 8.730000000000000000e+02
6.193800000000000000e+04 9.080000000000000000e+02
6.227100000000000000e+04 1.048000000000000000e+03
6.260400000000000000e+04 1.103000000000000000e+03
6.293700000000000000e+04 1.276000000000000000e+03
6.327000000000000000e+04 1.372000000000000000e+03
6.360300000000000000e+04 1.476000000000000000e+03
6.393600000000000000e+04 1.492000000000000000e+03
6.426900000000000000e+04 1.683000000000000000e+03
6.460200000000000000e+04 1.776000000000000000e+03
6.493500000000000000e+04 1.961000000000000000e+03
6.526800000000000000e+04 2.057000000000000000e+03
6.560100000000000000e+04 2.111000000000000000e+03
6.593400000000000000e+04 2.372000000000000000e+03
6.626700000000000000e+04 2.404000000000000000e+03
