0.000000000000000000e+00 3.544000000000000000e+03
1.667000000000000000e+03 3.855000000000000000e+03
3.334000000000000000e+03 3.809000000000000000e+03
5.001000000000000000e+03 3.957000000000000000e+03
6.668000000000000000e+03 4.093000000000000000e+03
8.335000000000000000e+03 4.027000000000000000e+03
1.000200000000000000e+04 4.090000000000000000e+03
1.166900000000000000e+04 4.315000000000000000e+03
1.333600000000000000e+04 4.413000000000000000e+03
1.500300000000000000e+04 4.410000000000000000e+03
1.667000000000000000e+04 4.435000000000000000e+03
1.833700000000000000e+04 4.483000000000000000e+03
2.000400000000000000e+04 4.490000000000000000e+03
2.167100000000000000e+04 4.570000000000000000e+03
2.333800000000000000e+04 4.617000000000000000e+03
2.500500000000000000e+04 4.743000000000000000e+03
2.667200000000000000e+04 4.681000000000000000e+03
2.833900000000000000e+04 4.766000000000000000e+03
3.000600000000000000e+04 4.795000000000000000e+03
3.167300000000000000e+04 4.754000000000000000e+03
3.334000000000000000e+04 4.732000000000000000e+03
3.500700000000000000e+04 4.732000000000000000e+03
3.667400000000000000e+04 4.767000000000000000e+03
3.834100000000000000e+04 4.659000000000000000e+03
4.000800000000000000e+04 4.713000000000000000e+03
4.167500000000000000e+04 4.681000000000000000e+03
4.334200000000000000e+04 4.638000000000000000e+03
4.500900000000000000e+04 4.693000000000000000e+03
4.667600000000000000e+04 4.548000000000000000e+03
4.834300000000000000e+04 4.552000000000000000e+03
5.001000000000000000e+04 4.357000000000000000e+03
5.167700000000000000e+04 4.452000000000000000e+03
5.334400000000000000e+04 4.343000000000000000e+03
5.501100000000000000e+04 4.246000000000000000e+03
5.667800000000000000e+04 4.137000000000000000e+03
5.834500000000000000e+04 4.123000000000000000e+03
6.001200000000000000e+04 3.944000000000000000e+03
6.167900000000000000e+04 3.879000000000000000e+03
6.334600000000000000e+04 3.619000000000000000e+03
6.501300000000000000e+04 3.569000000000000000e+03
6.668000000000000000e+04 3.478000000000000000e+03
6.834700000000000000e+04 3.423000000000000000e+03
7.001400000000000000e+04 3.125000000000000000e+03
7.168100000000000000e+04 3.013000000000000000e+03
7.334800000000000000e+04 2.950000000000000000e+03
7.501500000000000000e+04 2.718000000000000000e+03
7.668200000000000000e+04 2.516000000000000000e+03
7.834900000000000000e+04 2.404000000000000000e+03
8.001600000000000000e+04 2.150000000000000000e+03
8.168300000000000000e+04 2.084000000000000000e+03
8.335000000000000000e+04 2.030000000000000000e+03
8.501700000000000000e+04 1.816000000000000000e+03
8.668400000000000000e+04 1.716000000000000000e+03
8.835100000000000000e+04 1.571000000000000000e+03
9.001800000000000000e+04 1.425000000000000000e+03
9.168500000000000000e+04 1.328000000000000000e+03
9.335200000000000000e+04 1.210000000000000000e+03
9.501900000000000000e+04 1.170000000000000000e+03
9.668600000000000000e+04 1.057000000000000000e+03
9.835300000000000000e+04 8.940000000000000000e+02
1.000200000000000000e+05 9.000000000000000000e+02
1.016870000000000000e+05 7.440000000000000000e+02
1.033540000000000000e+05 7.420000000000000000e+02
1.050210000000000000e+05 6.740000000000000000e+02
1.066880000000000000e+05 6.660000000000000000e+02
1.083550000000000000e+05 5.970000000000000000e+02
1.100220000000000000e+05 5.460000000000000000e+02
1.116890000000000000e+05 6.180000000000000000e+02
1.133560000000000000e+05 5.590000000000000000e+02
1.150230000000000000e+05 5.220000000000000000e+02
1.166900000000000000e+05 5.270000000000000000e+02
1.183570000000000000e+05 5.230000000000000000e+02
1.200240000000000000e+05 5.540000000000000000e+02
1.216910000000000000e+05 5.810000000000000000e+02
1.233580000000000000e+05 6.020000000000000000e+02
1.250250000000000000e+05 5.960000000000000000e+02
1.266920000000000000e+05 6.450000000000000000e+02
1.283590000000000000e+05 7.480000000000000000e+02
1.300260000000000000e+05 7.780000000000000000e+02
1.316930000000000000e+05 8.110000000000000000e+02
1.333600000000000000e+05 8.990000000000000000e+02
1.350270000000000000e+05 9.560000000000000000e+02
1.366940000000000000e+05 1.137000000000000000e+03
1.383610000000000000e+05 1.178000000000000000e+03
1.400280000000000000e+05 1.258000000000000000e+03
1.416950000000000000e+05 1.417000000000000000e+03
1.433620000000000000e+05 1.532000000000000000e+03
1.450290000000000000e+05 1.628000000000000000e+03
1.466960000000000000e+05 1.792000000000000000e+03
1.483630000000000000e+05 1.960000000000000000e+03
1.500300000000000000e+05 2.150000000000000000e+03
1.516970000000000000e+05 2.184000000000000000e+03
1.533640000000000000e+05 2.418000000000000000e+03
1.550310000000000000e+05 2.566000000000000000e+03
1.566980000000000000e+05 2.721000000000000000e+03
1.583650000000000000e+05 2.849000000000000000e+03
1.600320000000000000e+05 2.978000000000000000e+03
1.616990000000000000e+05 3.198000000000000000e+03
1.633660000000000000e+05 3.300000000000000000e+03
1.650330000000000000e+05 3.539000000000000000e+03
1.667000000000000000e+05 3.527000000000000000e+03
1.683670000000000000e+05 3.753000000000000000e+03
1.700340000000000000e+05 3.913000000000000000e+03
1.717010000000000000e+05 3.839000000000000000e+03
1.733680000000000000e+05 3.968000000000000000e+03
1.750350000000000000e+05 4.122000000000000000e+03
1.767020000000000000e+05 4.266000000000000000e+03
1.783690000000000000e+05 4.192000000000000000e+03
1.800360000000000000e+05 4.344000000000000000e+03
1.817030000000000000e+05 4.395000000000000000e+03
1.833700000000000000e+05 4.491000000000000000e+03
1.850370000000000000e+05 4.578000000000000000e+03
1.867040000000000000e+05 4.507000000000000000e+03
1.883710000000000000e+05 4.555000000000000000e+03
1.900380000000000000e+05 4.700000000000000000e+03
1.917050000000000000e+05 4.546000000000000000e+03
1.933720000000000000e+05 4.591000000000000000e+03
1.950390000000000000e+05 4.698000000000000000e+03
1.967060000000000000e+05 4.782000000000000000e+03
1.983730000000000000e+05 4.772000000000000000e+03
2.000400000000000000e+05 4.768000000000000000e+03
2.017070000000000000e+05 4.641000000000000000e+03
2.033740000000000000e+05 4.853000000000000000e+03
2.050410000000000000e+05 4.703000000000000000e+03
2.067080000000000000e+05 4.641000000000000000e+03
2.083750000000000000e+05 4.613000000000000000e+03
2.100420000000000000e+05 4.553000000000000000e+03
2.117090000000000000e+05 4.506000000000000000e+03
2.133760000000000000e+05 4.488000000000000000e+03
2.150430000000000000e+05 4.430000000000000000e+03
2.167100000000000000e+05 4.514000000000000000e+03
2.183770000000000000e+05 4.323000000000000000e+03
2.200440000000000000e+05 4.256000000000000000e+03
2.217110000000000000e+05 4.110000000000000000e+03
2.233780000000000000e+05 4.063000000000000000e+03
2.250450000000000000e+05 4.074000000000000000e+03
2.267120000000000000e+05 3.897000000000000000e+03
2.283790000000000000e+05 3.778000000000000000e+03
2.300460000000000000e+05 3.723000000000000000e+03
2.317130000000000000e+05 3.507000000000000000e+03
2.333800000000000000e+05 3.529000000000000000e+03
2.350470000000000000e+05 3.267000000000000000e+03
2.367140000000000000e+05 3.198000000000000000e+03
2.383810000000000000e+05 3.021000000000000000e+03
2.400480000000000000e+05 2.956000000000000000e+03
2.417150000000000000e+05 2.766000000000000000e+03
2.433820000000000000e+05 2.565000000000000000e+03
2.450490000000000000e+05 2.524000000000000000e+03
2.467160000000000000e+05 2.337000000000000000e+03
2.483830000000000000e+05 2.136000000000000000e+03
2.500500000000000000e+05 1.955000000000000000e+03
2.517170000000000000e+05 1.836000000000000000e+03
2.533840000000000000e+05 1.775000000000000000e+03
2.550510000000000000e+05 1.612000000000000000e+03
2.567180000000000000e+05 1.406000000000000000e+03
2.583850000000000000e+05 1.375000000000000000e+03
2.600520000000000000e+05 1.230000000000000000e+03
2.617190000000000000e+05 1.084000000000000000e+03
2.633860000000000000e+05 1.039000000000000000e+03
2.650530000000000000e+05 9.140000000000000000e+02
2.667200000000000000e+05 9.010000000000000000e+02
2.683870000000000000e+05 8.170000000000000000e+02
2.700540000000000000e+05 7.400000000000000000e+02
2.717210000000000000e+05 6.840000000000000000e+02
2.733880000000000000e+05 6.240000000000000000e+02
2.750550000000000000e+05 5.980000000000000000e+02
2.767220000000000000e+05 5.580000000000000000e+02
2.783890000000000000e+05 5.380000000000000000e+02
2.800560000000000000e+05 5.530000000000000000e+02
2.817230000000000000e+05 5.050000000000000000e+02
2.833900000000000000e+05 5.780000000000000000e+02
2.850570000000000000e+05 5.890000000000000000e+02
2.867240000000000000e+05 5.620000000000000000e+02
2.883910000000000000e+05 5.870000000000000000e+02
2.900580000000000000e+05 6.330000000000000000e+02
2.917250000000000000e+05 5.980000000000000000e+02
2.933920000000000000e+05 6.840000000000000000e+02
2.950590000000000000e+05 6.700000000000000000e+02
2.967260000000000000e+05 7.910000000000000000e+02
2.983930000000000000e+05 8.150000000000000000e+02
3.000600000000000000e+05 8.450000000000000000e+02
3.017270000000000000e+05 9.910000000000000000e+02
3.033940000000000000e+05 1.059000000000000000e+03
3.050610000000000000e+05 1.156000000000000000e+03
3.067280000000000000e+05 1.333000000000000000e+03
3.083950000000000000e+05 1.388000000000000000e+03
3.100620000000000000e+05 1.465000000000000000e+03
3.117290000000000000e+05 1.620000000000000000e+03
3.133960000000000000e+05 1.807000000000000000e+03
3.150630000000000000e+05 2.008000000000000000e+03
3.167300000000000000e+05 2.098000000000000000e+03
3.183970000000000000e+05 2.332000000000000000e+03
3.200640000000000000e+05 2.412000000000000000e+03
3.217310000000000000e+05 2.589000000000000000e+03
3.233980000000000000e+05 2.835000000000000000e+03
3.250650000000000000e+05 2.817000000000000000e+03
3.267320000000000000e+05 3.060000000000000000e+03
3.283990000000000000e+05 3.217000000000000000e+03
3.300660000000000000e+05 3.323000000000000000e+03
3.317330000000000000e+05 3.441000000000000000e+03
