0.000000000000000000e+00 1.456000000000000000e+03
1.700000000000000000e+01 1.422000000000000000e+03
3.400000000000000000e+01 1.477000000000000000e+03
5.100000000000000000e+01 1.667000000000000000e+03
6.800000000000000000e+01 1.659000000000000000e+03
8.500000000000000000e+01 1.628000000000000000e+03
1.020000000000000000e+02 1.645000000000000000e+03
1.190000000000000000e+02 1.698000000000000000e+03
1.360000000000000000e+02 1.722000000000000000e+03
1.530000000000000000e+02 1.756000000000000000e+03
1.700000000000000000e+02 1.866000000000000000e+03
1.870000000000000000e+02 1.965000000000000000e+03
2.040000000000000000e+02 1.942000000000000000e+03
2.210000000000000000e+02 2.045000000000000000e+03
2.380000000000000000e+02 2.079000000000000000e+03
2.550000000000000000e+02 2.053000000000000000e+03
2.720000000000000000e+02 2.167000000000000000e+03
2.890000000000000000e+02 2.111000000000000000e+03
3.060000000000000000e+02 2.200000000000000000e+03
3.230000000000000000e+02 2.260000000000000000e+03
3.400000000000000000e+02 2.266000000000000000e+03
3.570000000000000000e+02 2.250000000000000000e+03
3.740000000000000000e+02 2.238000000000000000e+03
3.910000000000000000e+02 2.294000000000000000e+03
4.080000000000000000e+02 2.361000000000000000e+03
4.250000000000000000e+02 2.494000000000000000e+03
4.420000000000000000e+02 2.424000000000000000e+03
4.590000000000000000e+02 2.540000000000000000e+03
4.760000000000000000e+02 2.448000000000000000e+03
4.930000000000000000e+02 2.480000000000000000e+03
5.100000000000000000e+02 2.521000000000000000e+03
5.270000000000000000e+02 2.483000000000000000e+03
5.440000000000000000e+02 2.596000000000000000e+03
5.610000000000000000e+02 2.580000000000000000e+03
5.780000000000000000e+02 2.588000000000000000e+03
5.950000000000000000e+02 2.514000000000000000e+03
6.120000000000000000e+02 2.504000000000000000e+03
6.290000000000000000e+02 2.579000000000000000e+03
6.460000000000000000e+02 2.596000000000000000e+03
6.630000000000000000e+02 2.572000000000000000e+03
6.800000000000000000e+02 2.554000000000000000e+03
6.970000000000000000e+02 2.633000000000000000e+03
7.140000000000000000e+02 2.560000000000000000e+03
7.310000000000000000e+02 2.479000000000000000e+03
7.480000000000000000e+02 2.497000000000000000e+03
7.650000000000000000e+02 2.525000000000000000e+03
7.820000000000000000e+02 2.452000000000000000e+03
7.990000000000000000e+02 2.347000000000000000e+03
8.160000000000000000e+02 2.382000000000000000e+03
8.330000000000000000e+02 2.320000000000000000e+03
8.500000000000000000e+02 2.348000000000000000e+03
8.670000000000000000e+02 2.393000000000000000e+03
8.840000000000000000e+02 2.326000000000000000e+03
9.010000000000000000e+02 2.177000000000000000e+03
9.180000000000000000e+02 2.211000000000000000e+03
9.350000000000000000e+02 2.109000000000000000e+03
9.520000000000000000e+02 2.206000000000000000e+03
9.690000000000000000e+02 2.058000000000000000e+03
9.860000000000000000e+02 2.036000000000000000e+03
1.003000000000000000e+03 2.007000000000000000e+03
1.020000000000000000e+03 1.939000000000000000e+03
1.037000000000000000e+03 1.946000000000000000e+03
1.054000000000000000e+03 1.922000000000000000e+03
1.071000000000000000e+03 1.830000000000000000e+03
1.088000000000000000e+03 1.781000000000000000e+03
1.105000000000000000e+03 1.711000000000000000e+03
1.122000000000000000e+03 1.778000000000000000e+03
1.139000000000000000e+03 1.693000000000000000e+03
1.156000000000000000e+03 1.670000000000000000e+03
1.173000000000000000e+03 1.666000000000000000e+03
1.190000000000000000e+03 1.665000000000000000e+03
1.207000000000000000e+03 1.606000000000000000e+03
1.224000000000000000e+03 1.653000000000000000e+03
1.241000000000000000e+03 1.561000000000000000e+03
1.258000000000000000e+03 1.497000000000000000e+03
1.275000000000000000e+03 1.459000000000000000e+03
1.292000000000000000e+03 1.460000000000000000e+03
1.309000000000000000e+03 1.468000000000000000e+03
1.326000000000000000e+03 1.402000000000000000e+03
1.343000000000000000e+03 1.391000000000000000e+03
1.360000000000000000e+03 1.326000000000000000e+03
1.377000000000000000e+03 1.321000000000000000e+03
1.394000000000000000e+03 1.281000000000000000e+03
1.411000000000000000e+03 1.347000000000000000e+03
1.428000000000000000e+03 1.363000000000000000e+03
1.445000000000000000e+03 1.343000000000000000e+03
1.462000000000000000e+03 1.339000000000000000e+03
1.479000000000000000e+03 1.308000000000000000e+03
1.496000000000000000e+03 1.388000000000000000e+03
1.513000000000000000e+03 1.363000000000000000e+03
1.530000000000000000e+03 1.282000000000000000e+03
1.547000000000000000e+03 1.300000000000000000e+03
1.564000000000000000e+03 1.374000000000000000e+03
1.581000000000000000e+03 1.354000000000000000e+03
1.598000000000000000e+03 1.521000000000000000e+03
1.615000000000000000e+03 1.370000000000000000e+03
1.632000000000000000e+03 1.450000000000000000e+03
1.649000000000000000e+03 1.505000000000000000e+03
1.666000000000000000e+03 1.544000000000000000e+03
1.683000000000000000e+03 1.535000000000000000e+03
1.700000000000000000e+03 1.542000000000000000e+03
1.717000000000000000e+03 1.589000000000000000e+03
1.734000000000000000e+03 1.627000000000000000e+03
1.751000000000000000e+03 1.673000000000000000e+03
1.768000000000000000e+03 1.685000000000000000e+03
1.785000000000000000e+03 1.743000000000000000e+03
1.802000000000000000e+03 1.741000000000000000e+03
1.819000000000000000e+03 1.769000000000000000e+03
1.836000000000000000e+03 1.824000000000000000e+03
1.853000000000000000e+03 1.934000000000000000e+03
1.870000000000000000e+03 1.950000000000000000e+03
1.887000000000000000e+03 2.005000000000000000e+03
1.904000000000000000e+03 1.985000000000000000e+03
1.921000000000000000e+03 2.072000000000000000e+03
1.938000000000000000e+03 2.130000000000000000e+03
1.955000000000000000e+03 2.108000000000000000e+03
1.972000000000000000e+03 2.146000000000000000e+03
1.989000000000000000e+03 2.203000000000000000e+03
2.006000000000000000e+03 2.099000000000000000e+03
2.023000000000000000e+03 2.303000000000000000e+03
2.040000000000000000e+03 2.277000000000000000e+03
2.057000000000000000e+03 2.361000000000000000e+03
2.074000000000000000e+03 2.422000000000000000e+03
2.091000000000000000e+03 2.365000000000000000e+03
2.108000000000000000e+03 2.391000000000000000e+03
2.125000000000000000e+03 2.422000000000000000e+03
2.142000000000000000e+03 2.468000000000000000e+03
2.159000000000000000e+03 2.544000000000000000e+03
2.176000000000000000e+03 2.585000000000000000e+03
2.193000000000000000e+03 2.522000000000000000e+03
2.210000000000000000e+03 2.611000000000000000e+03
2.227000000000000000e+03 2.584000000000000000e+03
2.244000000000000000e+03 2.530000000000000000e+03
2.261000000000000000e+03 2.673000000000000000e+03
2.278000000000000000e+03 2.489000000000000000e+03
2.295000000000000000e+03 2.592000000000000000e+03
2.312000000000000000e+03 2.589000000000000000e+03
2.329000000000000000e+03 2.632000000000000000e+03
2.346000000000000000e+03 2.569000000000000000e+03
2.363000000000000000e+03 2.662000000000000000e+03
2.380000000000000000e+03 2.660000000000000000e+03
2.397000000000000000e+03 2.543000000000000000e+03
2.414000000000000000e+03 2.434000000000000000e+03
2.431000000000000000e+03 2.465000000000000000e+03
2.448000000000000000e+03 2.459000000000000000e+03
2.465000000000000000e+03 2.465000000000000000e+03
2.482000000000000000e+03 2.482000000000000000e+03
2.499000000000000000e+03 2.458000000000000000e+03
2.516000000000000000e+03 2.317000000000000000e+03
2.533000000000000000e+03 2.258000000000000000e+03
2.550000000000000000e+03 2.234000000000000000e+03
2.567000000000000000e+03 2.233000000000000000e+03
2.584000000000000000e+03 2.302000000000000000e+03
2.601000000000000000e+03 2.206000000000000000e+03
2.618000000000000000e+03 2.156000000000000000e+03
2.635000000000000000e+03 2.215000000000000000e+03
2.652000000000000000e+03 1.939000000000000000e+03
2.669000000000000000e+03 2.111000000000000000e+03
2.686000000000000000e+03 2.038000000000000000e+03
2.703000000000000000e+03 1.977000000000000000e+03
2.720000000000000000e+03 1.939000000000000000e+03
2.737000000000000000e+03 1.855000000000000000e+03
2.754000000000000000e+03 1.859000000000000000e+03
2.771000000000000000e+03 1.829000000000000000e+03
2.788000000000000000e+03 1.752000000000000000e+03
2.805000000000000000e+03 1.678000000000000000e+03
2.822000000000000000e+03 1.667000000000000000e+03
2.839000000000000000e+03 1.670000000000000000e+03
2.856000000000000000e+03 1.610000000000000000e+03
2.873000000000000000e+03 1.622000000000000000e+03
2.890000000000000000e+03 1.556000000000000000e+03
2.907000000000000000e+03 1.524000000000000000e+03
2.924000000000000000e+03 1.492000000000000000e+03
2.941000000000000000e+03 1.493000000000000000e+03
2.958000000000000000e+03 1.530000000000000000e+03
2.975000000000000000e+03 1.351000000000000000e+03
2.992000000000000000e+03 1.390000000000000000e+03
3.009000000000000000e+03 1.320000000000000000e+03
3.026000000000000000e+03 1.472000000000000000e+03
3.043000000000000000e+03 1.375000000000000000e+03
3.060000000000000000e+03 1.316000000000000000e+03
3.077000000000000000e+03 1.386000000000000000e+03
3.094000000000000000e+03 1.318000000000000000e+03
3.111000000000000000e+03 1.338000000000000000e+03
3.128000000000000000e+03 1.301000000000000000e+03
3.145000000000000000e+03 1.321000000000000000e+03
3.162000000000000000e+03 1.337000000000000000e+03
3.179000000000000000e+03 1.311000000000000000e+03
3.196000000000000000e+03 1.332000000000000000e+03
3.213000000000000000e+03 1.370000000000000000e+03
3.230000000000000000e+03 1.428000000000000000e+03
3.247000000000000000e+03 1.352000000000000000e+03
3.264000000000000000e+03 1.437000000000000000e+03
3.281000000000000000e+03 1.429000000000000000e+03
3.298000000000000000e+03 1.448000000000000000e+03
3.315000000000000000e+03 1.418000000000000000e+03
