0.000000000000000000e+00 1.270300000000000000e+04
3.333000000000000000e+03 1.273700000000000000e+04
6.666000000000000000e+03 1.306300000000000000e+04
9.999000000000000000e+03 1.326900000000000000e+04
1.333200000000000000e+04 1.343300000000000000e+04
1.666500000000000000e+04 1.346900000000000000e+04
1.999800000000000000e+04 1.374400000000000000e+04
2.333100000000000000e+04 1.363400000000000000e+04
2.666400000000000000e+04 1.398700000000000000e+04
2.999700000000000000e+04 1.393000000000000000e+04
3.333000000000000000e+04 1.393900000000000000e+04
3.666300000000000000e+04 1.416100000000000000e+04
3.999600000000000000e+04 1.414900000000000000e+04
4.332900000000000000e+04 1.442400000000000000e+04
4.666200000000000000e+04 1.439200000000000000e+04
4.999500000000000000e+04 1.428400000000000000e+04
5.332800000000000000e+04 1.445500000000000000e+04
5.666100000000000000e+04 1.426100000000000000e+04
5.999400000000000000e+04 1.429700000000000000e+04
6.332700000000000000e+04 1.438700000000000000e+04
6.666000000000000000e+04 1.442400000000000000e+04
6.999300000000000000e+04 1.421500000000000000e+04
7.332600000000000000e+04 1.460800000000000000e+04
7.665900000000000000e+04 1.447300000000000000e+04
7.999200000000000000e+04 1.437700000000000000e+04
8.332500000000000000e+04 1.442300000000000000e+04
8.665800000000000000e+04 1.407900000000000000e+04
8.999100000000000000e+04 1.424000000000000000e+04
9.332400000000000000e+04 1.406100000000000000e+04
9.665700000000000000e+04 1.383500000000000000e+04
9.999000000000000000e+04 1.408300000000000000e+04
1.033230000000000000e+05 1.373100000000000000e+04
1.066560000000000000e+05 1.381700000000000000e+04
1.099890000000000000e+05 1.371800000000000000e+04
1.133220000000000000e+05 1.347200000000000000e+04
1.166550000000000000e+05 1.309100000000000000e+04
1.199880000000000000e+05 1.298200000000000000e+04
1.233210000000000000e+05 1.278700000000000000e+04
1.266540000000000000e+05 1.259300000000000000e+04
1.299870000000000000e+05 1.255300000000000000e+04
1.333200000000000000e+05 1.232100000000000000e+04
1.366530000000000000e+05 1.194100000000000000e+04
1.399860000000000000e+05 1.189400000000000000e+04
1.433190000000000000e+05 1.141600000000000000e+04
1.466520000000000000e+05 1.129400000000000000e+04
1.499850000000000000e+05 1.085400000000000000e+04
1.533180000000000000e+05 1.078200000000000000e+04
1.566510000000000000e+05 1.024100000000000000e+04
1.599840000000000000e+05 9.927000000000000000e+03
1.633170000000000000e+05 9.722000000000000000e+03
1.666500000000000000e+05 9.281000000000000000e+03
1.699830000000000000e+05 8.861000000000000000e+03
1.733160000000000000e+05 8.480000000000000000e+03
1.766490000000000000e+05 8.158000000000000000e+03
1.799820000000000000e+05 7.850000000000000000e+03
1.833150000000000000e+05 7.361000000000000000e+03
1.866480000000000000e+05 7.206000000000000000e+03
1.899810000000000000e+05 6.687000000000000000e+03
1.933140000000000000e+05 6.414000000000000000e+03
1.966470000000000000e+05 5.978000000000000000e+03
1.999800000000000000e+05 5.651000000000000000e+03
2.033130000000000000e+05 5.465000000000000000e+03
2.066460000000000000e+05 5.337000000000000000e+03
2.099790000000000000e+05 5.031000000000000000e+03
2.133120000000000000e+05 4.822000000000000000e+03
2.166450000000000000e+05 4.705000000000000000e+03
2.199780000000000000e+05 4.552000000000000000e+03
2.233110000000000000e+05 4.484000000000000000e+03
2.266440000000000000e+05 4.532000000000000000e+03
2.299770000000000000e+05 4.420000000000000000e+03
2.333100000000000000e+05 4.454000000000000000e+03
2.366430000000000000e+05 4.532000000000000000e+03
2.399760000000000000e+05 4.588000000000000000e+03
2.433090000000000000e+05 4.731000000000000000e+03
2.466420000000000000e+05 4.778000000000000000e+03
2.499750000000000000e+05 5.067000000000000000e+03
2.533080000000000000e+05 5.227000000000000000e+03
2.566410000000000000e+05 5.414000000000000000e+03
2.599740000000000000e+05 5.739000000000000000e+03
2.633070000000000000e+05 6.027000000000000000e+03
2.666400000000000000e+05 6.269000000000000000e+03
2.699730000000000000e+05 6.487000000000000000e+03
2.733060000000000000e+05 7.130000000000000000e+03
2.766390000000000000e+05 7.311000000000000000e+03
2.799720000000000000e+05 7.719000000000000000e+03
2.833050000000000000e+05 7.908000000000000000e+03
2.866380000000000000e+05 8.430000000000000000e+03
2.899710000000000000e+05 8.564000000000000000e+03
2.933040000000000000e+05 9.227000000000000000e+03
2.966370000000000000e+05 9.342000000000000000e+03
2.999700000000000000e+05 9.813000000000000000e+03
3.033030000000000000e+05 1.031700000000000000e+04
3.066360000000000000e+05 1.057500000000000000e+04
3.099690000000000000e+05 1.097200000000000000e+04
3.133020000000000000e+05 1.110100000000000000e+04
3.166350000000000000e+05 1.128300000000000000e+04
3.199680000000000000e+05 1.184100000000000000e+04
3.233010000000000000e+05 1.211800000000000000e+04
3.266340000000000000e+05 1.204800000000000000e+04
3.299670000000000000e+05 1.238100000000000000e+04
3.333000000000000000e+05 1.280500000000000000e+04
3.366330000000000000e+05 1.284900000000000000e+04
3.399660000000000000e+05 1.308800000000000000e+04
3.432990000000000000e+05 1.331000000000000000e+04
3.466320000000000000e+05 1.357200000000000000e+04
3.499650000000000000e+05 1.357700000000000000e+04
3.532980000000000000e+05 1.378900000000000000e+04
3.566310000000000000e+05 1.392100000000000000e+04
3.599640000000000000e+05 1.377000000000000000e+04
3.632970000000000000e+05 1.391000000000000000e+04
3.666300000000000000e+05 1.392900000000000000e+04
3.699630000000000000e+05 1.408100000000000000e+04
3.732960000000000000e+05 1.429700000000000000e+04
3.766290000000000000e+05 1.450800000000000000e+04
3.799620000000000000e+05 1.439900000000000000e+04
3.832950000000000000e+05 1.440400000000000000e+04
3.866280000000000000e+05 1.442700000000000000e+04
3.899610000000000000e+05 1.436100000000000000e+04
3.932940000000000000e+05 1.445400000000000000e+04
3.966270000000000000e+05 1.432300000000000000e+04
3.999600000000000000e+05 1.453000000000000000e+04
4.032930000000000000e+05 1.473800000000000000e+04
4.066260000000000000e+05 1.457000000000000000e+04
4.099590000000000000e+05 1.449300000000000000e+04
4.132920000000000000e+05 1.465000000000000000e+04
4.166250000000000000e+05 1.443700000000000000e+04
4.199580000000000000e+05 1.412300000000000000e+04
4.232910000000000000e+05 1.416300000000000000e+04
4.266240000000000000e+05 1.430700000000000000e+04
4.299570000000000000e+05 1.397700000000000000e+04
4.332900000000000000e+05 1.387100000000000000e+04
4.366230000000000000e+05 1.382000000000000000e+04
4.399560000000000000e+05 1.390400000000000000e+04
4.432890000000000000e+05 1.362300000000000000e+04
4.466220000000000000e+05 1.339200000000000000e+04
4.499550000000000000e+05 1.316100000000000000e+04
4.532880000000000000e+05 1.321700000000000000e+04
4.566210000000000000e+05 1.297300000000000000e+04
4.599540000000000000e+05 1.287300000000000000e+04
4.632870000000000000e+05 1.252300000000000000e+04
4.666200000000000000e+05 1.213300000000000000e+04
4.699530000000000000e+05 1.224900000000000000e+04
4.732860000000000000e+05 1.171200000000000000e+04
4.766190000000000000e+05 1.136700000000000000e+04
4.799520000000000000e+05 1.121900000000000000e+04
4.832850000000000000e+05 1.095600000000000000e+04
4.866180000000000000e+05 1.062300000000000000e+04
4.899510000000000000e+05 1.039600000000000000e+04
4.932840000000000000e+05 9.905000000000000000e+03
4.966170000000000000e+05 9.582000000000000000e+03
4.999500000000000000e+05 9.247000000000000000e+03
5.032830000000000000e+05 8.653000000000000000e+03
5.066160000000000000e+05 8.463000000000000000e+03
5.099490000000000000e+05 8.138000000000000000e+03
5.132820000000000000e+05 7.669000000000000000e+03
5.166150000000000000e+05 7.446000000000000000e+03
5.199480000000000000e+05 7.145000000000000000e+03
5.232810000000000000e+05 6.684000000000000000e+03
5.266140000000000000e+05 6.431000000000000000e+03
5.299470000000000000e+05 5.969000000000000000e+03
5.332800000000000000e+05 5.825000000000000000e+03
5.366130000000000000e+05 5.566000000000000000e+03
5.399460000000000000e+05 5.274000000000000000e+03
5.432790000000000000e+05 5.054000000000000000e+03
5.466120000000000000e+05 4.908000000000000000e+03
5.499450000000000000e+05 4.695000000000000000e+03
5.532780000000000000e+05 4.578000000000000000e+03
5.566110000000000000e+05 4.553000000000000000e+03
5.599440000000000000e+05 4.461000000000000000e+03
5.632770000000000000e+05 4.345000000000000000e+03
5.666100000000000000e+05 4.422000000000000000e+03
5.699430000000000000e+05 4.366000000000000000e+03
5.732760000000000000e+05 4.592000000000000000e+03
5.766090000000000000e+05 4.579000000000000000e+03
5.799420000000000000e+05 4.839000000000000000e+03
5.832750000000000000e+05 4.927000000000000000e+03
5.866080000000000000e+05 5.309000000000000000e+03
5.899410000000000000e+05 5.470000000000000000e+03
5.932740000000000000e+05 5.843000000000000000e+03
5.966070000000000000e+05 5.880000000000000000e+03
5.999400000000000000e+05 6.238000000000000000e+03
6.032730000000000000e+05 6.637000000000000000e+03
6.066060000000000000e+05 6.925000000000000000e+03
6.099390000000000000e+05 7.225000000000000000e+03
6.132720000000000000e+05 7.652000000000000000e+03
6.166050000000000000e+05 8.016000000000000000e+03
6.199380000000000000e+05 8.480000000000000000e+03
6.232710000000000000e+05 8.694000000000000000e+03
6.266040000000000000e+05 9.293000000000000000e+03
6.299370000000000000e+05 9.620000000000000000e+03
6.332700000000000000e+05 1.010600000000000000e+04
6.366030000000000000e+05 1.011800000000000000e+04
6.399360000000000000e+05 1.055100000000000000e+04
6.432690000000000000e+05 1.066800000000000000e+04
6.466020000000000000e+05 1.124300000000000000e+04
6.499350000000000000e+05 1.164800000000000000e+04
6.532680000000000000e+05 1.179000000000000000e+04
6.566010000000000000e+05 1.200600000000000000e+04
6.599340000000000000e+05 1.231400000000000000e+04
6.632670000000000000e+05 1.245500000000000000e+04
