0.000000000000000000e+00 7.051000000000000000e+03
3.300000000000000000e+01 7.293000000000000000e+03
6.600000000000000000e+01 7.329000000000000000e+03
9.900000000000000000e+01 7.518000000000000000e+03
1.320000000000000000e+02 7.655000000000000000e+03
1.650000000000000000e+02 7.586000000000000000e+03
1.980000000000000000e+02 7.766000000000000000e+03
2.310000000000000000e+02 7.754000000000000000e+03
2.640000000000000000e+02 7.810000000000000000e+03
2.970000000000000000e+02 7.924000000000000000e+03
3.300000000000000000e+02 8.015000000000000000e+03
3.630000000000000000e+02 8.003000000000000000e+03
3.960000000000000000e+02 8.280000000000000000e+03
4.290000000000000000e+02 7.900000000000000000e+03
4.620000000000000000e+02 8.118000000000000000e+03
4.950000000000000000e+02 8.227000000000000000e+03
5.280000000000000000e+02 8.479000000000000000e+03
5.610000000000000000e+02 8.193000000000000000e+03
5.940000000000000000e+02 8.236000000000000000e+03
6.270000000000000000e+02 8.249000000000000000e+03
6.600000000000000000e+02 8.369000000000000000e+03
6.930000000000000000e+02 8.261000000000000000e+03
7.260000000000000000e+02 8.405000000000000000e+03
7.590000000000000000e+02 8.287000000000000000e+03
7.920000000000000000e+02 8.096000000000000000e+03
8.250000000000000000e+02 8.111000000000000000e+03
8.580000000000000000e+02 8.110000000000000000e+03
8.910000000000000000e+02 8.055000000000000000e+03
9.240000000000000000e+02 8.065000000000000000e+03
9.570000000000000000e+02 8.206000000000000000e+03
9.900000000000000000e+02 8.033000000000000000e+03
1.023000000000000000e+03 8.138000000000000000e+03
1.056000000000000000e+03 7.870000000000000000e+03
1.089000000000000000e+03 7.865000000000000000e+03
1.122000000000000000e+03 7.854000000000000000e+03
1.155000000000000000e+03 7.880000000000000000e+03
1.188000000000000000e+03 7.617000000000000000e+03
1.221000000000000000e+03 7.529000000000000000e+03
1.254000000000000000e+03 7.519000000000000000e+03
1.287000000000000000e+03 7.211000000000000000e+03
1.320000000000000000e+03 7.220000000000000000e+03
1.353000000000000000e+03 7.266000000000000000e+03
1.386000000000000000e+03 7.107000000000000000e+03
1.419000000000000000e+03 6.848000000000000000e+03
1.452000000000000000e+03 6.742000000000000000e+03
1.485000000000000000e+03 6.572000000000000000e+03
1.518000000000000000e+03 6.431000000000000000e+03
1.551000000000000000e+03 6.384000000000000000e+03
1.584000000000000000e+03 6.187000000000000000e+03
1.617000000000000000e+03 6.130000000000000000e+03
1.650000000000000000e+03 5.898000000000000000e+03
1.683000000000000000e+03 5.553000000000000000e+03
1.716000000000000000e+03 5.326000000000000000e+03
1.749000000000000000e+03 5.268000000000000000e+03
1.782000000000000000e+03 4.929000000000000000e+03
1.815000000000000000e+03 4.884000000000000000e+03
1.848000000000000000e+03 4.529000000000000000e+03
1.881000000000000000e+03 4.539000000000000000e+03
1.914000000000000000e+03 4.306000000000000000e+03
1.947000000000000000e+03 4.097000000000000000e+03
1.980000000000000000e+03 3.922000000000000000e+03
2.013000000000000000e+03 3.905000000000000000e+03
2.046000000000000000e+03 3.721000000000000000e+03
2.079000000000000000e+03 3.503000000000000000e+03
2.112000000000000000e+03 3.284000000000000000e+03
2.145000000000000000e+03 3.283000000000000000e+03
2.178000000000000000e+03 3.130000000000000000e+03
2.211000000000000000e+03 3.023000000000000000e+03
2.244000000000000000e+03 2.908000000000000000e+03
2.277000000000000000e+03 2.883000000000000000e+03
2.310000000000000000e+03 2.734000000000000000e+03
2.343000000000000000e+03 2.782000000000000000e+03
2.376000000000000000e+03 2.745000000000000000e+03
2.409000000000000000e+03 2.666000000000000000e+03
2.442000000000000000e+03 2.675000000000000000e+03
2.475000000000000000e+03 2.778000000000000000e+03
2.508000000000000000e+03 2.785000000000000000e+03
2.541000000000000000e+03 2.804000000000000000e+03
2.574000000000000000e+03 2.806000000000000000e+03
2.607000000000000000e+03 2.848000000000000000e+03
2.640000000000000000e+03 3.033000000000000000e+03
2.673000000000000000e+03 3.248000000000000000e+03
2.706000000000000000e+03 3.328000000000000000e+03
2.739000000000000000e+03 3.586000000000000000e+03
2.772000000000000000e+03 3.755000000000000000e+03
2.805000000000000000e+03 3.937000000000000000e+03
2.838000000000000000e+03 4.152000000000000000e+03
2.871000000000000000e+03 4.353000000000000000e+03
2.904000000000000000e+03 4.579000000000000000e+03
2.937000000000000000e+03 4.778000000000000000e+03
2.970000000000000000e+03 4.975000000000000000e+03
3.003000000000000000e+03 5.118000000000000000e+03
3.036000000000000000e+03 5.469000000000000000e+03
3.069000000000000000e+03 5.622000000000000000e+03
3.102000000000000000e+03 5.781000000000000000e+03
3.135000000000000000e+03 6.113000000000000000e+03
3.168000000000000000e+03 6.212000000000000000e+03
3.201000000000000000e+03 6.442000000000000000e+03
3.234000000000000000e+03 6.595000000000000000e+03
3.267000000000000000e+03 6.960000000000000000e+03
3.300000000000000000e+03 6.948000000000000000e+03
3.333000000000000000e+03 7.031000000000000000e+03
3.366000000000000000e+03 7.324000000000000000e+03
3.399000000000000000e+03 7.357000000000000000e+03
3.432000000000000000e+03 7.428000000000000000e+03
3.465000000000000000e+03 7.424000000000000000e+03
3.498000000000000000e+03 7.611000000000000000e+03
3.531000000000000000e+03 7.759000000000000000e+03
3.564000000000000000e+03 7.786000000000000000e+03
3.597000000000000000e+03 7.740000000000000000e+03
3.630000000000000000e+03 8.064000000000000000e+03
3.663000000000000000e+03 8.119000000000000000e+03
3.696000000000000000e+03 8.127000000000000000e+03
3.729000000000000000e+03 7.990000000000000000e+03
3.762000000000000000e+03 8.194000000000000000e+03
3.795000000000000000e+03 8.304000000000000000e+03
3.828000000000000000e+03 8.161000000000000000e+03
3.861000000000000000e+03 8.208000000000000000e+03
3.894000000000000000e+03 8.183000000000000000e+03
3.927000000000000000e+03 8.368000000000000000e+03
3.960000000000000000e+03 8.390000000000000000e+03
3.993000000000000000e+03 8.209000000000000000e+03
4.026000000000000000e+03 8.315000000000000000e+03
4.059000000000000000e+03 8.290000000000000000e+03
4.092000000000000000e+03 8.442000000000000000e+03
4.125000000000000000e+03 8.255000000000000000e+03
4.158000000000000000e+03 8.392000000000000000e+03
4.191000000000000000e+03 8.230000000000000000e+03
4.224000000000000000e+03 8.280000000000000000e+03
4.257000000000000000e+03 8.209000000000000000e+03
4.290000000000000000e+03 8.189000000000000000e+03
4.323000000000000000e+03 7.996000000000000000e+03
4.356000000000000000e+03 8.097000000000000000e+03
4.389000000000000000e+03 7.928000000000000000e+03
4.422000000000000000e+03 8.030000000000000000e+03
4.455000000000000000e+03 7.835000000000000000e+03
4.488000000000000000e+03 7.736000000000000000e+03
4.521000000000000000e+03 7.770000000000000000e+03
4.554000000000000000e+03 7.610000000000000000e+03
4.587000000000000000e+03 7.480000000000000000e+03
4.620000000000000000e+03 7.488000000000000000e+03
4.653000000000000000e+03 7.301000000000000000e+03
4.686000000000000000e+03 7.016000000000000000e+03
4.719000000000000000e+03 7.146000000000000000e+03
4.752000000000000000e+03 6.852000000000000000e+03
4.785000000000000000e+03 6.745000000000000000e+03
4.818000000000000000e+03 6.600000000000000000e+03
4.851000000000000000e+03 6.363000000000000000e+03
4.884000000000000000e+03 6.363000000000000000e+03
4.917000000000000000e+03 6.133000000000000000e+03
4.950000000000000000e+03 6.022000000000000000e+03
4.983000000000000000e+03 5.874000000000000000e+03
5.016000000000000000e+03 5.586000000000000000e+03
5.049000000000000000e+03 5.324000000000000000e+03
5.082000000000000000e+03 5.293000000000000000e+03
5.115000000000000000e+03 5.035000000000000000e+03
5.148000000000000000e+03 4.867000000000000000e+03
5.181000000000000000e+03 4.784000000000000000e+03
5.214000000000000000e+03 4.429000000000000000e+03
5.247000000000000000e+03 4.182000000000000000e+03
5.280000000000000000e+03 4.215000000000000000e+03
5.313000000000000000e+03 3.928000000000000000e+03
5.346000000000000000e+03 3.828000000000000000e+03
5.379000000000000000e+03 3.558000000000000000e+03
5.412000000000000000e+03 3.400000000000000000e+03
5.445000000000000000e+03 3.260000000000000000e+03
5.478000000000000000e+03 3.316000000000000000e+03
5.511000000000000000e+03 3.192000000000000000e+03
5.544000000000000000e+03 2.980000000000000000e+03
5.577000000000000000e+03 2.953000000000000000e+03
5.610000000000000000e+03 2.744000000000000000e+03
5.643000000000000000e+03 2.802000000000000000e+03
5.676000000000000000e+03 2.688000000000000000e+03
5.709000000000000000e+03 2.631000000000000000e+03
5.742000000000000000e+03 2.603000000000000000e+03
5.775000000000000000e+03 2.712000000000000000e+03
5.808000000000000000e+03 2.713000000000000000e+03
5.841000000000000000e+03 2.714000000000000000e+03
5.874000000000000000e+03 2.872000000000000000e+03
5.907000000000000000e+03 2.972000000000000000e+03
5.940000000000000000e+03 3.051000000000000000e+03
5.973000000000000000e+03 3.133000000000000000e+03
6.006000000000000000e+03 3.274000000000000000e+03
6.039000000000000000e+03 3.308000000000000000e+03
6.072000000000000000e+03 3.539000000000000000e+03
6.105000000000000000e+03 3.635000000000000000e+03
6.138000000000000000e+03 4.003000000000000000e+03
6.171000000000000000e+03 4.103000000000000000e+03
6.204000000000000000e+03 4.311000000000000000e+03
6.237000000000000000e+03 4.479000000000000000e+03
6.270000000000000000e+03 4.756000000000000000e+03
6.303000000000000000e+03 4.872000000000000000e+03
6.336000000000000000e+03 5.249000000000000000e+03
6.369000000000000000e+03 5.497000000000000000e+03
6.402000000000000000e+03 5.687000000000000000e+03
6.435000000000000000e+03 5.914000000000000000e+03
6.468000000000000000e+03 6.069000000000000000e+03
6.501000000000000000e+03 6.260000000000000000e+03
6.534000000000000000e+03 6.398000000000000000e+03
6.567000000000000000e+03 6.727000000000000000e+03
6.600000000000000000e+03 6.889000000000000000e+03
6.633000000000000000e+03 6.946000000000000000e+03
