0.000000000000000000e+00 7.656000000000000000e+03
5.000000000000000000e+02 7.898000000000000000e+03
1.000000000000000000e+03 7.859000000000000000e+03
1.500000000000000000e+03 8.084000000000000000e+03
2.000000000000000000e+03 8.003000000000000000e+03
2.500000000000000000e+03 7.952000000000000000e+03
3.000000000000000000e+03 8.227000000000000000e+03
3.500000000000000000e+03 8.236000000000000000e+03
4.000000000000000000e+03 8.340000000000000000e+03
4.500000000000000000e+03 8.445000000000000000e+03
5.000000000000000000e+03 8.451000000000000000e+03
5.500000000000000000e+03 8.689000000000000000e+03
6.000000000000000000e+03 8.587000000000000000e+03
6.500000000000000000e+03 8.682000000000000000e+03
7.000000000000000000e+03 8.496000000000000000e+03
7.500000000000000000e+03 8.854000000000000000e+03
8.000000000000000000e+03 8.640000000000000000e+03
8.500000000000000000e+03 8.719000000000000000e+03
9.000000000000000000e+03 8.630000000000000000e+03
9.500000000000000000e+03 8.814000000000000000e+03
1.000000000000000000e+04 8.763000000000000000e+03
1.050000000000000000e+04 8.684000000000000000e+03
1.100000000000000000e+04 8.810000000000000000e+03
1.150000000000000000e+04 8.578000000000000000e+03
1.200000000000000000e+04 8.815000000000000000e+03
1.250000000000000000e+04 8.835000000000000000e+03
1.300000000000000000e+04 8.679000000000000000e+03
1.350000000000000000e+04 8.382000000000000000e+03
1.400000000000000000e+04 8.574000000000000000e+03
1.450000000000000000e+04 8.414000000000000000e+03
1.500000000000000000e+04 8.339000000000000000e+03
1.550000000000000000e+04 8.355000000000000000e+03
1.600000000000000000e+04 8.265000000000000000e+03
1.650000000000000000e+04 8.258000000000000000e+03
1.700000000000000000e+04 8.279000000000000000e+03
1.750000000000000000e+04 8.102000000000000000e+03
1.800000000000000000e+04 8.018000000000000000e+03
1.850000000000000000e+04 7.780000000000000000e+03
1.900000000000000000e+04 7.614000000000000000e+03
1.950000000000000000e+04 7.526000000000000000e+03
2.000000000000000000e+04 7.332000000000000000e+03
2.050000000000000000e+04 7.237000000000000000e+03
2.100000000000000000e+04 7.358000000000000000e+03
2.150000000000000000e+04 6.951000000000000000e+03
2.200000000000000000e+04 7.038000000000000000e+03
2.250000000000000000e+04 6.583000000000000000e+03
2.300000000000000000e+04 6.545000000000000000e+03
2.350000000000000000e+04 6.253000000000000000e+03
2.400000000000000000e+04 5.988000000000000000e+03
2.450000000000000000e+04 5.728000000000000000e+03
2.500000000000000000e+04 5.664000000000000000e+03
2.550000000000000000e+04 5.360000000000000000e+03
2.600000000000000000e+04 5.174000000000000000e+03
2.650000000000000000e+04 5.066000000000000000e+03
2.700000000000000000e+04 4.945000000000000000e+03
2.750000000000000000e+04 4.511000000000000000e+03
2.800000000000000000e+04 4.347000000000000000e+03
2.850000000000000000e+04 4.237000000000000000e+03
2.900000000000000000e+04 3.984000000000000000e+03
2.950000000000000000e+04 3.833000000000000000e+03
3.000000000000000000e+04 3.651000000000000000e+03
3.050000000000000000e+04 3.481000000000000000e+03
3.100000000000000000e+04 3.315000000000000000e+03
3.150000000000000000e+04 3.265000000000000000e+03
3.200000000000000000e+04 3.115000000000000000e+03
3.250000000000000000e+04 3.029000000000000000e+03
3.300000000000000000e+04 2.981000000000000000e+03
3.350000000000000000e+04 2.764000000000000000e+03
3.400000000000000000e+04 2.658000000000000000e+03
3.450000000000000000e+04 2.723000000000000000e+03
3.500000000000000000e+04 2.813000000000000000e+03
3.550000000000000000e+04 2.821000000000000000e+03
3.600000000000000000e+04 2.855000000000000000e+03
3.650000000000000000e+04 2.957000000000000000e+03
3.700000000000000000e+04 3.021000000000000000e+03
3.750000000000000000e+04 3.229000000000000000e+03
3.800000000000000000e+04 3.334000000000000000e+03
3.850000000000000000e+04 3.419000000000000000e+03
3.900000000000000000e+04 3.447000000000000000e+03
3.950000000000000000e+04 3.732000000000000000e+03
4.000000000000000000e+04 3.978000000000000000e+03
4.050000000000000000e+04 4.137000000000000000e+03
4.100000000000000000e+04 4.158000000000000000e+03
4.150000000000000000e+04 4.516000000000000000e+03
4.200000000000000000e+04 4.711000000000000000e+03
4.250000000000000000e+04 4.857000000000000000e+03
4.300000000000000000e+04 5.131000000000000000e+03
4.350000000000000000e+04 5.256000000000000000e+03
4.400000000000000000e+04 5.741000000000000000e+03
4.450000000000000000e+04 5.773000000000000000e+03
4.500000000000000000e+04 5.832000000000000000e+03
4.550000000000000000e+04 6.181000000000000000e+03
4.600000000000000000e+04 6.376000000000000000e+03
4.650000000000000000e+04 6.533000000000000000e+03
4.700000000000000000e+04 6.697000000000000000e+03
4.750000000000000000e+04 6.791000000000000000e+03
4.800000000000000000e+04 7.166000000000000000e+03
4.850000000000000000e+04 7.196000000000000000e+03
4.900000000000000000e+04 7.363000000000000000e+03
4.950000000000000000e+04 7.657000000000000000e+03
5.000000000000000000e+04 7.814000000000000000e+03
5.050000000000000000e+04 7.572000000000000000e+03
5.100000000000000000e+04 7.993000000000000000e+03
5.150000000000000000e+04 7.775000000000000000e+03
5.200000000000000000e+04 8.117000000000000000e+03
5.250000000000000000e+04 8.159000000000000000e+03
5.300000000000000000e+04 8.199000000000000000e+03
5.350000000000000000e+04 8.307000000000000000e+03
5.400000000000000000e+04 8.414000000000000000e+03
5.450000000000000000e+04 8.384000000000000000e+03
5.500000000000000000e+04 8.475000000000000000e+03
5.550000000000000000e+04 8.328000000000000000e+03
5.600000000000000000e+04 8.741000000000000000e+03
5.650000000000000000e+04 8.650000000000000000e+03
5.700000000000000000e+04 8.726000000000000000e+03
5.750000000000000000e+04 8.604000000000000000e+03
5.800000000000000000e+04 8.764000000000000000e+03
5.850000000000000000e+04 8.787000000000000000e+03
5.900000000000000000e+04 8.717000000000000000e+03
5.950000000000000000e+04 8.534000000000000000e+03
6.000000000000000000e+04 8.624000000000000000e+03
6.050000000000000000e+04 8.722000000000000000e+03
6.100000000000000000e+04 8.586000000000000000e+03
6.150000000000000000e+04 8.831000000000000000e+03
6.200000000000000000e+04 8.660000000000000000e+03
6.250000000000000000e+04 8.652000000000000000e+03
6.300000000000000000e+04 8.709000000000000000e+03
6.350000000000000000e+04 8.797000000000000000e+03
6.400000000000000000e+04 8.682000000000000000e+03
6.450000000000000000e+04 8.390000000000000000e+03
6.500000000000000000e+04 8.435000000000000000e+03
6.550000000000000000e+04 8.209000000000000000e+03
6.600000000000000000e+04 8.232000000000000000e+03
6.650000000000000000e+04 8.159000000000000000e+03
6.700000000000000000e+04 7.956000000000000000e+03
6.750000000000000000e+04 8.054000000000000000e+03
6.800000000000000000e+04 7.820000000000000000e+03
6.850000000000000000e+04 7.775000000000000000e+03
6.900000000000000000e+04 7.751000000000000000e+03
6.950000000000000000e+04 7.476000000000000000e+03
7.000000000000000000e+04 7.329000000000000000e+03
7.050000000000000000e+04 7.325000000000000000e+03
7.100000000000000000e+04 7.243000000000000000e+03
7.150000000000000000e+04 7.055000000000000000e+03
7.200000000000000000e+04 6.826000000000000000e+03
7.250000000000000000e+04 6.734000000000000000e+03
7.300000000000000000e+04 6.590000000000000000e+03
7.350000000000000000e+04 6.190000000000000000e+03
7.400000000000000000e+04 6.070000000000000000e+03
7.450000000000000000e+04 5.790000000000000000e+03
7.500000000000000000e+04 5.652000000000000000e+03
7.550000000000000000e+04 5.371000000000000000e+03
7.600000000000000000e+04 5.116000000000000000e+03
7.650000000000000000e+04 4.932000000000000000e+03
7.700000000000000000e+04 4.859000000000000000e+03
7.750000000000000000e+04 4.584000000000000000e+03
7.800000000000000000e+04 4.387000000000000000e+03
7.850000000000000000e+04 4.169000000000000000e+03
7.900000000000000000e+04 4.047000000000000000e+03
7.950000000000000000e+04 3.736000000000000000e+03
8.000000000000000000e+04 3.704000000000000000e+03
8.050000000000000000e+04 3.378000000000000000e+03
8.100000000000000000e+04 3.396000000000000000e+03
8.150000000000000000e+04 3.175000000000000000e+03
8.200000000000000000e+04 3.106000000000000000e+03
8.250000000000000000e+04 2.950000000000000000e+03
8.300000000000000000e+04 2.891000000000000000e+03
8.350000000000000000e+04 2.893000000000000000e+03
8.400000000000000000e+04 2.801000000000000000e+03
8.450000000000000000e+04 2.840000000000000000e+03
8.500000000000000000e+04 2.861000000000000000e+03
8.550000000000000000e+04 2.772000000000000000e+03
8.600000000000000000e+04 2.787000000000000000e+03
8.650000000000000000e+04 2.857000000000000000e+03
8.700000000000000000e+04 2.989000000000000000e+03
8.750000000000000000e+04 3.054000000000000000e+03
8.800000000000000000e+04 3.314000000000000000e+03
8.850000000000000000e+04 3.476000000000000000e+03
8.900000000000000000e+04 3.602000000000000000e+03
8.950000000000000000e+04 3.652000000000000000e+03
9.000000000000000000e+04 3.954000000000000000e+03
9.050000000000000000e+04 4.043000000000000000e+03
9.100000000000000000e+04 4.211000000000000000e+03
9.150000000000000000e+04 4.396000000000000000e+03
9.200000000000000000e+04 4.634000000000000000e+03
9.250000000000000000e+04 4.785000000000000000e+03
9.300000000000000000e+04 5.217000000000000000e+03
9.350000000000000000e+04 5.560000000000000000e+03
9.400000000000000000e+04 5.572000000000000000e+03
9.450000000000000000e+04 5.837000000000000000e+03
9.500000000000000000e+04 5.921000000000000000e+03
9.550000000000000000e+04 6.065000000000000000e+03
9.600000000000000000e+04 6.336000000000000000e+03
9.650000000000000000e+04 6.786000000000000000e+03
9.700000000000000000e+04 6.750000000000000000e+03
9.750000000000000000e+04 6.822000000000000000e+03
9.800000000000000000e+04 7.004000000000000000e+03
9.850000000000000000e+04 7.216000000000000000e+03
9.900000000000000000e+04 7.378000000000000000e+03
9.950000000000000000e+04 7.590000000000000000e+03
