0.000000000000000000e+00 7.124000000000000000e+03
3.330000000000000000e+02 7.507000000000000000e+03
6.660000000000000000e+02 7.655000000000000000e+03
9.990000000000000000e+02 7.830000000000000000e+03
1.332000000000000000e+03 7.676000000000000000e+03
1.665000000000000000e+03 8.115000000000000000e+03
1.998000000000000000e+03 7.927000000000000000e+03
2.331000000000000000e+03 8.162000000000000000e+03
2.664000000000000000e+03 8.002000000000000000e+03
2.997000000000000000e+03 8.359000000000000000e+03
3.330000000000000000e+03 8.259000000000000000e+03
3.663000000000000000e+03 8.221000000000000000e+03
3.996000000000000000e+03 8.493000000000000000e+03
4.329000000000000000e+03 8.367000000000000000e+03
4.662000000000000000e+03 8.499000000000000000e+03
4.995000000000000000e+03 8.564000000000000000e+03
5.328000000000000000e+03 8.540000000000000000e+03
5.661000000000000000e+03 8.392000000000000000e+03
5.994000000000000000e+03 8.526000000000000000e+03
6.327000000000000000e+03 8.474000000000000000e+03
6.660000000000000000e+03 8.327000000000000000e+03
6.993000000000000000e+03 8.479000000000000000e+03
7.326000000000000000e+03 8.403000000000000000e+03
7.659000000000000000e+03 8.381000000000000000e+03
7.992000000000000000e+03 8.295000000000000000e+03
8.325000000000000000e+03 8.437000000000000000e+03
8.658000000000000000e+03 8.356000000000000000e+03
8.991000000000000000e+03 8.475000000000000000e+03
9.324000000000000000e+03 8.327000000000000000e+03
9.657000000000000000e+03 8.108000000000000000e+03
9.990000000000000000e+03 8.226000000000000000e+03
1.032300000000000000e+04 8.115000000000000000e+03
1.065600000000000000e+04 8.059000000000000000e+03
1.098900000000000000e+04 8.074000000000000000e+03
1.132200000000000000e+04 7.856000000000000000e+03
1.165500000000000000e+04 7.894000000000000000e+03
1.198800000000000000e+04 7.700000000000000000e+03
1.232100000000000000e+04 7.612000000000000000e+03
1.265400000000000000e+04 7.340000000000000000e+03
1.298700000000000000e+04 7.279000000000000000e+03
1.332000000000000000e+04 7.204000000000000000e+03
1.365300000000000000e+04 7.062000000000000000e+03
1.398600000000000000e+04 7.010000000000000000e+03
1.431900000000000000e+04 6.649000000000000000e+03
1.465200000000000000e+04 6.614000000000000000e+03
1.498500000000000000e+04 6.466000000000000000e+03
1.531800000000000000e+04 6.035000000000000000e+03
1.565100000000000000e+04 5.977000000000000000e+03
1.598400000000000000e+04 5.940000000000000000e+03
1.631700000000000000e+04 5.704000000000000000e+03
1.665000000000000000e+04 5.480000000000000000e+03
1.698300000000000000e+04 5.097000000000000000e+03
1.731600000000000000e+04 4.958000000000000000e+03
1.764900000000000000e+04 4.859000000000000000e+03
1.798200000000000000e+04 4.566000000000000000e+03
1.831500000000000000e+04 4.253000000000000000e+03
1.864800000000000000e+04 4.169000000000000000e+03
1.898100000000000000e+04 3.948000000000000000e+03
1.931400000000000000e+04 3.883000000000000000e+03
1.964700000000000000e+04 3.619000000000000000e+03
1.998000000000000000e+04 3.458000000000000000e+03
2.031300000000000000e+04 3.230000000000000000e+03
2.064600000000000000e+04 3.116000000000000000e+03
2.097900000000000000e+04 3.037000000000000000e+03
2.131200000000000000e+04 2.808000000000000000e+03
2.164500000000000000e+04 2.761000000000000000e+03
2.197800000000000000e+04 2.740000000000000000e+03
2.231100000000000000e+04 2.784000000000000000e+03
2.264400000000000000e+04 2.670000000000000000e+03
2.297700000000000000e+04 2.618000000000000000e+03
2.331000000000000000e+04 2.571000000000000000e+03
2.364300000000000000e+04 2.527000000000000000e+03
2.397600000000000000e+04 2.611000000000000000e+03
2.430900000000000000e+04 2.648000000000000000e+03
2.464200000000000000e+04 2.871000000000000000e+03
2.497500000000000000e+04 2.853000000000000000e+03
2.530800000000000000e+04 2.918000000000000000e+03
2.564100000000000000e+04 3.092000000000000000e+03
2.597400000000000000e+04 3.325000000000000000e+03
2.630700000000000000e+04 3.333000000000000000e+03
2.664000000000000000e+04 3.637000000000000000e+03
2.697300000000000000e+04 3.801000000000000000e+03
2.730600000000000000e+04 3.922000000000000000e+03
2.763900000000000000e+04 4.110000000000000000e+03
2.797200000000000000e+04 4.385000000000000000e+03
2.830500000000000000e+04 4.539000000000000000e+03
2.863800000000000000e+04 4.933000000000000000e+03
2.897100000000000000e+04 5.176000000000000000e+03
2.930400000000000000e+04 5.187000000000000000e+03
2.963700000000000000e+04 5.579000000000000000e+03
2.997000000000000000e+04 5.592000000000000000e+03
3.030300000000000000e+04 5.915000000000000000e+03
3.063600000000000000e+04 5.953000000000000000e+03
3.096900000000000000e+04 6.464000000000000000e+03
3.130200000000000000e+04 6.486000000000000000e+03
3.163500000000000000e+04 6.459000000000000000e+03
3.196800000000000000e+04 6.939000000000000000e+03
3.230100000000000000e+04 6.942000000000000000e+03
3.263400000000000000e+04 7.169000000000000000e+03
3.296700000000000000e+04 7.286000000000000000e+03
3.330000000000000000e+04 7.412000000000000000e+03
3.363300000000000000e+04 7.298000000000000000e+03
3.396600000000000000e+04 7.686000000000000000e+03
3.429900000000000000e+04 7.677000000000000000e+03
3.463200000000000000e+04 7.828000000000000000e+03
3.496500000000000000e+04 7.799000000000000000e+03
3.529800000000000000e+04 7.966000000000000000e+03
3.563100000000000000e+04 8.173000000000000000e+03
3.596400000000000000e+04 8.068000000000000000e+03
3.629700000000000000e+04 8.275000000000000000e+03
3.663000000000000000e+04 8.415000000000000000e+03
3.696300000000000000e+04 8.265000000000000000e+03
3.729600000000000000e+04 8.439000000000000000e+03
3.762900000000000000e+04 8.447000000000000000e+03
3.796200000000000000e+04 8.609000000000000000e+03
3.829500000000000000e+04 8.452000000000000000e+03
3.862800000000000000e+04 8.362000000000000000e+03
3.896100000000000000e+04 8.550000000000000000e+03
3.929400000000000000e+04 8.494000000000000000e+03
3.962700000000000000e+04 8.462000000000000000e+03
3.996000000000000000e+04 8.582000000000000000e+03
4.029300000000000000e+04 8.536000000000000000e+03
4.062600000000000000e+04 8.428000000000000000e+03
4.095900000000000000e+04 8.584000000000000000e+03
4.129200000000000000e+04 8.274000000000000000e+03
4.162500000000000000e+04 8.547000000000000000e+03
4.195800000000000000e+04 8.330000000000000000e+03
4.229100000000000000e+04 8.185000000000000000e+03
4.262400000000000000e+04 8.269000000000000000e+03
4.295700000000000000e+04 8.138000000000000000e+03
4.329000000000000000e+04 8.308000000000000000e+03
4.362300000000000000e+04 8.301000000000000000e+03
4.395600000000000000e+04 7.976000000000000000e+03
4.428900000000000000e+04 8.065000000000000000e+03
4.462200000000000000e+04 7.972000000000000000e+03
4.495500000000000000e+04 7.785000000000000000e+03
4.528800000000000000e+04 7.763000000000000000e+03
4.562100000000000000e+04 7.641000000000000000e+03
4.595400000000000000e+04 7.552000000000000000e+03
4.628700000000000000e+04 7.408000000000000000e+03
4.662000000000000000e+04 7.046000000000000000e+03
4.695300000000000000e+04 7.118000000000000000e+03
4.728600000000000000e+04 6.845000000000000000e+03
4.761900000000000000e+04 6.732000000000000000e+03
4.795200000000000000e+04 6.523000000000000000e+03
4.828500000000000000e+04 6.305000000000000000e+03
4.861800000000000000e+04 6.336000000000000000e+03
4.895100000000000000e+04 6.133000000000000000e+03
4.928400000000000000e+04 5.939000000000000000e+03
4.961700000000000000e+04 5.749000000000000000e+03
4.995000000000000000e+04 5.399000000000000000e+03
5.028300000000000000e+04 5.325000000000000000e+03
5.061600000000000000e+04 5.076000000000000000e+03
5.094900000000000000e+04 4.823000000000000000e+03
5.128200000000000000e+04 4.676000000000000000e+03
5.161500000000000000e+04 4.381000000000000000e+03
5.194800000000000000e+04 4.210000000000000000e+03
5.228100000000000000e+04 3.992000000000000000e+03
5.261400000000000000e+04 3.819000000000000000e+03
5.294700000000000000e+04 3.698000000000000000e+03
5.328000000000000000e+04 3.483000000000000000e+03
5.361300000000000000e+04 3.375000000000000000e+03
5.394600000000000000e+04 3.224000000000000000e+03
5.427900000000000000e+04 2.952000000000000000e+03
5.461200000000000000e+04 2.914000000000000000e+03
5.494500000000000000e+04 2.816000000000000000e+03
5.527800000000000000e+04 2.773000000000000000e+03
5.561100000000000000e+04 2.612000000000000000e+03
5.594400000000000000e+04 2.656000000000000000e+03
5.627700000000000000e+04 2.597000000000000000e+03
5.661000000000000000e+04 2.515000000000000000e+03
5.694300000000000000e+04 2.726000000000000000e+03
5.727600000000000000e+04 2.696000000000000000e+03
5.760900000000000000e+04 2.693000000000000000e+03
5.794200000000000000e+04 2.749000000000000000e+03
5.827500000000000000e+04 2.852000000000000000e+03
5.860800000000000000e+04 2.914000000000000000e+03
5.894100000000000000e+04 3.188000000000000000e+03
5.927400000000000000e+04 3.284000000000000000e+03
5.960700000000000000e+04 3.414000000000000000e+03
5.994000000000000000e+04 3.793000000000000000e+03
6.027300000000000000e+04 3.888000000000000000e+03
6.060600000000000000e+04 3.966000000000000000e+03
6.093900000000000000e+04 4.219000000000000000e+03
6.127200000000000000e+04 4.306000000000000000e+03
6.160500000000000000e+04 4.692000000000000000e+03
6.193800000000000000e+04 4.720000000000000000e+03
6.227100000000000000e+04 4.984000000000000000e+03
6.260400000000000000e+04 5.294000000000000000e+03
6.293700000000000000e+04 5.572000000000000000e+03
6.327000000000000000e+04 5.730000000000000000e+03
6.360300000000000000e+04 5.848000000000000000e+03
6.393600000000000000e+04 6.115000000000000000e+03
6.426900000000000000e+04 6.206000000000000000e+03
6.460200000000000000e+04 6.513000000000000000e+03
6.493500000000000000e+04 6.739000000000000000e+03
6.526800000000000000e+04 6.811000000000000000e+03
6.560100000000000000e+04 6.984000000000000000e+03
6.593400000000000000e+04 7.263000000000000000e+03
6.626700000000000000e+04 7.318000000000000000e+03
